-2 1
-1.81344 0.908897
-1.63786 0.777977
-1.44582 0.688741
-1.37997 0.587988
-1.40192 0.583788
-1.31413 0.534564
-1.30316 0.502951
-1.2428 0.435347
-1.17147 0.417433
-1.23182 0.413895
-1.20439 0.369277
-1.31413 0.428136
-1.29767 0.449948
-1.17695 0.410373
-1.28121 0.435347
-1.28669 0.438974
-1.14952 0.386137
-1.1989 0.36595
-1.11111 0.226571
-1.15501 0.327203
-1.14952 0.336686
-1.13306 0.317855
-1.17147 0.299565
-1.17695 0.324072
-1.16049 0.299565
-1.23731 0.352794
-1.08916 0.311698
-1.14403 0.270286
-1.03978 0.250686
-1.23731 0.327203
-1.23182 0.403373
-1.24829 0.410373
-1.25926 0.431734
-1.36351 0.514693
-1.35254 0.534564
-1.29767 0.464791
-1.33608 0.518637
-1.31962 0.476081
-1.19342 0.406865
-1.12757 0.349542
-1.15501 0.314769
-1.25926 0.33351
-1.20439 0.311698
-1.21536 0.330349
-1.18793 0.308642
-1.06173 0.211171
-1.16598 0.196313
-1.20988 0.245222
-1.03429 0.203675
-1.15501 0.296569
-1.16598 0.293589
-1.14952 0.305601
-1.1166 0.349542
-1.08368 0.311698
-1.17147 0.308642
-1.17147 0.320956
-1.14403 0.296569
-1.12209 0.221377
-1.09465 0.226571
-1.01783 0.177346
-0.995885 0.189088
-1.01783 0.098677
-1.03429 0.130154
-1.04527 0.142302
-0.990398 0.073026
-0.957476 0.10929
-1.04527 0.102154
-1.01783 0.0886063
-1.0727 0.0630155
-1.00686 0.0487749
-0.951989 0.0417751
-1.10014 0.0760216
-1.13306 0.0537426
-1.1166 0.0524781
-1.08368 0.058951
-1.05624 0.0452073
-1.11111 0.0630155
-1.05624 0.0463814
-1.11111 0.0374096
-1.10014 0.0576263
-0.962963 0.0169821
-0.96845 0.0135951
-1.06173 0.0207455
-0.984911 0.00286203
-0.951989 0.00286203
-0.91358 0.000423377
-0.995885 0.00381039
-1.06722 0.00844685
-1.03978 0.0142424
-1.06173 0.0199627
-1.10014 0.019195
-1.07819 0.00381039
-1.12757 1.88168e-06
-1.10014 0.000152416
-1.19342 0.00451791
-1.16598 9.22021e-05
-1.22634 0.000679285
-1.22085 0.000829819
-1.14952 0.000543804
-1.08916 0.00204915
-1.06722 0.00158249
-0.951989 0.0177047
-0.919067 0.0162746
-1.00137 0.0155822
-1.00137 0.00528563
-0.962963 0.000543804
-1.00686 0.000679285
-0.979424 0.00655012
-1.06173 0.000152416
-1.03978 0.00451791
-1.06722 0.00489424
-1.08368 0.00611357
-1.06722 0.0117435
-1.17695 0.0275496
-1.08368 0.0266464
-1.12209 0.0384784
-1.12209 0.0686454
-1.06722 0.0487749
-1.02332 0.0550221
-1.07819 0.0952599
-1.1166 0.107483
-1.14952 0.107483
-1.10014 0.116666
-1.17147 0.100408
-1.05075 0.111111
-1.02332 0.0821935
-1.04527 0.0602908
-1.10014 0.10929
-1.06722 0.112948
-1.02881 0.0886063
-1.09465 0.0886063
-1.01783 0.0440482
-0.919067 0.0322914
-0.962963 0.0162746
-0.96845 0.00569207
-1.00686 0.0149048
-1.00137 0.031313
-0.973937 0.0616456
-0.935528 0.058951
-0.96845 0.0452073
-0.951989 0.073026
-0.990398 0.0440482
-0.984911 0.0672154
-1.09465 0.0616456
-1.13855 0.0240271
-1.20988 0.0231841
-0.951989 0.00948553
-0.96845 0.00895866
-1.05624 0.00347922
-0.973937 0.00795008
-1.01783 0.0215433
-1.03429 0.0275496
-1.10562 0.0363559
-1.02881 0.0248852
-1.01783 0.0135951
-0.962963 0.00451791
-1.06173 0.00948553
-1.09465 0.00844685
-1.12209 0.0105844
-1.11111 0.00795008
-1.13855 0.00117605
-1.10562 0.00204915
-1.06722 0.00948553
-1.18244 0.00746837
-1.20439 0.0117435
-1.22085 0.00948553
-1.08368 0.0207455
-1.04527 0.0240271
-1.12209 0.0257583
-1.10562 0.033285
-1.10014 0.0353172
-1.01783 0.0499943
-1.12757 0.0630155
-1.01783 0.0384784
-0.995885 0.0452073
-0.951989 0.0524781
-1.00137 0.0524781
-0.962963 0.0686454
-1.02881 0.0902471
-1.13855 0.0790775
-0.919067 0.0512286
-1.01783 0.0303496
-0.935528 0.0223562
-0.951989 0.0223562
-1.01235 0.019195
-1.05075 0.0207455
-0.984911 0.0199627
-1.02332 0.00489424
-1.0727 0.0105844
-1.0727 0.00381039
-1.01235 0.0031631
-1.01235 0.00286203
-1.03429 0.00137174
-1.04527 0.00415662
-0.984911 0.000995407
-1.04527 0.00158249
-1.03429 0.00180829
-0.984911 0.000227683
-1.02332 0.00746837
-1.10014 0.00230505
-1.05624 0.00117605
-0.990398 0.00381039
-0.935528 0.00655012
-0.869684 0.0031631
-0.858711 1.88168e-06
-0.908093 9.22021e-05
-0.984911 0.000679285
-0.935528 0.00117605
-0.990398 0.000829819
-0.962963 4.70419e-05
-0.886145 0.00204915
-0.91358 0.000829819
-0.836763 0.000423377
-0.91358 1.69351e-05
-0.919067 0.000423377
-0.941015 0.00137174
-0.979424 0.000318003
-0.897119 0.00489424
-0.897119 0.00844685
-1.00686 0.00895866
-0.941015 0.0149048
-0.924554 0.0155822
-0.941015 0.00844685
-1.01235 0.0169821
-1.01235 0.0031631
-0.951989 0.00180829
-0.935528 0.00137174
-0.973937 0.000543804
-0.979424 0.000227683
-0.924554 0.00415662
-0.91358 0.0100275
-0.962963 0.019195
-0.946502 0.00895866
-0.875171 0.000679285
-0.951989 0.00158249
-0.979424 0.000543804
-0.984911 0.0142424
-1.02332 0.00795008
-0.941015 0.00611357
-0.973937 0.00611357
-1.01783 4.70419e-05
-0.973937 0.00844685
-0.984911 0.00746837
-0.973937 0.00569207
-1.01783 0.0231841
-0.995885 0.00948553
-0.973937 0.00528563
-1.01235 0.0111565
-1.00686 0.000152416
-1.04527 0.000318003
-1.00137 0.00347922
-0.979424 0.00451791
-1.05624 0.00381039
-0.979424 0.0100275
-1.05075 0.0266464
-0.984911 0.0248852
-0.935528 0.0417751
-1.03978 0.0322914
-1.01783 0.0169821
-0.984911 0.0177047
-0.957476 0.0342936
-0.924554 0.0169821
-0.951989 0.0162746
-1.02332 0.0177047
-0.96845 0.0223562
-1.01783 0.0184423
-1.04527 0.0111565
-1.1166 0.0117435
-0.973937 0.0117435
-1.05075 0.0142424
-1.00137 0.0199627
-1.14952 0.0184423
-1.09465 0.0475707
-1.05624 0.0686454
-0.979424 0.0240271
-1.06173 0.0463814
-1.02332 0.0537426
-0.962963 0.0207455
-1.02881 0.0342936
-0.891632 0.0417751
-0.951989 0.0475707
-0.941015 0.0700906
-0.96845 0.100408
-0.930041 0.098677
-0.995885 0.073026
-0.935528 0.0760216
-0.962963 0.0475707
-0.908093 0.0231841
-1.06173 0.0149048
-1.15501 0.031313
-1.12209 0.0429041
-1.12757 0.0512286
-1.11111 0.0715507
-1.12209 0.0886063
-1.17147 0.0760216
-1.1166 0.0935739
-1.17695 0.142302
-1.14952 0.175043
-1.15501 0.172755
-1.11111 0.163753
-1.10014 0.172755
-1.07819 0.144379
-1.05624 0.0886063
-1.03978 0.114799
-1.04527 0.091903
-1.1166 0.103916
-1.08916 0.091903
-1.19342 0.163753
-1.06722 0.134143
-0.951989 0.0935739
-1.0727 0.0969609
-1.14403 0.111111
-1.05075 0.0837741
-1.02881 0.0760216
-1.10014 0.0576263
-1.14952 0.0524781
-1.10562 0.0512286
-0.990398 0.0275496
-1.04527 0.0223562
-0.880658 0.00489424
-0.930041 0.00204915
-0.96845 4.70419e-05
-0.990398 0.000423377
-0.930041 0.00286203
-0.946502 0.00158249
-1.00137 1.88168e-06
-0.990398 1.69351e-05
-0.902606 0.000995407
-0.886145 1.88168e-06
-0.962963 0.00528563
-0.831276 0.000318003
-0.880658 0.00451791
-0.957476 0.00230505
-0.995885 0.00489424
-0.957476 0.00746837
-0.825789 0.0105844
-0.798354 0.00257602
-0.770919 0.000423377
-0.853224 0.000152416
-0.869684 0.00158249
-0.946502 0.00700172
-0.96845 0.0207455
-0.979424 0.031313
-1.01783 0.0406611
-1.00686 0.033285
-0.935528 0.0257583
-0.962963 0.0257583
-1.03978 0.0322914
-1.14952 0.0284679
-1.13306 0.0284679
-1.15501 0.0429041
-1.07819 0.0524781
-1.03978 0.0184423
-1.13306 0.0184423
-1.05624 0.0294012
-1.05624 0.0257583
-1.12209 0.0266464
-1.11111 0.0563167
-1.1989 0.0395622
-1.08916 0.0266464
-1.16049 0.00655012
-1.11111 0.0129629
-1.06173 0.0294012
-1.12209 0.033285
-1.13855 0.0284679
-1.16598 0.0406611
-1.12757 0.0463814
-1.03978 0.0322914
-0.979424 0.0207455
-1.04527 0.0266464
-1.07819 0.0155822
-1.10562 0.0142424
-1.00137 0.0207455
-1.01235 0.0215433
-0.984911 0.0248852
-0.941015 0.00117605
-0.979424 0.000423377
-1.01235 0.00569207
-1.08368 0.0149048
-1.07819 0.00569207
-1.08916 0.00655012
-0.995885 0.00347922
-1.00137 1.69351e-05
-1.02332 0.000152416
-0.919067 0.00204915
-0.875171 0.0111565
-0.864198 0.0123457
-0.924554 0.00795008
-0.831276 0.000423377
-0.847737 4.70419e-05
-0.946502 0.00137174
-0.869684 4.70419e-05
-0.836763 0.000227683
-0.864198 0.000318003
-0.935528 0.00347922
-0.935528 0.0275496
-0.951989 0.033285
-0.902606 0.033285
-0.924554 0.0417751
-0.957476 0.0440482
-0.96845 0.031313
-0.930041 0.0031631
-0.96845 0.00528563
-0.957476 0.00611357
-0.951989 0.000227683
-0.864198 0.000679285
-0.886145 0.000227683
-0.919067 0.00137174
-0.84225 0.00230505
-0.935528 0.0142424
-0.924554 0.0199627
-1.04527 0.0142424
-1.01783 0.00347922
-1.05075 0.00451791
-1.08368 0.00844685
-0.962963 0.0117435
-0.930041 0.00569207
-1.02332 0.00948553
-1.04527 0.0199627
-1.10014 0.0223562
-0.990398 0.0231841
-0.973937 0.0374096
-0.930041 0.0395622
-0.935528 0.0240271
-1.02881 0.0452073
-0.886145 0.00611357
-1.01235 0.0199627
-1.01783 0.00700172
-1.02881 0.00948553
-1.0727 0.0177047
-0.984911 0.0294012
-1.03429 0.0155822
-0.935528 0.00895866
-0.930041 0.0031631
-0.935528 0.00611357
-0.875171 0.00655012
-1.02332 0.0111565
-0.995885 0.0215433
-1.07819 0.0374096
-1.04527 0.0342936
-0.935528 0.0616456
-0.951989 0.0475707
-1.00137 0.0499943
-0.96845 0.0417751
-0.930041 0.0406611
-0.930041 0.019195
-0.924554 0.0129629
-1.03978 0.00948553
-1.00137 1.88168e-06
-0.990398 0.00180829
-1.03429 0.000318003
-1.00137 9.22021e-05
-0.979424 0.00158249
-1.04527 0.00381039
-1.05075 0.00655012
-1.03429 0.000679285
-1.12757 0.000829819
-1.13306 1.88168e-06
-1.14952 0.00611357
-1.1166 0.00795008
-1.05624 0.00117605
-0.984911 0.00489424
-1.06722 0.00117605
-1.03978 0.000543804
-0.962963 1.88168e-06
-0.951989 0.000829819
-1.01783 0.000318003
-0.979424 0.0184423
-0.973937 0.0184423
-1.05075 0.0294012
-1.02332 0.0342936
-0.935528 0.0117435
-0.951989 0.0155822
-1.04527 0.0149048
-1.11111 0.0374096
-1.04527 0.0322914
-1.08916 0.033285
-1.07819 0.0475707
-0.995885 0.0406611
-0.96845 0.0630155
-1.03978 0.0935739
-0.990398 0.10929
-1.03429 0.0952599
-1.0727 0.0760216
-1.02332 0.0821935
-1.01235 0.098677
-1.06173 0.111111
-1.15501 0.105692
-0.995885 0.142302
-1.01783 0.128182
-0.96845 0.128182
-0.946502 0.120444
-0.973937 0.0935739
-1.01783 0.0760216
-1.01235 0.0602908
-0.919067 0.0935739
-1.09465 0.0760216
-1.10014 0.124283
-1.08368 0.0952599
-0.984911 0.077542
-1.02332 0.102154
-1.14403 0.0886063
-1.16049 0.0886063
-1.01783 0.0837741
-1.17147 0.0821935
-1.23731 0.0935739
-1.12757 0.0512286
-1.02332 0.0576263
-1.16049 0.0563167
-1.10562 0.0512286
-1.02332 0.0303496
-1.06173 0.0363559
-1.10562 0.033285
-1.22085 0.0745163
-1.25926 0.0869805
-1.26475 0.0644004
-1.28121 0.0630155
-1.27023 0.080628
-1.29218 0.0760216
-1.16598 0.0395622
-1.04527 0.0111565
-1.13306 0.0294012
-1.05075 0.0395622
-1.01235 0.0117435
-1.07819 0.00948553
-1.03978 0.0275496
-1.12209 0.0223562
-1.11111 0.031313
-1.11111 0.0353172
-1.17147 0.0616456
-1.09465 0.0429041
-1.09465 0.0576263
-1.10562 0.0452073
-1.16049 0.0440482
-1.10014 0.0353172
-1.04527 0.0429041
-1.03978 0.0275496
-0.962963 0.00746837
-0.897119 0.0117435
-0.946502 0.0248852
-1.01235 0.0266464
-0.973937 0.0117435
-0.941015 0.0123457
-0.990398 0.00746837
-0.957476 0.00137174
-1.07819 0.000423377
-1.01783 0.000227683
-1.00137 0.000829819
-1.02881 0.00489424
-0.919067 0.00137174
-0.984911 0.00611357
-0.902606 0.00415662
-0.962963 9.22021e-05
-0.995885 0.000227683
-1.12757 0.00528563
-1.06173 0.000318003
-1.08368 0.00137174
-1.06722 0.000227683
-1.03978 1.88168e-06
-1.08916 0.00257602
-1.08916 0.00489424
-0.990398 0.00347922
-1.02332 0.00230505
-1.02332 0.00286203
-1.09465 0.00257602
-1.06173 0.0129629
-1.02332 0.0169821
-1.05075 0.0111565
-1.0727 0.00381039
-1.07819 0.000227683
-1.02881 1.69351e-05
-1.0727 0.00204915
-1.07819 0.000543804
-1.11111 0.000318003
-1.04527 0.0031631
-1.05075 0.00746837
-0.995885 0.00489424
-0.91358 0.00381039
-0.962963 0.00158249
-1.06722 0.00137174
-1.16049 0.00415662
-1.06173 0.000543804
-1.06722 1.69351e-05
-1.07819 0.00655012
-1.06173 0.00795008
-0.995885 0.0223562
-1.07819 0.0169821
-1.12209 0.031313
-1.06173 0.0452073
-0.973937 0.0440482
-1.03429 0.0322914
-1.05624 0.0303496
-0.990398 0.019195
-0.897119 0.00286203
-0.847737 4.70419e-05
-0.924554 0.00451791
-0.858711 0.0031631
-0.941015 0.00948553
-1.02332 0.0363559
-1.07819 0.0129629
-1.06173 0.00948553
-1.05075 0.000995407
-0.96845 1.88168e-06
-0.946502 0.00286203
-1.00137 0.000995407
-0.951989 0.000227683
-0.96845 0.00230505
-0.946502 0.00451791
-1.00137 4.70419e-05
-1.01783 0.000152416
-1.01783 0.000829819
-1.05624 0.000543804
-0.962963 0.00655012
-1.04527 1.88168e-06
-1.03978 0.00569207
-1.12757 0.00158249
-1.10562 0.000995407
-1.18244 4.70419e-05
-1.21536 0.00257602
-1.23731 0.00611357
-1.22085 0.00795008
-1.14952 0.000543804
-1.10014 0.000679285
-1.10562 0.000423377
-1.1166 0.000679285
-1.07819 0.00569207
-1.03978 0.0177047
-1.03978 0.0105844
-1.06173 0.00895866
-1.13306 0.0294012
-1.07819 0.0207455
-1.14403 0.0463814
-1.15501 0.033285
-1.08368 0.0223562
-1.07819 0.0303496
-0.935528 0.031313
-1.03429 0.0429041
-1.08916 0.033285
-1.01235 0.0440482
-1.08916 0.0463814
-1.03978 0.0395622
-0.946502 0.0231841
-0.946502 0.0184423
-1.01783 0.0248852
-0.957476 0.0294012
-1.02332 0.0384784
-1.03429 0.0715507
-1.12209 0.116666
-1.10562 0.142302
-1.18793 0.118547
-1.08368 0.159342
-1.07819 0.170482
-1.1166 0.118547
-1.13855 0.130154
-1.15501 0.126225
-1.13855 0.0853698
-1.23182 0.138192
-1.2428 0.146472
-1.21536 0.159342
-1.12209 0.13616
-1.13306 0.140239
-1.08916 0.132141
-1.1989 0.114799
-1.1166 0.114799
-1.10562 0.175043
-1.06722 0.124283
-1.07819 0.112948
-1.07819 0.128182
-1.02881 0.130154
-0.957476 0.114799
-1.02881 0.126225
-1.10562 0.170482
-1.02332 0.102154
-1.11111 0.134143
-1.13306 0.124283
-1.14403 0.120444
-1.02881 0.122356
-1.05624 0.130154
-1.07819 0.16154
-1.09465 0.163753
-1.17695 0.189088
-1.17147 0.216244
-1.12757 0.163753
-1.16049 0.172755
-1.00686 0.140239
-1.00137 0.107483
-1.03429 0.130154
-1.12209 0.179664
-1.06173 0.181998
-1.00686 0.175043
-1.06173 0.208657
-1.08368 0.216244
-1.07819 0.239818
-1.10014 0.237138
-1.17695 0.299565
-1.23182 0.35606
-1.14403 0.299565
-1.18244 0.305601
-1.16049 0.281817
-1.13306 0.189088
-1.12209 0.223967
-1.09465 0.237138
-1.17147 0.250686
-1.12209 0.22919
-1.16598 0.253441
-1.24829 0.223967
-1.22634 0.175043
-1.1989 0.184346
-1.17147 0.140239
-1.23731 0.10929
-1.17147 0.116666
-1.1989 0.138192
-1.06722 0.114799
-1.16049 0.114799
-1.05075 0.0790775
-1.10562 0.0745163
-1.08368 0.10929
-1.12757 0.105692
-1.08368 0.080628
-1.05624 0.0353172
-1.02332 0.0463814
-0.96845 0.0563167
-1.04527 0.0700906
-1.09465 0.0658003
-1.10562 0.0715507
-1.09465 0.0969609
-1.14403 0.0760216
-1.0727 0.0686454
-1.14952 0.168224
-1.16049 0.152839
-1.20439 0.126225
-1.15501 0.120444
-1.08368 0.0658003
-1.08368 0.0658003
-1.00686 0.058951
-0.990398 0.0353172
-0.984911 0.0630155
-0.908093 0.0342936
-0.946502 0.0207455
-0.951989 0.0149048
-0.880658 0.00746837
-0.836763 0.00489424
-0.869684 0.000829819
-0.935528 0.00257602
-0.973937 9.22021e-05
-0.962963 4.70419e-05
-0.919067 0.00746837
-0.935528 0.00611357
-0.919067 9.22021e-05
-0.984911 0.00180829
-1.06173 0.000227683
-1.05624 0.000543804
-1.03429 0.00489424
-1.17695 0.0149048
-1.15501 0.00257602
-1.10014 0.0100275
-1.04527 0.00528563
-1.01235 0.000423377
-1.06722 0.00137174
-1.10562 0.00746837
-1.14403 0.0169821
-1.01783 0.0135951
-0.973937 0.00257602
-0.875171 0.00137174
-0.831276 0.0031631
-0.924554 0.00795008
-0.973937 0.00158249
-1.00137 0.00230505
-1.00137 9.22021e-05
-1.02881 0.000679285
-0.984911 0.000227683
-0.951989 0.00117605
-0.984911 0.0129629
-0.984911 0.0117435
-1.09465 0.00489424
-1.05075 0.00286203
-1.06173 0.00611357
-0.951989 0.00451791
-1.04527 0.00746837
-0.957476 0.00895866
-0.962963 0.00489424
-0.962963 0.000829819
-0.995885 0.00451791
-0.995885 0.00528563
-0.930041 0.00948553
-0.995885 0.0231841
-0.935528 0.0123457
-0.886145 0.00611357
-0.973937 0.0169821
-1.03429 0.0215433
-1.05075 0.0294012
-1.01235 0.0284679
-1.01235 0.0223562
-1.05624 0.0117435
-1.10562 0.0149048
-1.03978 0.0162746
-1.05624 0.0266464
-1.13855 0.0199627
-1.06173 0.0294012
-1.08368 0.0117435
-1.02881 0.0129629
-1.02881 0.0162746
-1.02881 0.0199627
-1.04527 0.0223562
-1.13855 0.0105844
-1.07819 0.00746837
-1.05075 0.0111565
-0.995885 0.0129629
-1.05624 0.00528563
-1.02332 0.000679285
-0.962963 0.00611357
-1.02332 0.0031631
-1.03429 0.00381039
-1.0727 0.00415662
-1.00686 0.000318003
-0.973937 0.000423377
-0.973937 0.000227683
-0.962963 0.000995407
-1.00686 0.000829819
-1.00137 0.00230505
-1.06173 0.000543804
-1.01235 0.00158249
-1.11111 1.88168e-06
-1.06722 0.000543804
-0.979424 0.00489424
-0.990398 0.0223562
-1.07819 0.0284679
-1.03429 0.0231841
-0.979424 0.0177047
-0.941015 0.033285
-0.96845 0.0563167
-1.03429 0.0284679
-1.02332 0.0129629
-1.01235 0.0199627
-1.06722 0.00895866
-1.0727 0.0248852
-1.00686 0.0440482
-0.941015 0.0284679
-0.990398 0.0184423
-1.05075 0.0215433
-0.962963 0.00489424
-0.825789 0.000227683
-0.897119 0.00451791
-0.990398 0.000543804
-0.908093 0.000995407
-0.941015 0.0155822
-0.979424 0.0284679
-1.04527 0.0135951
-1.01783 0.0363559
-1.05075 0.0576263
-0.91358 0.0363559
-1.06173 0.031313
-1.01783 0.0284679
-1.05075 0.0353172
-1.13306 0.0240271
-1.1166 0.031313
-1.12209 0.0266464
-1.09465 0.0199627
-1.14952 0.00844685
-1.06722 0.0184423
-1.10014 0.0184423
-1.08368 0.031313
-1.09465 0.0550221
-1.10014 0.0452073
-0.962963 0.0395622
-0.951989 0.0105844
-0.902606 0.0142424
-0.96845 0.00795008
-0.886145 0.0177047
-0.84225 0.0199627
-0.902606 0.0231841
-0.96845 0.0240271
-0.962963 0.0342936
-0.962963 0.0429041
-0.941015 0.0353172
-1.02332 0.0384784
-0.96845 0.0384784
-0.984911 0.0184423
-1.01783 0.00489424
-1.06173 0.000423377
-1.10014 0.00489424
-1.02881 0.0169821
-1.08368 0.031313
-1.05075 0.0162746
-1.10014 0.0100275
-1.13306 0.00180829
-1.18244 0.0100275
-1.16598 0.00746837
-1.13855 0.0155822
-1.05075 0.0031631
-1.02881 1.69351e-05
-1.03978 0.00137174
-1.01235 0.00489424
-1.06173 0.00415662
-1.07819 0.0031631
-1.11111 0.00611357
-1.12757 0.00347922
-1.06173 0.000227683
-1.06173 0.00611357
-1.1166 0.00655012
-1.00686 0.0111565
-1.13855 0.0184423
-1.18793 0.0374096
-1.12757 0.0240271
-1.03978 0.0162746
-1.07819 0.00948553
-1.15501 0.0240271
-1.09465 0.0162746
-1.10562 0.00948553
-1.03429 0.0135951
-1.01235 0.0294012
-1.10562 0.0248852
-0.941015 0.0353172
-0.930041 0.0155822
-1.00686 0.00347922
-1.05624 0.0123457
-1.07819 0.00655012
-1.10562 0.00528563
-1.05075 0.0031631
-0.973937 9.22021e-05
-1.10562 0.000679285
-1.08368 0.0117435
-0.96845 0.0199627
-1.08916 0.0169821
-1.1166 0.0303496
-1.16598 0.0303496
-0.995885 0.0275496
-1.0727 0.0248852
-1.09465 0.0142424
-1.10014 0.0100275
-1.08368 0.0105844
-1.11111 0.0155822
-1.13855 0.0162746
-1.13855 0.0248852
-1.06722 0.0199627
-1.21536 0.00700172
-1.07819 0.000152416
-1.10562 0.00230505
-1.04527 0.000995407
-1.11111 0.00795008
-1.03429 0.000995407
-1.15501 4.70419e-05
-1.15501 0.000227683
-1.00137 0.00257602
-0.984911 0.0100275
-1.08368 0.0155822
-1.05624 0.0215433
-1.01235 0.0207455
-1.02332 0.0440482
-1.06722 0.0452073
-1.03429 0.019195
-1.04527 0.0342936
-0.902606 0.0142424
-1.01235 0.0155822
-1.04527 0.0215433
-0.973937 0.0275496
-1.00686 0.00655012
-0.941015 0.0155822
-1.10562 0.0257583
-1.16598 0.0215433
-1.01783 0.0417751
-1.03978 0.0266464
-0.984911 0.0417751
-0.957476 0.0363559
-1.02881 0.033285
-1.07819 0.0700906
-1.16598 0.0672154
-1.22085 0.100408
-1.08368 0.103916
-1.15501 0.102154
-1.08916 0.0886063
-1.12209 0.0837741
-1.12757 0.0686454
-1.07819 0.0902471
-1.1166 0.134143
-1.06722 0.146472
-1.01235 0.154992
-1.03429 0.146472
-1.01235 0.132141
-1.05075 0.130154
-1.1166 0.102154
-1.06173 0.0952599
-1.01235 0.107483
-1.00137 0.0602908
-1.04527 0.0563167
-1.03429 0.0406611
-1.11111 0.0384784
-1.04527 0.0322914
-1.10014 0.0576263
-1.06722 0.0395622
-1.02881 0.0363559
-0.973937 0.0417751
-0.995885 0.0303496
-1.13306 0.0395622
-1.06722 0.0284679
-1.12209 0.0149048
-1.06173 0.0135951
-1.1166 0.00655012
-0.951989 0.00489424
-0.984911 0.00180829
-0.957476 0.0105844
-1.03978 0.0231841
-1.06173 0.0135951
-1.13306 0.0374096
-1.12757 0.0630155
-1.10014 0.0550221
-1.06173 0.0700906
-1.09465 0.073026
-1.01783 0.0630155
-1.02332 0.0790775
-1.10562 0.098677
-1.01235 0.0821935
-0.984911 0.0760216
-1.05075 0.0886063
-1.08368 0.0935739
-0.990398 0.0499943
-0.946502 0.0429041
-1.02332 0.0353172
-0.979424 0.0100275
-0.973937 1.69351e-05
-0.902606 0.00948553
-1.05624 0.00700172
-1.11111 0.00844685
-1.04527 0.00137174
-1.0727 0.00700172
-1.03978 0.00347922
-1.00686 0.000829819
-0.875171 0.000679285
-0.962963 0.00204915
-0.990398 0.000543804
-0.962963 0.00257602
-0.96845 4.70419e-05
-1.06722 0.00230505
-1.01783 0.0135951
-0.897119 0.00286203
-0.979424 0.00451791
-1.02881 0.0207455
-1.08916 0.0417751
-1.06722 0.0602908
-1.0727 0.0463814
-1.02332 0.0275496
-1.05624 0.0240271
-1.05075 0.0105844
-1.03978 0.0177047
-0.962963 0.0342936
-0.935528 0.0240271
-1.01235 0.0417751
-0.930041 0.0275496
-0.941015 0.0512286
-0.990398 0.0499943
-1.03978 0.0602908
-0.995885 0.0644004
-0.924554 0.058951
-1.02332 0.0686454
-1.08368 0.0537426
-1.13855 0.0563167
-1.02332 0.0537426
-1.01783 0.077542
-0.995885 0.0630155
-1.01235 0.0342936
-1.08368 0.0142424
-1.06722 0.00230505
-1.01235 0.00158249
-0.930041 0.00415662
-0.973937 0.00844685
-1.11111 0.00286203
-1.03429 0.0111565
-1.01783 0.00655012
-0.990398 0.0231841
-0.995885 0.0135951
-1.01235 0.0342936
-0.962963 0.0384784
-1.12209 0.0524781
-1.04527 0.0576263
-0.946502 0.033285
-0.924554 0.0303496
-0.96845 0.0111565
-0.891632 0.00700172
-0.962963 0.00451791
-0.957476 0.0142424
-0.935528 0.0155822
-1.01235 0.0231841
-1.00686 0.0149048
-0.96845 0.0135951
-1.06173 0.019195
-1.11111 0.0149048
-0.990398 0.000227683
-1.02881 0.00204915
-0.924554 0.00158249
-1.00686 0.00180829
-1.01783 0.00569207
-0.919067 0.00655012
-1.05075 0.00655012
-1.06173 0.0117435
-1.06722 0.00948553
-1.01235 1.88168e-06
-1.08916 0.000543804
-1.01783 4.70419e-05
-1.05075 4.70419e-05
-1.07819 1.69351e-05
-1.10562 0.000423377
-1.12757 0.000543804
-1.06173 0.00415662
-1.1166 0.0135951
-0.941015 0.0105844
-0.946502 0.0123457
-0.951989 0.00415662
-0.946502 4.70419e-05
-0.995885 0.00230505
-1.00686 1.88168e-06
-0.880658 0.00451791
-0.957476 9.22021e-05
-0.853224 1.88168e-06
-1.02332 0.000543804
-1.05624 0.00230505
-1.18793 0.000829819
-1.16598 0.00257602
-1.22085 0.000679285
-1.18244 0.000152416
-1.08368 0.00117605
-1.12209 0.00795008
-1.03978 0.000543804
-0.984911 0.00795008
-0.990398 0.00347922
-1.06173 0.00611357
-1.05624 0.00948553
-1.10562 0.00230505
-1.13855 0.0215433
-1.18793 0.0417751
-1.20439 0.0475707
-1.18244 0.0550221
-1.16049 0.0374096
-1.1166 0.0499943
-1.01783 0.0512286
-1.02881 0.0602908
-0.973937 0.0616456
-1.00137 0.0463814
-0.941015 0.0384784
-1.05075 0.0363559
-1.00137 0.0342936
-1.11111 0.0715507
-1.08916 0.103916
-1.05624 0.0602908
-1.12757 0.077542
-1.11111 0.0902471
-1.16049 0.111111
-1.1989 0.177346
-1.07819 0.148579
-0.973937 0.0821935
-0.919067 0.0475707
-0.908093 0.0342936
-0.919067 0.0303496
-0.973937 0.0429041
-1.00686 0.0512286
-1.00686 0.0658003
-1.06722 0.0395622
-0.962963 0.0452073
-0.91358 0.0342936
-1.03429 0.0487749
-1.01783 0.0853698
-1.02332 0.0658003
-0.930041 0.0745163
-0.979424 0.0837741
-0.935528 0.0499943
-0.935528 0.0257583
-0.979424 0.0417751
-1.14403 0.0429041
-1.12757 0.0616456
-1.12209 0.0395622
-1.08916 0.0240271
-1.12209 0.0169821
-0.962963 0.00655012
-0.990398 0.00948553
-0.897119 0.0117435
-0.990398 0.033285
-1.04527 0.0266464
-1.01783 0.0537426
-1.06722 0.0537426
-1.05624 0.0672154
-1.02332 0.0363559
-1.01783 0.0475707
-1.00686 0.0342936
-0.924554 0.0240271
-0.886145 0.0142424
-1.1166 0.00895866
-1.06173 0.000543804
-1.12757 0.0184423
-1.10014 0.0207455
-1.10562 0.0248852
-1.16049 0.0406611
-1.2428 0.103916
-1.22634 0.122356
-1.21536 0.152839
-1.18793 0.163753
-1.13855 0.142302
-1.16049 0.146472
-1.15501 0.128182
-1.10014 0.120444
-1.14403 0.181998
-1.13855 0.201206
-1.08368 0.208657
-1.08916 0.218803
-1.18793 0.267441
-1.12209 0.276021
-1.22085 0.242512
-1.14403 0.181998
-1.12209 0.130154
-1.08916 0.146472
-1.10562 0.148579
-1.06173 0.130154
-1.10562 0.170482
-1.16598 0.216244
-1.00137 0.16154
-1.09465 0.168224
-1.06722 0.0969609
-1.12757 0.080628
-1.0727 0.0658003
-0.979424 0.0363559
-1.01235 0.0353172
-1.08368 0.0452073
-1.02332 0.0417751
-1.06173 0.0512286
-1.10562 0.031313
-1.1166 0.0284679
-1.12209 0.00948553
-1.08916 0.0162746
-1.0727 0.0117435
-1.01783 0.00948553
-1.08916 0.00948553
-1.10562 0.00180829
-1.01235 0.00451791
-0.979424 0.0199627
-1.07819 0.0240271
-1.05075 0.0100275
-0.984911 0.0129629
-0.919067 0.0169821
-1.03429 0.00844685
-1.06173 0.0184423
-1.1166 0.0257583
-1.12209 0.0294012
-1.1166 0.0342936
-1.10014 0.0452073
-1.11111 0.0184423
-0.995885 0.0117435
-0.990398 0.033285
-1.00686 0.033285
-1.03978 0.0294012
-0.941015 0.0487749
-0.941015 0.0395622
-0.984911 0.0353172
-0.946502 0.0184423
-0.91358 0.0123457
-0.902606 0.00795008
-0.984911 0.00137174
-0.995885 0.00569207
-0.962963 0.00895866
-0.951989 0.0105844
-1.01235 0.00569207
-1.02881 0.00158249
-0.96845 0.00948553
-1.02332 0.00137174
-1.00137 0.00489424
-1.03978 0.00257602
-1.10562 0.00286203
-1.14403 0.00895866
-1.10014 0.00415662
-1.19342 0.00381039
-1.18793 0.00180829
-1.12757 0.000543804
-1.10014 0.000679285
-1.12209 9.22021e-05
-1.14952 0.00137174
-1.11111 1.88168e-06
-1.10562 0.000318003
-1.18244 0.00655012
-1.19342 0.00180829
-1.08916 0.000995407
-1.06722 0.00180829
-1.03429 0.0184423
-1.09465 0.0031631
-1.00137 0.00895866
-0.962963 0.00415662
-1.09465 0.00451791
-1.01235 0.019195
-0.891632 0.00528563
-0.995885 0.00895866
-0.96845 0.0303496
-1.04527 0.0499943
-0.990398 0.0512286
-1.02881 0.091903
-1.05624 0.0576263
-1.07819 0.0374096
-1.01235 0.0142424
-1.00137 0.0342936
-0.990398 0.0395622
-0.946502 0.0524781
-1.00686 0.0524781
-0.973937 0.0223562
-1.17147 0.0487749
-1.10014 0.0602908
-1.06173 0.0524781
-1.03978 0.0512286
-1.00686 0.058951
-1.03978 0.0429041
-1.14952 0.0384784
-1.10014 0.0353172
-1.10562 0.0184423
-1.0727 0.0240271
-1.05075 0.0100275
-1.00686 0.00948553
-1.05624 0.0105844
-0.990398 0.00381039
-0.990398 0.00451791
-1.0727 0.00569207
-1.01783 0.000227683
-1.01235 0.00286203
-0.946502 4.70419e-05
-0.984911 0.00137174
-0.962963 0.000227683
-0.973937 0.000829819
-0.946502 0.0177047
-1.01783 0.0129629
-0.91358 0.00415662
-0.96845 0.0111565
-0.984911 0.00230505
-0.957476 0.000423377
-1.03978 1.69351e-05
-0.957476 0.00230505
-1.08916 0.00347922
-1.05075 0.00611357
-1.03978 0.0199627
-0.973937 0.0406611
-0.973937 0.0487749
-1.05075 0.0512286
-1.0727 0.0512286
-1.00137 0.0363559
-1.05624 0.0524781
-1.10014 0.0630155
-1.08916 0.077542
-1.1166 0.0537426
-1.04527 0.031313
-1.04527 0.0215433
-1.0727 0.0294012
-1.1166 0.0215433
-1.13306 0.0363559
-1.10014 0.0177047
-1.02332 0.0266464
-0.973937 0.00795008
-1.13306 0.00489424
-1.17695 1.88168e-06
-1.16598 0.00117605
-1.07819 0.000423377
-1.11111 1.88168e-06
-1.07819 0.000995407
-1.11111 0.00655012
-1.12757 0.00286203
-1.05075 9.22021e-05
-1.16049 1.88168e-06
-1.06722 0.00286203
-1.17695 0.00655012
-1.19342 0.000829819
-1.25926 0.00569207
-1.17695 0.00204915
-1.13306 0.000227683
-1.10014 1.69351e-05
-0.957476 9.22021e-05
-0.946502 0.000829819
-0.957476 9.22021e-05
-1.00137 1.69351e-05
-1.08916 0.00204915
-1.12757 0.00180829
-1.03978 0.00700172
-1.01783 0.0117435
-1.0727 0.0303496
-0.951989 0.00489424
-1.06722 0.0135951
-1.03978 0.0155822
-0.946502 0.0162746
-0.951989 0.00204915
-1.01783 1.88168e-06
-1.02881 0.000423377
-1.04527 0.000227683
-1.01235 0.000152416
-1.05624 0.000152416
-1.14403 0.00180829
-1.13855 0.000152416
-1.13306 9.22021e-05
-1.13306 0.000543804
-1.16598 0.000227683
-1.18244 0.00611357
-1.07819 0.00844685
-1.16049 0.0266464
-1.14952 0.0384784
-1.13306 0.0452073
-1.05075 0.031313
-1.10562 0.0602908
-1.06722 0.0686454
-1.11111 0.0658003
-1.08916 0.0745163
-1.06173 0.0672154
-1.02332 0.0790775
-1.16598 0.098677
-1.12757 0.112948
-1.08368 0.098677
-0.951989 0.0630155
-0.96845 0.091903
-1.04527 0.111111
-1.00137 0.118547
-0.908093 0.0969609
-1.00137 0.0952599
-0.962963 0.0602908
-0.880658 0.0223562
-0.957476 0.0257583
-1.06173 0.00700172
-1.06722 0.00489424
-1.17147 0.000679285
-1.16598 0.00451791
-1.12757 0.00655012
-1.05624 1.69351e-05
-1.10014 0.000679285
-0.962963 0.00286203
-1.00686 0.000318003
-1.0727 0.00489424
-1.08368 0.00844685
-0.96845 0.00489424
-0.973937 0.00180829
-0.96845 0.00180829
-0.869684 0.0031631
-0.962963 0.00528563
-0.96845 0.0199627
-1.00137 0.0111565
-0.935528 0.00746837
-1.05075 0.0111565
-0.951989 0.0199627
-0.990398 0.019195
-1.03978 0.0169821
-0.962963 0.0240271
-0.957476 0.0240271
-0.973937 0.0524781
-1.02332 0.0363559
-1.03429 0.0475707
-1.14952 0.0440482
-1.12757 0.0342936
-1.0727 0.0417751
-1.16598 0.0275496
-1.20988 0.0162746
-1.20439 0.00746837
-1.17695 0.00528563
-1.17147 0.00489424
-1.16049 0.0111565
-1.10014 0.00257602
-1.17147 0.00137174
-1.19342 0.000995407
-1.11111 0.000995407
-1.10014 0.00844685
-1.17147 0.0111565
-1.10014 0.00286203
-1.10014 4.70419e-05
-1.10014 1.69351e-05
-1.04527 1.69351e-05
-0.979424 0.00158249
-0.924554 0.000543804
-0.962963 0.0100275
-1.03978 0.00844685
-0.962963 0.000543804
-0.941015 0.000543804
-1.03978 0.000227683
-1.05624 9.22021e-05
-1.06173 0.00117605
-1.13306 0.000995407
-1.12757 4.70419e-05
-1.00686 4.70419e-05
-1.17147 0.000227683
-1.17147 1.88168e-06
-1.12209 0.00257602
-1.06722 0.000318003
-1.02332 0.000543804
-1.07819 0.000227683
-1.01235 1.88168e-06
-1.13306 0.00415662
-1.15501 0.00381039
-1.15501 0.00528563
-1.05075 0.000543804
-1.0727 0.000423377
-1.07819 0.000679285
-0.96845 0.00180829
-1.12757 0.00611357
-1.08368 0.0105844
-1.11111 0.000995407
-1.16049 0.00286203
-1.06722 0.00489424
-0.995885 0.00230505
-1.00137 0.000543804
-0.946502 0.00569207
-0.941015 0.00286203
-1.00686 0.000152416
-0.946502 9.22021e-05
-0.935528 0.00180829
-0.962963 0.000995407
-1.02332 0.00137174
-1.07819 0.00257602
-1.09465 0.000152416
-0.897119 0.00158249
-0.853224 0.00347922
-0.930041 0.00117605
-0.935528 0.00286203
-0.946502 0.00286203
-0.935528 0.00286203
-0.96845 0.000227683
-0.946502 1.69351e-05
-0.869684 0.00137174
-0.930041 0.00137174
-0.973937 0.00230505
-0.891632 0.00137174
-0.891632 1.88168e-06
-0.91358 0.000423377
-0.869684 0.000423377
-0.84225 0.000829819
-0.924554 4.70419e-05
-0.897119 0.00895866
-0.875171 0.00286203
-0.935528 0.00286203
-0.990398 0.00180829
-1.06722 0.000829819
-1.02332 9.22021e-05
-1.07819 1.69351e-05
-1.05624 9.22021e-05
-1.02332 0.00381039
-1.00137 0.00257602
-0.979424 0.00611357
-0.84225 0.000318003
-0.831276 0.00655012
-0.803841 0.00381039
-0.902606 0.00451791
-0.897119 0.00381039
-1.01783 0.00180829
-0.946502 0.00700172
-0.984911 0.00948553
-0.946502 0.00655012
-0.891632 0.000679285
-0.951989 0.00230505
-0.946502 0.00844685
-1.03978 0.00700172
-1.03978 0.031313
-0.919067 0.0142424
-1.10014 0.0117435
-1.04527 0.019195
-0.990398 0.0284679
-0.973937 0.0123457
-1.0727 0.00948553
-1.07819 0.00451791
-1.01235 0.00204915
-1.08916 0.0105844
-0.995885 0.00489424
-1.10014 0.00451791
-1.14952 1.88168e-06
-1.03429 0.000995407
-1.05075 4.70419e-05
-1.05624 1.88168e-06
-1.09465 0.00569207
-1.12757 0.00158249
-1.17147 0.00655012
-1.18244 0.00569207
-1.13306 0.00180829
-0.995885 0.00347922
-1.05624 0.00948553
-0.962963 0.00528563
-1.03429 0.00489424
-0.951989 0.00795008
-1.03978 0.00746837
-1.06173 1.88168e-06
-1.05624 0.00230505
-1.01235 0.000152416
-1.02332 0.00180829
-0.995885 0.000318003
-1.05075 0.00895866
-0.951989 1.69351e-05
-0.935528 0.000679285
-0.897119 0.0031631
-0.995885 0.00180829
-1.03978 0.00230505
-0.930041 0.00844685
-1.00137 0.00700172
-0.995885 0.000423377
-1.05075 0.00528563
-0.946502 0.0129629
-0.91358 0.00180829
-0.973937 0.0169821
-0.946502 0.0169821
-0.930041 0.0169821
-0.990398 0.0294012
-0.935528 0.0644004
-1.01783 0.0686454
-1.04527 0.0374096
-1.08368 0.0342936
-1.13855 0.031313
-1.0727 0.031313
-1.02881 0.0129629
-1.05624 0.0275496
-1.05075 0.0384784
-1.01783 0.0363559
-0.995885 0.0266464
-1.03429 0.0223562
-1.02881 0.0266464
-1.07819 0.019195
-0.995885 0.0162746
-1.02881 0.0284679
-1.05624 0.0231841
-1.01783 0.031313
-1.01235 0.0576263
-1.0727 0.0630155
-1.01235 0.0374096
-1.01235 0.0342936
-0.96845 0.0342936
-1.04527 0.0452073
-1.04527 0.0452073
-0.957476 0.0406611
-0.973937 0.0395622
-0.951989 0.0429041
-0.902606 0.098677
-0.951989 0.102154
-0.973937 0.107483
-1.02332 0.126225
-1.00137 0.114799
-0.91358 0.0886063
-0.930041 0.130154
-0.951989 0.107483
-1.07819 0.112948
-1.14403 0.128182
-1.02881 0.105692
-0.990398 0.0463814
-1.01235 0.0284679
-1.06722 0.0162746
-0.962963 0.00948553
-0.962963 0.00700172
-0.973937 0.0223562
-0.962963 0.0257583
-0.886145 0.0231841
-0.875171 0.0149048
-0.951989 0.00895866
-0.941015 0.00415662
-0.979424 0.000829819
-0.919067 0.00347922
-1.03978 0.00795008
-0.946502 0.0155822
-1.08916 0.0342936
-1.10014 0.0322914
-1.06722 0.0123457
-1.03429 0.0353172
-1.13855 0.0429041
-1.22085 0.058951
-1.12757 0.0384784
-1.09465 0.0266464
-1.17147 0.0499943
-1.11111 0.0550221
-1.11111 0.0616456
-1.13855 0.0429041
-1.08916 0.0248852
-1.06722 0.0266464
-1.02881 0.0117435
-0.973937 0.00948553
-0.941015 0.0142424
-0.875171 0.0395622
-0.984911 0.0303496
-1.07819 0.0512286
-1.06722 0.0512286
-0.995885 0.0658003
-1.08916 0.102154
-1.05075 0.128182
-1.06173 0.157159
-1.08916 0.124283
-1.12209 0.120444
-1.18244 0.13616
-1.10562 0.124283
-1.03978 0.0969609
-1.09465 0.058951
-1.24829 0.0630155
-1.17147 0.0715507
-1.13855 0.0686454
-1.13855 0.0760216
-0.990398 0.0417751
-1.01783 0.0616456
-1.20988 0.0952599
-1.16049 0.091903
-1.02332 0.0760216
-0.995885 0.103916
-1.0727 0.0821935
-1.05075 0.0537426
-1.13306 0.033285
-0.995885 0.0215433
-1.10014 0.0452073
-1.12757 0.019195
-1.06722 0.0353172
-1.00137 0.0463814
-1.02881 0.0284679
-0.941015 0.0184423
-0.990398 0.0177047
-1.01235 0.0105844
-0.96845 0.0149048
-0.96845 0.0142424
-0.941015 0.000318003
-0.979424 4.70419e-05
-0.886145 0.00230505
-0.946502 0.000995407
-0.995885 0.00795008
-0.979424 0.00795008
-1.00686 0.0240271
-1.00137 0.0207455
-0.979424 0.0177047
-0.919067 0.00230505
-0.995885 0.000829819
-1.03978 0.000423377
-1.00137 0.00415662
-0.995885 0.00347922
-0.951989 0.000152416
-0.919067 0.00347922
-0.973937 0.00286203
-1.03429 0.00158249
-0.962963 0.00489424
-0.973937 1.88168e-06
-1.00686 0.000227683
-0.946502 0.000543804
-0.995885 4.70419e-05
-1.05075 1.69351e-05
-0.935528 0.000543804
-0.781893 0.00415662
-0.919067 0.0199627
-0.853224 0.0142424
-0.880658 0.0406611
-0.902606 0.0550221
-0.96845 0.0199627
-0.990398 0.0177047
-0.973937 0.0105844
-0.908093 0.00844685
-0.951989 4.70419e-05
-0.951989 0.00895866
-0.96845 0.0169821
-0.902606 0.0105844
-0.951989 0.00795008
-0.930041 0.00746837
-1.01235 0.00230505
-0.886145 0.000423377
-0.84225 0.000679285
-0.951989 0.00158249
-1.02881 1.69351e-05
-1.01783 0.000829819
-0.990398 0.00415662
-1.01235 0.0184423
-1.11111 0.0184423
-1.10014 0.0149048
-1.08368 0.00180829
-1.10014 0.00948553
-1.16049 0.00795008
-1.14952 0.00700172
-1.07819 0.00286203
-1.05075 0.00381039
-1.01235 0.0123457
-1.07819 0.0105844
-1.00686 0.0169821
-0.908093 0.0111565
-0.957476 0.0155822
-1.03978 0.0155822
-1.01783 0.0512286
-0.984911 0.0440482
-1.10562 0.0417751
-0.924554 0.0374096
-0.902606 0.0440482
-0.902606 0.0499943
-0.946502 0.0395622
-0.946502 0.0240271
-0.962963 0.0135951
-0.908093 0.0142424
-0.941015 0.00795008
-0.919067 0.0031631
-0.930041 0.0199627
-0.91358 0.0162746
-0.990398 0.0100275
-0.962963 0.00257602
-1.05075 0.0135951
-1.01783 0.0429041
-0.951989 0.0440482
-0.96845 0.033285
-0.984911 0.019195
-0.995885 0.00746837
-1.00137 1.69351e-05
-1.00137 0.000679285
-0.897119 0.000152416
-0.962963 0.000227683
-1.01783 0.00746837
-0.908093 0.000679285
-0.984911 0.00746837
-1.05075 0.00895866
-1.04527 0.0100275
-0.935528 0.00948553
-1.00137 0.00795008
-0.990398 0.0169821
-1.02332 0.0162746
-0.979424 0.0207455
-0.951989 0.0353172
-1.03978 0.0512286
-1.01783 0.0406611
-0.995885 0.0487749
-1.01783 0.0395622
-1.01783 0.0563167
-0.880658 0.0429041
-0.957476 0.0294012
-1.03978 0.0117435
-1.1166 0.000679285
-1.0727 0.00655012
-1.01783 0.000227683
-0.957476 0.00655012
-1.03429 9.22021e-05
-1.05624 0.00158249
-0.973937 0.00451791
-0.946502 0.0031631
-1.02881 0.00795008
-1.02332 0.00948553
-1.03429 0.0111565
-0.96845 0.000679285
-1.03978 0.00204915
-0.995885 0.00415662
-1.05624 0.000318003
-0.984911 0.000152416
-1.01783 0.000829819
-1.04527 0.000423377
-1.05075 0.00347922
-1.04527 0.000995407
-1.01783 1.69351e-05
-1.08368 9.22021e-05
-1.09465 1.69351e-05
-1.03978 0.00286203
-1.00686 0.00117605
-1.00686 0.00569207
-1.06173 0.00347922
-1.10562 0.000543804
-1.10014 0.00117605
-1.03978 0.000679285
-1.09465 0.00655012
-1.05624 0.0284679
-1.10562 0.0303496
-1.13306 0.0223562
-1.14952 0.0248852
-1.17147 0.031313
-1.06173 0.033285
-0.973937 0.0149048
-1.05075 0.0162746
-1.13306 0.0111565
-1.15501 0.00948553
-1.12757 0.00700172
-1.1166 0.0031631
-1.08368 0.0184423
-1.08368 0.00489424
-1.18244 0.00158249
-1.15501 0.000423377
-1.03978 0.00204915
-0.984911 0.00180829
-1.01783 1.69351e-05
-1.05624 0.000318003
-1.01235 0.0155822
-0.957476 0.031313
-1.00686 0.0524781
-0.96845 0.0700906
-1.01783 0.077542
-0.96845 0.0463814
-1.1166 0.080628
-1.12757 0.0440482
-1.00686 0.0257583
-1.03429 0.0294012
-1.03429 0.0223562
-1.09465 0.0384784
-1.09465 0.0240271
-1.10014 0.0384784
-1.18244 0.0406611
-1.13306 0.0266464
-1.1166 0.0207455
-1.0727 0.0162746
-1.02332 0.0406611
-1.0727 0.0353172
-1.05624 0.0395622
-1.00686 0.0475707
-1.03978 0.0563167
-1.06722 0.0686454
-1.05075 0.0644004
-1.12209 0.0537426
-1.1166 0.0537426
-1.01783 0.0886063
-1.08368 0.0886063
-1.09465 0.114799
-1.13306 0.165981
-1.18244 0.198752
-1.17695 0.216244
-1.13306 0.223967
-1.18793 0.258996
-1.05624 0.206158
-1.08916 0.211171
-1.13306 0.154992
-1.27023 0.177346
-1.24829 0.179664
-1.12209 0.175043
-1.08368 0.177346
-0.957476 0.120444
-1.00137 0.138192
-1.00686 0.128182
-0.941015 0.152839
-1.06722 0.203675
-1.06722 0.211171
-1.02881 0.172755
-1.08368 0.142302
-1.13306 0.177346
-1.18793 0.146472
-1.10562 0.163753
-1.10014 0.128182
-1.03429 0.058951
-1.01783 0.0550221
-1.02881 0.0429041
-1.02881 0.0266464
-1.03429 0.0223562
-1.09465 0.0294012
-1.04527 0.0257583
-0.995885 0.0129629
-1.05075 0.00895866
-1.18793 0.00611357
-1.06722 0.00180829
-1.08368 0.00528563
-1.0727 0.00700172
-1.04527 0.0111565
-1.0727 0.0257583
-1.08916 0.0231841
-1.03429 0.0499943
-1.03978 0.0240271
-0.995885 0.0135951
-0.984911 0.0177047
-0.984911 0.0215433
-1.03429 0.0275496
-1.07819 0.0223562
-0.984911 0.0275496
-1.05624 0.0199627
-1.06173 0.00795008
-1.00137 0.0123457
-1.01783 0.00286203
-1.05075 0.000543804
-1.0727 0.000995407
-1.0727 0.000152416
-1.07819 0.00117605
-1.03978 0.000318003
-1.06173 0.00347922
-1.10562 0.000829819
-1.01783 0.00230505
-1.0727 0.0100275
-1.06173 0.000227683
-1.05075 0.00451791
-1.03429 0.00415662
-1.11111 0.000543804
-1.01783 4.70419e-05
-1.06722 0.000227683
-1.00137 0.00347922
-0.886145 0.00746837
-1.02881 0.00528563
-1.00137 0.0135951
-0.902606 0.0199627
-1.01235 0.0363559
-0.995885 0.00528563
-1.00137 0.00611357
-1.04527 0.000227683
-1.03978 0.00528563
-1.11111 0.000423377
-1.02332 0.00489424
-0.973937 0.0215433
-1.03429 0.00569207
-1.0727 0.0169821
-1.10014 0.00230505
-1.10562 0.0215433
-1.08916 0.0207455
-1.03429 0.0342936
-1.02881 0.0374096
-1.02332 0.0231841
-0.990398 0.0284679
-0.951989 0.0155822
-0.962963 0.00569207
-0.935528 0.0105844
-0.957476 0.00489424
-1.06173 0.00158249
-1.08916 0.00230505
-1.05624 0.0117435
-1.00137 0.0294012
-1.12757 0.0537426
-1.12209 0.0524781
-1.06722 0.0384784
-1.07819 0.0406611
-0.984911 0.077542
-1.07819 0.0745163
-0.962963 0.0790775
-1.06173 0.116666
-1.03978 0.118547
-1.04527 0.191481
-1.10562 0.226571
-1.04527 0.226571
-1.10562 0.247947
-1.05075 0.223967
-1.13306 0.247947
-1.12757 0.261796
-1.13306 0.216244
-1.00686 0.231824
-0.973937 0.154992
-1.09465 0.208657
-1.22634 0.234474
-1.14403 0.196313
-1.13855 0.177346
-1.06722 0.163753
-1.08368 0.124283
-1.18244 0.150702
-1.1166 0.128182
-1.07819 0.0935739
-1.11111 0.112948
-1.10014 0.114799
-1.08368 0.201206
-1.14952 0.2137
-1.17147 0.239818
-1.10014 0.223967
-1.15501 0.250686
-1.18793 0.242512
-1.21536 0.302575
-1.11111 0.270286
-1.14403 0.302575
-1.15501 0.299565
-1.18244 0.273146
-1.10014 0.256211
-1.12209 0.226571
-1.20988 0.305601
-1.10562 0.308642
-1.05075 0.287673
-1.08916 0.296569
-1.17147 0.290623
-1.05624 0.247947
-1.02881 0.239818
-1.08368 0.245222
-1.12757 0.216244
-1.21536 0.218803
-1.13855 0.181998
-1.09465 0.138192
-1.05075 0.144379
-1.01783 0.0952599
-0.930041 0.132141
-0.962963 0.0952599
-1.11111 0.112948
-1.12209 0.103916
-1.10014 0.080628
-1.06173 0.077542
-1.16598 0.0658003
-1.05075 0.0745163
-0.946502 0.091903
-1.00686 0.114799
-1.01783 0.091903
-1.01235 0.0869805
-0.902606 0.0935739
-0.919067 0.0524781
-0.951989 0.0248852
-0.897119 0.0105844
-0.897119 0.00286203
-0.941015 0.00180829
-0.880658 0.000227683
-0.91358 0.00347922
-0.924554 0.00257602
-0.990398 0.00489424
-0.902606 0.0105844
-0.836763 0.0100275
-0.875171 0.0123457
-0.935528 0.0162746
-0.902606 0.0257583
-0.919067 0.0322914
-0.897119 0.0177047
-0.96845 0.00451791
-1.02881 0.0266464
-1.0727 0.0512286
-1.09465 0.0524781
-1.05624 0.0266464
-0.990398 0.0342936
-1.04527 0.0248852
-1.04527 0.0487749
-1.08916 0.0294012
-1.00137 0.0149048
-1.08916 0.0223562
-1.02881 0.00895866
-0.951989 0.0215433
-0.973937 0.0342936
-1.06722 0.0395622
-1.06173 0.0429041
-1.14403 0.0440482
-1.13306 0.0487749
-1.20988 0.0700906
-1.11111 0.080628
-1.08916 0.0475707
-1.10562 0.0935739
-1.14952 0.132141
-1.22634 0.120444
-1.1166 0.0935739
-1.07819 0.091903
-1.10562 0.073026
-1.06173 0.0512286
-1.02881 0.0223562
-0.919067 0.0374096
-0.990398 0.0248852
-0.951989 0.0135951
-1.06173 0.0215433
-1.05075 0.0440482
-0.995885 0.0602908
-1.03978 0.107483
-1.10014 0.0969609
-1.03978 0.103916
-0.990398 0.0576263
-0.91358 0.0322914
-0.973937 0.0177047
-1.00686 0.0275496
-1.01783 0.019195
-0.935528 0.0111565
-0.941015 0.0177047
-0.935528 0.00415662
-0.935528 0.000423377
-0.919067 0.000227683
-0.957476 0.000995407
-1.00137 0.0149048
-0.995885 0.0303496
-0.908093 0.00844685
-0.880658 0.000829819
-1.00137 0.00948553
-0.990398 0.000543804
-1.10562 0.000829819
-1.07819 4.70419e-05
-1.05624 0.00137174
-1.12757 0.00948553
-1.19342 0.0117435
-1.1166 0.0169821
-1.16049 0.00286203
-1.03978 0.00489424
-1.02332 0.0123457
-1.03978 0.00158249
-1.09465 0.000995407
-1.10562 0.000318003
-1.09465 0.000829819
-1.12757 0.000829819
-1.1989 0.000829819
-1.14403 0.00204915
-1.10014 1.88168e-06
-0.946502 1.88168e-06
-1.01783 4.70419e-05
-1.13306 9.22021e-05
-1.13306 0.00286203
-1.05624 0.00204915
-1.0727 0.00381039
-1.06173 0.000679285
-1.02332 0.00230505
-1.01235 0.000543804
-0.984911 0.00117605
-0.962963 9.22021e-05
-1.02332 0.00137174
-1.03978 0.00347922
-1.01783 0.00451791
-1.03978 0.000679285
-1.02332 0.0031631
-1.00137 0.000152416
-1.00137 0.000995407
-1.07819 1.69351e-05
-1.05075 0.000152416
-1.03978 0.00795008
-1.03429 0.0105844
-1.00686 0.00948553
-0.951989 0.0117435
-1.03978 0.0248852
-1.09465 0.0207455
-1.07819 0.0374096
-1.11111 0.0406611
-1.09465 0.0322914
-1.10562 0.0417751
-0.962963 0.0487749
-1.01783 0.0294012
-1.05075 0.0275496
-1.05075 0.0129629
-1.00137 0.00795008
-1.10562 0.0129629
-1.07819 0.0169821
-1.02881 0.00257602
-1.09465 0.0162746
-1.04527 0.0100275
-1.09465 0.0162746
-0.951989 0.0149048
-0.951989 0.0184423
-1.00137 0.0100275
-0.973937 0.0162746
-0.924554 0.00381039
-1.00137 0.0111565
-1.08368 0.00895866
-1.0727 0.0111565
-1.03978 0.00700172
-1.02332 0.0117435
-1.04527 0.0499943
-1.06722 0.0700906
-1.06722 0.0602908
-1.18244 0.0630155
-1.09465 0.0886063
-1.03429 0.0902471
-1.15501 0.0616456
-1.10562 0.0417751
-1.13306 0.0440482
-1.01783 0.0169821
-1.04527 0.0266464
-0.957476 0.0223562
-1.09465 0.0353172
-1.04527 0.0417751
-1.03429 0.0395622
-1.04527 0.0257583
-1.0727 0.00528563
-1.02881 0.00655012
-1.0727 0.000995407
-1.16049 0.00844685
-1.15501 0.0135951
-1.08368 0.00655012
-1.07819 0.0100275
-1.04527 0.0322914
-1.0727 0.0602908
-1.06722 0.0969609
-1.0727 0.126225
-1.11111 0.114799
-1.04527 0.080628
-1.0727 0.0952599
-1.11111 0.0853698
-1.01783 0.0452073
-1.12757 0.0384784
-1.17695 0.0284679
-1.00686 0.0105844
-1.06722 0.0215433
-0.957476 0.0384784
-0.935528 0.0248852
-1.02332 0.0240271
-0.984911 0.0199627
-1.00686 0.0129629
-1.04527 0.033285
-0.897119 0.0162746
-0.995885 0.0149048
-1.02332 0.0100275
-1.03429 0.0374096
-1.06173 0.0563167
-1.03978 0.0499943
-1.15501 0.0869805
-1.17147 0.10929
-1.16598 0.0837741
-1.14403 0.091903
-1.04527 0.0499943
-1.02332 0.103916
-1.08368 0.118547
-1.13855 0.152839
-1.05075 0.124283
-0.96845 0.091903
-1.01783 0.0935739
-1.05624 0.114799
-1.06173 0.118547
-0.951989 0.0821935
-0.96845 0.0630155
-1.03978 0.0452073
-1.04527 0.0374096
-1.12209 0.0563167
-1.05075 0.0284679
-1.12209 0.0275496
-1.02332 0.031313
-0.908093 0.0284679
-0.897119 0.0266464
-0.825789 0.0231841
-0.924554 0.0223562
-0.924554 0.00746837
-0.886145 0.00158249
-1.07819 0.000543804
-1.05624 0.00381039
-1.12209 0.00795008
-1.13306 0.0223562
-1.01783 0.0215433
-0.990398 0.0215433
-0.979424 0.0395622
-1.03978 0.0199627
-1.02332 0.0266464
-1.05075 0.0248852
-0.990398 0.0499943
-0.962963 0.0417751
-0.930041 0.0499943
-0.951989 0.0487749
-0.973937 0.0463814
-0.946502 0.0499943
-1.08916 0.0429041
-1.08916 0.0616456
-1.1166 0.0499943
-1.11111 0.0374096
-1.06722 0.0162746
-1.03429 0.0177047
-1.02881 0.0129629
-1.1166 0.0266464
-1.08368 0.0223562
-1.06722 0.0155822
-1.05075 0.00895866
-1.07819 0.0149048
-0.946502 0.00569207
-1.00137 4.70419e-05
-1.16598 0.00700172
-1.1166 0.00948553
-1.17695 0.00489424
-1.10562 0.00569207
-1.17695 0.00158249
-1.15501 0.000152416
-1.0727 0.000423377
-1.0727 4.70419e-05
-1.10562 1.69351e-05
-1.13855 0.000543804
-1.08368 0.000423377
-1.10562 0.00415662
-1.06173 4.70419e-05
-1.08368 0.00158249
-1.04527 0.00415662
-1.08368 0.000423377
-1.00686 0.000423377
-1.03978 9.22021e-05
-1.11111 0.000227683
-1.05075 9.22021e-05
-0.995885 0.00158249
-1.1166 0.00415662
-1.0727 0.00158249
-1.01783 0.00528563
-1.13855 0.0135951
-1.20988 0.0117435
-1.04527 0.00569207
-1.04527 0.0031631
-1.01235 0.0129629
-1.03978 0.019195
-1.04527 0.0199627
-1.05624 0.00611357
-1.00137 9.22021e-05
-1.0727 0.000995407
-1.11111 9.22021e-05
-1.0727 0.00451791
-1.06173 0.000227683
-1.08368 0.00415662
-1.06173 0.00415662
-0.990398 0.00415662
-0.941015 0.00230505
-0.957476 0.00451791
-0.96845 0.00180829
-0.897119 0.00158249
-0.951989 0.000995407
-1.05624 0.000829819
-1.05624 0.00700172
-0.951989 0.00381039
-0.935528 0.0184423
-0.941015 0.0129629
-0.930041 0.00381039
-0.973937 0.0223562
-0.935528 0.0100275
-0.924554 1.69351e-05
-0.973937 0.00257602
-0.984911 0.00347922
-0.990398 0.00286203
-0.990398 0.00286203
-0.973937 0.00286203
-0.973937 0.0177047
-1.02332 0.0149048
-0.973937 0.0475707
-1.08916 0.0700906
-1.11111 0.091903
-1.0727 0.0745163
-1.09465 0.0837741
-1.12209 0.0644004
-0.962963 0.0499943
-1.04527 0.0550221
-1.01235 0.0499943
-1.07819 0.0700906
-1.07819 0.0837741
-1.13306 0.0952599
-1.08916 0.0537426
-0.984911 0.0248852
-1.08916 0.031313
-1.14403 0.033285
-1.20439 0.0524781
-1.21536 0.080628
-1.17147 0.0602908
-1.18244 0.0537426
-1.17695 0.105692
-1.1989 0.0686454
-1.05075 0.058951
-1.08368 0.0499943
-0.962963 0.0576263
-1.02881 0.0576263
-1.09465 0.0563167
-1.06173 0.0353172
-1.03978 0.0395622
-1.08368 0.0463814
-1.11111 0.058951
-1.14403 0.0452073
-1.10562 0.0563167
-1.14403 0.0602908
-1.17695 0.0563167
-1.16598 0.0207455
-1.20439 0.0135951
-1.2428 0.0199627
-1.22634 0.0155822
-1.21536 0.0100275
-1.19342 0.0162746
-1.28121 0.0303496
-1.23731 0.0475707
-1.06173 0.0248852
-1.0727 0.0475707
-1.15501 0.0384784
-1.17147 0.058951
-1.1166 0.058951
-1.1166 0.073026
-1.14952 0.0537426
-1.0727 0.0231841
-1.14952 0.0266464
-1.22085 0.0303496
-1.20988 0.0524781
-1.17695 0.0395622
-1.24829 0.0686454
-1.23731 0.0487749
-1.21536 0.0537426
-1.08368 0.0563167
-1.03978 0.0487749
-1.16598 0.0760216
-1.10014 0.0715507
-1.10562 0.0715507
-1.12209 0.0886063
-1.13855 0.120444
-1.1166 0.116666
-1.18244 0.13616
-1.1989 0.134143
-1.09465 0.118547
-1.03978 0.168224
-1.0727 0.142302
-1.15501 0.140239
-1.22085 0.146472
-1.11111 0.172755
-1.10562 0.148579
-1.06722 0.154992
-1.00686 0.140239
-1.06722 0.152839
-1.13306 0.168224
-1.08916 0.165981
-1.12209 0.177346
-1.25377 0.142302
-1.20439 0.134143
-1.23731 0.148579
-1.18244 0.13616
-1.11111 0.13616
-1.12757 0.140239
-1.20439 0.168224
-1.14403 0.154992
-1.03429 0.132141
-1.11111 0.102154
-1.09465 0.0745163
-1.2428 0.0902471
-1.12757 0.0821935
-1.08916 0.0760216
-1.00686 0.0440482
-1.01783 0.0266464
-0.924554 0.0123457
-1.00686 0.00451791
-0.984911 9.22021e-05
-1.06722 0.000995407
-0.96845 0.000995407
-0.990398 0.00286203
-1.00686 0.000829819
-0.995885 0.00286203
-1.03429 0.00117605
-1.00137 0.00137174
-1.04527 0.000543804
-1.04527 0.000227683
-1.01235 0.00180829
-0.995885 0.00117605
-1.01783 1.69351e-05
-1.06722 0.000152416
-1.01783 0.00204915
-0.957476 0.000318003
-0.979424 0.00569207
-1.01783 9.22021e-05
-1.10014 1.69351e-05
-1.04527 0.00137174
-1.04527 0.00569207
-1.02881 0.0215433
-1.04527 0.0105844
-1.00686 0.000679285
-0.902606 0.00180829
-0.930041 0.00117605
-1.10562 0.000318003
-1.04527 1.88168e-06
-0.984911 0.00137174
-0.91358 0.000318003
-0.962963 0.00257602
-0.924554 1.88168e-06
-0.902606 0.000679285
-0.891632 0.00451791
-0.990398 0.00415662
-1.02332 0.0199627
-1.02332 0.00948553
-0.973937 0.0142424
-1.01783 0.0177047
-1.05624 0.0429041
-1.02881 0.0715507
-1.1166 0.0745163
-1.19342 0.073026
-1.12209 0.0658003
-1.25377 0.0837741
-1.16598 0.0886063
-1.10014 0.0658003
-1.07819 0.0499943
-1.12757 0.0952599
-1.14403 0.091903
-1.00137 0.0658003
-1.02881 0.0499943
-0.935528 0.0384784
-1.00137 0.0790775
-1.1166 0.116666
-1.13855 0.138192
-1.02881 0.098677
-1.07819 0.0821935
-0.973937 0.0686454
-0.979424 0.0550221
-1.04527 0.0700906
-0.919067 0.0602908
-0.941015 0.0463814
-1.01783 0.0745163
-1.01235 0.111111
-1.11111 0.107483
-1.16049 0.0745163
-1.06722 0.091903
-1.17147 0.0715507
-1.10014 0.0837741
-1.13855 0.0935739
-1.09465 0.0715507
-1.06173 0.0475707
-0.984911 0.0177047
-0.946502 0.00700172
-0.930041 0.00528563
-1.01235 0.00611357
-1.08368 0.0322914
-1.09465 0.0475707
-1.10014 0.0417751
-1.03978 0.0686454
-1.11111 0.0715507
-1.14403 0.0429041
-1.1166 0.0342936
-1.08916 0.058951
-1.05624 0.031313
-1.07819 0.0512286
-1.02332 0.0294012
-1.01235 0.0303496
-0.946502 0.0524781
-0.995885 0.0475707
-1.02332 0.0384784
-1.06722 0.0342936
-0.973937 0.0105844
-1.10014 0.0142424
-1.04527 0.00746837
-1.03429 0.0117435
-1.00137 0.00746837
-0.96845 0.0294012
-0.951989 0.0406611
-1.02332 0.0715507
-1.16049 0.132141
-1.17695 0.0821935
-1.1166 0.116666
-1.15501 0.0616456
-1.11111 0.077542
-1.22634 0.091903
-1.12757 0.0821935
-1.21536 0.077542
-1.20439 0.0886063
-1.23731 0.0658003
-1.08916 0.0475707
-1.08916 0.0374096
-1.05075 0.0207455
-1.06173 0.0248852
-0.995885 0.0342936
-0.902606 0.0184423
-1.01235 0.0117435
-0.984911 0.00381039
-0.984911 0.00158249
-0.973937 0.000318003
-0.946502 0.000423377
-0.962963 0.000995407
-0.995885 0.000152416
-0.962963 0.000318003
-1.01235 0.000227683
-0.973937 0.000423377
-1.05624 1.88168e-06
-1.01783 4.70419e-05
-1.03429 0.00204915
-1.13306 0.0149048
-1.12757 0.0275496
-1.05075 0.0406611
-1.12757 0.0199627
-1.04527 0.00746837
-1.00686 0.00117605
-1.1166 0.00257602
-1.01783 0.00451791
-1.04527 0.000318003
-1.12209 0.0111565
-1.09465 0.0149048
-1.13306 0.0142424
-1.12209 0.0284679
-1.17147 0.00528563
-1.05624 0.000152416
-1.0727 0.00415662
-1.05075 0.00528563
-0.962963 9.22021e-05
-0.979424 0.0031631
-0.984911 1.88168e-06
-0.930041 0.000318003
-0.962963 0.000227683
-0.946502 0.00137174
-0.946502 0.00204915
-1.09465 0.00117605
-0.979424 0.000995407
-1.12757 0.0155822
-1.13855 0.0184423
-1.09465 0.0342936
-0.962963 0.0512286
-1.01783 0.073026
-0.995885 0.058951
-1.0727 0.0452073
-1.14403 0.0207455
-1.01235 0.00569207
-1.05075 0.00230505
-1.16049 0.00158249
-1.14952 0.00257602
-1.07819 0.00158249
-1.05624 0.00204915
-0.962963 0.000152416
-0.930041 0.000227683
-0.891632 0.00257602
-0.902606 0.00204915
-1.02881 0.00180829
-0.951989 0.00180829
-1.01235 0.000423377
-1.00137 0.00137174
-0.908093 0.00257602
-0.96845 0.0129629
-1.03978 0.0199627
-1.1166 0.0149048
-0.990398 0.0275496
-1.10014 0.0117435
-1.06173 0.0223562
-1.10562 0.00158249
-1.10014 0.00569207
-1.16598 0.0123457
-1.12209 0.0105844
-1.1166 0.0162746
-1.08368 0.0111565
-1.14403 0.0240271
-1.17147 0.0248852
-1.18244 0.0223562
-1.08368 0.0169821
-1.10014 0.0135951
-1.09465 0.0275496
-1.0727 0.00180829
-1.04527 0.00230505
-1.1166 0.0031631
-1.10562 0.00117605
-0.984911 0.000423377
-0.96845 0.0155822
-1.04527 0.0240271
-1.07819 0.00948553
-1.13306 0.00746837
-1.1166 0.00347922
-1.09465 0.000227683
-0.96845 0.00655012
-1.06722 0.00655012
-1.05075 0.00700172
-1.01783 0.00451791
-1.02332 0.00700172
-1.04527 0.00795008
-1.05075 0.0248852
-1.11111 0.0169821
-1.13306 0.0142424
-0.990398 0.00415662
-0.979424 0.00286203
-0.96845 0.0266464
-1.11111 0.0303496
-1.12757 0.0550221
-1.07819 0.0672154
-1.18244 0.0760216
-1.20439 0.0672154
-1.08916 0.0886063
-1.13306 0.0760216
-1.02881 0.077542
-0.957476 0.0395622
-1.03978 0.033285
-1.05624 0.0417751
-1.01783 0.0303496
-0.979424 0.0231841
-0.919067 0.0100275
-0.924554 0.00655012
-0.924554 0.00948553
-0.924554 0.0342936
-0.946502 0.0512286
-1.01235 0.0512286
-1.06722 0.0487749
-0.962963 0.0886063
-0.962963 0.102154
-0.91358 0.0902471
-0.886145 0.0672154
-0.951989 0.105692
-1.06173 0.073026
-1.00137 0.0902471
-1.05624 0.130154
-1.05075 0.138192
-1.03978 0.118547
-0.990398 0.080628
-0.995885 0.0790775
-1.06722 0.0837741
-1.11111 0.0686454
-1.06173 0.0790775
-1.06722 0.128182
-1.14403 0.203675
-1.12209 0.150702
-1.09465 0.142302
-1.10562 0.138192
-1.08368 0.124283
-1.08368 0.118547
-0.962963 0.118547
-1.03429 0.105692
-1.03978 0.10929
-1.06722 0.0952599
-1.07819 0.100408
-1.1166 0.107483
-1.12209 0.138192
-1.06173 0.091903
-1.03429 0.098677
-1.03429 0.0658003
-1.03978 0.0700906
-1.14403 0.0384784
-1.09465 0.0342936
-0.990398 0.0303496
-1.05075 0.00569207
-1.06722 0.000829819
-0.935528 0.000543804
-1.02881 0.00158249
-0.951989 0.000227683
-1.06173 0.00204915
-1.04527 0.00844685
-1.04527 9.22021e-05
-1.00686 4.70419e-05
-1.07819 0.000829819
-1.03978 0.000318003
-0.979424 1.88168e-06
-1.00137 4.70419e-05
-0.935528 0.000995407
-0.951989 0.000829819
-0.979424 1.88168e-06
-1.00137 0.00180829
-1.06722 0.00158249
-1.10562 9.22021e-05
-1.05624 0.00489424
-1.03429 0.00844685
-1.06173 0.00204915
-1.00137 0.00257602
-1.03978 0.00611357
-0.984911 1.69351e-05
-1.03429 0.0031631
-1.06722 0.00746837
-1.12757 0.00795008
-1.07819 0.0142424
-0.984911 0.0162746
-0.96845 0.0240271
-0.919067 0.0353172
-0.858711 0.0240271
-0.820302 0.00528563
-0.891632 0.00180829
-0.924554 1.69351e-05
-0.946502 0.000679285
-0.957476 0.00158249
-0.935528 0.0105844
-0.990398 0.00795008
-0.930041 0.00451791
-0.935528 0.000318003
-0.919067 0.0135951
-0.962963 1.69351e-05
-1.0727 4.70419e-05
-1.03978 0.00528563
-1.00686 0.00158249
-1.03429 0.00180829
-0.995885 0.000318003
-0.995885 0.00204915
-1.08368 0.000227683
-1.01783 9.22021e-05
-1.10014 0.000152416
-1.0727 0.00655012
-1.05075 0.000995407
-1.05075 0.000227683
-0.984911 0.00204915
-0.96845 0.000152416
-0.924554 0.000679285
-0.930041 0.000152416
-1.00686 9.22021e-05
-0.995885 0.000543804
-0.962963 1.69351e-05
-0.91358 0.00347922
-1.00137 0.000543804
-0.995885 0.0129629
-1.03978 0.0248852
-1.02881 0.0266464
-0.990398 0.033285
-1.05624 0.0342936
-0.990398 0.0374096
-0.990398 0.0117435
-0.973937 0.0100275
-1.03429 0.0117435
-1.07819 0.00948553
-1.12209 0.0177047
-0.979424 0.00895866
-0.990398 9.22021e-05
-1.14952 0.00489424
-1.18793 0.00528563
-1.12209 0.00655012
-1.05075 0.000318003
-1.02332 1.69351e-05
-1.0727 0.00137174
-1.00686 0.00415662
-0.96845 0.00489424
-1.02881 0.00204915
-1.00137 0.00451791
-0.96845 0.000829819
-0.951989 0.00137174
-0.990398 0.00746837
-0.990398 0.0231841
-1.00686 0.0215433
-1.08368 0.0177047
-1.01235 0.0240271
-0.990398 0.0417751
-0.973937 0.0275496
-0.990398 0.0284679
-0.946502 0.0322914
-1.02332 0.0248852
-0.979424 0.0294012
-1.09465 0.0284679
-1.05075 0.0363559
-1.08916 0.0644004
-1.01783 0.0395622
-1.02332 0.0452073
-0.984911 0.0417751
-1.00686 0.0395622
-1.13306 0.0563167
-1.14403 0.058951
-1.12757 0.0550221
-1.09465 0.0576263
-1.08916 0.031313
-1.12209 0.0353172
-1.00686 0.0223562
-0.930041 0.00700172
-0.979424 0.0303496
-0.962963 0.0149048
-0.973937 0.019195
-0.973937 0.0363559
-1.05075 0.0417751
-1.10014 0.0177047
-1.0727 0.00381039
-1.07819 0.0100275
-1.04527 0.0406611
-1.04527 0.0475707
-0.930041 0.0223562
-0.995885 0.0142424
-1.08916 0.0129629
-0.990398 0.0155822
-0.984911 0.00569207
-1.02881 0.00381039
-1.08368 0.000995407
-0.990398 0.0031631
-0.995885 0.00611357
-1.05075 0.00948553
-1.08368 0.0284679
-1.18793 0.0452073
-1.27023 0.0853698
-1.26475 0.073026
-1.18244 0.0452073
-1.08916 0.0475707
-1.06173 0.0374096
-1.0727 0.0869805
-1.01235 0.091903
-0.96845 0.0886063
-1.02881 0.0686454
-1.07819 0.0853698
-1.06722 0.0452073
-1.02332 0.058951
-1.00686 0.0395622
-0.973937 0.0475707
-0.91358 0.0499943
-0.946502 0.0745163
-1.01235 0.102154
-1.10562 0.13616
-1.10014 0.10929
-1.05075 0.118547
-1.12209 0.0969609
-1.1166 0.0790775
-1.16598 0.0658003
-1.13306 0.0658003
-1.16049 0.0440482
-1.15501 0.0672154
-1.12209 0.0303496
-1.16049 0.033285
-1.14952 0.0123457
-1.08368 0.00180829
-1.14952 0.0105844
-1.11111 0.0117435
-1.06722 0.00655012
-1.04527 0.00381039
-1.08368 4.70419e-05
-1.06173 0.000227683
-1.03978 0.00180829
-1.01783 0.00415662
-1.05624 0.000679285
-1.06722 0.0031631
-0.902606 0.00180829
-1.05075 0.0117435
-1.1989 0.00257602
-1.10014 1.69351e-05
-1.02881 0.00180829
-1.10014 0.00489424
-1.14403 0.00230505
-1.17147 9.22021e-05
-1.16049 9.22021e-05
-1.02332 0.000679285
-1.01783 0.0031631
-1.08916 0.00948553
-1.10014 0.00895866
-1.03978 0.00451791
-1.05075 0.0155822
-1.03429 0.0231841
-1.02881 0.0169821
-1.05624 0.00347922
-1.04527 4.70419e-05
-1.02332 0.00451791
-1.02881 0.00611357
-0.973937 0.00204915
-1.00686 0.00700172
-0.930041 0.000543804
-0.858711 0.000152416
-0.908093 0.000423377
-1.03429 0.000679285
-1.01235 0.00611357
-1.05624 0.00347922
-0.962963 0.00655012
-1.03978 0.0155822
-1.03978 0.0169821
-0.91358 0.0105844
-0.957476 0.00528563
-0.984911 0.00948553
-1.01783 0.0155822
-1.03978 0.0215433
-0.973937 0.0231841
-0.924554 0.00895866
-0.995885 0.0215433
-0.946502 0.0105844
-0.935528 0.00347922
-1.00686 0.00230505
-0.96845 9.22021e-05
-1.05624 0.00204915
-1.05075 0.000318003
-1.01783 1.88168e-06
-1.0727 0.0031631
-1.04527 0.0207455
-1.04527 0.0353172
-1.03978 0.0207455
-1.01783 0.000995407
-1.05075 0.00489424
-1.05075 0.000995407
-1.12209 0.0117435
-1.1166 0.0111565
-0.930041 0.0135951
-1.01783 0.0135951
-1.08916 0.0129629
-1.00137 0.0105844
-1.02881 0.0294012
-0.995885 0.031313
-1.05624 0.0576263
-0.990398 0.058951
-0.946502 0.0487749
-1.00137 0.0429041
-1.04527 0.0294012
-1.02881 0.0231841
-1.12757 0.00611357
-1.15501 0.000995407
-1.10562 0.00844685
-1.30864 0.000152416
-1.17147 4.70419e-05
-1.18793 0.00569207
-1.08368 0.0111565
-1.04527 0.0135951
-1.02881 0.00611357
-1.00686 0.000152416
-0.973937 0.00528563
-1.03978 0.00117605
-1.00686 0.00795008
-0.995885 0.00415662
-1.02332 0.00257602
-0.984911 0.00451791
-0.96845 0.00611357
-1.01235 0.00257602
-1.06173 0.00569207
-1.08368 0.00569207
-1.06173 0.00230505
-1.01235 1.69351e-05
-1.00686 1.88168e-06
-0.962963 1.88168e-06
-1.06722 1.69351e-05
-1.06722 9.22021e-05
-1.03429 0.000423377
-0.990398 0.00257602
-1.00137 0.00528563
-1.03978 0.00948553
-1.08916 0.0142424
-0.897119 0.00611357
-1.02881 0.00117605
-1.01235 0.000829819
-1.03978 0.00230505
-1.03429 0.0031631
-1.06722 0.0149048
-1.01783 0.0111565
-1.03978 0.0155822
-1.03978 0.00611357
-1.00686 0.00700172
-1.03429 0.0155822
-1.06173 0.0199627
-1.02881 0.0257583
-1.03978 0.0162746
-1.00686 0.00415662
-1.05075 0.00137174
-0.984911 0.00746837
-1.00686 0.00844685
-0.951989 0.00844685
-0.951989 0.0105844
-1.03978 0.000679285
-1.01783 0.00257602
-1.00686 0.0100275
-1.04527 0.0294012
-0.995885 0.0524781
-1.05624 0.0602908
-1.05624 0.0342936
-0.990398 0.0487749
-1.01783 0.0512286
-1.06173 0.0284679
-1.02881 0.0117435
-1.02332 0.0155822
-1.01783 0.0266464
-1.05624 0.0240271
-1.06722 0.0576263
-1.15501 0.0240271
-1.07819 0.00948553
-1.03978 0.00569207
-0.935528 0.0117435
-0.946502 0.0294012
-1.01783 0.0475707
-1.03429 0.0294012
-1.06722 0.0342936
-1.01783 0.0129629
-0.962963 0.0111565
-1.08916 0.0123457
-1.02881 0.0463814
-0.908093 0.0429041
-0.930041 0.0576263
-1.08368 0.0576263
-1.08916 0.0630155
-0.995885 0.0550221
-1.00686 0.0630155
-1.03429 0.0686454
-1.07819 0.091903
-1.07819 0.0745163
-0.984911 0.0550221
-1.0727 0.073026
-0.941015 0.0658003
-1.03978 0.0790775
-1.03429 0.0284679
-0.995885 0.0199627
-1.07819 0.0177047
-1.0727 0.0207455
-1.06722 0.0215433
-1.08368 0.0240271
-1.05075 0.033285
-1.11111 0.031313
-0.96845 0.0275496
-0.951989 0.0342936
-1.03978 0.0275496
-1.06722 0.0257583
-1.04527 0.0294012
-0.962963 0.0223562
-1.02332 0.0322914
-0.951989 0.0275496
-1.0727 0.0658003
-1.10562 0.077542
-1.08916 0.073026
-0.979424 0.0790775
-0.962963 0.0658003
-1.04527 0.0952599
-0.957476 0.114799
-0.924554 0.105692
-1.02332 0.112948
-1.06173 0.116666
-1.08916 0.107483
-1.1166 0.120444
-1.0727 0.0686454
-1.05624 0.0417751
-0.962963 0.0240271
-0.91358 0.0284679
-0.984911 0.0550221
-1.08916 0.0715507
-1.0727 0.0869805
-1.14403 0.077542
-1.12209 0.0760216
-1.06722 0.0715507
-1.05075 0.0512286
-1.05624 0.058951
-0.995885 0.0475707
-1.17147 0.0322914
-1.16049 0.0177047
-1.09465 0.0117435
-1.10014 0.0123457
-1.14403 0.0117435
-1.13855 0.00117605
-1.18793 0.0031631
-1.05624 0.00204915
-1.10014 0.00655012
-1.09465 0.00844685
-1.14952 0.0162746
-1.12209 0.00895866
-1.05075 0.00415662
-1.14952 0.000543804
-1.21536 0.00204915
-1.13306 0.00844685
-1.10014 0.00746837
-1.23182 0.00204915
-1.1989 0.0031631
-1.20988 0.00257602
-1.09465 0.000995407
-1.06173 0.00381039
-1.22085 0.0135951
-1.15501 0.0342936
-1.14403 0.0248852
-1.17695 0.00655012
-1.16049 0.0100275
-1.18793 0.00230505
-1.24829 0.0111565
-1.12209 0.00569207
-1.0727 0.00655012
-1.08916 0.0162746
-1.07819 0.0248852
-1.05075 0.0240271
-1.06173 0.0149048
-1.02881 0.0257583
-1.05075 0.0199627
-1.03429 0.00611357
-0.990398 0.000227683
-0.951989 0.000318003
-0.979424 4.70419e-05
-1.03429 0.00948553
-1.17695 0.0105844
-1.08916 0.0177047
-1.16598 0.0342936
-1.1166 0.0524781
-1.01235 0.0266464
-0.935528 0.0499943
-0.902606 0.0429041
-0.973937 0.0322914
-0.875171 0.0111565
-0.869684 0.00180829
-0.875171 4.70419e-05
-0.897119 0.00158249
-1.00686 0.00137174
-1.12209 0.00230505
-1.01783 0.00451791
-1.1166 0.00700172
-1.15501 0.0248852
-1.15501 0.00655012
-1.21536 0.0155822
-1.03978 0.00180829
-1.06173 0.00415662
-1.00686 0.00700172
-1.04527 0.0123457
-1.00137 0.00795008
-0.935528 0.000995407
-0.979424 0.000423377
-1.02332 0.00381039
-1.06173 0.0284679
-0.946502 0.0199627
-1.01783 0.0162746
-0.924554 0.0257583
-1.0727 0.0303496
-1.06173 0.0266464
-1.09465 0.0142424
-1.09465 0.0384784
-1.08368 0.0275496
-1.02332 0.0207455
-0.990398 0.0117435
-0.995885 0.0169821
-1.06173 0.0169821
-0.946502 0.0207455
-0.96845 0.0303496
-1.03978 0.0374096
-1.1166 0.0406611
-1.09465 0.0215433
-1.08916 0.031313
-1.13855 0.0100275
-1.11111 0.0105844
-1.08916 0.00528563
-0.973937 0.0162746
-1.11111 0.019195
-1.0727 0.0266464
-1.12757 0.0240271
-1.15501 0.0207455
-1.10014 0.0240271
-1.13306 0.0303496
-1.14403 0.0142424
-1.02332 0.0129629
-1.05624 0.00844685
-1.0727 0.0135951
-1.02881 0.00347922
-0.973937 0.00117605
-1.00137 4.70419e-05
-1.0727 0.00286203
-1.03978 0.00158249
-1.0727 0.00117605
-1.13306 0.000543804
-1.04527 0.00844685
-1.00686 0.0100275
-1.02881 0.0184423
-1.00137 0.0353172
-0.908093 0.0169821
-1.06722 0.0240271
-0.930041 0.0215433
-0.941015 0.033285
-0.957476 0.0303496
-1.0727 0.0602908
-0.935528 0.0342936
-0.91358 0.0199627
-0.951989 0.0155822
-0.897119 0.00611357
-0.886145 0.000227683
-1.05075 0.00180829
-0.951989 0.00180829
-0.902606 0.00158249
-0.979424 0.0117435
-0.995885 0.0111565
-1.02881 0.00948553
-1.01235 0.0155822
-1.03978 0.0395622
-1.00686 0.0266464
-0.951989 0.0162746
-0.880658 0.0417751
-0.96845 0.080628
-1.16049 0.144379
-1.03978 0.152839
-1.03978 0.138192
-0.990398 0.122356
-0.96845 0.080628
-1.02332 0.128182
-1.05624 0.10929
-0.973937 0.0837741
-0.990398 0.157159
-1.01783 0.150702
-1.0727 0.19389
-1.05624 0.142302
-1.03429 0.126225
-1.0727 0.134143
-1.1166 0.116666
-1.01235 0.0821935
-1.10014 0.098677
-1.0727 0.107483
-1.00137 0.0935739
-1.05075 0.126225
-0.995885 0.105692
-0.990398 0.116666
-1.00686 0.107483
-1.00686 0.107483
-1.04527 0.132141
-0.902606 0.0563167
-0.935528 0.0463814
-0.979424 0.0602908
-0.979424 0.0686454
-0.979424 0.105692
-1.06173 0.112948
-1.06173 0.152839
-1.01235 0.16154
-1.11111 0.157159
-1.12209 0.184346
-1.23182 0.175043
-1.20439 0.159342
-1.13306 0.196313
-1.07819 0.191481
-1.22634 0.239818
-1.13855 0.223967
-1.25377 0.239818
-1.18793 0.206158
-1.20988 0.154992
-1.13855 0.163753
-1.13306 0.157159
-1.05624 0.186709
-1.13306 0.2137
-1.15501 0.239818
-1.14403 0.216244
-1.15501 0.223967
-1.11111 0.216244
-1.04527 0.239818
-0.984911 0.201206
-1.05624 0.239818
-1.16598 0.245222
-1.16598 0.218803
-1.09465 0.172755
-1.04527 0.144379
-0.951989 0.0886063
-1.04527 0.112948
-1.07819 0.150702
-1.0727 0.170482
-1.10562 0.191481
-1.03429 0.216244
-1.07819 0.22919
-1.02332 0.150702
-1.00686 0.154992
-1.05624 0.170482
-1.18793 0.184346
-1.08916 0.13616
-1.15501 0.142302
-1.23731 0.179664
-1.11111 0.111111
-1.16598 0.163753
-1.09465 0.172755
-1.12209 0.177346
-1.17147 0.216244
-1.17147 0.206158
-1.13306 0.201206
-1.12209 0.184346
-1.19342 0.2137
-1.14403 0.206158
-1.14403 0.154992
-1.07819 0.163753
-1.02881 0.112948
-1.04527 0.120444
-1.06173 0.114799
-1.00686 0.0821935
-0.951989 0.0630155
-0.962963 0.0406611
-0.979424 0.0257583
-0.995885 0.0248852
-0.941015 0.0155822
-0.984911 0.00611357
-1.00137 0.0303496
-1.07819 0.031313
-0.941015 0.0499943
-0.96845 0.0353172
-0.831276 0.0215433
-0.847737 0.0155822
-0.924554 0.0602908
-1.00686 0.0952599
-1.08916 0.132141
-0.984911 0.114799
-0.995885 0.116666
-1.07819 0.122356
-1.01235 0.134143
-1.01235 0.128182
-0.973937 0.120444
-0.935528 0.0886063
-1.05624 0.122356
-1.10014 0.118547
-1.18793 0.142302
-1.11111 0.163753
-1.07819 0.189088
-1.10562 0.179664
-1.05075 0.114799
-1.11111 0.116666
-1.19342 0.128182
-1.09465 0.10929
-1.1166 0.142302
-1.08916 0.112948
-1.06722 0.0869805
-0.957476 0.077542
-1.03978 0.0935739
-1.0727 0.0853698
-1.12757 0.0745163
-1.13855 0.0602908
-1.08916 0.077542
-1.09465 0.0715507
-1.06722 0.0715507
-1.03978 0.0886063
-1.06722 0.134143
-1.1166 0.124283
-1.14952 0.091903
-1.09465 0.098677
-1.08368 0.10929
-1.19342 0.146472
-1.06173 0.159342
-1.05624 0.165981
-1.04527 0.150702
-1.08368 0.189088
-1.11111 0.201206
-1.14952 0.206158
-1.19342 0.223967
-1.10562 0.218803
-1.1166 0.198752
-1.16598 0.261796
-1.16598 0.264611
-1.27572 0.284737
-1.1989 0.311698
-1.09465 0.296569
-1.23182 0.35606
-1.16598 0.343084
-1.2428 0.417433
-1.28121 0.45734
-1.25377 0.386137
-1.14952 0.359342
-1.15501 0.36595
-1.29218 0.382735
-1.23731 0.349542
-1.26475 0.33351
-1.26475 0.339878
-1.14403 0.261796
-1.10562 0.247947
-1.12757 0.270286
-1.17695 0.258996
-1.13855 0.242512
-1.27572 0.258996
-1.13306 0.198752
-1.14952 0.154992
-1.13306 0.120444
-1.19342 0.122356
-1.14403 0.105692
-1.17695 0.073026
-1.13855 0.0475707
-1.05075 0.0275496
-1.14403 0.031313
-1.12757 0.0363559
-1.10562 0.031313
-1.16049 0.0487749
-1.14952 0.0294012
-1.1166 0.0223562
-1.08368 0.0111565
-1.02881 0.0452073
-1.06173 0.0417751
-1.13855 0.058951
-1.13306 0.0303496
-1.18793 0.0266464
-1.13306 0.033285
-1.13306 0.0395622
-1.08916 0.0177047
-1.10562 0.0284679
-1.18244 0.0760216
-1.16049 0.0303496
-1.14403 0.031313
-1.10014 0.0537426
-1.03429 0.0342936
-1.05075 0.0374096
-0.957476 0.0303496
-0.990398 0.0240271
-1.00137 0.0248852
-1.0727 0.0353172
-1.03429 0.0284679
-0.990398 0.0342936
-0.973937 0.0429041
-1.01235 0.126225
-1.11111 0.120444
-1.02881 0.142302
-1.02881 0.111111
-0.973937 0.091903
-1.02332 0.0935739
-1.02332 0.126225
-1.00686 0.146472
-1.02332 0.159342
-1.14403 0.247947
-1.08368 0.157159
-1.14952 0.211171
-1.10014 0.221377
-1.01783 0.206158
-1.14952 0.267441
-1.15501 0.242512
-1.13306 0.264611
-1.14403 0.281817
-1.04527 0.247947
-1.06173 0.239818
-1.1166 0.256211
-1.10014 0.216244
-1.06173 0.211171
-1.06173 0.218803
-1.08368 0.208657
-1.02881 0.168224
-1.01783 0.179664
-1.10562 0.172755
-1.11111 0.144379
-1.13306 0.10929
-1.10014 0.10929
-1.06722 0.122356
-1.05624 0.098677
-1.06173 0.103916
-0.990398 0.0700906
-1.02332 0.0745163
-1.14403 0.120444
-1.0727 0.175043
-1.00137 0.216244
-1.18244 0.302575
-1.17147 0.299565
-1.28121 0.284737
-1.35802 0.287673
-1.3251 0.296569
-1.29767 0.250686
-1.16049 0.203675
-1.16049 0.218803
-1.19342 0.264611
-1.14952 0.250686
-1.16598 0.270286
-1.14403 0.216244
-1.08368 0.206158
-1.04527 0.226571
-0.984911 0.211171
-1.08916 0.216244
-1.1166 0.196313
-1.12209 0.175043
-1.01783 0.0952599
-1.08368 0.098677
-1.01235 0.0745163
-1.07819 0.10929
-1.10562 0.102154
-1.06722 0.0630155
-1.03429 0.0602908
-1.05624 0.073026
-1.1166 0.091903
-1.11111 0.107483
-1.09465 0.114799
-1.02881 0.0686454
-0.96845 0.0363559
-0.96845 0.0184423
-0.962963 0.0231841
-0.957476 0.0672154
-1.02881 0.0644004
-1.06173 0.0686454
-1.08368 0.0616456
-1.10014 0.0745163
-0.984911 0.0837741
-1.06722 0.0821935
-1.03978 0.100408
-0.96845 0.0686454
-0.897119 0.0342936
-1.07819 0.0499943
-1.07819 0.0524781
-1.08368 0.0284679
-1.12209 0.0384784
-1.08368 0.0248852
-1.08916 0.0162746
-1.04527 0.0111565
-1.06722 0.00381039
-1.00686 0.00569207
-1.16598 0.00489424
-1.12757 0.0123457
-1.12757 0.0129629
-1.0727 0.0363559
-1.08916 0.0240271
-1.06173 0.0231841
-0.995885 0.0117435
-1.01783 0.00204915
-0.979424 0.0149048
-0.941015 0.00381039
-1.03429 0.000829819
-0.91358 0.000423377
-0.995885 4.70419e-05
-1.11111 0.00180829
-1.02881 0.0142424
-0.984911 0.00746837
-1.06173 0.0149048
-0.990398 0.0123457
-0.990398 0.0199627
-1.02881 0.0284679
-0.973937 0.00948553
-0.990398 0.0142424
-1.00137 0.0031631
-1.04527 0.0142424
-0.946502 0.00795008
-0.825789 1.69351e-05
-1.03429 0.00117605
-1.10562 0.00415662
-0.973937 0.00257602
-1.01235 0.00180829
-1.02332 0.00117605
-0.984911 0.0100275
-1.08368 0.00117605
-1.11111 0.000423377
-1.06722 0.00746837
-1.10014 0.0100275
-1.00686 0.00230505
-1.02881 0.00844685
-1.08916 0.0215433
-1.05075 0.0248852
-1.06173 0.0303496
-1.00686 0.0129629
-1.01235 0.0111565
-1.06722 0.019195
-1.02881 0.00611357
-0.973937 1.88168e-06
-1.00137 0.00569207
-0.946502 0.0155822
-1.02332 0.0199627
-1.00137 0.0266464
-0.951989 0.0240271
-1.00137 0.019195
-1.00137 0.00415662
-1.10562 0.00286203
-1.0727 0.00489424
-1.10014 0.00489424
-1.08368 0.000543804
-0.946502 0.000995407
-0.902606 0.00451791
-0.946502 0.00611357
-0.951989 0.00489424
-0.973937 0.00415662
-0.941015 0.0031631
-0.962963 0.00158249
-1.03429 0.00746837
-1.1166 0.00204915
-1.15501 1.69351e-05
-1.02332 0.00415662
-1.03978 0.00655012
-0.984911 0.00611357
-0.951989 0.000423377
-1.03429 0.00795008
-0.96845 0.000227683
-0.957476 0.00451791
-1.01235 0.0031631
-1.01783 0.000829819
-0.962963 0.00257602
-1.08368 0.00180829
-1.09465 0.00611357
-0.979424 0.0177047
-1.00686 0.0294012
-1.10562 0.0199627
-1.04527 0.0363559
-1.06173 0.0177047
-1.05075 0.00948553
-1.12209 0.0240271
-1.10014 0.0135951
-1.06173 0.0322914
-1.02881 0.0177047
-1.06722 0.0275496
-1.09465 0.0207455
-1.10562 0.00528563
-1.16049 0.00569207
-1.04527 0.00451791
-1.0727 0.00347922
-1.16598 0.00611357
-1.23182 0.00451791
-1.13855 0.0123457
-1.20439 0.00655012
-1.19342 0.0111565
-1.24829 0.00795008
-1.21536 0.0184423
-1.04527 0.00844685
-1.10014 0.00528563
-1.04527 0.00204915
-0.984911 1.69351e-05
-1.02881 0.00655012
-0.962963 0.00611357
-0.864198 0.000152416
-0.897119 0.000543804
-0.984911 0.00655012
-1.02332 0.0111565
-0.990398 1.88168e-06
-0.951989 0.00117605
-1.01235 0.000318003
-1.00686 0.000227683
-0.946502 0.00895866
-0.930041 0.00489424
-0.875171 0.0129629
-0.930041 0.00381039
-0.924554 0.00569207
-0.990398 0.000829819
-0.84225 4.70419e-05
-0.908093 9.22021e-05
-0.946502 9.22021e-05
-0.902606 0.00795008
-0.930041 0.0111565
-0.962963 0.0142424
-0.957476 0.00569207
-0.935528 0.00230505
-0.962963 0.00180829
-0.995885 0.00415662
-0.897119 0.000227683
-0.886145 0.00528563
-0.979424 0.00895866
-1.00137 0.0207455
-0.930041 0.019195
-0.984911 0.00700172
-0.979424 0.00451791
-1.02332 0.0100275
-0.995885 0.0142424
-0.951989 0.00528563
-1.00137 0.00230505
-1.02332 0.00180829
-1.06722 0.00655012
-1.00686 0.00569207
-0.864198 0.00347922
-0.902606 0.0100275
-0.891632 0.00746837
-1.02332 0.0322914
-0.96845 0.0363559
-1.07819 0.0576263
-1.07819 0.0395622
-1.02332 0.0440482
-1.03429 0.058951
-1.05624 0.0790775
-1.02332 0.0821935
-1.01783 0.0760216
-1.08368 0.0760216
-1.15501 0.091903
-1.00686 0.0869805
-1.01235 0.0969609
-0.957476 0.0686454
-1.05624 0.0837741
-1.13855 0.091903
-1.22085 0.130154
-1.03978 0.0837741
-1.10562 0.13616
-1.13306 0.142302
-1.14952 0.114799
-1.10014 0.112948
-1.10562 0.118547
-1.14952 0.124283
-1.10014 0.126225
-1.1166 0.124283
-1.1166 0.170482
-1.0727 0.150702
-1.06722 0.132141
-1.10562 0.132141
-1.1989 0.150702
-0.946502 0.080628
-0.96845 0.080628
-0.919067 0.080628
-0.962963 0.091903
-0.935528 0.091903
-0.962963 0.073026
-0.962963 0.0700906
-0.995885 0.0602908
-1.02332 0.080628
-1.05075 0.132141
-1.10014 0.140239
-1.01783 0.112948
-1.08368 0.0952599
-0.979424 0.0935739
-0.886145 0.0969609
-1.01783 0.0902471
-0.946502 0.0672154
-0.91358 0.0395622
-0.897119 0.0512286
-1.00137 0.0576263
-0.990398 0.058951
-1.01783 0.0630155
-1.02332 0.091903
-0.951989 0.0700906
-1.01235 0.098677
-1.06173 0.103916
-1.06173 0.077542
-1.05075 0.0821935
-1.16598 0.0935739
-1.19342 0.114799
-1.25377 0.124283
-1.21536 0.126225
-1.16598 0.0869805
-1.20439 0.111111
-1.25926 0.0821935
-1.14403 0.100408
-1.23731 0.128182
-1.25377 0.16154
-1.18793 0.118547
-1.13306 0.107483
-1.07819 0.091903
-1.06722 0.0303496
-1.13306 0.0248852
-1.13855 0.0135951
-1.03978 0.0135951
-0.990398 0.0111565
-1.05075 0.00257602
-1.01783 0.00180829
-0.930041 0.0123457
-0.91358 0.00948553
-0.941015 0.00204915
-0.990398 0.00611357
-0.995885 0.0117435
-0.984911 0.0184423
-1.02881 0.031313
-1.05624 0.0142424
-1.02881 0.0417751
-1.03978 0.0475707
-1.01783 0.0184423
-0.864198 0.0240271
-0.875171 0.0149048
-0.902606 0.00655012
-0.886145 0.00137174
-0.935528 0.00137174
-0.990398 0.00528563
-0.941015 0.000679285
-1.08368 0.00257602
-1.12209 0.00895866
-1.13306 0.000995407
-1.10014 4.70419e-05
-1.01783 0.00489424
-1.0727 0.00451791
-0.979424 0.00381039
-0.973937 0.0322914
-1.03429 0.0512286
-1.05624 0.0790775
-1.10014 0.098677
-1.05075 0.0952599
-1.08368 0.0902471
-1.11111 0.0700906
-1.17147 0.0630155
-1.09465 0.0952599
-1.08368 0.0886063
-1.12757 0.112948
-1.05624 0.0869805
-1.03978 0.098677
-1.00137 0.0745163
-1.13855 0.0853698
-1.13306 0.132141
-1.12209 0.116666
-1.09465 0.0616456
-1.12757 0.073026
-1.08916 0.0686454
-1.14403 0.0616456
-1.12757 0.0644004
-1.02881 0.0223562
-1.08916 0.0162746
-1.09465 0.00700172
-1.16598 0.0123457
-1.16598 0.0207455
-1.1166 0.0184423
-1.03429 0.0199627
-0.973937 0.0266464
-0.957476 0.0463814
-1.03978 0.0322914
-0.984911 0.0257583
-1.15501 0.0294012
-1.04527 0.0231841
-1.08916 0.0537426
-1.13855 0.0672154
-1.03978 0.0135951
-0.957476 0.00948553
-1.01783 0.00844685
-1.07819 0.0155822
-1.0727 0.00844685
-1.09465 0.019195
-1.1166 0.0129629
-1.0727 0.0363559
-1.13306 0.0537426
-1.12209 0.058951
-1.03429 0.0363559
-0.973937 0.0644004
-1.00686 0.0902471
-1.02881 0.118547
-0.973937 0.132141
-1.01783 0.100408
-1.17147 0.132141
-1.16049 0.112948
-1.12209 0.107483
-1.17147 0.0837741
-1.2428 0.0616456
-1.15501 0.0512286
-1.0727 0.0672154
-1.14403 0.0935739
-1.2428 0.0935739
-1.22085 0.0902471
-1.15501 0.073026
-1.14952 0.0745163
-1.1166 0.103916
-1.16598 0.148579
-1.19342 0.126225
-1.18793 0.116666
-1.16598 0.120444
-1.17147 0.154992
-1.14952 0.146472
-1.12209 0.103916
-1.17147 0.124283
-1.22634 0.184346
-1.08916 0.191481
-1.12209 0.168224
-1.10562 0.177346
-1.11111 0.184346
-1.20439 0.144379
-1.2428 0.165981
-1.12757 0.116666
-1.17695 0.0821935
-1.14403 0.058951
-1.15501 0.080628
-1.22085 0.0837741
-1.04527 0.0406611
-1.02881 0.0155822
-1.02332 0.0105844
-1.02881 0.000543804
-1.05624 0.00655012
-1.00686 0.0162746
-1.05624 0.0275496
-0.957476 0.0363559
-0.979424 0.0266464
-1.00686 0.0129629
-0.96845 0.0155822
-0.880658 0.0429041
-0.891632 0.058951
-0.91358 0.058951
-0.919067 0.077542
-0.891632 0.103916
-0.880658 0.0745163
-0.935528 0.102154
-0.919067 0.111111
-1.02881 0.120444
-1.12757 0.130154
-1.13306 0.105692
-1.04527 0.091903
-1.06722 0.0902471
-1.09465 0.098677
-1.04527 0.0499943
-1.01783 0.0537426
-0.984911 0.0342936
-1.10562 0.031313
-1.02881 0.0463814
-1.02332 0.0406611
-1.01235 0.0760216
-1.02332 0.077542
-0.984911 0.0700906
-0.935528 0.0672154
-0.962963 0.0487749
-0.902606 0.0429041
-0.951989 0.0630155
-1.05075 0.0563167
-1.10014 0.0902471
-1.06173 0.0853698
-0.96845 0.0672154
-1.05624 0.033285
-0.973937 0.0248852
-0.995885 0.00415662
-1.01235 0.00230505
-0.995885 0.000423377
-0.951989 0.000543804
-0.979424 0.00137174
-1.01235 0.0123457
-1.00686 0.00230505
-1.08916 0.00895866
-1.00686 0.00844685
-1.06173 0.00569207
-1.07819 0.0184423
-1.0727 0.0294012
-1.00686 0.031313
-1.13855 0.0452073
-1.08916 0.0266464
-1.01783 0.0524781
-1.07819 0.0524781
-0.995885 0.0837741
-1.0727 0.0837741
-1.08368 0.0853698
-1.02332 0.080628
-0.946502 0.0475707
-1.07819 0.134143
-1.14403 0.102154
-1.08916 0.073026
-1.13306 0.0853698
-1.09465 0.103916
-1.18244 0.098677
-1.16598 0.0700906
-1.13306 0.0952599
-1.23182 0.112948
-1.14952 0.0853698
-1.16049 0.0686454
-1.14952 0.0487749
-1.18793 0.0821935
-1.11111 0.0644004
-1.12757 0.0869805
-1.08368 0.0353172
-0.990398 0.077542
-1.09465 0.0952599
-0.990398 0.0869805
-0.951989 0.0524781
-0.973937 0.077542
-0.951989 0.0512286
-1.03978 0.0475707
-1.06173 0.0452073
-1.10562 0.0322914
-1.12757 0.0576263
-1.23182 0.0686454
-1.08916 0.058951
-1.14952 0.0550221
-1.10562 0.0715507
-1.12757 0.0563167
-1.06173 0.080628
-1.10562 0.140239
-1.09465 0.128182
-1.06173 0.116666
-0.941015 0.0821935
-1.04527 0.0715507
-1.13306 0.0869805
-0.995885 0.0760216
-0.973937 0.0745163
-1.03978 0.0686454
-1.06173 0.091903
-1.03978 0.0821935
-1.06722 0.159342
-1.12209 0.150702
-1.17695 0.111111
-1.16049 0.091903
-1.06173 0.0644004
-1.09465 0.105692
-1.13306 0.105692
-1.16049 0.128182
-1.09465 0.120444
-1.08368 0.0837741
-1.12209 0.0886063
-1.13855 0.157159
-1.07819 0.111111
-1.11111 0.111111
-1.06173 0.148579
-1.05075 0.157159
-1.01235 0.13616
-1.12209 0.184346
-1.14403 0.130154
-0.957476 0.118547
-0.957476 0.114799
-1.05075 0.146472
-1.01783 0.102154
-1.01235 0.100408
-1.06722 0.102154
-1.08368 0.118547
-1.10562 0.0672154
-1.09465 0.0524781
-1.12209 0.0537426
-1.09465 0.0563167
-1.12209 0.0499943
-1.06722 0.0452073
-1.01235 0.0374096
-1.03978 0.0294012
-1.14403 0.0129629
-1.12757 0.0215433
-1.18793 0.00844685
-1.09465 0.00180829
-1.00686 0.00795008
-0.973937 0.00158249
-0.973937 1.88168e-06
-1.0727 0.000423377
-1.1166 0.00415662
-1.07819 1.69351e-05
-1.01783 1.69351e-05
-0.973937 0.00230505
-1.08368 0.0105844
-1.04527 0.0142424
-1.05075 0.0395622
-1.09465 0.0616456
-1.10014 0.0563167
-0.935528 0.0760216
-0.946502 0.0760216
-1.04527 0.0512286
-1.03978 0.0275496
-1.13855 0.0284679
-1.03429 0.0199627
-1.0727 0.0149048
-1.02881 0.0105844
-1.06173 0.00746837
-1.00137 0.0105844
-0.990398 0.033285
-0.951989 0.0475707
-0.930041 0.0760216
-1.02881 0.0853698
-1.02881 0.0869805
-1.03429 0.100408
-1.08916 0.0935739
-1.16049 0.0902471
-1.18793 0.0869805
-1.08368 0.0715507
-1.09465 0.0644004
-1.06173 0.0524781
-1.00137 0.0149048
-1.05624 0.00117605
-0.951989 0.00569207
-0.96845 0.0142424
-0.962963 0.0199627
-1.00686 0.00569207
-0.990398 0.000318003
-0.919067 0.00158249
-0.930041 0.000227683
-0.990398 0.000829819
-1.03978 0.000543804
-1.02332 0.00137174
-1.10562 0.000829819
-1.06722 0.00746837
-1.06722 0.00655012
-0.995885 0.0184423
-1.03429 0.0284679
-1.02332 0.0463814
-1.05624 0.0417751
-1.11111 0.0537426
-1.02332 0.0303496
-1.15501 0.0550221
-1.18244 0.0576263
-1.15501 0.0576263
-1.11111 0.0602908
-0.995885 0.0715507
-1.07819 0.0563167
-1.09465 0.0602908
-1.08916 0.0440482
-1.08368 0.019195
-1.02881 0.0266464
-1.12209 0.0199627
-0.979424 0.0231841
-1.02332 0.0129629
-0.973937 0.00746837
-0.902606 0.0135951
-0.962963 0.0257583
-0.908093 0.0384784
-0.957476 0.0169821
-0.935528 0.0142424
-0.946502 0.0257583
-0.809328 0.00948553
-0.84225 0.000318003
-0.897119 0.00381039
-1.02881 0.000318003
-0.946502 4.70419e-05
-1.0727 0.000995407
-1.08368 0.000995407
-1.12757 0.00286203
-1.06173 0.000318003
-0.946502 0.00489424
-0.897119 0.000829819
-0.858711 0.000423377
-0.886145 0.00158249
-0.935528 1.88168e-06
-0.957476 0.00844685
-1.0727 0.0117435
-1.03429 0.00611357
-1.10562 0.00180829
-1.15501 0.00451791
-1.12757 0.00451791
-1.01235 0.00895866
-1.01235 0.00528563
-0.995885 4.70419e-05
-1.05075 0.00415662
-1.06173 0.00746837
-1.07819 0.00381039
-1.00137 0.000152416
-1.00686 0.000152416
-1.14952 0.00230505
-1.1166 0.00230505
-1.10014 0.00117605
-1.02881 0.00137174
-1.05075 0.00230505
-0.96845 0.0111565
-0.930041 0.0135951
-0.91358 0.0223562
-0.908093 0.033285
-0.924554 0.0342936
-0.946502 0.0117435
-0.984911 0.00569207
-1.04527 0.0123457
-1.03429 0.0240271
-1.07819 0.019195
-1.1166 0.0149048
-1.05624 0.0429041
-0.979424 0.0342936
-1.03429 0.0602908
-1.02881 0.0790775
-1.08916 0.0499943
-1.1166 0.0395622
-1.05624 0.0155822
-0.995885 0.0275496
-0.990398 0.0440482
-1.08368 0.0429041
-1.04527 0.0440482
-0.919067 0.0644004
-1.04527 0.103916
-0.990398 0.103916
-1.09465 0.0886063
-1.12757 0.0760216
-1.10014 0.100408
-1.13306 0.126225
-1.07819 0.105692
-1.13855 0.13616
-1.12757 0.146472
-1.19342 0.132141
-1.22085 0.134143
-1.21536 0.16154
-1.20439 0.172755
-1.10562 0.179664
-1.1166 0.206158
-1.15501 0.196313
-1.14952 0.206158
-1.1166 0.181998
-1.11111 0.172755
-1.02332 0.154992
-0.946502 0.111111
-1.03429 0.10929
-1.04527 0.0700906
-0.990398 0.0790775
-0.995885 0.0935739
-1.09465 0.0576263
-1.18244 0.0616456
-1.10014 0.0602908
-1.04527 0.0952599
-1.11111 0.080628
-1.13855 0.0672154
-1.08916 0.0837741
-1.1166 0.102154
-1.07819 0.0563167
-1.02881 0.0616456
-1.08916 0.073026
-1.0727 0.102154
-1.08368 0.126225
-1.08368 0.132141
-1.00137 0.0886063
-1.02332 0.0853698
-1.10014 0.107483
-1.02881 0.077542
-1.04527 0.0790775
-1.06173 0.0745163
-1.02881 0.0630155
-0.941015 0.0429041
-0.995885 0.0715507
-1.05075 0.0563167
-1.03429 0.0463814
-1.00137 0.0487749
-1.02881 0.0686454
-1.01235 0.0644004
-0.946502 0.0616456
-0.91358 0.0384784
-1.00686 0.0790775
-0.995885 0.098677
-1.02332 0.080628
-0.864198 0.0452073
-0.91358 0.0199627
-0.891632 0.00948553
-0.951989 0.00700172
-1.01783 0.00528563
-1.05624 0.00948553
-1.01235 0.0177047
-0.919067 0.033285
-0.96845 0.0576263
-1.00686 0.0853698
-1.05075 0.0715507
-1.10014 0.0672154
-1.01235 0.0429041
-1.00686 0.0248852
-1.01235 0.0303496
-1.16598 0.0248852
-1.11111 0.0184423
-1.07819 0.00700172
-1.06173 0.00381039
-1.03978 0.0353172
-1.01235 0.0384784
-0.979424 0.0475707
-0.941015 0.0223562
-0.990398 0.0275496
-0.875171 0.0223562
-0.995885 0.00347922
-0.990398 0.00286203
-0.924554 0.0199627
-1.04527 0.00844685
-1.00686 0.033285
-1.07819 0.0563167
-1.03429 0.0429041
-1.06722 0.0487749
-1.04527 0.073026
-0.979424 0.0745163
-1.14952 0.0745163
-1.13306 0.077542
-1.05075 0.0487749
-1.06722 0.0475707
-1.13306 0.0303496
-1.1166 0.0374096
-1.16598 0.0184423
-1.13306 0.0142424
-1.14403 0.00844685
-1.07819 0.0111565
-1.02881 0.0199627
-0.946502 0.00611357
-0.924554 0.0111565
-0.91358 0.0215433
-0.858711 0.0275496
-0.91358 0.033285
-1.04527 0.0342936
-0.951989 0.0129629
-0.995885 0.0142424
-1.01783 0.031313
-1.05624 0.0463814
-1.17147 0.073026
-1.05624 0.0374096
-1.03978 0.0177047
-1.05624 0.019195
-1.10014 0.0257583
-1.00686 0.0322914
-1.10014 0.0869805
-1.10562 0.103916
-1.00686 0.102154
-1.04527 0.146472
-1.13306 0.216244
-1.22634 0.234474
-1.34156 0.339878
-1.25377 0.267441
-1.18244 0.234474
-1.0727 0.2137
-1.16598 0.172755
-1.14952 0.22919
-1.14403 0.221377
-1.17695 0.296569
-1.20988 0.247947
-1.14403 0.223967
-1.12209 0.186709
-1.13855 0.206158
-1.09465 0.191481
-1.02881 0.154992
-0.902606 0.080628
-0.897119 0.0602908
-0.891632 0.077542
-0.919067 0.0760216
-0.875171 0.0563167
-0.902606 0.0406611
-0.941015 0.033285
-1.00137 0.0215433
-1.06722 0.0342936
-1.03978 0.0658003
-1.05624 0.0760216
-1.14952 0.077542
-1.12209 0.0790775
-1.08368 0.091903
-1.08368 0.0715507
-1.11111 0.0395622
-1.02881 0.0563167
-0.930041 0.0417751
-0.946502 0.0644004
-0.951989 0.0630155
-0.96845 0.0902471
-1.13306 0.091903
-1.13855 0.0952599
-1.13306 0.0869805
-1.18244 0.105692
-1.15501 0.102154
-1.20988 0.122356
-1.0727 0.140239
-1.11111 0.10929
-1.18244 0.144379
-1.1989 0.120444
-1.16598 0.118547
-1.12209 0.103916
-1.13306 0.0869805
-1.14952 0.102154
-1.16049 0.128182
-1.12757 0.0952599
-1.07819 0.0745163
-1.08368 0.0700906
-1.11111 0.120444
-1.17695 0.124283
-1.1166 0.138192
-1.00686 0.120444
-0.990398 0.0969609
-1.06173 0.0821935
-1.03429 0.0487749
-1.00686 0.0429041
-1.08916 0.0257583
-1.1166 0.0342936
-1.07819 0.0294012
-1.00137 0.0223562
-1.06722 0.0303496
-1.11111 0.0177047
-1.11111 0.0155822
-1.04527 0.019195
-1.14952 0.0417751
-1.27572 0.0602908
-1.17147 0.0686454
-1.20439 0.0715507
-1.17147 0.0616456
-1.16049 0.0363559
-1.20988 0.0602908
-1.17147 0.0322914
-1.13855 0.0257583
-1.17147 0.0240271
-1.09465 0.0123457
-1.11111 0.00746837
-1.10562 0.00844685
-1.02332 0.00611357
-0.973937 0.00569207
-0.935528 4.70419e-05
-0.995885 1.88168e-06
-1.00137 0.000679285
-1.00137 9.22021e-05
-0.935528 1.88168e-06
-1.05624 0.00347922
-1.10562 0.00489424
-1.13306 0.0123457
-1.13306 0.00451791
-1.03978 0.0105844
-1.00137 0.0231841
-1.06173 0.0111565
-1.01783 0.0475707
-1.08368 0.0342936
-1.01783 0.0207455
-1.13306 0.0177047
-1.00686 0.0162746
-1.10562 0.0257583
-1.10562 0.0266464
-1.1166 0.031313
-1.05075 0.0223562
-1.03978 0.0184423
-0.995885 0.0395622
-1.02332 0.0524781
-1.06722 0.0266464
-1.07819 0.0207455
-1.06722 0.0374096
-1.09465 0.0715507
-1.17147 0.0952599
-1.06173 0.0969609
-1.05624 0.091903
-1.10014 0.100408
-1.09465 0.0790775
-1.03429 0.0672154
-1.0727 0.077542
-1.05624 0.102154
-1.10562 0.0935739
-1.02332 0.116666
-1.05075 0.140239
-1.10562 0.098677
-1.13855 0.0658003
-1.08368 0.0745163
-1.1166 0.058951
-1.09465 0.0576263
-1.05075 0.0499943
-1.12209 0.0658003
-1.12757 0.0406611
-1.06173 0.0169821
-1.0727 0.0155822
-1.09465 0.0303496
-1.18244 0.0395622
-1.03978 0.0275496
-1.03978 0.0117435
-1.02332 0.00948553
-1.00137 0.00611357
-0.973937 0.000423377
-0.979424 0.00489424
-0.902606 0.00117605
-0.951989 1.88168e-06
-0.962963 0.000423377
-0.979424 0.000679285
-0.908093 4.70419e-05
-0.941015 0.00230505
-0.979424 0.00451791
-0.995885 0.0129629
-0.984911 0.0169821
-0.951989 0.0384784
-0.96845 0.0199627
-0.91358 0.0199627
-0.858711 0.00700172
-0.957476 0.00381039
-0.984911 0.00746837
-1.03429 0.00655012
-1.07819 0.00655012
-1.05624 0.00347922
-1.13855 0.000543804
-1.08916 1.69351e-05
-1.03429 0.00230505
-1.00686 0.0117435
-1.01235 0.00746837
-1.04527 0.00451791
-1.0727 0.00569207
-1.06173 0.00286203
-1.06173 0.0031631
-1.03429 0.00700172
-1.0727 0.00489424
-1.02881 0.00489424
-1.0727 0.00895866
-1.02332 0.00655012
-1.07819 0.00844685
-1.07819 0.00117605
-1.02332 0.000829819
-1.14952 0.00158249
-1.13855 0.0031631
-1.14952 0.00528563
-1.08916 0.0105844
-1.04527 0.0031631
-1.12209 1.69351e-05
-1.10014 1.88168e-06
-1.06173 0.000543804
-1.18244 1.69351e-05
-1.02332 1.69351e-05
-1.10562 4.70419e-05
-1.14403 0.00286203
-1.01235 0.000423377
-1.05624 1.69351e-05
-0.962963 0.00611357
-0.979424 0.00286203
-1.01235 9.22021e-05
-1.10562 0.00795008
-1.04527 0.0111565
-1.07819 0.0123457
-0.984911 0.00286203
-1.04527 0.00611357
-1.14952 0.00347922
-1.11111 0.000152416
-1.02881 0.000543804
-1.08368 1.88168e-06
-1.11111 0.000152416
-1.08916 1.88168e-06
-1.01783 0.000318003
-1.08368 0.000543804
-1.0727 0.000543804
-0.96845 0.000995407
-0.96845 9.22021e-05
-1.05075 0.00137174
-1.06722 4.70419e-05
-1.0727 1.69351e-05
-0.902606 0.00286203
-1.06722 0.00137174
-1.01783 0.00611357
-1.21536 0.00204915
-1.15501 0.00795008
-1.09465 0.00158249
-1.07819 0.00489424
-1.02881 0.00180829
-0.957476 0.000679285
-0.941015 0.000423377
-1.02881 0.0123457
-1.08916 0.0248852
-1.10014 0.0199627
-1.16049 0.0417751
-1.22085 0.0563167
-1.01235 0.0363559
-0.897119 0.0284679
-1.20439 0.0257583
-1.30864 0.0537426
-1.28669 0.0821935
-1.20439 0.0902471
-1.15501 0.0524781
-1.10014 0.0240271
-1.17147 0.0240271
-1.16049 0.0240271
-1.10562 0.0374096
-1.09465 0.0303496
-1.05075 0.0207455
-1.04527 0.0275496
-1.10562 0.0406611
-1.08368 0.0294012
-1.14952 0.0207455
-1.0727 0.0111565
-1.20439 0.019195
-1.19342 0.0100275
-1.17147 0.0155822
-1.12209 0.0149048
-1.16049 0.0031631
-1.16598 0.0111565
-1.15501 0.00415662
-1.14403 0.00795008
-1.17695 0.00158249
-1.24829 0.00895866
-1.18244 0.00158249
-1.18244 0.000543804
-1.19342 0.00381039
-1.27023 0.0111565
-1.2428 0.0266464
-1.22634 0.0223562
-1.29767 0.00257602
-1.20439 0.00700172
-1.1166 0.00844685
-1.09465 0.00844685
-1.09465 0.00569207
-1.12757 0.0177047
-1.13306 0.0231841
-1.08916 0.0363559
-1.09465 0.0363559
-1.0727 0.0440482
-1.10562 0.0537426
-1.06722 0.0429041
-1.14952 0.0700906
-1.16049 0.105692
-1.12757 0.0658003
-1.0727 0.0440482
-1.03978 0.0512286
-1.04527 0.0440482
-1.06173 0.0142424
-1.13855 0.00746837
-1.08916 0.00895866
-1.05624 0.00746837
-1.10562 0.0155822
-1.06173 0.0294012
-1.06722 0.0275496
-1.1989 0.0294012
-1.06173 0.0257583
-1.20988 0.0374096
-1.17695 0.033285
-1.11111 0.0207455
-1.06173 0.00948553
-1.11111 0.0199627
-1.17695 0.0266464
-1.13306 0.0117435
-1.16049 0.0215433
-1.18793 0.0429041
-1.20988 0.0322914
-1.19342 0.0384784
-1.20439 0.0257583
-1.08916 0.0169821
-1.12209 0.00415662
-1.02332 0.0111565
-1.05075 0.0149048
-1.05075 0.019195
-1.05624 0.0353172
-1.00686 0.0169821
-1.03978 0.0487749
-0.973937 0.0384784
-1.05075 0.0644004
-1.06173 0.0184423
-1.10562 0.0240271
-1.0727 0.0184423
-0.990398 0.0215433
-1.05075 0.0266464
-1.08916 0.0135951
-0.984911 0.0672154
-0.935528 0.0303496
-0.91358 0.0576263
-0.924554 0.0837741
-0.96845 0.100408
-0.957476 0.091903
-0.990398 0.0837741
-0.990398 0.073026
-0.979424 0.0869805
-0.891632 0.0499943
-0.919067 0.0837741
-0.995885 0.0790775
-1.01235 0.080628
-1.06722 0.0952599
-1.05624 0.111111
-0.995885 0.0821935
-0.951989 0.107483
-0.919067 0.118547
-1.08368 0.0837741
-1.03978 0.0935739
-1.0727 0.122356
-0.973937 0.148579
-1.10562 0.120444
-1.0727 0.144379
-1.08368 0.142302
-1.03429 0.132141
-1.08916 0.103916
-1.10014 0.0537426
-1.07819 0.0487749
-1.05624 0.0248852
-0.995885 0.0275496
-1.01235 0.077542
-1.02881 0.130154
-0.995885 0.186709
-1.02881 0.208657
-1.04527 0.221377
-0.990398 0.159342
-0.902606 0.118547
-1.01783 0.118547
-0.990398 0.132141
-0.957476 0.120444
-0.957476 0.114799
-0.979424 0.144379
-1.02881 0.144379
-0.984911 0.107483
-0.990398 0.154992
-0.990398 0.10929
-1.10014 0.118547
-1.08368 0.0952599
-1.05624 0.124283
-1.05624 0.0935739
-1.02332 0.0886063
-0.973937 0.0303496
-0.957476 0.00180829
-1.06173 0.00569207
-1.00137 0.000995407
-1.03978 9.22021e-05
-0.902606 0.00204915
-0.990398 0.000829819
-0.951989 0.000995407
-0.897119 0.000423377
-0.858711 0.0105844
-0.908093 0.0123457
-0.979424 0.00158249
-1.00137 0.000995407
-0.962963 0.00451791
-0.984911 0.00569207
-1.05624 0.00655012
-1.00686 0.00347922
-1.08368 1.69351e-05
-1.0727 0.000423377
-1.05624 0.00746837
-1.02881 1.69351e-05
-0.984911 0.00117605
-0.853224 0.00286203
-0.935528 0.00611357
-1.02881 0.00381039
-1.03429 0.00655012
-0.973937 0.00795008
-0.979424 0.0142424
-1.01783 0.00895866
-1.02332 0.000995407
-1.04527 9.22021e-05
-1.0727 0.0031631
-1.01235 0.00137174
-1.01783 0.00257602
-0.902606 0.00700172
-0.891632 0.00347922
-0.864198 0.000995407
-0.957476 0.000318003
-1.08368 0.000543804
-1.0727 0.00528563
-1.09465 0.000543804
-1.07819 0.000227683
-1.06722 0.000543804
-1.02881 0.00117605
-1.1166 0.00180829
-0.995885 0.00117605
-0.908093 0.000318003
-0.91358 9.22021e-05
-0.941015 0.00286203
-0.984911 0.00795008
-0.957476 0.0177047
-0.930041 0.00655012
-1.00137 0.000318003
-0.930041 0.000829819
-0.935528 0.00347922
-0.875171 1.88168e-06
-1.00137 0.000227683
-0.951989 4.70419e-05
-0.935528 0.000679285
-0.836763 0.00230505
-1.00137 0.00117605
-1.01235 0.00137174
-0.962963 0.00117605
-1.00686 0.00415662
-1.01235 0.0231841
-1.02332 0.0177047
-0.962963 0.0266464
-0.919067 0.0524781
-0.957476 0.0395622
-0.962963 0.0417751
-0.919067 0.0149048
-0.951989 0.0149048
-0.984911 0.0207455
-0.973937 0.00381039
-0.946502 0.0149048
-1.04527 0.0395622
-1.23731 0.103916
-1.1166 0.073026
-1.15501 0.0745163
-0.979424 0.0395622
-1.06722 0.031313
-1.06722 0.0563167
-1.09465 0.0537426
-1.05624 0.058951
-1.05624 0.0672154
-1.1166 0.130154
-1.08916 0.114799
-1.11111 0.116666
-1.05624 0.112948
-1.08368 0.142302
-1.03429 0.114799
-0.995885 0.122356
-1.01783 0.170482
-1.06722 0.148579
-1.0727 0.165981
-1.06173 0.2137
-1.06173 0.2137
-1.13306 0.184346
-1.12209 0.226571
-1.15501 0.290623
-1.18793 0.273146
-1.05075 0.296569
-1.07819 0.231824
-1.12757 0.256211
-1.03978 0.245222
-1.05624 0.22919
-1.15501 0.270286
-1.05075 0.216244
-1.10562 0.267441
-0.984911 0.163753
-1.08368 0.184346
-1.10562 0.177346
-1.17147 0.198752
-1.12757 0.201206
-1.14403 0.216244
-1.09465 0.218803
-1.08916 0.181998
-0.941015 0.150702
-1.02881 0.201206
-0.984911 0.198752
-0.96845 0.216244
-1.02881 0.218803
-1.05075 0.196313
-1.04527 0.203675
-1.08368 0.177346
-1.05624 0.189088
-1.03429 0.165981
-1.08368 0.211171
-1.03429 0.148579
-1.00686 0.189088
-1.04527 0.206158
-1.03429 0.239818
-0.990398 0.22919
-0.979424 0.168224
-1.11111 0.276021
-1.01235 0.22919
-1.15501 0.267441
-1.16598 0.250686
-1.15501 0.264611
-1.1989 0.245222
-1.31962 0.284737
-1.37449 0.261796
-1.22085 0.22919
-1.22085 0.2137
-1.16598 0.201206
-1.08916 0.159342
-1.06173 0.179664
-1.03978 0.140239
-1.12757 0.134143
-1.06173 0.114799
-1.0727 0.126225
-0.990398 0.112948
-0.946502 0.0837741
-1.10014 0.0644004
-1.12209 0.0616456
-1.15501 0.073026
-1.16598 0.0700906
-1.06173 0.0602908
-0.935528 0.0745163
-0.979424 0.0563167
-0.930041 0.0715507
-0.941015 0.0512286
-1.05075 0.0790775
-1.01783 0.138192
-1.01783 0.124283
-1.04527 0.142302
-1.10014 0.124283
-1.17147 0.146472
-1.23182 0.146472
-1.17695 0.132141
-1.18244 0.138192
-1.12757 0.142302
-1.13855 0.16154
-1.19342 0.107483
-1.08368 0.146472
-1.02881 0.138192
-1.04527 0.112948
-1.16598 0.122356
-1.14403 0.102154
-1.17147 0.103916
-1.08916 0.0686454
-1.13306 0.0644004
-1.10014 0.0452073
-1.0727 0.0672154
-1.02332 0.0463814
-0.990398 0.00528563
-0.995885 0.000318003
-1.04527 0.00204915
-1.0727 0.00948553
-1.14952 0.0155822
-1.10014 0.00611357
-1.01783 0.000227683
-1.01783 0.00347922
-1.03429 0.00117605
-1.01235 0.00117605
-1.07819 0.00286203
-0.995885 0.000227683
-0.941015 0.000152416
-0.924554 9.22021e-05
-0.853224 0.000679285
-0.897119 0.00180829
-0.946502 0.000152416
-1.1166 0.000152416
-1.08916 0.00415662
-1.03978 0.000543804
-1.12209 0.00569207
-1.14952 0.00257602
-1.03429 0.00895866
-1.00686 0.0223562
-1.11111 0.0384784
-0.973937 0.0322914
-1.06722 0.0440482
-1.0727 0.0452073
-1.02332 0.0537426
-1.19342 0.0790775
-1.08916 0.0658003
-1.09465 0.0417751
-1.08368 0.0395622
-1.08368 0.0837741
-1.05075 0.0700906
-1.0727 0.091903
-1.07819 0.103916
-1.16049 0.124283
-1.0727 0.0658003
-1.03429 0.073026
-1.03429 0.091903
-1.01783 0.0602908
-1.10014 0.0630155
-1.06722 0.116666
-1.0727 0.098677
-1.0727 0.138192
-1.1166 0.122356
-1.12757 0.10929
-1.17147 0.132141
-1.12757 0.140239
-1.09465 0.130154
-1.08916 0.10929
-1.12209 0.10929
-1.08368 0.114799
-1.13306 0.152839
-1.21536 0.116666
-1.18793 0.128182
-1.14952 0.091903
-1.18793 0.080628
-1.20439 0.077542
-1.20988 0.0821935
-1.25926 0.0821935
-1.19342 0.114799
-1.16049 0.128182
-1.27023 0.152839
-1.10562 0.0969609
-1.12757 0.116666
-1.1166 0.118547
-1.15501 0.111111
-1.14403 0.0886063
-1.11111 0.0902471
-1.1989 0.0837741
-1.14403 0.0952599
-1.1989 0.0853698
-1.27023 0.138192
-1.18793 0.10929
-1.22634 0.120444
-1.17695 0.0969609
-1.20988 0.0760216
-1.22085 0.0886063
-1.14403 0.103916
-1.18793 0.0902471
-1.07819 0.100408
-1.03978 0.073026
-0.930041 0.0499943
-1.00686 0.077542
-0.853224 0.0294012
-0.979424 0.0499943
-1.09465 0.0700906
-1.02881 0.0821935
-1.01235 0.0715507
-1.06173 0.0869805
-0.995885 0.0537426
-1.00137 0.0576263
-0.995885 0.0374096
-1.01783 0.0257583
-1.04527 0.019195
-1.03429 0.0231841
-1.00686 0.0223562
-0.979424 0.00286203
-0.962963 1.69351e-05
-0.886145 0.00117605
-1.01783 0.0031631
-0.990398 0.000679285
-0.924554 0.000152416
-0.946502 0.000543804
-1.04527 0.00569207
-1.02332 0.00257602
-1.02881 0.0100275
-1.04527 0.00257602
-1.13306 0.00381039
-1.07819 9.22021e-05
-1.12757 0.000679285
-1.09465 0.00286203
-1.05075 0.000152416
-1.12757 0.000318003
-1.11111 0.000423377
-1.03429 0.00158249
-1.06173 0.00489424
-1.05075 0.0257583
-1.19342 0.0223562
-1.03978 0.0406611
-1.00686 0.0429041
-1.02881 0.0395622
-1.06722 0.0499943
-1.03429 0.0169821
-1.02332 0.0215433
-1.0727 0.019195
-0.984911 0.0240271
-0.990398 0.0374096
-1.01783 0.0294012
-1.06173 0.0374096
-1.02332 0.0117435
-1.03978 0.0322914
-1.05075 0.0275496
-1.06173 0.0294012
-1.04527 0.0231841
-1.05624 0.0223562
-1.06173 0.0248852
-0.908093 0.0135951
-0.979424 0.0177047
-1.00686 0.00795008
-0.962963 0.00948553
-0.979424 0.000423377
-0.908093 0.00844685
-1.00137 1.88168e-06
-0.990398 1.69351e-05
-0.984911 4.70419e-05
-0.930041 0.00286203
-0.962963 0.0100275
-0.924554 0.00611357
-0.880658 0.00948553
-0.935528 0.0284679
-0.96845 0.0169821
-1.01235 0.0275496
