-2 1
-1.9177 0.956586
-1.90123 0.945883
-1.80247 0.893271
-1.8299 0.88293
-1.80796 0.86753
-1.83539 0.88293
-1.85734 0.924658
-1.83539 0.903673
-1.8299 0.903673
-1.79698 0.898465
-1.8299 0.893271
-1.70919 0.832124
-1.73663 0.852266
-1.73663 0.852266
-1.8738 0.924658
-1.8299 0.893271
-1.77503 0.847208
-1.75857 0.827127
-1.76406 0.842165
-1.69273 0.758739
-1.71468 0.782824
-1.7037 0.787687
-1.64883 0.763526
-1.75309 0.817176
-1.75309 0.842165
-1.8299 0.903673
-1.83539 0.914135
-1.85185 0.919389
-1.86831 0.919389
-1.85185 0.908897
-1.83539 0.888093
-1.81893 0.877781
-1.77503 0.86753
-1.76406 0.86753
-1.67627 0.792564
-1.66529 0.777977
-1.68176 0.763526
-1.72016 0.807286
-1.76406 0.822144
-1.72565 0.832124
-1.81893 0.872648
-1.71468 0.807286
-1.78052 0.852266
-1.80247 0.888093
-1.81893 0.893271
-1.7915 0.872648
-1.73114 0.822144
-1.77503 0.817176
-1.71468 0.787687
-1.73114 0.792564
-1.72016 0.802364
-1.67627 0.787687
-1.7037 0.802364
-1.7476 0.827127
-1.74211 0.842165
-1.74211 0.832124
-1.69273 0.822144
-1.73114 0.852266
-1.7476 0.86753
-1.72565 0.852266
-1.81344 0.898465
-1.76406 0.852266
-1.59396 0.753967
-1.60494 0.707076
-1.55007 0.711697
-1.58848 0.744468
-1.68724 0.807286
-1.75309 0.862427
-1.78052 0.872648
-1.80247 0.88293
-1.86283 0.924658
-1.84636 0.914135
-1.8299 0.914135
-1.87929 0.93524
-1.85185 0.924658
-1.81893 0.898465
-1.79698 0.88293
-1.79698 0.88293
-1.76406 0.847208
-1.77503 0.862427
-1.7915 0.88293
-1.8299 0.903673
-1.84636 0.908897
-1.7915 0.888093
-1.76406 0.86753
-1.76406 0.862427
-1.8299 0.888093
-1.80796 0.86753
-1.74211 0.842165
-1.68724 0.812224
-1.76406 0.852266
-1.75309 0.857339
-1.70919 0.837137
-1.7476 0.852266
-1.81344 0.903673
-1.88477 0.940554
-1.81344 0.903673
-1.7915 0.86753
-1.78052 0.862427
-1.7476 0.842165
-1.69273 0.807286
-1.79698 0.877781
-1.80796 0.888093
-1.7915 0.898465
-1.80247 0.893271
-1.79698 0.872648
-1.75857 0.857339
-1.7037 0.807286
-1.65981 0.812224
-1.72016 0.822144
-1.75857 0.827127
-1.76955 0.827127
-1.72016 0.802364
-1.70919 0.792564
-1.75857 0.857339
-1.75309 0.837137
-1.76406 0.842165
-1.69822 0.782824
-1.66529 0.782824
-1.65432 0.739742
-1.64883 0.782824
-1.67627 0.792564
-1.71468 0.817176
-1.7037 0.812224
-1.71468 0.812224
-1.72565 0.827127
-1.76955 0.862427
-1.78601 0.877781
-1.80247 0.877781
-1.74211 0.827127
-1.73663 0.832124
-1.7915 0.852266
-1.82442 0.872648
-1.7915 0.862427
-1.7915 0.862427
-1.8299 0.86753
-1.83539 0.877781
-1.76955 0.827127
-1.72016 0.792564
-1.68176 0.782824
-1.64883 0.763526
-1.67627 0.787687
-1.65432 0.792564
-1.73663 0.837137
-1.72565 0.812224
-1.76955 0.857339
-1.82442 0.888093
-1.79698 0.88293
-1.80247 0.888093
-1.82442 0.888093
-1.7915 0.88293
-1.68724 0.822144
-1.78601 0.862427
-1.72016 0.817176
-1.75309 0.827127
-1.68176 0.807286
-1.72565 0.832124
-1.81893 0.893271
-1.73663 0.842165
-1.75857 0.852266
-1.7037 0.817176
-1.69822 0.802364
-1.73114 0.812224
-1.78052 0.842165
-1.73663 0.807286
-1.73114 0.768328
-1.7037 0.768328
-1.71468 0.768328
-1.78601 0.817176
-1.82442 0.837137
-1.82442 0.842165
-1.78052 0.847208
-1.76406 0.847208
-1.76406 0.852266
-1.85185 0.908897
-1.84636 0.893271
-1.84636 0.908897
-1.78052 0.88293
-1.75309 0.837137
-1.75309 0.847208
-1.7915 0.852266
-1.78052 0.842165
-1.75309 0.797456
-1.72016 0.797456
-1.71468 0.777977
-1.72016 0.822144
-1.78052 0.857339
-1.81344 0.893271
-1.81893 0.893271
-1.83539 0.888093
-1.85734 0.914135
-1.7476 0.847208
-1.75857 0.852266
-1.84088 0.908897
-1.85734 0.924658
-1.75309 0.857339
-1.7915 0.888093
-1.80796 0.888093
-1.86831 0.924658
-1.85185 0.919389
-1.87929 0.93524
-1.81893 0.898465
-1.76955 0.86753
-1.74211 0.817176
-1.74211 0.837137
-1.75857 0.827127
-1.8299 0.908897
-1.81344 0.903673
-1.81893 0.903673
-1.77503 0.872648
-1.85734 0.919389
-1.81344 0.893271
-1.79698 0.888093
-1.81893 0.903673
-1.81893 0.88293
-1.75309 0.847208
-1.69822 0.817176
-1.81893 0.877781
-1.78052 0.86753
-1.78601 0.872648
-1.76955 0.847208
-1.74211 0.847208
-1.74211 0.857339
-1.76406 0.832124
-1.74211 0.822144
-1.73663 0.802364
-1.69822 0.753967
-1.62689 0.711697
-1.69273 0.744468
-1.64883 0.763526
-1.65432 0.773145
-1.66529 0.792564
-1.74211 0.807286
-1.75309 0.822144
-1.72565 0.817176
-1.7915 0.86753
-1.75857 0.847208
-1.81893 0.88293
-1.81893 0.888093
-1.87929 0.903673
-1.77503 0.862427
-1.73114 0.802364
-1.67078 0.773145
-1.61591 0.725652
-1.6214 0.725652
-1.65432 0.768328
-1.73663 0.837137
-1.72565 0.837137
-1.73663 0.832124
-1.69273 0.822144
-1.65981 0.773145
-1.70919 0.812224
-1.64883 0.763526
-1.72565 0.822144
-1.64335 0.782824
-1.61591 0.730333
-1.68176 0.773145
-1.70919 0.787687
-1.77503 0.837137
-1.75857 0.827127
-1.74211 0.792564
-1.76406 0.822144
-1.78052 0.832124
-1.79698 0.827127
-1.81344 0.852266
-1.82442 0.86753
-1.76955 0.837137
-1.64335 0.758739
-1.66529 0.773145
-1.64883 0.739742
-1.7037 0.739742
-1.73663 0.827127
-1.76955 0.857339
-1.72016 0.837137
-1.81893 0.888093
-1.86831 0.924658
-1.90123 0.945883
-1.9177 0.951227
-1.8299 0.908897
-1.80796 0.888093
-1.7915 0.877781
-1.75309 0.832124
-1.68176 0.768328
-1.73114 0.812224
-1.69273 0.817176
-1.77503 0.857339
-1.79698 0.86753
-1.81893 0.86753
-1.75309 0.847208
-1.72565 0.832124
-1.73663 0.817176
-1.76406 0.847208
-1.76406 0.857339
-1.76406 0.847208
-1.76955 0.842165
-1.72565 0.827127
-1.80247 0.877781
-1.76955 0.86753
-1.7915 0.888093
-1.79698 0.88293
-1.74211 0.832124
-1.75857 0.852266
-1.84088 0.903673
-1.8738 0.93524
-1.78601 0.888093
-1.8299 0.898465
-1.78052 0.877781
-1.7476 0.827127
-1.7476 0.837137
-1.75857 0.807286
-1.73114 0.832124
-1.68724 0.792564
-1.79698 0.88293
-1.7915 0.88293
-1.81893 0.888093
-1.72016 0.832124
-1.80796 0.877781
-1.7476 0.847208
-1.59945 0.74921
-1.65432 0.787687
-1.71468 0.832124
-1.74211 0.842165
-1.78052 0.86753
-1.80247 0.872648
-1.72016 0.832124
-1.80247 0.86753
-1.88477 0.93524
-1.93416 0.967349
-1.9177 0.951227
-1.8738 0.93524
-1.8738 0.929941
-1.81893 0.893271
-1.76406 0.872648
-1.78601 0.872648
-1.84088 0.914135
-1.86831 0.914135
-1.83539 0.898465
-1.81893 0.888093
-1.78601 0.852266
-1.69273 0.763526
-1.64883 0.711697
-1.5775 0.635181
-1.51715 0.575434
-1.55556 0.567139
-1.50069 0.542617
-1.53909 0.534564
-1.58299 0.563015
-1.54458 0.643957
-1.56653 0.648367
-1.58299 0.688741
-1.58299 0.652793
-1.59396 0.697878
-1.6214 0.725652
-1.72565 0.822144
-1.69822 0.812224
-1.78052 0.888093
-1.81893 0.893271
-1.78052 0.877781
-1.80796 0.872648
-1.80796 0.877781
-1.81344 0.898465
-1.85185 0.919389
-1.76955 0.86753
-1.80247 0.857339
-1.75857 0.852266
-1.70919 0.847208
-1.75857 0.86753
-1.81893 0.877781
-1.80796 0.86753
-1.7915 0.862427
-1.72016 0.847208
-1.73663 0.827127
-1.7037 0.812224
-1.71468 0.837137
-1.80796 0.88293
-1.84088 0.88293
-1.84636 0.903673
-1.75857 0.842165
-1.84636 0.898465
-1.83539 0.888093
-1.80796 0.872648
-1.81893 0.893271
-1.80247 0.86753
-1.78052 0.872648
-1.73114 0.827127
-1.69822 0.817176
-1.7476 0.837137
-1.80247 0.893271
-1.85734 0.929941
-1.84088 0.908897
-1.83539 0.914135
-1.79698 0.88293
-1.85734 0.914135
-1.81893 0.908897
-1.75857 0.852266
-1.83539 0.908897
-1.8299 0.908897
-1.78052 0.888093
-1.84088 0.914135
-1.81344 0.898465
-1.73663 0.857339
-1.74211 0.852266
-1.67627 0.782824
-1.68724 0.797456
-1.7476 0.812224
-1.82442 0.898465
-1.81344 0.888093
-1.76955 0.872648
-1.67627 0.782824
-1.72016 0.832124
-1.72565 0.827127
-1.69822 0.782824
-1.7476 0.812224
-1.7476 0.817176
-1.75857 0.852266
-1.80796 0.893271
-1.76406 0.852266
-1.79698 0.852266
-1.75309 0.857339
-1.84636 0.903673
-1.84636 0.914135
-1.79698 0.88293
-1.77503 0.872648
-1.7915 0.86753
-1.81893 0.893271
-1.7476 0.832124
-1.76955 0.847208
-1.69822 0.812224
-1.73114 0.857339
-1.76406 0.86753
-1.76955 0.857339
-1.76955 0.877781
-1.78601 0.888093
-1.81893 0.898465
-1.76955 0.847208
-1.81893 0.888093
-1.78601 0.86753
-1.7476 0.857339
-1.69273 0.812224
-1.7476 0.807286
-1.8299 0.888093
-1.83539 0.877781
-1.87929 0.93524
-1.86283 0.924658
-1.78052 0.872648
-1.7915 0.877781
-1.8299 0.908897
-1.81893 0.893271
-1.80247 0.888093
-1.79698 0.893271
-1.84088 0.914135
-1.76955 0.852266
-1.71468 0.832124
-1.7476 0.842165
-1.8299 0.86753
-1.83539 0.898465
-1.85185 0.919389
-1.83539 0.914135
-1.8738 0.929941
-1.86831 0.924658
-1.78601 0.877781
-1.72565 0.837137
-1.75309 0.837137
-1.73663 0.832124
-1.73114 0.822144
-1.72016 0.812224
-1.70919 0.812224
-1.71468 0.802364
-1.64883 0.74921
-1.67627 0.802364
-1.72016 0.827127
-1.7915 0.877781
-1.80247 0.88293
-1.85734 0.898465
-1.80247 0.86753
-1.78601 0.872648
-1.81344 0.898465
-1.81344 0.888093
-1.77503 0.877781
-1.76955 0.86753
-1.81344 0.877781
-1.79698 0.877781
-1.82442 0.893271
-1.76406 0.88293
-1.75309 0.847208
-1.85734 0.919389
-1.81893 0.888093
-1.79698 0.877781
-1.76406 0.872648
-1.7915 0.888093
-1.72565 0.837137
-1.71468 0.832124
-1.78601 0.86753
-1.8299 0.903673
-1.7915 0.893271
-1.78601 0.88293
-1.80247 0.872648
-1.72565 0.827127
-1.76955 0.822144
-1.76406 0.847208
-1.7037 0.827127
-1.72016 0.817176
-1.70919 0.807286
-1.72565 0.822144
-1.75309 0.812224
-1.73663 0.817176
-1.75857 0.822144
-1.74211 0.802364
-1.75309 0.847208
-1.69822 0.802364
-1.7037 0.827127
-1.74211 0.847208
-1.75309 0.842165
-1.7915 0.888093
-1.86831 0.919389
-1.82442 0.903673
-1.8299 0.903673
-1.78601 0.877781
-1.76955 0.842165
-1.76955 0.857339
-1.82442 0.893271
-1.84088 0.914135
-1.83539 0.919389
-1.79698 0.893271
-1.85185 0.914135
-1.83539 0.903673
-1.78601 0.877781
-1.75309 0.862427
-1.78052 0.872648
-1.84088 0.903673
-1.81893 0.893271
-1.81893 0.888093
-1.81344 0.888093
-1.7915 0.86753
-1.84636 0.903673
-1.85185 0.903673
-1.79698 0.86753
-1.73114 0.817176
-1.75309 0.862427
-1.76406 0.852266
-1.73663 0.832124
-1.79698 0.877781
-1.89026 0.93524
-1.84088 0.898465
-1.81893 0.893271
-1.76406 0.872648
-1.80247 0.893271
-1.77503 0.872648
-1.86831 0.914135
-1.76955 0.86753
-1.68724 0.812224
-1.73663 0.837137
-1.81893 0.86753
-1.72016 0.817176
-1.78052 0.837137
-1.8299 0.872648
-1.76406 0.857339
-1.72016 0.842165
-1.76955 0.847208
-1.7476 0.817176
-1.72016 0.802364
-1.75857 0.812224
-1.7037 0.782824
-1.68176 0.753967
-1.67627 0.720985
-1.7037 0.753967
-1.63786 0.73503
-1.69822 0.782824
-1.68724 0.763526
-1.7037 0.812224
-1.73663 0.832124
-1.84636 0.893271
-1.7915 0.893271
-1.67627 0.807286
-1.71468 0.827127
-1.80247 0.852266
-1.78601 0.832124
-1.78601 0.837137
-1.72016 0.782824
-1.74211 0.787687
-1.76406 0.817176
-1.64335 0.768328
-1.65981 0.777977
-1.75309 0.802364
-1.73663 0.827127
-1.74211 0.797456
-1.77503 0.822144
-1.69822 0.787687
-1.70919 0.827127
-1.76955 0.837137
-1.78052 0.857339
-1.75857 0.842165
-1.70919 0.817176
-1.75309 0.847208
-1.71468 0.827127
-1.71468 0.832124
-1.73114 0.832124
-1.77503 0.857339
-1.8299 0.88293
-1.84088 0.903673
-1.84636 0.914135
-1.8738 0.93524
-1.8738 0.929941
-1.82442 0.903673
-1.80796 0.888093
-1.83539 0.898465
-1.85185 0.919389
-1.7915 0.888093
-1.84636 0.914135
-1.84636 0.914135
-1.84088 0.898465
-1.7476 0.847208
-1.77503 0.862427
-1.75309 0.857339
-1.76955 0.847208
-1.75857 0.862427
-1.81893 0.888093
-1.75857 0.852266
-1.7915 0.877781
-1.79698 0.888093
-1.81344 0.888093
-1.76406 0.852266
-1.69822 0.817176
-1.78601 0.888093
-1.76955 0.86753
-1.79698 0.877781
-1.75857 0.842165
-1.73663 0.817176
-1.85185 0.893271
-1.83539 0.898465
-1.82442 0.888093
-1.81893 0.88293
-1.78052 0.86753
-1.72016 0.842165
-1.82442 0.898465
-1.75309 0.847208
-1.80796 0.877781
-1.79698 0.88293
-1.76406 0.857339
-1.73663 0.832124
-1.77503 0.872648
-1.80247 0.898465
-1.8299 0.903673
-1.75857 0.832124
-1.75857 0.822144
-1.68724 0.763526
-1.72016 0.792564
-1.67627 0.758739
-1.7476 0.802364
-1.75857 0.837137
-1.76955 0.862427
-1.75857 0.852266
-1.78601 0.86753
-1.76955 0.877781
-1.76955 0.857339
-1.75309 0.852266
-1.78052 0.86753
-1.8738 0.929941
-1.80796 0.898465
-1.85185 0.924658
-1.86831 0.924658
-1.74211 0.842165
-1.73663 0.852266
-1.8299 0.898465
-1.75309 0.852266
-1.75857 0.842165
-1.7476 0.837137
-1.78052 0.86753
-1.82442 0.893271
-1.78601 0.857339
-1.71468 0.822144
-1.71468 0.807286
-1.73114 0.763526
-1.76406 0.822144
-1.76406 0.842165
-1.72016 0.802364
-1.76955 0.862427
-1.74211 0.837137
-1.7476 0.837137
-1.78052 0.88293
-1.7037 0.812224
-1.7037 0.807286
-1.72565 0.842165
-1.73663 0.847208
-1.64883 0.812224
-1.75857 0.847208
-1.78601 0.86753
-1.81893 0.893271
-1.7915 0.862427
-1.7476 0.842165
-1.7915 0.877781
-1.80796 0.877781
-1.79698 0.86753
-1.73114 0.832124
-1.81893 0.903673
-1.83539 0.903673
-1.79698 0.877781
-1.77503 0.872648
-1.76955 0.86753
-1.72565 0.827127
-1.73663 0.837137
-1.73663 0.827127
-1.75857 0.842165
-1.67078 0.807286
-1.66529 0.782824
-1.68724 0.797456
-1.73114 0.812224
-1.81344 0.877781
-1.84088 0.88293
-1.78601 0.88293
-1.78601 0.872648
-1.76406 0.857339
-1.72016 0.827127
-1.76955 0.857339
-1.79698 0.86753
-1.69822 0.802364
-1.61591 0.744468
-1.6214 0.758739
-1.65432 0.773145
-1.65432 0.753967
-1.72016 0.822144
-1.7476 0.802364
-1.70919 0.792564
-1.71468 0.842165
-1.72565 0.792564
-1.78601 0.852266
-1.81344 0.893271
-1.78601 0.86753
-1.82442 0.88293
-1.83539 0.893271
-1.7915 0.877781
-1.86831 0.924658
-1.76406 0.837137
-1.72565 0.822144
-1.68724 0.822144
-1.76955 0.857339
-1.76955 0.857339
-1.76955 0.857339
-1.73663 0.842165
-1.78052 0.862427
-1.75309 0.832124
-1.81344 0.872648
-1.80247 0.872648
-1.75857 0.862427
-1.76406 0.86753
-1.78052 0.88293
-1.8299 0.908897
-1.8299 0.893271
-1.80796 0.888093
-1.80796 0.888093
-1.76955 0.86753
-1.8299 0.908897
-1.80247 0.88293
-1.75309 0.852266
-1.76955 0.862427
-1.79698 0.888093
-1.80796 0.888093
-1.82442 0.898465
-1.85185 0.919389
-1.81344 0.893271
-1.81893 0.862427
-1.76406 0.832124
-1.77503 0.852266
-1.80247 0.888093
-1.84088 0.908897
-1.80247 0.888093
-1.82442 0.893271
-1.78052 0.88293
-1.72565 0.847208
-1.75309 0.862427
-1.74211 0.862427
-1.73114 0.842165
-1.83539 0.908897
-1.82442 0.893271
-1.80247 0.888093
-1.82442 0.903673
-1.76955 0.86753
-1.76955 0.86753
-1.75309 0.862427
-1.73663 0.837137
-1.75309 0.852266
-1.73663 0.822144
-1.75857 0.842165
-1.77503 0.862427
-1.82442 0.903673
-1.76406 0.86753
-1.68176 0.802364
-1.78601 0.877781
-1.76955 0.86753
-1.72016 0.842165
-1.80796 0.888093
-1.76406 0.86753
-1.71468 0.812224
-1.75309 0.852266
-1.7476 0.832124
-1.74211 0.827127
-1.77503 0.842165
-1.76955 0.857339
-1.75857 0.862427
-1.82442 0.903673
-1.73114 0.827127
-1.7915 0.872648
-1.84636 0.924658
-1.81344 0.888093
-1.8299 0.908897
-1.78601 0.86753
-1.80247 0.888093
-1.90123 0.945883
-1.83539 0.914135
-1.76406 0.86753
-1.80796 0.86753
-1.72565 0.817176
-1.70919 0.807286
-1.75857 0.837137
-1.75309 0.837137
-1.76406 0.852266
-1.72016 0.817176
-1.70919 0.758739
-1.73663 0.792564
-1.72565 0.787687
-1.75857 0.792564
-1.75857 0.852266
-1.78601 0.852266
-1.78052 0.862427
-1.72016 0.822144
-1.7476 0.832124
-1.75309 0.807286
-1.68176 0.782824
-1.67627 0.782824
-1.65981 0.782824
-1.64335 0.763526
-1.78052 0.857339
-1.74211 0.832124
-1.7915 0.86753
-1.78601 0.88293
-1.85185 0.903673
-1.8299 0.888093
-1.80247 0.872648
-1.78601 0.877781
-1.80247 0.877781
-1.80247 0.888093
-1.85185 0.914135
-1.68724 0.817176
-1.7037 0.787687
-1.7476 0.857339
-1.89026 0.93524
-1.89575 0.945883
-1.81344 0.893271
-1.79698 0.888093
-1.7476 0.842165
-1.78601 0.862427
-1.75857 0.807286
-1.75309 0.792564
-1.75857 0.792564
-1.77503 0.847208
-1.72565 0.777977
-1.72565 0.753967
-1.70919 0.773145
-1.71468 0.787687
-1.69273 0.763526
-1.69822 0.763526
-1.69273 0.768328
-1.7476 0.792564
-1.75857 0.807286
-1.68176 0.773145
-1.72565 0.792564
-1.78052 0.842165
-1.71468 0.773145
-1.71468 0.763526
-1.70919 0.730333
-1.73663 0.787687
-1.77503 0.797456
-1.7037 0.782824
-1.68724 0.787687
-1.78601 0.842165
-1.8299 0.88293
-1.77503 0.852266
-1.75857 0.857339
-1.78052 0.872648
-1.7915 0.872648
-1.8299 0.888093
-1.81893 0.857339
-1.7915 0.822144
-1.70919 0.817176
-1.77503 0.86753
-1.83539 0.908897
-1.81893 0.88293
-1.7915 0.877781
-1.79698 0.877781
-1.81344 0.88293
-1.81893 0.88293
-1.82442 0.898465
-1.7476 0.817176
-1.79698 0.872648
-1.81893 0.898465
-1.78601 0.877781
-1.77503 0.862427
-1.71468 0.822144
-1.75857 0.827127
-1.78052 0.852266
-1.75857 0.827127
-1.76955 0.822144
-1.73114 0.773145
-1.6214 0.670646
-1.68176 0.73503
-1.70919 0.763526
-1.71468 0.773145
-1.67627 0.787687
-1.75309 0.827127
-1.69273 0.817176
-1.7037 0.802364
-1.76955 0.857339
-1.75857 0.852266
-1.73114 0.827127
-1.78601 0.872648
-1.83539 0.908897
-1.85734 0.929941
-1.7476 0.86753
-1.78052 0.857339
-1.72016 0.782824
-1.7037 0.802364
-1.69273 0.797456
-1.73663 0.797456
-1.78601 0.852266
-1.75309 0.852266
-1.78601 0.888093
-1.80796 0.888093
-1.79698 0.88293
-1.79698 0.893271
-1.79698 0.888093
-1.89026 0.940554
-1.7915 0.872648
-1.84636 0.914135
-1.7915 0.877781
-1.86283 0.924658
-1.81893 0.898465
-1.86283 0.919389
-1.86831 0.93524
-1.87929 0.940554
-1.81344 0.888093
-1.80796 0.888093
-1.80796 0.898465
-1.77503 0.877781
-1.75857 0.862427
-1.84088 0.914135
-1.7915 0.888093
-1.77503 0.862427
-1.67078 0.792564
-1.73114 0.787687
-1.7915 0.857339
-1.76955 0.842165
-1.79698 0.888093
-1.82442 0.908897
-1.81893 0.893271
-1.81893 0.903673
-1.85734 0.914135
-1.85734 0.924658
-1.84636 0.919389
-1.81893 0.888093
-1.80247 0.877781
-1.72016 0.807286
-1.75309 0.832124
-1.77503 0.86753
-1.80796 0.898465
-1.84088 0.893271
-1.80796 0.888093
-1.82442 0.893271
-1.83539 0.898465
-1.80796 0.903673
-1.7915 0.877781
-1.75857 0.86753
-1.74211 0.837137
-1.84088 0.908897
-1.76406 0.862427
-1.79698 0.888093
-1.7915 0.877781
-1.80796 0.877781
-1.69273 0.812224
-1.7476 0.842165
-1.80247 0.877781
-1.73663 0.847208
-1.79698 0.86753
-1.81344 0.88293
-1.68724 0.812224
-1.73663 0.807286
-1.7476 0.822144
-1.75857 0.847208
-1.79698 0.852266
-1.76955 0.86753
-1.76406 0.812224
-1.74211 0.807286
-1.75309 0.842165
-1.7476 0.812224
-1.73114 0.822144
-1.7915 0.862427
-1.77503 0.852266
-1.76955 0.842165
-1.75857 0.862427
-1.72565 0.842165
-1.80796 0.877781
-1.78052 0.842165
-1.76955 0.862427
-1.69273 0.782824
-1.73663 0.812224
-1.70919 0.832124
-1.72565 0.837137
-1.7037 0.822144
-1.73663 0.842165
-1.73663 0.837137
-1.64883 0.792564
-1.68176 0.802364
-1.66529 0.768328
-1.73663 0.827127
-1.73114 0.837137
-1.82442 0.888093
-1.81344 0.877781
-1.73663 0.817176
-1.7476 0.852266
-1.87929 0.93524
-1.88477 0.940554
-1.86283 0.924658
-1.81344 0.88293
-1.77503 0.877781
-1.7915 0.877781
-1.74211 0.842165
-1.84088 0.898465
-1.76955 0.86753
-1.7915 0.872648
-1.83539 0.908897
-1.83539 0.914135
-1.80247 0.893271
-1.84636 0.898465
-1.81893 0.872648
-1.79698 0.862427
-1.74211 0.832124
-1.75309 0.837137
-1.76955 0.862427
-1.75857 0.862427
-1.78052 0.872648
-1.81344 0.898465
-1.85734 0.914135
-1.86283 0.919389
-1.8299 0.908897
-1.7915 0.88293
-1.83539 0.893271
-1.7476 0.832124
-1.76406 0.872648
-1.78052 0.862427
-1.79698 0.86753
-1.7915 0.862427
-1.8738 0.924658
-1.8299 0.888093
-1.78601 0.862427
-1.80796 0.888093
-1.81344 0.898465
-1.72016 0.837137
-1.78052 0.88293
-1.83539 0.898465
-1.74211 0.832124
-1.75857 0.837137
-1.75309 0.827127
-1.73663 0.847208
-1.79698 0.888093
-1.77503 0.872648
-1.73663 0.837137
-1.80247 0.88293
-1.8299 0.908897
-1.81893 0.893271
-1.80796 0.893271
-1.81893 0.888093
-1.81893 0.893271
-1.82442 0.908897
-1.80247 0.877781
-1.8738 0.924658
-1.83539 0.908897
-1.8299 0.903673
-1.77503 0.877781
-1.8738 0.929941
-1.84088 0.908897
-1.78052 0.872648
-1.72016 0.832124
-1.68176 0.773145
-1.63237 0.777977
-1.81344 0.903673
-1.76406 0.847208
-1.8299 0.898465
-1.81344 0.872648
-1.89575 0.93524
-1.87929 0.93524
-1.86283 0.924658
-1.76955 0.86753
-1.8299 0.903673
-1.8299 0.898465
-1.78601 0.88293
-1.84088 0.908897
-1.78601 0.86753
-1.8299 0.893271
-1.78601 0.872648
-1.84088 0.893271
-1.81893 0.898465
-1.79698 0.857339
-1.7476 0.852266
-1.7915 0.88293
-1.85734 0.919389
-1.85185 0.914135
-1.81344 0.888093
-1.75309 0.842165
-1.76955 0.872648
-1.77503 0.872648
-1.85185 0.919389
-1.85734 0.919389
-1.83539 0.908897
-1.92318 0.956586
-1.93964 0.967349
-1.88477 0.940554
-1.80247 0.898465
-1.68724 0.792564
-1.64335 0.74921
-1.64335 0.773145
-1.69822 0.802364
-1.73663 0.837137
-1.7476 0.827127
-1.7915 0.872648
-1.78052 0.852266
-1.78601 0.847208
-1.79698 0.837137
-1.77503 0.827127
-1.7915 0.872648
-1.78601 0.872648
-1.67078 0.817176
-1.73663 0.842165
-1.69822 0.807286
-1.79698 0.877781
-1.80796 0.877781
-1.76955 0.872648
-1.74211 0.847208
-1.72016 0.807286
-1.69273 0.777977
-1.69273 0.782824
-1.68176 0.768328
-1.72565 0.792564
-1.63786 0.697878
-1.58299 0.657234
-1.65981 0.74921
-1.65981 0.711697
-1.65432 0.725652
-1.69273 0.753967
-1.68724 0.768328
-1.67627 0.74921
-1.62689 0.707076
-1.63237 0.707076
-1.6214 0.716334
-1.69822 0.792564
-1.7037 0.782824
-1.73114 0.837137
-1.84088 0.888093
-1.79698 0.862427
-1.78052 0.842165
-1.75309 0.857339
-1.76955 0.857339
-1.75309 0.832124
-1.76955 0.857339
-1.75857 0.857339
-1.75857 0.832124
-1.72565 0.807286
-1.78052 0.857339
-1.75309 0.832124
-1.67078 0.74921
-1.7476 0.807286
-1.80247 0.862427
-1.80247 0.857339
-1.81344 0.877781
-1.78601 0.86753
-1.78601 0.86753
-1.82442 0.86753
-1.76406 0.857339
-1.73663 0.822144
-1.73663 0.842165
-1.64335 0.758739
-1.67627 0.782824
-1.65432 0.787687
-1.72565 0.842165
-1.75857 0.822144
-1.70919 0.758739
-1.69273 0.773145
-1.69273 0.792564
-1.75309 0.842165
-1.76406 0.862427
-1.72016 0.822144
-1.74211 0.827127
-1.7915 0.857339
-1.75309 0.852266
-1.80796 0.86753
-1.81344 0.88293
-1.76406 0.857339
-1.81344 0.898465
-1.82442 0.908897
-1.80796 0.888093
-1.76406 0.832124
-1.81344 0.88293
-1.75309 0.852266
-1.76406 0.86753
-1.7476 0.857339
-1.79698 0.88293
-1.79698 0.842165
-1.78601 0.86753
-1.76955 0.852266
-1.86283 0.929941
-1.78601 0.877781
-1.81344 0.898465
-1.84636 0.919389
-1.91221 0.956586
-1.82442 0.898465
-1.80796 0.88293
-1.81893 0.903673
-1.78052 0.872648
-1.81893 0.903673
-1.84636 0.903673
-1.79698 0.88293
-1.84088 0.898465
-1.81893 0.88293
-1.80247 0.898465
-1.86831 0.924658
-1.76406 0.872648
-1.79698 0.888093
-1.80247 0.88293
-1.75309 0.852266
-1.75309 0.827127
-1.75309 0.807286
-1.70919 0.768328
-1.73114 0.787687
-1.69822 0.792564
-1.67627 0.773145
-1.64883 0.768328
-1.61043 0.730333
-1.63237 0.716334
-1.63786 0.73503
-1.68724 0.777977
-1.68176 0.787687
-1.71468 0.792564
-1.74211 0.787687
-1.68724 0.73503
-1.68724 0.753967
-1.75857 0.832124
-1.77503 0.837137
-1.72565 0.817176
-1.73663 0.787687
-1.72016 0.797456
-1.7037 0.782824
-1.76406 0.812224
-1.78601 0.837137
-1.80247 0.872648
-1.81344 0.888093
-1.80247 0.872648
-1.84088 0.893271
-1.7915 0.88293
-1.82442 0.893271
-1.74211 0.852266
-1.7915 0.88293
-1.81344 0.888093
-1.78052 0.857339
-1.76406 0.872648
-1.71468 0.832124
-1.76406 0.877781
-1.73114 0.847208
-1.75309 0.852266
-1.73663 0.857339
-1.80247 0.88293
-1.74211 0.842165
-1.82442 0.898465
-1.8299 0.898465
-1.78601 0.852266
-1.76955 0.842165
-1.78601 0.877781
-1.73114 0.817176
-1.69273 0.782824
-1.58299 0.688741
-1.64883 0.684194
-1.58848 0.697878
-1.67627 0.753967
-1.63237 0.753967
-1.69822 0.792564
-1.75857 0.817176
-1.76955 0.807286
-1.77503 0.832124
-1.72016 0.797456
-1.7037 0.792564
-1.74211 0.807286
-1.69273 0.773145
-1.68724 0.792564
-1.78052 0.837137
-1.69273 0.802364
-1.78052 0.852266
-1.73114 0.812224
-1.72565 0.827127
-1.76406 0.862427
-1.68724 0.817176
-1.73663 0.827127
-1.75857 0.852266
-1.79698 0.888093
-1.75309 0.852266
-1.74211 0.852266
-1.81344 0.893271
-1.83539 0.898465
-1.78052 0.88293
-1.74211 0.842165
-1.76955 0.857339
-1.84088 0.919389
-1.80796 0.88293
-1.79698 0.872648
-1.74211 0.822144
-1.75309 0.817176
-1.73114 0.807286
-1.70919 0.797456
-1.64883 0.773145
-1.76406 0.857339
-1.78052 0.877781
-1.76955 0.872648
-1.85734 0.914135
-1.84636 0.914135
-1.84636 0.914135
-1.78052 0.86753
-1.81344 0.872648
-1.84088 0.914135
-1.83539 0.903673
-1.83539 0.908897
-1.85734 0.908897
-1.80796 0.88293
-1.78601 0.877781
-1.79698 0.877781
-1.76955 0.877781
-1.84088 0.919389
-1.81893 0.888093
-1.80247 0.893271
-1.79698 0.877781
-1.86283 0.908897
-1.85734 0.914135
-1.79698 0.888093
-1.82442 0.908897
-1.79698 0.88293
-1.81344 0.903673
-1.85734 0.919389
-1.86831 0.914135
-1.85734 0.919389
-1.77503 0.857339
-1.75857 0.857339
-1.81893 0.903673
-1.76406 0.862427
-1.73663 0.857339
-1.73663 0.827127
-1.69822 0.827127
-1.67627 0.802364
-1.7037 0.812224
-1.72016 0.842165
-1.82442 0.893271
-1.84088 0.888093
-1.81893 0.88293
-1.80796 0.88293
-1.76406 0.857339
-1.75857 0.857339
-1.85185 0.898465
-1.79698 0.888093
-1.8299 0.903673
-1.80247 0.893271
-1.8299 0.903673
-1.86831 0.924658
-1.8299 0.898465
-1.84088 0.903673
-1.81344 0.898465
-1.78052 0.86753
-1.77503 0.872648
-1.71468 0.827127
-1.76955 0.857339
-1.68724 0.812224
-1.72565 0.827127
-1.76955 0.832124
-1.78601 0.852266
-1.72565 0.812224
-1.73114 0.777977
-1.71468 0.744468
-1.62689 0.74921
-1.68724 0.777977
-1.76406 0.847208
-1.78052 0.872648
-1.74211 0.842165
-1.68724 0.802364
-1.65981 0.782824
-1.64883 0.763526
-1.66529 0.768328
-1.78601 0.827127
-1.78052 0.857339
-1.75857 0.832124
-1.76955 0.852266
-1.77503 0.862427
-1.73114 0.827127
-1.67078 0.782824
-1.70919 0.802364
-1.73663 0.797456
-1.78601 0.847208
-1.69273 0.822144
-1.70919 0.817176
-1.75857 0.822144
-1.71468 0.777977
-1.77503 0.852266
-1.80247 0.877781
-1.76406 0.86753
-1.82442 0.898465
-1.78052 0.862427
-1.79698 0.86753
-1.7476 0.862427
-1.81344 0.898465
-1.80796 0.877781
-1.77503 0.872648
-1.75309 0.847208
-1.75309 0.847208
-1.77503 0.822144
-1.73114 0.827127
-1.72016 0.817176
-1.80247 0.888093
-1.78601 0.877781
-1.80796 0.893271
-1.80247 0.872648
-1.83539 0.908897
-1.82442 0.893271
-1.75857 0.852266
-1.78052 0.862427
-1.75857 0.827127
-1.64883 0.777977
-1.72016 0.822144
-1.71468 0.797456
-1.78601 0.872648
-1.7915 0.862427
-1.73114 0.832124
-1.77503 0.862427
-1.75309 0.862427
-1.86283 0.908897
-1.84636 0.898465
-1.81893 0.88293
-1.78052 0.827127
-1.7476 0.837137
-1.7476 0.852266
-1.78052 0.872648
-1.8738 0.929941
-1.89026 0.945883
-1.90123 0.945883
-1.8738 0.929941
-1.86831 0.924658
-1.88477 0.93524
-1.91221 0.951227
-1.82442 0.888093
-1.82442 0.898465
-1.78052 0.857339
-1.78601 0.862427
-1.75309 0.832124
-1.73663 0.832124
-1.73663 0.817176
-1.69273 0.782824
-1.73114 0.797456
-1.72565 0.812224
-1.80796 0.862427
-1.7915 0.862427
-1.76406 0.872648
-1.75309 0.852266
-1.76406 0.852266
-1.80796 0.847208
-1.74211 0.802364
-1.74211 0.812224
-1.70919 0.832124
-1.70919 0.802364
-1.81893 0.898465
-1.81893 0.888093
-1.7915 0.862427
-1.77503 0.852266
-1.80247 0.888093
-1.8299 0.898465
-1.7915 0.88293
-1.83539 0.893271
-1.85185 0.908897
-1.7915 0.86753
-1.80796 0.877781
-1.70919 0.832124
-1.8299 0.908897
-1.85185 0.919389
-1.73114 0.837137
-1.76406 0.847208
-1.81893 0.893271
-1.74211 0.847208
-1.81344 0.88293
-1.76406 0.832124
-1.73114 0.817176
-1.74211 0.842165
-1.77503 0.847208
-1.73114 0.817176
-1.75309 0.837137
-1.70919 0.807286
-1.66529 0.782824
-1.72565 0.832124
-1.78601 0.88293
-1.76406 0.86753
-1.73114 0.842165
-1.84088 0.914135
-1.87929 0.93524
-1.83539 0.908897
-1.79698 0.877781
-1.78052 0.862427
-1.77503 0.877781
-1.81344 0.88293
-1.81893 0.903673
-1.86831 0.924658
-1.86283 0.908897
-1.84636 0.908897
-1.76406 0.852266
-1.77503 0.852266
-1.75857 0.837137
-1.75857 0.827127
-1.77503 0.852266
-1.72016 0.817176
-1.75857 0.847208
-1.71468 0.827127
-1.76406 0.862427
-1.7476 0.852266
-1.78601 0.888093
-1.75309 0.847208
-1.75309 0.817176
-1.76955 0.857339
-1.70919 0.812224
-1.75857 0.847208
-1.78601 0.877781
-1.76406 0.857339
-1.76955 0.88293
-1.75857 0.86753
-1.78052 0.872648
-1.75309 0.847208
-1.7915 0.86753
-1.80247 0.86753
-1.82442 0.888093
-1.82442 0.88293
-1.84088 0.914135
-1.80247 0.893271
-1.82442 0.893271
-1.85734 0.908897
-1.81344 0.898465
-1.80247 0.888093
-1.77503 0.862427
-1.71468 0.827127
-1.80247 0.857339
-1.75857 0.86753
-1.7915 0.847208
-1.78601 0.86753
-1.75309 0.832124
-1.78601 0.86753
-1.78052 0.857339
-1.66529 0.792564
-1.67627 0.787687
-1.72016 0.812224
-1.63786 0.773145
-1.72565 0.797456
-1.63237 0.739742
-1.72016 0.787687
-1.70919 0.787687
-1.70919 0.763526
-1.74211 0.807286
-1.73663 0.832124
-1.77503 0.847208
-1.84088 0.908897
-1.75857 0.862427
-1.72016 0.832124
-1.7476 0.832124
-1.76406 0.832124
-1.79698 0.842165
-1.67078 0.758739
-1.73663 0.822144
-1.76955 0.852266
-1.75309 0.842165
-1.71468 0.817176
-1.73114 0.837137
-1.76406 0.86753
-1.80796 0.877781
-1.78052 0.852266
-1.75857 0.852266
-1.7915 0.877781
-1.75309 0.847208
-1.66529 0.763526
-1.73114 0.787687
-1.73114 0.763526
-1.75857 0.832124
-1.73114 0.807286
-1.75857 0.862427
-1.7915 0.862427
-1.77503 0.86753
-1.76406 0.837137
-1.68176 0.797456
-1.69822 0.777977
-1.7476 0.827127
-1.76406 0.857339
-1.7037 0.817176
-1.79698 0.898465
-1.89575 0.940554
-1.78601 0.872648
-1.81344 0.893271
-1.80247 0.893271
-1.81893 0.88293
-1.78601 0.877781
-1.85734 0.919389
-1.9177 0.951227
-1.83539 0.908897
-1.8299 0.914135
-1.8299 0.908897
-1.81344 0.898465
-1.78601 0.88293
-1.69822 0.827127
-1.72016 0.837137
-1.76955 0.842165
-1.79698 0.857339
-1.81344 0.857339
-1.77503 0.837137
-1.75309 0.852266
-1.76955 0.857339
-1.79698 0.88293
-1.79698 0.877781
-1.72565 0.847208
-1.7476 0.862427
-1.82442 0.903673
-1.84636 0.903673
-1.87929 0.929941
-1.87929 0.93524
-1.85185 0.919389
-1.83539 0.903673
-1.78052 0.88293
-1.89026 0.940554
-1.9561 0.978173
-1.93416 0.956586
-1.8299 0.908897
-1.83539 0.898465
-1.78601 0.852266
-1.69273 0.787687
-1.73114 0.807286
-1.63237 0.773145
-1.74211 0.837137
-1.82442 0.893271
-1.80796 0.898465
-1.8299 0.903673
-1.7476 0.862427
-1.81893 0.903673
-1.7915 0.888093
-1.75857 0.862427
-1.73663 0.847208
-1.68176 0.817176
-1.78601 0.877781
-1.81344 0.88293
-1.85185 0.914135
-1.81344 0.88293
-1.7915 0.862427
-1.78601 0.852266
-1.76406 0.862427
-1.84088 0.893271
-1.86283 0.908897
-1.82442 0.862427
-1.79698 0.86753
-1.80247 0.862427
-1.72565 0.822144
-1.72565 0.842165
-1.78601 0.877781
-1.78601 0.88293
-1.78052 0.877781
-1.74211 0.862427
-1.73663 0.817176
-1.77503 0.852266
-1.7915 0.877781
-1.76955 0.862427
-1.78052 0.857339
-1.81893 0.893271
-1.85734 0.914135
-1.8299 0.888093
-1.69273 0.807286
-1.71468 0.827127
-1.78601 0.872648
-1.65432 0.797456
-1.65432 0.777977
-1.72016 0.792564
-1.72565 0.777977
-1.64335 0.744468
-1.64335 0.744468
-1.66529 0.763526
-1.75309 0.827127
-1.7476 0.837137
-1.68724 0.812224
-1.75309 0.842165
-1.74211 0.857339
-1.69822 0.827127
-1.7476 0.847208
-1.84088 0.898465
-1.8299 0.893271
-1.86283 0.929941
-1.89575 0.940554
-1.78601 0.877781
-1.84088 0.908897
-1.84088 0.903673
-1.73663 0.842165
-1.80247 0.86753
-1.72016 0.842165
-1.78052 0.86753
-1.8299 0.903673
-1.79698 0.857339
-1.7915 0.847208
-1.85734 0.914135
-1.84636 0.893271
-1.81893 0.88293
-1.85185 0.903673
-1.86283 0.929941
-1.87929 0.924658
-1.84088 0.919389
-1.79698 0.88293
-1.83539 0.908897
-1.85185 0.919389
-1.83539 0.908897
-1.81344 0.877781
-1.8299 0.88293
-1.84088 0.893271
-1.85185 0.908897
-1.84088 0.903673
-1.82442 0.893271
-1.81344 0.877781
-1.75309 0.852266
-1.77503 0.877781
-1.84088 0.914135
-1.78052 0.852266
-1.81893 0.888093
-1.84088 0.908897
-1.77503 0.88293
-1.76406 0.852266
-1.76406 0.832124
-1.73114 0.812224
-1.65981 0.74921
-1.73663 0.822144
-1.68724 0.792564
-1.69273 0.792564
-1.70919 0.837137
-1.73114 0.842165
-1.80796 0.872648
-1.76406 0.832124
-1.77503 0.842165
-1.84088 0.898465
-1.81344 0.888093
-1.76406 0.86753
-1.79698 0.872648
-1.75309 0.847208
-1.73663 0.852266
-1.78052 0.872648
-1.76955 0.86753
-1.80796 0.88293
-1.80796 0.903673
-1.76406 0.852266
-1.76955 0.842165
-1.8299 0.872648
-1.82442 0.893271
-1.71468 0.817176
-1.78601 0.86753
-1.78052 0.857339
-1.8299 0.877781
-1.78052 0.862427
-1.75309 0.857339
-1.75309 0.842165
-1.76955 0.857339
-1.77503 0.872648
-1.72565 0.807286
-1.74211 0.837137
-1.75309 0.842165
-1.67627 0.777977
-1.79698 0.822144
-1.80247 0.852266
-1.75309 0.817176
-1.78052 0.797456
-1.76955 0.822144
-1.70919 0.787687
-1.73663 0.797456
-1.81344 0.852266
-1.76406 0.807286
-1.65432 0.768328
-1.69273 0.777977
-1.69822 0.807286
-1.80247 0.857339
-1.71468 0.837137
-1.81893 0.877781
-1.78052 0.862427
-1.77503 0.857339
-1.75309 0.852266
-1.73114 0.812224
-1.74211 0.832124
-1.77503 0.852266
-1.7915 0.862427
-1.84088 0.888093
-1.8299 0.898465
-1.81344 0.862427
-1.84636 0.888093
-1.81344 0.88293
-1.85185 0.919389
-1.90672 0.945883
-1.7915 0.88293
-1.82442 0.908897
-1.80796 0.877781
-1.79698 0.888093
-1.85185 0.914135
-1.7915 0.872648
-1.84636 0.914135
-1.84088 0.898465
-1.75857 0.847208
-1.75857 0.857339
-1.75309 0.852266
-1.8299 0.898465
-1.84636 0.903673
-1.80796 0.877781
-1.78052 0.86753
-1.78052 0.86753
-1.72016 0.837137
-1.71468 0.792564
-1.75857 0.842165
-1.69822 0.812224
-1.72565 0.847208
-1.73663 0.852266
-1.80247 0.88293
-1.8299 0.914135
-1.90123 0.945883
-1.86283 0.924658
-1.81893 0.903673
-1.78601 0.888093
-1.74211 0.847208
-1.72565 0.822144
-1.76406 0.852266
-1.72565 0.822144
-1.64335 0.753967
-1.72016 0.822144
-1.75857 0.852266
-1.75857 0.847208
-1.80796 0.893271
-1.86831 0.924658
-1.7915 0.877781
-1.76955 0.872648
-1.88477 0.93524
-1.82442 0.914135
-1.82442 0.903673
-1.85185 0.919389
-1.7915 0.877781
-1.7915 0.857339
-1.76955 0.86753
-1.74211 0.847208
-1.78601 0.862427
-1.83539 0.903673
-1.85734 0.914135
-1.80247 0.888093
-1.73663 0.837137
-1.74211 0.847208
-1.76955 0.857339
-1.74211 0.852266
-1.8299 0.908897
-1.83539 0.893271
-1.75309 0.857339
-1.73663 0.852266
-1.82442 0.903673
-1.80796 0.88293
-1.82442 0.898465
-1.8299 0.898465
-1.82442 0.893271
-1.80247 0.893271
-1.78601 0.88293
-1.8299 0.903673
-1.81893 0.888093
-1.78052 0.847208
-1.75857 0.847208
-1.7476 0.847208
-1.80796 0.872648
-1.80247 0.898465
-1.86831 0.929941
-1.84636 0.903673
-1.76406 0.847208
-1.80796 0.86753
-1.72565 0.812224
-1.72016 0.812224
-1.78601 0.872648
-1.83539 0.903673
-1.80247 0.88293
-1.78052 0.872648
-1.75857 0.857339
-1.83539 0.877781
-1.71468 0.807286
-1.81893 0.893271
-1.73663 0.847208
-1.73114 0.827127
-1.75857 0.837137
-1.78601 0.888093
-1.8299 0.893271
-1.76955 0.842165
-1.69822 0.817176
-1.7037 0.812224
-1.75857 0.852266
-1.82442 0.893271
-1.81344 0.877781
-1.89026 0.929941
-1.85185 0.898465
-1.86283 0.919389
-1.87929 0.93524
-1.86283 0.919389
-1.82442 0.914135
-1.80796 0.877781
-1.79698 0.872648
-1.78601 0.877781
-1.79698 0.872648
-1.81893 0.903673
-1.83539 0.908897
-1.80247 0.893271
-1.78052 0.86753
-1.75309 0.86753
-1.7915 0.877781
-1.84088 0.914135
-1.84088 0.903673
-1.85185 0.924658
-1.80796 0.888093
-1.75857 0.862427
-1.81344 0.888093
-1.79698 0.862427
-1.8299 0.893271
-1.76955 0.872648
-1.7915 0.872648
-1.76955 0.857339
-1.82442 0.888093
-1.79698 0.877781
-1.84088 0.898465
-1.85185 0.903673
-1.8299 0.903673
-1.76406 0.86753
-1.78052 0.88293
-1.81344 0.893271
-1.84636 0.919389
-1.76955 0.852266
-1.80796 0.893271
-1.71468 0.827127
-1.77503 0.842165
-1.82442 0.888093
-1.79698 0.852266
-1.7915 0.88293
-1.78052 0.852266
-1.7915 0.862427
-1.78601 0.86753
-1.75857 0.837137
-1.78601 0.877781
-1.79698 0.88293
-1.84636 0.903673
-1.88477 0.929941
-1.88477 0.940554
-1.8738 0.93524
-1.82442 0.903673
-1.85185 0.908897
-1.91221 0.951227
-1.86283 0.924658
-1.84088 0.903673
-1.84088 0.914135
-1.72565 0.842165
-1.78052 0.862427
-1.72565 0.847208
-1.76406 0.862427
-1.84636 0.908897
-1.78601 0.877781
-1.75857 0.842165
-1.7037 0.777977
-1.67078 0.763526
-1.72016 0.777977
-1.68724 0.758739
-1.73663 0.827127
-1.72016 0.807286
-1.75309 0.832124
-1.75309 0.842165
-1.73114 0.837137
-1.72565 0.842165
-1.76955 0.872648
-1.68724 0.812224
-1.78601 0.86753
-1.86283 0.924658
-1.75857 0.847208
-1.75857 0.837137
-1.76955 0.817176
-1.75309 0.832124
-1.75857 0.812224
-1.81893 0.877781
-1.84088 0.914135
-1.79698 0.88293
-1.81344 0.903673
-1.86831 0.924658
-1.87929 0.929941
-1.7915 0.852266
-1.70919 0.807286
-1.68176 0.773145
-1.7915 0.888093
-1.78601 0.877781
-1.87929 0.924658
-1.76955 0.86753
-1.84088 0.903673
-1.78052 0.877781
-1.74211 0.847208
-1.70919 0.827127
-1.70919 0.827127
-1.78052 0.86753
-1.78601 0.88293
-1.75309 0.832124
-1.7476 0.837137
-1.75857 0.852266
-1.7476 0.812224
-1.70919 0.782824
-1.7037 0.773145
-1.75857 0.822144
-1.73663 0.827127
-1.7915 0.872648
-1.81344 0.877781
-1.74211 0.847208
-1.69822 0.827127
-1.72016 0.822144
-1.67627 0.782824
-1.69273 0.782824
-1.67627 0.74921
-1.68724 0.792564
-1.78601 0.827127
-1.7037 0.787687
-1.66529 0.777977
-1.69822 0.797456
-1.74211 0.822144
-1.72016 0.817176
-1.72565 0.837137
-1.7037 0.807286
-1.80796 0.888093
-1.84636 0.903673
-1.76406 0.847208
-1.75309 0.842165
-1.8299 0.888093
-1.84636 0.914135
-1.82442 0.893271
-1.72016 0.847208
-1.7476 0.852266
-1.72565 0.847208
-1.81344 0.888093
-1.7915 0.888093
-1.78601 0.88293
-1.75309 0.86753
-1.79698 0.893271
-1.88477 0.929941
-1.7476 0.852266
-1.67627 0.797456
-1.67627 0.797456
-1.71468 0.802364
-1.75309 0.827127
-1.69822 0.802364
-1.72565 0.842165
-1.71468 0.797456
-1.68724 0.787687
-1.68176 0.792564
-1.65432 0.768328
-1.69273 0.797456
-1.69822 0.792564
-1.76955 0.832124
-1.81893 0.857339
-1.81344 0.893271
-1.78052 0.872648
-1.7915 0.877781
-1.79698 0.872648
-1.81344 0.898465
-1.81893 0.877781
-1.7476 0.842165
-1.7476 0.857339
-1.77503 0.852266
-1.79698 0.877781
-1.79698 0.893271
-1.78601 0.822144
-1.73114 0.792564
-1.76406 0.802364
-1.7476 0.768328
-1.7476 0.773145
-1.76406 0.768328
-1.81344 0.822144
-1.78052 0.792564
-1.8299 0.86753
-1.7476 0.827127
-1.7915 0.872648
-1.79698 0.877781
-1.80796 0.888093
-1.7476 0.857339
-1.82442 0.888093
-1.77503 0.88293
-1.81344 0.898465
-1.81893 0.903673
-1.8738 0.929941
-1.73663 0.86753
-1.7476 0.827127
-1.72565 0.832124
-1.75857 0.857339
-1.82442 0.914135
-1.87929 0.919389
-1.84636 0.919389
-1.78052 0.86753
-1.80796 0.88293
-1.78601 0.852266
-1.7915 0.88293
-1.79698 0.888093
-1.84088 0.914135
-1.7915 0.88293
-1.79698 0.877781
-1.83539 0.893271
-1.80796 0.893271
-1.84636 0.903673
-1.86831 0.924658
-1.80247 0.893271
-1.75857 0.847208
-1.76955 0.852266
-1.75857 0.857339
-1.7476 0.852266
-1.80796 0.888093
-1.84088 0.908897
-1.86831 0.929941
-1.82442 0.914135
-1.81893 0.893271
-1.81893 0.893271
-1.86283 0.919389
-1.84636 0.908897
-1.72016 0.822144
-1.73663 0.837137
-1.72565 0.802364
-1.71468 0.802364
-1.76406 0.842165
-1.79698 0.862427
-1.81344 0.877781
-1.76955 0.842165
-1.7915 0.847208
-1.78052 0.862427
-1.74211 0.852266
-1.83539 0.919389
-1.84636 0.919389
-1.80796 0.88293
-1.84636 0.914135
-1.7915 0.88293
-1.80796 0.898465
-1.81344 0.898465
-1.85734 0.924658
-1.85734 0.924658
-1.80796 0.898465
-1.76955 0.872648
-1.78052 0.888093
-1.71468 0.817176
-1.7915 0.862427
-1.7037 0.827127
-1.73663 0.837137
-1.69822 0.812224
-1.72016 0.842165
-1.64335 0.807286
-1.75857 0.86753
-1.72016 0.842165
-1.78052 0.842165
-1.81893 0.888093
-1.75309 0.827127
-1.70919 0.797456
-1.65981 0.758739
-1.78601 0.857339
-1.80247 0.877781
-1.8299 0.898465
-1.81893 0.898465
-1.71468 0.847208
-1.74211 0.842165
-1.76955 0.86753
-1.8299 0.893271
-1.79698 0.893271
-1.85185 0.908897
-1.85185 0.908897
-1.90672 0.93524
-1.86831 0.924658
-1.80247 0.888093
-1.80247 0.88293
-1.79698 0.888093
-1.80796 0.86753
-1.75857 0.862427
-1.78601 0.88293
-1.76406 0.852266
-1.70919 0.812224
-1.73114 0.817176
-1.72565 0.802364
-1.68724 0.792564
-1.7915 0.857339
-1.75857 0.842165
-1.8299 0.898465
-1.81893 0.893271
-1.7476 0.842165
-1.76955 0.888093
-1.70919 0.812224
-1.71468 0.817176
-1.73114 0.822144
-1.7915 0.877781
-1.81893 0.88293
-1.78601 0.847208
-1.68724 0.768328
-1.66529 0.787687
-1.73663 0.837137
-1.76955 0.842165
-1.77503 0.86753
-1.73114 0.847208
-1.79698 0.88293
-1.73663 0.842165
-1.76955 0.847208
-1.8299 0.893271
-1.81344 0.88293
-1.78052 0.847208
-1.75309 0.847208
-1.78052 0.872648
-1.85185 0.908897
-1.84636 0.898465
-1.8738 0.908897
-1.84088 0.908897
-1.80796 0.888093
-1.89026 0.940554
-1.74211 0.832124
-1.78052 0.86753
-1.79698 0.888093
-1.82442 0.888093
-1.85185 0.914135
-1.8299 0.893271
-1.87929 0.93524
-1.84088 0.908897
-1.77503 0.872648
-1.82442 0.888093
-1.7476 0.837137
-1.7037 0.832124
-1.74211 0.842165
-1.79698 0.88293
-1.78052 0.872648
-1.73663 0.842165
-1.73114 0.812224
-1.73114 0.787687
-1.73114 0.773145
-1.73114 0.773145
-1.69822 0.768328
-1.7037 0.768328
-1.72565 0.787687
-1.76955 0.807286
-1.76406 0.817176
-1.75309 0.832124
-1.8299 0.893271
-1.84088 0.898465
-1.85734 0.924658
-1.85734 0.924658
-1.84636 0.908897
-1.7915 0.832124
-1.78601 0.827127
-1.70919 0.792564
-1.7037 0.768328
-1.75857 0.74921
-1.64883 0.730333
-1.7037 0.707076
-1.67078 0.707076
-1.66529 0.684194
-1.63786 0.66169
-1.6214 0.66169
-1.58848 0.693302
-1.69273 0.753967
-1.75857 0.837137
-1.81344 0.872648
-1.7476 0.832124
-1.76955 0.857339
-1.77503 0.857339
-1.83539 0.914135
-1.86283 0.929941
-1.86831 0.929941
-1.81344 0.893271
-1.89026 0.93524
-1.85185 0.924658
-1.86283 0.924658
-1.83539 0.893271
-1.85734 0.914135
-1.81344 0.888093
-1.79698 0.893271
-1.84088 0.903673
-1.78601 0.88293
-1.75309 0.857339
-1.79698 0.852266
-1.72565 0.842165
-1.69822 0.822144
-1.75857 0.842165
-1.7915 0.877781
-1.82442 0.888093
-1.86283 0.914135
-1.84088 0.903673
-1.77503 0.862427
-1.86831 0.914135
-1.83539 0.898465
-1.89575 0.940554
-1.89026 0.929941
-1.80796 0.877781
-1.85734 0.919389
-1.74211 0.857339
-1.72016 0.832124
-1.7037 0.812224
-1.73663 0.832124
-1.71468 0.827127
-1.84636 0.893271
-1.82442 0.86753
-1.8299 0.893271
-1.75309 0.86753
-1.70919 0.822144
-1.75309 0.847208
-1.72016 0.832124
-1.67078 0.792564
-1.65432 0.758739
-1.62689 0.763526
-1.61043 0.74921
-1.61043 0.725652
-1.58848 0.688741
-1.7037 0.787687
-1.69273 0.739742
-1.69822 0.753967
-1.64883 0.725652
-1.66529 0.739742
-1.68724 0.763526
-1.72565 0.817176
-1.74211 0.812224
-1.75309 0.837137
-1.68724 0.802364
-1.67627 0.797456
-1.62689 0.763526
-1.69822 0.787687
-1.73663 0.857339
-1.76406 0.86753
-1.76406 0.872648
-1.77503 0.862427
-1.72565 0.822144
-1.80796 0.88293
-1.78601 0.877781
-1.84088 0.898465
-1.8738 0.93524
-1.92318 0.96196
-1.83539 0.903673
-1.75309 0.842165
-1.80247 0.888093
-1.79698 0.877781
-1.73663 0.822144
-1.84636 0.898465
-1.80247 0.857339
-1.81344 0.857339
-1.75309 0.827127
-1.63786 0.782824
-1.7915 0.877781
-1.79698 0.872648
-1.80796 0.877781
-1.7037 0.822144
-1.78052 0.872648
-1.80247 0.88293
-1.7915 0.86753
-1.74211 0.827127
-1.76406 0.862427
-1.78052 0.877781
-1.87929 0.940554
-1.85734 0.908897
-1.86283 0.893271
-1.87929 0.929941
-1.8299 0.888093
-1.78601 0.847208
-1.75309 0.847208
-1.70919 0.817176
-1.7915 0.862427
-1.73114 0.797456
-1.71468 0.817176
-1.80796 0.872648
-1.76406 0.86753
-1.82442 0.903673
-1.81344 0.903673
-1.8738 0.93524
-1.78052 0.872648
-1.84088 0.908897
-1.83539 0.888093
-1.75309 0.852266
-1.8299 0.908897
-1.84088 0.908897
-1.80247 0.888093
-1.84088 0.914135
-1.81344 0.893271
-1.81893 0.888093
-1.76406 0.847208
-1.84636 0.914135
-1.8299 0.893271
-1.85185 0.903673
-1.75309 0.847208
-1.7476 0.837137
-1.74211 0.847208
-1.72565 0.817176
-1.7476 0.832124
-1.80796 0.86753
-1.85185 0.914135
-1.83539 0.898465
-1.79698 0.86753
-1.78601 0.862427
-1.71468 0.827127
-1.76406 0.852266
-1.7476 0.837137
-1.7037 0.822144
-1.73114 0.832124
-1.73663 0.847208
-1.68724 0.792564
-1.73663 0.797456
-1.74211 0.827127
-1.80796 0.88293
-1.76406 0.837137
-1.66529 0.797456
-1.7476 0.842165
-1.74211 0.822144
-1.79698 0.86753
-1.76955 0.857339
-1.78052 0.877781
-1.77503 0.86753
-1.76955 0.862427
-1.78601 0.88293
-1.83539 0.914135
-1.86283 0.929941
-1.8738 0.929941
-1.85185 0.919389
-1.85734 0.924658
-1.81893 0.893271
-1.84088 0.919389
-1.89575 0.945883
-1.75309 0.872648
-1.71468 0.832124
-1.70919 0.832124
-1.73114 0.832124
-1.72565 0.827127
-1.72016 0.827127
-1.67078 0.807286
-1.72565 0.837137
-1.77503 0.857339
-1.73663 0.837137
-1.64335 0.730333
-1.69273 0.753967
-1.7037 0.827127
-1.68724 0.792564
-1.75309 0.842165
-1.80247 0.888093
-1.82442 0.903673
-1.76406 0.872648
-1.85185 0.903673
-1.80796 0.888093
-1.81893 0.898465
-1.86831 0.929941
-1.85185 0.919389
-1.82442 0.908897
-1.8299 0.898465
-1.75309 0.857339
-1.73114 0.852266
-1.78601 0.88293
-1.79698 0.88293
-1.86831 0.924658
-1.85185 0.914135
-1.81893 0.888093
-1.77503 0.872648
-1.74211 0.852266
-1.75309 0.817176
-1.68724 0.802364
-1.74211 0.837137
-1.73114 0.822144
-1.70919 0.807286
-1.7915 0.88293
-1.78052 0.88293
-1.83539 0.908897
-1.81893 0.888093
-1.81893 0.888093
-1.86283 0.919389
-1.85185 0.919389
-1.84636 0.903673
-1.87929 0.914135
-1.81344 0.888093
-1.85185 0.908897
-1.80796 0.888093
-1.81893 0.903673
-1.7915 0.888093
-1.7476 0.86753
-1.75309 0.842165
-1.82442 0.903673
-1.73114 0.827127
-1.75857 0.852266
-1.81893 0.898465
-1.85734 0.924658
-1.78052 0.88293
-1.85185 0.914135
-1.91221 0.956586
-1.80247 0.893271
-1.7915 0.88293
-1.74211 0.837137
-1.74211 0.832124
-1.73114 0.837137
-1.7476 0.862427
-1.75309 0.842165
-1.69822 0.817176
-1.68176 0.822144
-1.73114 0.857339
-1.67078 0.792564
-1.7037 0.777977
-1.76406 0.847208
-1.80247 0.862427
-1.75309 0.842165
-1.7037 0.822144
-1.7476 0.837137
-1.80247 0.877781
-1.79698 0.872648
-1.90672 0.924658
-1.86283 0.924658
-1.89575 0.940554
-1.80796 0.88293
-1.79698 0.88293
-1.7476 0.852266
-1.7915 0.86753
-1.79698 0.88293
-1.7915 0.872648
-1.76406 0.852266
-1.80796 0.877781
-1.82442 0.893271
-1.7915 0.877781
-1.75309 0.852266
-1.69822 0.807286
-1.69273 0.832124
-1.7476 0.832124
-1.73114 0.777977
-1.65981 0.797456
-1.72016 0.807286
-1.73114 0.822144
-1.75309 0.852266
-1.72565 0.842165
-1.80247 0.857339
-1.80796 0.862427
-1.79698 0.852266
-1.82442 0.872648
-1.79698 0.872648
-1.81893 0.893271
-1.76955 0.857339
-1.78601 0.872648
-1.78052 0.88293
-1.77503 0.872648
-1.76406 0.842165
-1.77503 0.877781
-1.8299 0.908897
-1.84088 0.914135
-1.84636 0.919389
-1.81893 0.88293
-1.84088 0.908897
-1.86831 0.924658
-1.81344 0.888093
-1.7915 0.86753
-1.75857 0.86753
-1.70919 0.822144
-1.69273 0.802364
-1.70919 0.807286
-1.66529 0.763526
-1.64883 0.777977
-1.67078 0.763526
-1.69822 0.773145
-1.61043 0.739742
-1.74211 0.812224
-1.67078 0.792564
-1.67627 0.807286
-1.68724 0.787687
-1.72016 0.822144
-1.67627 0.782824
-1.70919 0.768328
-1.68176 0.787687
-1.67627 0.782824
-1.67627 0.787687
-1.72565 0.807286
-1.79698 0.88293
-1.83539 0.88293
-1.85185 0.914135
-1.89026 0.93524
-1.76955 0.847208
-1.78601 0.872648
-1.76955 0.857339
-1.81344 0.877781
-1.81344 0.88293
-1.7476 0.852266
-1.73663 0.832124
-1.73114 0.837137
-1.73663 0.837137
-1.80796 0.893271
-1.80247 0.88293
-1.7476 0.86753
-1.72016 0.847208
-1.73114 0.832124
-1.78601 0.872648
-1.81893 0.893271
-1.89575 0.945883
-1.82442 0.903673
-1.8299 0.903673
-1.7915 0.877781
-1.84636 0.914135
-1.90123 0.945883
-1.85734 0.924658
-1.83539 0.903673
-1.80247 0.888093
-1.81344 0.893271
-1.78601 0.88293
-1.80247 0.877781
-1.85185 0.919389
-1.77503 0.862427
-1.81893 0.86753
-1.78601 0.86753
-1.73114 0.822144
-1.77503 0.852266
-1.74211 0.847208
-1.75309 0.862427
-1.80247 0.888093
-1.76955 0.86753
-1.7915 0.86753
-1.7915 0.877781
-1.67627 0.817176
-1.73663 0.847208
-1.76406 0.862427
-1.72016 0.827127
-1.77503 0.837137
-1.77503 0.852266
-1.72565 0.852266
-1.81893 0.898465
-1.85734 0.919389
-1.85734 0.877781
-1.75309 0.842165
-1.73663 0.817176
-1.7476 0.817176
-1.69273 0.782824
-1.67627 0.758739
-1.67078 0.777977
-1.63786 0.739742
-1.69273 0.777977
-1.73663 0.847208
-1.90123 0.945883
-1.81893 0.903673
-1.84088 0.914135
-1.86831 0.924658
-1.82442 0.898465
-1.83539 0.914135
-1.86831 0.929941
-1.81893 0.893271
-1.8738 0.919389
-1.86831 0.919389
-1.85734 0.908897
-1.82442 0.893271
-1.83539 0.908897
-1.84088 0.914135
-1.86831 0.929941
-1.78601 0.88293
-1.81344 0.903673
-1.81344 0.898465
-1.89575 0.940554
-1.86831 0.929941
-1.80796 0.898465
-1.7915 0.888093
-1.79698 0.872648
-1.84636 0.903673
-1.86283 0.924658
-1.86831 0.924658
-1.84088 0.898465
-1.78601 0.88293
-1.81344 0.893271
-1.85734 0.903673
-1.77503 0.88293
-1.7915 0.888093
-1.75857 0.852266
-1.72016 0.817176
-1.72565 0.802364
-1.75309 0.822144
-1.78052 0.837137
-1.70919 0.812224
-1.68176 0.792564
-1.78052 0.857339
-1.85734 0.914135
-1.84636 0.908897
-1.81893 0.888093
-1.85185 0.924658
-1.85734 0.914135
-1.77503 0.877781
-1.76406 0.857339
-1.77503 0.852266
-1.76406 0.832124
-1.81893 0.857339
-1.8299 0.88293
-1.81893 0.88293
-1.8299 0.893271
-1.82442 0.898465
-1.82442 0.903673
-1.75309 0.862427
-1.67627 0.807286
-1.71468 0.787687
-1.72565 0.802364
-1.71468 0.817176
-1.85734 0.88293
-1.83539 0.898465
-1.81344 0.893271
-1.7476 0.837137
-1.81344 0.898465
-1.90123 0.945883
-1.85734 0.914135
-1.85185 0.924658
-1.79698 0.893271
-1.82442 0.903673
-1.7915 0.86753
-1.7915 0.888093
-1.72016 0.857339
-1.78052 0.88293
-1.80796 0.88293
-1.78601 0.88293
-1.77503 0.872648
-1.68176 0.807286
-1.78052 0.877781
-1.72565 0.827127
-1.6214 0.753967
-1.69822 0.812224
-1.69822 0.807286
-1.6214 0.74921
-1.65432 0.787687
-1.65432 0.787687
-1.69822 0.807286
-1.68176 0.739742
-1.72016 0.787687
-1.70919 0.802364
-1.78601 0.847208
-1.78601 0.877781
-1.78601 0.88293
-1.7915 0.852266
-1.73114 0.807286
-1.80796 0.86753
-1.78052 0.862427
-1.78052 0.872648
-1.75857 0.86753
-1.78052 0.877781
-1.80796 0.893271
-1.83539 0.898465
-1.7476 0.822144
-1.73663 0.797456
-1.75309 0.787687
-1.67627 0.720985
-1.75857 0.797456
-1.7476 0.842165
-1.75309 0.817176
-1.72016 0.832124
-1.75857 0.827127
-1.7037 0.807286
-1.73663 0.837137
-1.64883 0.787687
-1.69273 0.802364
-1.68724 0.812224
-1.79698 0.877781
-1.81893 0.893271
-1.83539 0.898465
-1.81344 0.877781
-1.73114 0.847208
-1.76406 0.837137
-1.71468 0.842165
-1.7037 0.807286
-1.67627 0.773145
-1.70919 0.827127
-1.76406 0.862427
-1.7476 0.847208
-1.84636 0.893271
-1.84636 0.903673
-1.81344 0.88293
-1.83539 0.914135
-1.77503 0.872648
-1.78601 0.862427
-1.78052 0.86753
-1.85734 0.919389
-1.8738 0.93524
-1.85185 0.924658
-1.84088 0.919389
-1.75309 0.852266
-1.73663 0.832124
-1.68176 0.792564
-1.80247 0.847208
-1.74211 0.842165
-1.77503 0.88293
-1.7476 0.847208
-1.80796 0.893271
-1.81893 0.903673
-1.73114 0.832124
-1.78052 0.847208
-1.72016 0.827127
-1.67078 0.773145
-1.7476 0.822144
-1.77503 0.832124
-1.80247 0.857339
-1.7476 0.822144
-1.61591 0.74921
-1.72565 0.812224
-1.72016 0.822144
-1.69822 0.812224
-1.71468 0.842165
-1.7915 0.862427
-1.78601 0.872648
-1.83539 0.903673
-1.78052 0.847208
-1.78052 0.837137
-1.78601 0.852266
-1.81893 0.893271
-1.84088 0.908897
-1.79698 0.872648
-1.74211 0.862427
-1.78601 0.862427
-1.71468 0.812224
-1.76406 0.862427
-1.75857 0.842165
-1.76406 0.832124
-1.79698 0.842165
-1.77503 0.857339
-1.72016 0.807286
-1.82442 0.893271
-1.77503 0.862427
-1.77503 0.847208
-1.78052 0.872648
-1.75309 0.852266
-1.79698 0.872648
-1.86831 0.919389
-1.75857 0.857339
-1.71468 0.817176
-1.76406 0.86753
-1.82442 0.903673
-1.7476 0.852266
-1.76955 0.857339
-1.7915 0.857339
-1.69822 0.787687
-1.68176 0.812224
-1.72565 0.822144
-1.73663 0.847208
-1.72565 0.832124
-1.75309 0.847208
-1.68176 0.807286
-1.78601 0.862427
-1.80796 0.872648
-1.75857 0.847208
-1.74211 0.837137
-1.75857 0.852266
-1.80247 0.893271
-1.73663 0.842165
-1.68724 0.792564
-1.70919 0.782824
-1.75857 0.817176
-1.69822 0.792564
-1.65432 0.753967
-1.64883 0.753967
-1.75857 0.847208
-1.71468 0.792564
-1.72016 0.812224
-1.73663 0.802364
-1.75309 0.822144
-1.7915 0.842165
-1.81893 0.877781
-1.85185 0.908897
-1.86831 0.914135
-1.85185 0.914135
-1.8299 0.903673
-1.85734 0.924658
-1.84636 0.919389
-1.79698 0.888093
-1.83539 0.908897
-1.86283 0.924658
-1.83539 0.903673
-1.80796 0.877781
-1.72016 0.842165
-1.78052 0.877781
-1.7476 0.832124
-1.68724 0.802364
-1.75309 0.847208
-1.75857 0.842165
-1.66529 0.792564
-1.77503 0.857339
-1.78601 0.88293
-1.73114 0.847208
-1.72016 0.822144
-1.81344 0.88293
-1.75309 0.852266
-1.73114 0.832124
-1.73114 0.842165
-1.76955 0.872648
-1.78601 0.877781
-1.75857 0.857339
-1.72016 0.852266
-1.72016 0.842165
-1.86831 0.93524
-1.89575 0.940554
-1.70919 0.832124
-1.78052 0.86753
-1.69273 0.807286
-1.64883 0.768328
-1.71468 0.817176
-1.72016 0.817176
-1.78052 0.857339
-1.85185 0.908897
-1.81344 0.888093
-1.80796 0.88293
-1.78601 0.86753
-1.75309 0.852266
-1.7476 0.847208
-1.81344 0.88293
-1.78601 0.872648
-1.74211 0.852266
-1.81893 0.88293
-1.73663 0.857339
-1.71468 0.837137
-1.7037 0.832124
-1.7915 0.862427
-1.76955 0.86753
-1.70919 0.837137
-1.76955 0.847208
-1.74211 0.812224
-1.73114 0.827127
-1.73663 0.802364
-1.78052 0.862427
-1.81344 0.893271
-1.8299 0.903673
-1.8299 0.888093
-1.76406 0.827127
-1.67627 0.773145
-1.75857 0.812224
-1.65432 0.792564
-1.68176 0.792564
-1.76955 0.86753
-1.85734 0.914135
-1.84636 0.914135
-1.89575 0.945883
-1.79698 0.898465
-1.86283 0.914135
-1.80247 0.872648
-1.78052 0.877781
-1.85185 0.914135
-1.85734 0.908897
-1.82442 0.903673
-1.74211 0.847208
-1.79698 0.88293
-1.72565 0.857339
-1.77503 0.857339
-1.80247 0.893271
-1.73114 0.832124
-1.80796 0.893271
-1.8299 0.903673
-1.84088 0.888093
-1.79698 0.877781
-1.78052 0.862427
-1.79698 0.88293
-1.73663 0.852266
-1.7476 0.857339
-1.73663 0.837137
-1.84088 0.893271
-1.76406 0.847208
-1.78601 0.877781
-1.73663 0.837137
-1.79698 0.88293
-1.77503 0.86753
-1.81344 0.893271
-1.83539 0.908897
-1.80796 0.88293
-1.7915 0.86753
-1.84088 0.903673
-1.79698 0.88293
-1.75309 0.837137
-1.77503 0.862427
-1.81893 0.862427
-1.82442 0.898465
-1.78052 0.872648
-1.80796 0.893271
-1.76406 0.86753
-1.80796 0.86753
-1.81344 0.872648
-1.8299 0.88293
-1.76955 0.857339
-1.73114 0.827127
-1.75857 0.842165
-1.76955 0.862427
-1.76406 0.857339
-1.69822 0.792564
-1.78052 0.852266
-1.80247 0.86753
-1.78601 0.872648
-1.73663 0.842165
-1.7915 0.872648
-1.74211 0.822144
-1.72016 0.827127
-1.76955 0.852266
-1.77503 0.877781
-1.84088 0.903673
-1.85185 0.924658
-1.83539 0.898465
-1.80796 0.857339
-1.72565 0.817176
-1.69273 0.797456
-1.71468 0.827127
-1.81893 0.88293
-1.78601 0.877781
-1.86831 0.919389
-1.81893 0.898465
-1.79698 0.877781
-1.76955 0.877781
-1.7476 0.86753
-1.78601 0.88293
-1.80796 0.88293
-1.86831 0.919389
-1.83539 0.903673
-1.91221 0.951227
-1.85185 0.924658
-1.85734 0.924658
-1.8738 0.93524
-1.86283 0.929941
-1.86283 0.929941
-1.86831 0.919389
-1.78052 0.86753
-1.79698 0.86753
-1.74211 0.847208
-1.72565 0.837137
-1.75857 0.86753
-1.76955 0.862427
-1.8738 0.93524
-1.88477 0.940554
-1.82442 0.903673
-1.85734 0.924658
-1.89026 0.93524
-1.80796 0.903673
-1.81344 0.898465
-1.85185 0.924658
-1.86283 0.929941
-1.91221 0.956586
-1.76406 0.852266
-1.8299 0.888093
-1.82442 0.898465
-1.79698 0.857339
-1.81344 0.888093
-1.85734 0.924658
-1.79698 0.893271
-1.80796 0.877781
-1.78052 0.857339
-1.80796 0.88293
-1.80796 0.888093
-1.80247 0.893271
-1.7915 0.88293
-1.82442 0.903673
-1.77503 0.862427
-1.78601 0.872648
-1.7915 0.877781
-1.78052 0.88293
-1.74211 0.837137
-1.81344 0.872648
-1.86283 0.898465
-1.86283 0.898465
-1.76406 0.86753
-1.76406 0.862427
-1.78052 0.872648
-1.7037 0.832124
-1.70919 0.807286
-1.69822 0.797456
-1.68724 0.807286
-1.72016 0.802364
-1.79698 0.862427
-1.80796 0.888093
-1.8299 0.893271
-1.82442 0.903673
-1.87929 0.93524
-1.7915 0.88293
-1.80247 0.888093
-1.72565 0.847208
-1.76406 0.872648
-1.86831 0.914135
-1.7915 0.88293
-1.72565 0.832124
-1.74211 0.817176
-1.72016 0.797456
-1.65981 0.768328
-1.63237 0.739742
-1.65981 0.763526
-1.73663 0.812224
-1.78052 0.832124
-1.8299 0.86753
-1.70919 0.802364
-1.68724 0.773145
-1.65981 0.773145
-1.70919 0.797456
-1.71468 0.797456
-1.72016 0.782824
-1.72016 0.832124
-1.72016 0.812224
-1.74211 0.827127
-1.78052 0.862427
-1.81893 0.893271
-1.84088 0.914135
-1.74211 0.847208
-1.72016 0.832124
-1.7915 0.888093
-1.78052 0.88293
-1.79698 0.888093
-1.81893 0.903673
-1.84636 0.903673
-1.78601 0.872648
-1.79698 0.888093
-1.76955 0.857339
-1.82442 0.888093
-1.81893 0.88293
-1.81344 0.88293
-1.78601 0.877781
-1.75309 0.842165
-1.7476 0.852266
-1.76955 0.857339
-1.80247 0.888093
-1.7476 0.847208
-1.72016 0.827127
-1.76955 0.862427
-1.81344 0.888093
-1.78052 0.857339
-1.78052 0.852266
-1.70919 0.797456
-1.79698 0.837137
-1.7915 0.847208
-1.77503 0.837137
-1.73663 0.807286
-1.7037 0.777977
-1.72565 0.777977
-1.73663 0.773145
-1.7915 0.777977
-1.81893 0.832124
-1.79698 0.857339
-1.81344 0.872648
-1.90672 0.951227
-1.89026 0.945883
-1.89575 0.93524
-1.87929 0.93524
-1.85185 0.914135
-1.84636 0.908897
-1.84636 0.919389
-1.83539 0.914135
-1.86831 0.93524
-1.84088 0.919389
-1.79698 0.893271
-1.73663 0.857339
-1.81893 0.903673
-1.77503 0.862427
-1.73114 0.807286
-1.72565 0.797456
-1.79698 0.857339
-1.79698 0.86753
-1.88477 0.914135
-1.80247 0.877781
-1.84636 0.919389
-1.8299 0.914135
-1.81893 0.898465
-1.8299 0.908897
-1.73663 0.832124
-1.7037 0.822144
-1.72565 0.847208
-1.72016 0.842165
-1.78052 0.877781
-1.81344 0.903673
-1.8299 0.903673
-1.74211 0.86753
-1.7915 0.872648
-1.78601 0.877781
-1.80796 0.893271
-1.81893 0.888093
-1.83539 0.903673
-1.76955 0.872648
-1.77503 0.872648
-1.7476 0.847208
-1.7915 0.877781
-1.75309 0.862427
-1.71468 0.832124
-1.75309 0.847208
-1.77503 0.86753
-1.77503 0.877781
-1.80796 0.888093
-1.85734 0.924658
-1.79698 0.88293
-1.79698 0.872648
-1.8299 0.898465
-1.8299 0.888093
-1.80247 0.877781
-1.84088 0.903673
-1.92318 0.956586
-1.86283 0.919389
-1.84088 0.898465
-1.78052 0.857339
-1.74211 0.832124
-1.8299 0.86753
-1.80247 0.852266
-1.84636 0.898465
-1.75309 0.842165
-1.75857 0.832124
-1.69822 0.797456
-1.78052 0.86753
-1.77503 0.862427
-1.73114 0.837137
-1.76955 0.852266
-1.81893 0.86753
-1.74211 0.852266
-1.7915 0.877781
-1.80247 0.877781
-1.78052 0.86753
-1.71468 0.832124
-1.76406 0.862427
-1.73114 0.832124
-1.75857 0.857339
-1.69273 0.817176
-1.7915 0.877781
-1.78052 0.852266
-1.74211 0.822144
-1.69273 0.812224
-1.81893 0.893271
-1.80796 0.88293
-1.73663 0.837137
-1.68724 0.832124
-1.75309 0.842165
-1.75309 0.827127
-1.79698 0.837137
-1.73663 0.822144
-1.71468 0.822144
-1.7037 0.817176
-1.71468 0.827127
-1.81893 0.893271
-1.87929 0.93524
-1.86831 0.924658
-1.81893 0.898465
-1.73663 0.832124
-1.79698 0.88293
-1.86283 0.914135
-1.82442 0.893271
-1.81893 0.903673
-1.80247 0.893271
-1.8299 0.888093
-1.89575 0.93524
-1.86283 0.919389
-1.83539 0.903673
-1.81893 0.898465
-1.76406 0.852266
-1.84088 0.88293
-1.78052 0.872648
-1.76955 0.86753
-1.82442 0.877781
-1.73663 0.847208
-1.76406 0.862427
-1.75309 0.86753
-1.75309 0.847208
-1.75857 0.857339
-1.76406 0.837137
-1.74211 0.822144
-1.73663 0.807286
-1.76406 0.822144
-1.74211 0.817176
-1.7476 0.832124
-1.79698 0.88293
-1.79698 0.893271
-1.7915 0.88293
-1.75309 0.852266
-1.78601 0.852266
-1.72565 0.837137
-1.70919 0.827127
-1.85734 0.893271
-1.86283 0.914135
-1.84636 0.898465
-1.83539 0.877781
-1.76406 0.847208
-1.7476 0.837137
-1.78601 0.862427
-1.78052 0.847208
-1.79698 0.877781
-1.81344 0.88293
-1.75857 0.857339
-1.77503 0.862427
-1.75309 0.837137
-1.78601 0.877781
-1.7476 0.852266
-1.73663 0.847208
-1.70919 0.837137
-1.75309 0.852266
-1.7037 0.807286
-1.65432 0.758739
-1.75309 0.802364
-1.66529 0.74921
-1.67627 0.725652
-1.67078 0.744468
-1.6214 0.716334
-1.64883 0.716334
-1.7037 0.744468
-1.60494 0.688741
-1.55556 0.622129
-1.59945 0.652793
-1.71468 0.711697
-1.65432 0.720985
-1.6214 0.693302
-1.66529 0.720985
-1.66529 0.777977
-1.73663 0.797456
-1.65432 0.73503
-1.63237 0.730333
-1.6214 0.679663
-1.68724 0.711697
-1.6214 0.679663
-1.6214 0.66169
-1.69273 0.720985
-1.7037 0.725652
-1.70919 0.73503
-1.7037 0.753967
-1.69273 0.744468
-1.67627 0.716334
-1.65981 0.720985
-1.68724 0.768328
-1.64883 0.782824
-1.64335 0.720985
-1.61591 0.697878
-1.59396 0.675147
-1.63786 0.720985
-1.78601 0.822144
-1.76955 0.832124
-1.75309 0.837137
-1.69273 0.807286
-1.7476 0.832124
-1.70919 0.812224
-1.76955 0.857339
-1.80796 0.872648
-1.79698 0.877781
-1.73663 0.822144
-1.7915 0.857339
-1.77503 0.862427
-1.72565 0.792564
-1.76955 0.817176
-1.7476 0.822144
-1.70919 0.797456
-1.73114 0.817176
-1.75857 0.847208
-1.83539 0.898465
-1.80247 0.862427
-1.76406 0.817176
-1.78601 0.827127
-1.69822 0.787687
-1.74211 0.807286
-1.73663 0.822144
-1.76955 0.847208
-1.78052 0.847208
-1.74211 0.817176
-1.75309 0.847208
-1.80247 0.888093
-1.76955 0.852266
-1.78601 0.852266
-1.67627 0.777977
-1.67627 0.777977
-1.70919 0.782824
-1.71468 0.753967
-1.70919 0.782824
-1.78052 0.817176
-1.74211 0.812224
-1.75309 0.832124
-1.76955 0.872648
-1.78052 0.877781
-1.75857 0.857339
-1.76955 0.88293
-1.75857 0.862427
-1.7915 0.852266
-1.80796 0.888093
-1.78601 0.88293
-1.72565 0.837137
-1.69273 0.802364
-1.70919 0.812224
-1.69822 0.807286
-1.62689 0.773145
-1.76406 0.862427
-1.70919 0.832124
-1.75309 0.842165
-1.82442 0.903673
-1.85734 0.914135
-1.8299 0.914135
-1.73114 0.837137
-1.7476 0.822144
-1.7037 0.812224
-1.70919 0.787687
-1.72016 0.812224
-1.6214 0.753967
-1.64335 0.782824
-1.62689 0.753967
-1.63786 0.753967
-1.61591 0.730333
-1.65981 0.773145
-1.72565 0.802364
-1.78052 0.807286
-1.7476 0.797456
-1.75857 0.807286
-1.72565 0.782824
-1.75857 0.807286
-1.73663 0.807286
-1.7476 0.837137
-1.73114 0.817176
-1.59396 0.730333
-1.7037 0.792564
-1.68176 0.768328
-1.77503 0.832124
-1.79698 0.857339
-1.74211 0.807286
-1.78601 0.842165
-1.75857 0.847208
-1.77503 0.847208
-1.7476 0.832124
-1.77503 0.862427
-1.72016 0.812224
-1.69273 0.797456
-1.73663 0.857339
-1.78601 0.88293
-1.76406 0.852266
-1.71468 0.837137
-1.69822 0.832124
-1.69273 0.797456
-1.71468 0.782824
-1.74211 0.802364
-1.73663 0.847208
-1.76406 0.852266
-1.80796 0.893271
-1.86831 0.929941
-1.84636 0.908897
-1.86283 0.919389
-1.79698 0.888093
-1.68176 0.822144
-1.69273 0.832124
-1.78601 0.877781
-1.84636 0.914135
-1.80796 0.898465
-1.75857 0.842165
-1.7476 0.847208
-1.76955 0.872648
-1.73114 0.857339
-1.80247 0.893271
-1.76955 0.88293
-1.78601 0.872648
-1.81344 0.888093
-1.75857 0.832124
-1.7037 0.822144
-1.7037 0.827127
-1.77503 0.857339
-1.80796 0.88293
-1.7915 0.862427
-1.83539 0.86753
-1.80796 0.88293
-1.84088 0.903673
-1.76406 0.857339
-1.75857 0.847208
-1.78052 0.877781
-1.7915 0.877781
-1.80796 0.877781
-1.81893 0.903673
-1.82442 0.903673
-1.78052 0.86753
-1.7476 0.842165
-1.80247 0.88293
-1.75857 0.852266
-1.72016 0.822144
-1.76955 0.872648
-1.77503 0.862427
-1.79698 0.852266
-1.79698 0.877781
-1.76406 0.862427
-1.82442 0.877781
-1.79698 0.857339
-1.83539 0.903673
-1.8299 0.908897
-1.78052 0.88293
-1.67078 0.817176
-1.72016 0.822144
-1.73114 0.842165
-1.78052 0.872648
-1.73114 0.832124
-1.61043 0.768328
-1.72016 0.807286
-1.70919 0.812224
-1.7037 0.812224
-1.68724 0.802364
-1.7476 0.862427
-1.76406 0.847208
-1.75309 0.862427
-1.7476 0.842165
-1.76955 0.86753
-1.68724 0.802364
-1.7915 0.88293
-1.79698 0.872648
-1.82442 0.888093
-1.83539 0.908897
-1.74211 0.847208
-1.79698 0.852266
-1.78052 0.827127
-1.75309 0.847208
-1.77503 0.86753
-1.7476 0.852266
-1.72016 0.827127
-1.80247 0.862427
-1.78601 0.832124
-1.74211 0.822144
-1.75309 0.852266
-1.75309 0.837137
-1.78052 0.877781
-1.76955 0.877781
-1.75857 0.857339
-1.8299 0.903673
-1.83539 0.914135
-1.7915 0.877781
-1.80247 0.877781
-1.80796 0.898465
-1.82442 0.908897
-1.76955 0.86753
-1.80796 0.857339
-1.72565 0.817176
-1.72016 0.827127
-1.71468 0.807286
-1.77503 0.857339
-1.78601 0.86753
-1.82442 0.903673
-1.76955 0.877781
-1.86283 0.924658
-1.86283 0.903673
-1.85734 0.914135
-1.8299 0.888093
-1.78601 0.852266
-1.75309 0.857339
-1.71468 0.807286
-1.75309 0.847208
-1.7476 0.852266
-1.68724 0.812224
-1.7915 0.872648
-1.84088 0.903673
-1.80796 0.903673
-1.78601 0.872648
-1.81344 0.888093
-1.84088 0.893271
-1.81344 0.877781
-1.8738 0.924658
-1.86283 0.919389
-1.86283 0.924658
-1.84088 0.903673
-1.85734 0.914135
-1.81893 0.903673
-1.80247 0.88293
-1.79698 0.88293
-1.87929 0.93524
-1.8738 0.929941
-1.85734 0.914135
-1.87929 0.929941
-1.82442 0.893271
-1.75309 0.857339
-1.76406 0.852266
-1.78601 0.877781
-1.80796 0.86753
-1.80796 0.872648
-1.77503 0.852266
-1.80247 0.877781
-1.74211 0.847208
-1.78601 0.862427
-1.85185 0.893271
-1.77503 0.86753
-1.7915 0.86753
-1.74211 0.847208
-1.85734 0.919389
-1.78052 0.86753
-1.80796 0.888093
-1.73114 0.852266
-1.79698 0.88293
-1.81893 0.903673
-1.85734 0.919389
-1.84088 0.908897
-1.85185 0.919389
-1.84636 0.914135
-1.78601 0.872648
-1.81344 0.88293
-1.81344 0.893271
-1.81893 0.872648
-1.78601 0.862427
-1.73663 0.832124
-1.73663 0.837137
-1.78601 0.88293
-1.83539 0.888093
-1.88477 0.93524
-1.9177 0.940554
-1.94513 0.972753
-1.86831 0.919389
-1.79698 0.88293
-1.75857 0.86753
-1.73114 0.847208
-1.76955 0.86753
-1.8299 0.908897
-1.83539 0.908897
-1.88477 0.924658
-1.80247 0.88293
-1.72565 0.832124
-1.78601 0.86753
-1.76955 0.852266
-1.78601 0.857339
-1.78601 0.862427
-1.73114 0.817176
-1.71468 0.807286
-1.7037 0.773145
-1.73663 0.797456
-1.7476 0.827127
-1.75857 0.842165
-1.75857 0.847208
-1.8738 0.903673
-1.83539 0.88293
-1.89026 0.929941
-1.85185 0.919389
-1.81344 0.898465
-1.82442 0.898465
-1.73663 0.852266
-1.75857 0.847208
-1.79698 0.877781
-1.78601 0.88293
-1.86283 0.929941
-1.85734 0.924658
-1.80247 0.888093
-1.76955 0.827127
-1.81893 0.857339
-1.84088 0.88293
-1.8299 0.862427
-1.79698 0.852266
-1.75857 0.847208
-1.80796 0.888093
-1.81344 0.872648
-1.85734 0.908897
-1.8299 0.888093
-1.8299 0.898465
-1.82442 0.888093
-1.83539 0.903673
-1.85734 0.908897
-1.75309 0.852266
-1.71468 0.827127
-1.73663 0.837137
-1.7915 0.877781
-1.71468 0.837137
-1.79698 0.877781
-1.80796 0.88293
-1.86283 0.929941
-1.87929 0.93524
-1.80247 0.88293
-1.84636 0.908897
-1.7037 0.827127
-1.75309 0.862427
-1.7915 0.86753
-1.72565 0.842165
-1.7915 0.847208
-1.74211 0.832124
-1.75309 0.842165
-1.74211 0.857339
-1.79698 0.88293
-1.73114 0.847208
-1.7915 0.877781
-1.78601 0.86753
-1.79698 0.877781
-1.78052 0.852266
-1.85185 0.908897
-1.78052 0.86753
-1.80247 0.893271
-1.73114 0.852266
-1.73114 0.837137
-1.78052 0.857339
-1.76406 0.852266
-1.74211 0.832124
-1.69273 0.792564
-1.62689 0.753967
-1.62689 0.773145
-1.66529 0.777977
-1.67078 0.74921
-1.65432 0.739742
-1.67078 0.777977
-1.73663 0.812224
-1.75309 0.817176
-1.85185 0.877781
-1.81344 0.88293
-1.78601 0.877781
-1.80247 0.872648
-1.74211 0.842165
-1.75309 0.857339
-1.80796 0.88293
-1.81893 0.888093
-1.81893 0.908897
-1.78052 0.872648
-1.82442 0.893271
-1.76955 0.862427
-1.82442 0.893271
-1.8299 0.908897
-1.75857 0.86753
-1.7915 0.888093
-1.85185 0.914135
-1.76406 0.857339
-1.79698 0.857339
-1.80247 0.872648
-1.8299 0.903673
-1.80796 0.888093
-1.85185 0.914135
-1.76406 0.852266
-1.75857 0.842165
-1.80796 0.862427
-1.7476 0.847208
-1.70919 0.822144
-1.71468 0.837137
-1.74211 0.837137
-1.74211 0.817176
-1.74211 0.812224
-1.69273 0.773145
-1.75857 0.837137
-1.78052 0.872648
-1.79698 0.888093
-1.76955 0.862427
-1.84636 0.903673
-1.77503 0.857339
-1.72565 0.847208
-1.77503 0.86753
-1.87929 0.929941
-1.86831 0.924658
-1.80247 0.888093
-1.7915 0.877781
-1.79698 0.888093
-1.7476 0.842165
-1.73663 0.822144
-1.78601 0.842165
-1.76955 0.857339
-1.68724 0.817176
-1.7476 0.842165
-1.74211 0.832124
-1.76955 0.842165
-1.79698 0.842165
-1.7476 0.822144
-1.76955 0.827127
-1.72016 0.777977
-1.72565 0.787687
-1.7476 0.812224
-1.7037 0.787687
-1.72565 0.827127
-1.81893 0.893271
-1.83539 0.893271
-1.7037 0.842165
-1.80247 0.88293
-1.73114 0.832124
-1.78052 0.857339
-1.78601 0.872648
-1.73663 0.832124
-1.71468 0.827127
-1.65432 0.763526
-1.77503 0.857339
-1.76406 0.872648
-1.79698 0.877781
-1.8299 0.888093
-1.82442 0.893271
-1.78052 0.847208
-1.89575 0.914135
-1.8299 0.888093
-1.84636 0.898465
-1.79698 0.86753
-1.82442 0.898465
-1.78052 0.877781
-1.77503 0.862427
-1.78052 0.857339
-1.78052 0.872648
-1.77503 0.862427
-1.67627 0.797456
-1.75309 0.837137
-1.75309 0.832124
-1.75309 0.832124
-1.77503 0.86753
-1.81344 0.888093
-1.78052 0.86753
-1.80796 0.898465
-1.75857 0.852266
-1.76406 0.847208
-1.67627 0.787687
-1.71468 0.797456
-1.69273 0.817176
-1.80247 0.877781
-1.8299 0.88293
-1.82442 0.903673
-1.7915 0.862427
-1.78601 0.872648
-1.8738 0.93524
-1.85185 0.914135
-1.83539 0.908897
-1.84636 0.914135
-1.81344 0.898465
-1.74211 0.852266
-1.77503 0.852266
-1.81893 0.898465
-1.78052 0.88293
-1.8299 0.903673
-1.76406 0.847208
-1.7037 0.822144
-1.73663 0.842165
-1.69822 0.792564
-1.76406 0.857339
-1.78601 0.872648
-1.84088 0.908897
-1.85734 0.919389
-1.80247 0.88293
-1.83539 0.903673
-1.80796 0.893271
-1.89575 0.929941
-1.8299 0.908897
-1.69822 0.807286
-1.66529 0.787687
-1.69273 0.812224
-1.72565 0.802364
-1.72016 0.792564
-1.75857 0.817176
-1.72565 0.802364
-1.76955 0.847208
-1.77503 0.852266
-1.81893 0.903673
-1.7915 0.872648
-1.83539 0.914135
-1.81893 0.898465
-1.72016 0.852266
-1.67627 0.827127
-1.78601 0.872648
-1.75857 0.86753
-1.81893 0.903673
-1.80796 0.888093
-1.75857 0.86753
-1.80247 0.88293
-1.76955 0.857339
-1.75857 0.847208
-1.75309 0.837137
-1.70919 0.822144
-1.77503 0.862427
-1.80247 0.893271
-1.80796 0.872648
-1.8299 0.903673
-1.80796 0.88293
-1.84636 0.903673
-1.86831 0.903673
-1.77503 0.86753
-1.7476 0.817176
-1.73114 0.832124
-1.76406 0.862427
-1.84088 0.908897
-1.83539 0.903673
-1.81344 0.888093
-1.87929 0.924658
-1.91221 0.93524
-1.8299 0.908897
-1.85185 0.924658
-1.8299 0.898465
-1.84636 0.888093
-1.81893 0.903673
-1.82442 0.898465
-1.81344 0.908897
-1.81893 0.898465
-1.8738 0.929941
-1.80247 0.877781
-1.7915 0.832124
-1.76955 0.842165
-1.73114 0.832124
-1.75857 0.842165
-1.73663 0.847208
-1.69822 0.832124
-1.71468 0.827127
-1.81893 0.903673
-1.84636 0.914135
-1.81344 0.893271
-1.82442 0.888093
-1.79698 0.872648
-1.73663 0.857339
-1.82442 0.898465
-1.85185 0.919389
-1.85734 0.914135
-1.78052 0.877781
-1.83539 0.903673
-1.86283 0.914135
-1.84088 0.903673
-1.76406 0.847208
-1.7915 0.862427
-1.7915 0.888093
-1.76955 0.852266
-1.78601 0.857339
-1.85734 0.903673
-1.75857 0.852266
-1.80796 0.872648
-1.76406 0.847208
-1.78601 0.842165
-1.76955 0.832124
-1.73114 0.807286
-1.7037 0.802364
-1.7915 0.842165
-1.73114 0.842165
-1.78052 0.86753
-1.75309 0.842165
-1.70919 0.807286
-1.76406 0.827127
-1.75857 0.837137
-1.81344 0.862427
-1.78601 0.857339
-1.75309 0.812224
-1.67078 0.758739
-1.68724 0.753967
-1.72565 0.777977
-1.75857 0.842165
-1.74211 0.842165
-1.7037 0.797456
-1.7037 0.812224
-1.67627 0.797456
-1.7037 0.822144
-1.8299 0.888093
-1.81344 0.903673
-1.73663 0.852266
-1.72565 0.852266
-1.77503 0.86753
-1.75857 0.857339
-1.7915 0.857339
-1.77503 0.86753
-1.80247 0.862427
-1.78052 0.86753
-1.76955 0.857339
-1.72565 0.822144
-1.80247 0.86753
-1.78601 0.857339
-1.81893 0.877781
-1.85734 0.908897
-1.79698 0.862427
-1.77503 0.837137
-1.73663 0.822144
-1.7915 0.847208
-1.7915 0.857339
-1.80796 0.888093
-1.80247 0.877781
-1.83539 0.903673
-1.80247 0.888093
-1.77503 0.877781
-1.79698 0.877781
-1.77503 0.86753
-1.75309 0.857339
-1.76406 0.852266
-1.84088 0.908897
-1.86831 0.924658
-1.82442 0.908897
-1.8299 0.908897
-1.76406 0.842165
-1.78052 0.847208
-1.76955 0.822144
-1.7915 0.847208
-1.73663 0.827127
-1.7476 0.857339
-1.69273 0.812224
-1.77503 0.842165
-1.80796 0.852266
-1.69822 0.773145
-1.72016 0.817176
-1.73114 0.832124
-1.7476 0.827127
-1.7915 0.877781
-1.87929 0.93524
-1.78052 0.877781
-1.76406 0.86753
-1.81344 0.898465
-1.78052 0.857339
-1.77503 0.857339
-1.88477 0.924658
-1.79698 0.872648
-1.80247 0.88293
-1.83539 0.908897
-1.85185 0.914135
-1.82442 0.898465
-1.7915 0.877781
-1.78601 0.857339
-1.76955 0.852266
-1.75309 0.832124
-1.76406 0.852266
-1.76955 0.852266
-1.73114 0.857339
-1.75309 0.862427
-1.7476 0.857339
-1.73114 0.842165
-1.66529 0.787687
-1.7915 0.857339
-1.81344 0.888093
-1.80247 0.877781
-1.78601 0.86753
-1.81344 0.893271
-1.71468 0.827127
-1.7037 0.827127
-1.66529 0.797456
-1.73114 0.827127
-1.78601 0.862427
-1.76406 0.872648
-1.72016 0.817176
-1.7915 0.872648
-1.73663 0.842165
-1.77503 0.872648
-1.8299 0.908897
-1.80796 0.893271
-1.86283 0.919389
-1.82442 0.898465
-1.8299 0.908897
-1.85185 0.914135
-1.80247 0.888093
-1.78601 0.872648
-1.87929 0.919389
-1.78052 0.847208
-1.7037 0.812224
-1.78601 0.852266
-1.8299 0.903673
-1.7915 0.888093
-1.78601 0.888093
-1.67078 0.822144
-1.67627 0.797456
-1.72016 0.832124
-1.76955 0.86753
-1.74211 0.837137
-1.73114 0.822144
-1.72565 0.842165
-1.81344 0.898465
-1.75309 0.86753
-1.73663 0.852266
-1.70919 0.832124
-1.72016 0.842165
-1.77503 0.872648
-1.77503 0.857339
-1.72016 0.807286
-1.77503 0.857339
-1.7476 0.852266
-1.7476 0.852266
-1.78601 0.877781
-1.84636 0.919389
-1.79698 0.88293
-1.80796 0.893271
-1.74211 0.857339
-1.7476 0.86753
-1.82442 0.903673
-1.83539 0.908897
-1.80247 0.888093
-1.81344 0.88293
-1.81344 0.893271
-1.8738 0.924658
-1.8299 0.908897
-1.85734 0.924658
-1.79698 0.893271
-1.68176 0.802364
-1.80247 0.898465
-1.76406 0.877781
-1.80796 0.903673
-1.84636 0.919389
-1.85734 0.914135
-1.8299 0.908897
-1.80247 0.898465
-1.8299 0.914135
-1.81344 0.903673
-1.84088 0.914135
-1.8299 0.903673
-1.85734 0.914135
-1.84088 0.914135
-1.84636 0.919389
-1.84088 0.914135
-1.81344 0.903673
-1.83539 0.914135
-1.87929 0.93524
-1.8299 0.903673
-1.76955 0.847208
-1.75857 0.862427
-1.79698 0.877781
-1.8299 0.888093
-1.70919 0.842165
-1.76955 0.842165
-1.79698 0.872648
-1.74211 0.852266
-1.71468 0.847208
-1.7476 0.857339
-1.79698 0.877781
-1.76406 0.877781
-1.7915 0.877781
-1.78052 0.862427
-1.80796 0.88293
-1.7476 0.822144
-1.66529 0.782824
-1.72016 0.822144
-1.73663 0.827127
-1.79698 0.847208
-1.73663 0.842165
-1.77503 0.822144
-1.75309 0.822144
-1.70919 0.827127
-1.8299 0.893271
-1.85185 0.914135
-1.78052 0.877781
-1.79698 0.88293
-1.75309 0.822144
-1.67627 0.725652
-1.63786 0.675147
-1.7037 0.74921
-1.73114 0.792564
-1.70919 0.782824
-1.70919 0.797456
-1.73663 0.817176
-1.76955 0.852266
-1.74211 0.832124
-1.7476 0.842165
-1.72565 0.817176
-1.7476 0.837137
-1.74211 0.827127
-1.76406 0.847208
-1.73663 0.847208
-1.71468 0.827127
-1.75857 0.857339
-1.75309 0.862427
-1.7915 0.88293
-1.7037 0.792564
-1.67627 0.802364
-1.73114 0.827127
-1.67078 0.787687
-1.73114 0.827127
-1.67627 0.792564
-1.61043 0.753967
-1.70919 0.768328
-1.73663 0.787687
-1.67078 0.74921
-1.67078 0.777977
-1.64883 0.758739
-1.78601 0.86753
-1.76955 0.877781
-1.86283 0.929941
-1.80247 0.893271
-1.80796 0.88293
-1.82442 0.903673
-1.87929 0.940554
-1.89575 0.945883
-1.92867 0.96196
-1.94513 0.972753
-1.84636 0.914135
-1.84636 0.908897
-1.77503 0.872648
-1.8299 0.898465
-1.78601 0.877781
-1.81893 0.877781
-1.81893 0.888093
-1.75309 0.86753
-1.73114 0.832124
-1.7037 0.822144
-1.69273 0.807286
-1.75857 0.837137
-1.82442 0.877781
-1.76955 0.852266
-1.83539 0.903673
-1.84088 0.914135
-1.82442 0.898465
-1.80796 0.88293
-1.7037 0.812224
-1.71468 0.822144
-1.73114 0.827127
-1.73663 0.812224
-1.69822 0.822144
-1.74211 0.837137
-1.78601 0.872648
-1.70919 0.797456
-1.68724 0.807286
-1.76955 0.857339
-1.75857 0.857339
-1.65981 0.792564
-1.72565 0.837137
-1.69273 0.822144
-1.70919 0.817176
-1.72565 0.822144
-1.69822 0.782824
-1.67627 0.753967
-1.67078 0.777977
-1.77503 0.832124
-1.78052 0.857339
-1.71468 0.822144
-1.75309 0.852266
-1.69822 0.822144
-1.78601 0.86753
-1.74211 0.852266
-1.72016 0.812224
-1.7476 0.832124
-1.75857 0.837137
-1.74211 0.822144
-1.69822 0.832124
-1.73663 0.837137
-1.78052 0.86753
-1.8299 0.893271
-1.78052 0.877781
-1.87929 0.924658
-1.8738 0.93524
-1.85734 0.929941
-1.80796 0.888093
-1.81893 0.893271
-1.75309 0.857339
-1.72565 0.822144
-1.74211 0.847208
-1.7476 0.837137
-1.67627 0.787687
-1.78601 0.842165
-1.78601 0.837137
-1.80796 0.872648
-1.83539 0.888093
-1.73114 0.832124
-1.80247 0.857339
-1.88477 0.93524
-1.8299 0.903673
-1.84636 0.908897
-1.81344 0.88293
-1.73663 0.862427
-1.74211 0.862427
-1.84636 0.914135
-1.7915 0.888093
-1.81893 0.893271
-1.78601 0.888093
-1.72565 0.837137
-1.83539 0.903673
-1.80796 0.898465
-1.82442 0.888093
-1.78601 0.877781
-1.81344 0.893271
-1.76406 0.852266
-1.75857 0.852266
-1.73663 0.837137
-1.7037 0.822144
-1.70919 0.812224
-1.74211 0.817176
-1.76406 0.857339
-1.84636 0.914135
-1.85185 0.919389
-1.80247 0.88293
-1.72016 0.837137
-1.73114 0.847208
-1.7915 0.888093
-1.84088 0.919389
-1.87929 0.924658
-1.91221 0.951227
-1.87929 0.93524
-1.78601 0.872648
-1.7476 0.857339
-1.78601 0.88293
-1.78052 0.877781
-1.82442 0.908897
-1.80796 0.88293
-1.78601 0.86753
-1.79698 0.877781
-1.76406 0.86753
-1.80247 0.893271
-1.82442 0.908897
-1.85185 0.919389
-1.84088 0.919389
-1.85185 0.908897
-1.8299 0.893271
-1.79698 0.877781
-1.73663 0.837137
-1.73114 0.842165
-1.77503 0.862427
-1.72016 0.837137
-1.76406 0.872648
-1.7915 0.88293
-1.8299 0.903673
-1.83539 0.908897
-1.76406 0.827127
-1.7915 0.877781
-1.86283 0.919389
-1.86283 0.919389
-1.87929 0.93524
-1.89575 0.945883
-1.91221 0.956586
-1.81893 0.893271
-1.78601 0.86753
-1.7476 0.837137
-1.82442 0.898465
-1.82442 0.903673
-1.81344 0.898465
-1.77503 0.822144
-1.70919 0.792564
-1.73114 0.832124
-1.7915 0.86753
-1.7915 0.888093
-1.80796 0.888093
-1.81344 0.893271
-1.84636 0.908897
-1.70919 0.802364
-1.74211 0.857339
-1.72565 0.852266
-1.81344 0.893271
-1.84636 0.914135
-1.84636 0.893271
-1.81344 0.88293
-1.76406 0.837137
-1.7476 0.832124
-1.81893 0.857339
-1.8299 0.903673
-1.82442 0.903673
-1.80796 0.893271
-1.7915 0.888093
-1.83539 0.914135
-1.7915 0.88293
-1.8299 0.914135
-1.81893 0.893271
-1.86831 0.924658
-1.82442 0.893271
-1.77503 0.862427
-1.78052 0.877781
-1.8299 0.898465
-1.81893 0.898465
-1.83539 0.898465
-1.80796 0.893271
-1.8299 0.852266
-1.73114 0.787687
-1.7037 0.797456
-1.81344 0.842165
-1.72016 0.773145
-1.73663 0.787687
-1.64883 0.74921
-1.72565 0.817176
-1.67627 0.802364
-1.69273 0.817176
-1.75309 0.862427
-1.75309 0.862427
-1.84088 0.914135
-1.8299 0.908897
-1.85734 0.919389
-1.85185 0.903673
-1.7915 0.872648
-1.83539 0.862427
-1.86831 0.914135
-1.83539 0.908897
-1.78601 0.888093
-1.7915 0.877781
-1.86831 0.919389
-1.85185 0.903673
-1.82442 0.88293
-1.82442 0.903673
-1.78052 0.872648
-1.83539 0.88293
-1.76955 0.852266
-1.7476 0.842165
-1.7476 0.842165
-1.80796 0.872648
-1.7915 0.872648
-1.85734 0.903673
-1.82442 0.88293
-1.78601 0.852266
-1.76406 0.827127
-1.71468 0.792564
-1.7476 0.782824
-1.79698 0.837137
-1.78052 0.847208
-1.81344 0.86753
-1.75309 0.822144
-1.80796 0.86753
-1.86831 0.914135
-1.81893 0.888093
-1.76406 0.86753
-1.70919 0.812224
-1.75309 0.852266
-1.72016 0.817176
-1.72565 0.827127
-1.85734 0.898465
-1.76955 0.872648
-1.76955 0.86753
-1.80247 0.898465
-1.71468 0.842165
-1.75857 0.862427
-1.7476 0.857339
-1.70919 0.852266
-1.7915 0.877781
-1.79698 0.86753
-1.80247 0.86753
-1.80247 0.877781
-1.80247 0.88293
-1.76955 0.857339
-1.7476 0.842165
-1.78601 0.872648
-1.75857 0.857339
-1.7915 0.88293
-1.75309 0.837137
-1.77503 0.827127
-1.71468 0.787687
-1.77503 0.857339
-1.73663 0.797456
-1.76955 0.832124
-1.74211 0.862427
-1.75857 0.86753
-1.76406 0.852266
-1.75309 0.847208
-1.78052 0.86753
-1.78052 0.86753
-1.71468 0.822144
-1.72565 0.807286
-1.72565 0.792564
-1.67627 0.753967
-1.71468 0.777977
-1.73663 0.817176
-1.73114 0.822144
-1.74211 0.832124
-1.7037 0.817176
-1.78601 0.872648
-1.85185 0.914135
-1.83539 0.898465
-1.79698 0.872648
-1.79698 0.872648
-1.73114 0.827127
-1.76406 0.842165
-1.82442 0.888093
-1.86283 0.919389
-1.85734 0.914135
-1.74211 0.852266
-1.77503 0.862427
-1.81344 0.872648
-1.72016 0.817176
-1.78601 0.852266
-1.81344 0.888093
-1.7915 0.872648
-1.7037 0.792564
-1.72016 0.842165
-1.75309 0.842165
-1.77503 0.86753
-1.7476 0.832124
-1.74211 0.837137
-1.77503 0.86753
-1.70919 0.837137
-1.75309 0.852266
-1.73663 0.837137
-1.76955 0.862427
-1.73114 0.837137
-1.7915 0.862427
-1.77503 0.872648
-1.78052 0.86753
-1.73114 0.837137
-1.79698 0.893271
-1.87929 0.93524
-1.86831 0.93524
-1.73114 0.862427
-1.72016 0.827127
-1.75857 0.862427
-1.81893 0.898465
-1.76406 0.847208
-1.70919 0.807286
-1.72565 0.802364
-1.66529 0.758739
-1.73114 0.812224
-1.72565 0.832124
-1.7037 0.792564
-1.7476 0.852266
-1.85185 0.914135
-1.79698 0.893271
-1.81893 0.893271
-1.86283 0.929941
-1.86283 0.919389
-1.86283 0.914135
-1.84636 0.919389
-1.7915 0.872648
-1.72565 0.842165
-1.76406 0.842165
-1.7915 0.872648
-1.80247 0.877781
-1.72565 0.792564
-1.76406 0.847208
-1.75857 0.837137
-1.73663 0.832124
-1.74211 0.817176
-1.75309 0.822144
-1.74211 0.817176
-1.75309 0.802364
-1.72565 0.817176
-1.78601 0.86753
-1.76955 0.832124
-1.70919 0.832124
-1.75309 0.827127
-1.75309 0.817176
-1.74211 0.802364
-1.7476 0.827127
-1.73663 0.807286
-1.77503 0.827127
-1.65981 0.768328
-1.77503 0.802364
-1.71468 0.763526
-1.7476 0.74921
-1.76955 0.782824
-1.70919 0.787687
-1.69822 0.812224
-1.78052 0.877781
-1.7915 0.888093
-1.75309 0.86753
-1.79698 0.872648
-1.80796 0.872648
-1.80796 0.877781
-1.86831 0.914135
-1.75857 0.832124
-1.76955 0.86753
-1.86283 0.929941
-1.88477 0.940554
-1.90672 0.951227
-1.92318 0.956586
-1.84088 0.914135
-1.80247 0.893271
-1.80796 0.888093
-1.78052 0.872648
-1.80796 0.888093
-1.7915 0.888093
-1.76406 0.852266
-1.81344 0.88293
-1.78601 0.852266
-1.72016 0.812224
-1.68176 0.802364
-1.77503 0.852266
-1.75857 0.857339
-1.79698 0.88293
-1.80796 0.898465
-1.80247 0.898465
-1.78052 0.888093
-1.7476 0.862427
-1.78052 0.872648
-1.75857 0.862427
-1.79698 0.88293
-1.75857 0.857339
-1.76955 0.872648
-1.7915 0.877781
-1.77503 0.862427
-1.7915 0.86753
-1.75309 0.852266
-1.78601 0.872648
-1.78601 0.872648
-1.80796 0.877781
-1.78601 0.877781
-1.80247 0.88293
-1.75857 0.852266
-1.76955 0.847208
-1.77503 0.852266
-1.72016 0.832124
-1.75309 0.842165
-1.77503 0.862427
-1.7915 0.888093
-1.8738 0.93524
-1.84636 0.914135
-1.80247 0.898465
-1.72016 0.832124
-1.73663 0.842165
-1.85734 0.924658
-1.78601 0.88293
-1.8738 0.929941
-1.8299 0.893271
-1.89026 0.940554
-1.84636 0.908897
-1.8299 0.903673
-1.86831 0.919389
-1.88477 0.929941
-1.90672 0.945883
-1.8299 0.914135
-1.85185 0.919389
-1.84636 0.908897
-1.83539 0.903673
-1.85734 0.919389
-1.85185 0.914135
-1.86283 0.924658
-1.82442 0.908897
-1.73114 0.852266
-1.69822 0.832124
-1.67078 0.792564
-1.69273 0.812224
-1.63237 0.792564
-1.7037 0.807286
-1.72565 0.837137
-1.77503 0.857339
-1.69822 0.812224
-1.73663 0.842165
-1.72565 0.847208
-1.72016 0.852266
-1.79698 0.88293
-1.80796 0.88293
-1.84636 0.914135
-1.80796 0.877781
-1.75857 0.837137
-1.69822 0.797456
-1.69273 0.807286
-1.71468 0.827127
-1.76406 0.88293
-1.90672 0.951227
-1.84088 0.908897
-1.82442 0.898465
-1.81893 0.893271
-1.75309 0.852266
-1.7476 0.847208
-1.74211 0.832124
-1.73663 0.847208
-1.76406 0.86753
-1.76406 0.862427
-1.76955 0.852266
-1.75309 0.842165
-1.76406 0.857339
-1.8299 0.893271
-1.87929 0.929941
-1.78052 0.877781
-1.81344 0.903673
-1.80247 0.888093
-1.74211 0.842165
-1.73663 0.842165
-1.73663 0.837137
-1.7476 0.827127
-1.72565 0.827127
-1.67627 0.802364
-1.70919 0.817176
-1.67627 0.782824
-1.64335 0.74921
-1.69822 0.802364
-1.69822 0.777977
-1.69273 0.792564
-1.67627 0.807286
-1.76955 0.852266
-1.70919 0.822144
-1.77503 0.862427
-1.85185 0.919389
-1.83539 0.903673
-1.80247 0.877781
-1.80247 0.888093
-1.81893 0.893271
-1.82442 0.898465
-1.81344 0.903673
-1.82442 0.898465
-1.71468 0.852266
-1.77503 0.847208
-1.82442 0.852266
-1.78601 0.827127
-1.74211 0.787687
-1.68176 0.758739
-1.74211 0.797456
-1.71468 0.792564
-1.69273 0.802364
-1.71468 0.827127
-1.68724 0.817176
-1.73663 0.837137
-1.70919 0.812224
-1.67627 0.782824
-1.69822 0.812224
-1.72565 0.842165
-1.7476 0.842165
-1.7915 0.852266
-1.76955 0.857339
-1.78052 0.86753
-1.7915 0.86753
-1.8299 0.898465
-1.80247 0.88293
-1.77503 0.862427
-1.78052 0.86753
-1.74211 0.862427
-1.80247 0.893271
-1.79698 0.893271
-1.7915 0.86753
-1.82442 0.898465
-1.78052 0.852266
-1.73114 0.812224
-1.76955 0.837137
-1.76955 0.862427
-1.75857 0.837137
-1.78601 0.857339
-1.74211 0.842165
-1.72016 0.842165
-1.75309 0.86753
-1.72016 0.837137
-1.73663 0.822144
-1.75857 0.86753
-1.75857 0.872648
-1.76955 0.872648
-1.76955 0.852266
-1.73114 0.822144
-1.79698 0.88293
-1.84088 0.919389
-1.84636 0.914135
-1.80796 0.898465
-1.84636 0.908897
-1.82442 0.893271
-1.83539 0.888093
-1.84088 0.88293
-1.8738 0.929941
-1.83539 0.914135
-1.79698 0.88293
-1.79698 0.86753
-1.81893 0.893271
-1.76406 0.852266
-1.75857 0.862427
-1.72016 0.817176
-1.72565 0.797456
-1.73114 0.807286
-1.76955 0.847208
-1.73663 0.842165
-1.77503 0.877781
-1.81893 0.898465
-1.81344 0.88293
-1.81344 0.888093
-1.86831 0.924658
-1.80796 0.898465
-1.78601 0.88293
-1.65432 0.812224
-1.72565 0.822144
-1.74211 0.842165
-1.80247 0.877781
-1.84088 0.903673
-1.79698 0.872648
-1.75857 0.852266
-1.72565 0.827127
-1.7476 0.857339
-1.76406 0.852266
-1.81893 0.88293
-1.84088 0.908897
-1.81893 0.903673
-1.78052 0.88293
-1.79698 0.888093
-1.73663 0.842165
-1.71468 0.832124
-1.7037 0.832124
-1.75857 0.847208
-1.7037 0.822144
-1.64335 0.777977
-1.70919 0.807286
-1.67627 0.802364
-1.7915 0.86753
-1.77503 0.852266
-1.73114 0.837137
-1.76406 0.877781
-1.76955 0.852266
-1.8299 0.908897
-1.80247 0.88293
-1.7915 0.86753
-1.80796 0.862427
-1.75857 0.847208
-1.77503 0.86753
-1.80796 0.898465
-1.84636 0.914135
-1.91221 0.951227
-1.90123 0.940554
-1.90123 0.945883
-1.84088 0.919389
-1.79698 0.888093
-1.82442 0.88293
-1.78052 0.86753
-1.78601 0.872648
-1.75309 0.842165
-1.76955 0.857339
-1.76406 0.852266
-1.73114 0.822144
-1.80796 0.872648
-1.81893 0.86753
-1.82442 0.872648
-1.79698 0.88293
-1.80796 0.872648
-1.73663 0.837137
-1.65981 0.777977
-1.7037 0.802364
-1.68724 0.773145
-1.71468 0.777977
-1.71468 0.802364
-1.76406 0.812224
-1.72565 0.812224
-1.69273 0.817176
-1.68724 0.822144
-1.72565 0.842165
-1.7037 0.832124
-1.73114 0.832124
-1.76955 0.862427
-1.65432 0.763526
-1.74211 0.807286
-1.68724 0.744468
-1.72016 0.758739
-1.67078 0.720985
-1.63786 0.711697
-1.65432 0.688741
-1.68724 0.720985
-1.6214 0.66169
-1.69273 0.725652
-1.62689 0.693302
-1.71468 0.716334
-1.72565 0.777977
-1.5775 0.66616
-1.54458 0.604938
-1.6214 0.630815
-1.68176 0.675147
-1.73663 0.688741
-1.73114 0.635181
-1.59945 0.587988
-1.65432 0.604938
-1.68724 0.635181
-1.65432 0.604938
-1.7037 0.617809
-1.72565 0.613504
-1.72565 0.626465
-1.71468 0.609213
-1.68176 0.583788
-1.64335 0.55481
-1.58299 0.514693
-1.63237 0.587988
-1.71468 0.639561
-1.67078 0.609213
-1.61591 0.583788
-1.58299 0.534564
-1.58299 0.472303
-1.52812 0.487507
-1.54458 0.495199
-1.58299 0.534564
-1.56104 0.534564
-1.59396 0.575434
-1.70919 0.648367
-1.70919 0.657234
-1.71468 0.707076
-1.7037 0.73503
-1.67078 0.707076
-1.69822 0.763526
-1.73663 0.792564
-1.74211 0.782824
-1.65432 0.74921
-1.7037 0.807286
-1.75309 0.832124
-1.80247 0.86753
-1.71468 0.787687
-1.69273 0.802364
-1.66529 0.739742
-1.73663 0.792564
-1.69822 0.802364
-1.76955 0.847208
-1.7476 0.807286
-1.79698 0.852266
-1.79698 0.888093
-1.8299 0.903673
-1.85185 0.919389
-1.85734 0.919389
-1.85734 0.924658
-1.80247 0.877781
-1.7476 0.842165
-1.8299 0.903673
-1.83539 0.908897
-1.82442 0.903673
-1.85734 0.903673
-1.79698 0.852266
-1.85734 0.88293
-1.81893 0.872648
-1.77503 0.842165
-1.76955 0.842165
-1.84088 0.903673
-1.83539 0.903673
-1.80796 0.872648
-1.68176 0.812224
-1.65432 0.792564
-1.68176 0.792564
-1.73114 0.827127
-1.72565 0.847208
-1.76406 0.862427
-1.7476 0.842165
-1.7915 0.862427
-1.69822 0.827127
-1.80247 0.898465
-1.82442 0.893271
-1.86283 0.914135
-1.71468 0.832124
-1.77503 0.857339
-1.85734 0.903673
-1.79698 0.862427
-1.80247 0.862427
-1.82442 0.893271
-1.79698 0.898465
-1.74211 0.847208
-1.71468 0.817176
-1.78052 0.877781
-1.80796 0.893271
-1.8299 0.898465
-1.78601 0.877781
-1.75857 0.847208
-1.76955 0.857339
-1.78601 0.88293
-1.84088 0.919389
-1.8299 0.903673
-1.7476 0.852266
-1.80247 0.893271
-1.81344 0.898465
-1.80247 0.888093
-1.7476 0.857339
-1.76955 0.862427
-1.75857 0.837137
-1.71468 0.797456
-1.65432 0.753967
-1.64335 0.763526
-1.70919 0.812224
-1.77503 0.842165
-1.7476 0.837137
-1.79698 0.86753
-1.75309 0.857339
-1.73114 0.837137
-1.7476 0.837137
-1.77503 0.842165
-1.67627 0.768328
-1.73663 0.817176
-1.71468 0.802364
-1.67627 0.787687
-1.7476 0.832124
-1.72016 0.827127
-1.67627 0.797456
-1.68724 0.787687
-1.65432 0.768328
-1.73114 0.842165
-1.80796 0.872648
-1.74211 0.837137
-1.76955 0.862427
-1.78601 0.877781
-1.78601 0.877781
-1.84088 0.919389
-1.8738 0.93524
-1.89575 0.93524
-1.81893 0.903673
-1.8299 0.903673
-1.94513 0.972753
-1.85734 0.919389
-1.7476 0.862427
-1.7915 0.88293
-1.72565 0.847208
-1.70919 0.827127
-1.73663 0.837137
-1.78601 0.86753
-1.77503 0.852266
-1.76406 0.852266
-1.76955 0.86753
-1.86831 0.924658
-1.87929 0.93524
-1.81344 0.893271
-1.85734 0.914135
-1.84636 0.908897
-1.85185 0.924658
-1.80247 0.88293
-1.8299 0.908897
-1.82442 0.888093
-1.8299 0.903673
-1.84088 0.919389
-1.76406 0.852266
-1.73663 0.847208
-1.7476 0.842165
-1.76955 0.86753
-1.82442 0.903673
-1.84088 0.898465
-1.79698 0.872648
-1.76406 0.857339
-1.84636 0.914135
-1.75857 0.847208
-1.79698 0.877781
-1.81344 0.893271
-1.76955 0.847208
-1.76406 0.827127
-1.7476 0.802364
-1.6214 0.679663
-1.65981 0.688741
-1.69273 0.720985
-1.67627 0.74921
-1.68176 0.777977
-1.76955 0.862427
-1.7915 0.872648
-1.76406 0.857339
-1.73114 0.802364
-1.75857 0.837137
-1.78052 0.862427
-1.83539 0.862427
-1.7915 0.817176
-1.79698 0.832124
-1.74211 0.802364
-1.77503 0.842165
-1.74211 0.797456
-1.75857 0.807286
-1.90123 0.940554
-1.86283 0.919389
-1.81893 0.908897
-1.7915 0.862427
-1.70919 0.812224
-1.68724 0.782824
-1.7037 0.773145
-1.60494 0.725652
-1.55556 0.688741
-1.61043 0.73503
-1.64335 0.773145
-1.71468 0.817176
-1.7037 0.797456
-1.69822 0.787687
-1.69822 0.787687
-1.65981 0.792564
-1.59396 0.73503
-1.72565 0.797456
-1.73114 0.822144
-1.78601 0.857339
-1.73663 0.827127
-1.7476 0.822144
-1.69822 0.777977
-1.80247 0.862427
-1.81344 0.86753
-1.75857 0.847208
-1.72016 0.842165
-1.78052 0.862427
-1.78052 0.86753
-1.67627 0.802364
-1.62689 0.782824
-1.67078 0.773145
-1.61591 0.725652
-1.66529 0.797456
-1.7037 0.837137
-1.74211 0.852266
-1.85185 0.914135
-1.8738 0.929941
-1.81344 0.893271
-1.83539 0.908897
-1.78601 0.877781
-1.72016 0.832124
-1.69822 0.822144
-1.65432 0.782824
-1.7037 0.837137
-1.79698 0.88293
-1.85185 0.898465
-1.82442 0.898465
-1.73663 0.842165
-1.7915 0.877781
-1.86283 0.908897
-1.82442 0.903673
