-2 1
-1.81344 0.908897
-1.67078 0.807286
-1.54458 0.74921
-1.43484 0.622129
-1.42936 0.630815
-1.42387 0.617809
-1.37449 0.587988
-1.35254 0.522596
-1.28669 0.491345
-1.35254 0.499068
-1.26475 0.472303
-1.35254 0.538583
-1.33608 0.542617
-1.25926 0.499068
-1.35254 0.495199
-1.37997 0.514693
-1.30316 0.499068
-1.29767 0.453636
-1.20439 0.352794
-1.29218 0.487507
-1.27023 0.472303
-1.28121 0.491345
-1.28121 0.424553
-1.27023 0.495199
-1.31962 0.472303
-1.41838 0.563015
-1.33059 0.502951
-1.26475 0.446275
-1.19342 0.320956
-1.27023 0.349542
-1.25377 0.352794
-1.20988 0.352794
-1.22085 0.406865
-1.3251 0.479875
-1.33608 0.472303
-1.34156 0.479875
-1.37997 0.575434
-1.34156 0.518637
-1.3251 0.476081
-1.27572 0.438974
-1.23182 0.410373
-1.28669 0.446275
-1.20988 0.45734
-1.22085 0.431734
-1.23182 0.428136
-1.21536 0.403373
-1.27572 0.375976
-1.29218 0.424553
-1.13855 0.317855
-1.24829 0.389554
-1.23182 0.372619
-1.30864 0.369277
-1.2428 0.349542
-1.14403 0.324072
-1.18244 0.305601
-1.18793 0.302575
-1.13855 0.287673
-1.22085 0.284737
-1.2428 0.327203
-1.1166 0.223967
-1.06173 0.198752
-1.16598 0.191481
-1.12757 0.198752
-1.10562 0.168224
-1.08368 0.142302
-1.05075 0.130154
-1.08916 0.179664
-1.18793 0.256211
-1.14952 0.278911
-1.11111 0.258996
-1.08368 0.234474
-1.14952 0.211171
-1.18793 0.250686
-1.13855 0.223967
-1.18244 0.221377
-1.16049 0.256211
-1.23731 0.245222
-1.14403 0.226571
-1.17147 0.273146
-1.22634 0.284737
-1.16049 0.296569
-1.18244 0.302575
-1.14952 0.256211
-1.12757 0.253441
-1.06173 0.258996
-0.990398 0.245222
-1.09465 0.278911
-1.17695 0.264611
-1.25926 0.308642
-1.28121 0.278911
-1.23182 0.242512
-1.17147 0.242512
-1.27023 0.226571
-1.1989 0.186709
-1.20439 0.206158
-1.23182 0.253441
-1.27572 0.234474
-1.22085 0.270286
-1.18793 0.320956
-1.20988 0.308642
-1.1989 0.2137
-1.08368 0.126225
-0.979424 0.10929
-1.05075 0.168224
-1.18244 0.196313
-1.12209 0.157159
-1.16049 0.177346
-1.07819 0.172755
-1.1166 0.16154
-1.03429 0.142302
-1.06722 0.189088
-1.11111 0.218803
-1.12757 0.19389
-1.11111 0.134143
-1.12209 0.138192
-1.09465 0.120444
-1.17695 0.130154
-1.10562 0.130154
-1.17695 0.13616
-1.16598 0.128182
-1.16049 0.140239
-1.1166 0.120444
-1.11111 0.105692
-1.18244 0.111111
-1.03978 0.112948
-1.09465 0.146472
-1.08368 0.179664
-1.17695 0.198752
-1.0727 0.168224
-1.22634 0.253441
-1.26475 0.261796
-1.28669 0.359342
-1.24829 0.287673
-1.25377 0.305601
-1.29767 0.276021
-1.23731 0.198752
-1.24829 0.253441
-1.25377 0.287673
-1.21536 0.218803
-1.17147 0.172755
-1.16598 0.189088
-1.15501 0.150702
-1.17147 0.144379
-1.12209 0.16154
-1.15501 0.152839
-1.1989 0.132141
-1.12757 0.159342
-1.2428 0.16154
-1.24829 0.179664
-1.15501 0.130154
-1.2428 0.112948
-1.28121 0.0952599
-1.10562 0.098677
-1.13855 0.102154
-1.16049 0.126225
-1.13855 0.140239
-1.18244 0.138192
-1.30864 0.150702
-1.30864 0.186709
-1.23182 0.172755
-1.29218 0.168224
-1.2428 0.177346
-1.12209 0.152839
-1.22634 0.201206
-1.28121 0.177346
-1.25926 0.201206
-1.19342 0.186709
-1.14403 0.175043
-1.24829 0.208657
-1.17695 0.179664
-1.12209 0.177346
-1.12209 0.191481
-1.13855 0.198752
-1.03978 0.201206
-1.02881 0.168224
-1.04527 0.165981
-1.09465 0.152839
-0.979424 0.103916
-1.01235 0.150702
-1.1166 0.22919
-1.12757 0.22919
-1.12209 0.2137
-1.12209 0.211171
-1.21536 0.276021
-1.22085 0.317855
-1.27572 0.330349
-1.28669 0.399896
-1.35802 0.438974
-1.27023 0.369277
-1.28121 0.362639
-1.27023 0.327203
-1.11111 0.253441
-1.18244 0.308642
-1.19342 0.267441
-1.23731 0.290623
-1.28121 0.349542
-1.31962 0.305601
-1.22634 0.276021
-1.1989 0.253441
-1.25926 0.221377
-1.31962 0.2137
-1.27572 0.208657
-1.15501 0.154992
-1.14403 0.120444
-1.03429 0.124283
-1.20439 0.186709
-1.21536 0.253441
-1.11111 0.201206
-1.14952 0.179664
-1.10562 0.184346
-1.0727 0.184346
-1.1166 0.201206
-0.96845 0.168224
-1.10562 0.19389
-1.14952 0.206158
-1.12209 0.234474
-1.15501 0.239818
-1.17147 0.270286
-1.08916 0.22919
-1.10562 0.253441
-1.13855 0.237138
-1.12209 0.258996
-1.14952 0.281817
-1.2428 0.410373
-1.30864 0.449948
-1.16049 0.389554
-1.24829 0.431734
-1.29218 0.392986
-1.36351 0.417433
-1.20439 0.375976
-1.24829 0.375976
-1.13855 0.281817
-1.18793 0.299565
-1.16598 0.201206
-1.18793 0.198752
-1.15501 0.208657
-1.03978 0.179664
-1.06173 0.184346
-1.06722 0.179664
-1.03429 0.226571
-1.12209 0.261796
-1.02332 0.184346
-1.05075 0.152839
-1.03429 0.179664
-1.12209 0.19389
-1.04527 0.172755
-1.1166 0.198752
-1.10562 0.2137
-1.18793 0.247947
-1.16049 0.216244
-1.13306 0.186709
-1.11111 0.16154
-1.13855 0.184346
-1.12757 0.208657
-1.25926 0.250686
-1.18244 0.218803
-1.2428 0.223967
-1.25377 0.237138
-1.17147 0.201206
-1.17695 0.19389
-1.16598 0.189088
-0.951989 0.152839
-1.05624 0.2137
-1.10562 0.226571
-1.09465 0.218803
-1.12209 0.16154
-1.14952 0.163753
-1.20439 0.231824
-1.14952 0.237138
-1.17695 0.293589
-1.1989 0.339878
-1.28669 0.389554
-1.25377 0.352794
-1.22085 0.339878
-1.19342 0.290623
-1.14403 0.264611
-1.16049 0.2137
-1.13855 0.196313
-1.2428 0.154992
-1.08368 0.144379
-1.11111 0.152839
-1.09465 0.134143
-1.07819 0.098677
-1.08916 0.091903
-1.07819 0.105692
-1.02332 0.073026
-1.01783 0.0417751
-0.897119 0.0452073
-1.02332 0.0935739
-1.13855 0.103916
-1.05075 0.091903
-1.1989 0.091903
-1.2428 0.10929
-1.20439 0.120444
-1.23182 0.0902471
-1.25377 0.098677
-1.20988 0.077542
-1.15501 0.073026
-1.16049 0.0853698
-1.1166 0.130154
-1.07819 0.140239
-1.10562 0.0853698
-1.00686 0.0452073
-1.07819 0.0524781
-1.12209 0.0342936
-1.12757 0.0240271
-1.04527 0.019195
-1.08916 0.0284679
-0.979424 0.0395622
-0.973937 0.0550221
-1.03978 0.033285
-1.03978 0.058951
-1.03978 0.0284679
-1.01235 0.0537426
-0.946502 0.0395622
-1.08916 0.0284679
-1.12757 0.0284679
-1.14952 0.0452073
-1.0727 0.0142424
-1.01235 0.0169821
-1.05075 0.0303496
-1.03429 0.0374096
-0.984911 0.0576263
-0.951989 0.0384784
-1.01235 0.0374096
-1.06173 0.033285
-1.05624 0.0487749
-1.08368 0.0223562
-0.995885 0.0294012
-1.05075 0.0248852
-0.951989 0.0142424
-1.01783 0.00948553
-1.05624 0.019195
-1.09465 0.0342936
-1.12757 0.0149048
-1.05624 0.0184423
-1.01235 0.0184423
-0.930041 0.033285
-1.07819 0.0715507
-1.12757 0.0869805
-1.1989 0.103916
-1.16049 0.122356
-1.25377 0.138192
-1.22085 0.120444
-1.13855 0.0576263
-1.11111 0.0745163
-1.14403 0.105692
-1.14952 0.0869805
-1.20439 0.091903
-1.08368 0.0429041
-1.13306 0.0602908
-1.13306 0.0821935
-1.06173 0.0821935
-1.15501 0.0745163
-1.12757 0.0499943
-1.11111 0.080628
-1.20988 0.132141
-1.16049 0.150702
-1.33059 0.165981
-1.3251 0.148579
-1.1989 0.134143
-1.08916 0.0658003
-1.09465 0.0644004
-1.01783 0.0537426
-1.09465 0.0537426
-1.0727 0.0429041
-1.1166 0.0322914
-1.14403 0.0487749
-1.02332 0.0266464
-1.06722 0.0303496
-1.20988 0.0821935
-1.23182 0.118547
-1.14403 0.120444
-1.16598 0.157159
-1.14952 0.189088
-1.20988 0.177346
-1.16598 0.116666
-1.21536 0.0869805
-1.30864 0.0745163
-1.29218 0.0969609
-1.27023 0.091903
-1.1989 0.0902471
-1.1989 0.0760216
-1.20988 0.112948
-1.19342 0.118547
-1.07819 0.102154
-1.11111 0.116666
-1.11111 0.144379
-1.12757 0.142302
-1.10014 0.120444
-1.22085 0.177346
-1.23182 0.191481
-1.27023 0.177346
-1.1989 0.211171
-1.34156 0.22919
-1.35254 0.245222
-1.25926 0.237138
-1.27572 0.261796
-1.20439 0.216244
-1.20988 0.16154
-1.18793 0.203675
-1.15501 0.2137
-1.20439 0.250686
-1.14952 0.278911
-1.22634 0.226571
-1.14952 0.287673
-1.14952 0.256211
-1.1166 0.239818
-0.979424 0.196313
-1.05075 0.198752
-1.0727 0.181998
-1.12757 0.22919
-1.21536 0.293589
-1.27023 0.293589
-1.41289 0.369277
-1.29218 0.330349
-1.1989 0.261796
-1.28669 0.311698
-1.2428 0.33351
-1.27572 0.379348
-1.18793 0.305601
-1.1166 0.258996
-1.07819 0.253441
-1.11111 0.172755
-1.14952 0.138192
-1.12757 0.0969609
-1.24829 0.0700906
-1.12757 0.077542
-1.0727 0.080628
-1.1166 0.120444
-1.06722 0.152839
-1.02332 0.0886063
-1.01235 0.0700906
-1.03978 0.0760216
-1.11111 0.077542
-1.0727 0.0886063
-1.10014 0.0952599
-1.16049 0.118547
-1.14952 0.100408
-1.10562 0.0745163
-1.12209 0.0837741
-1.11111 0.0969609
-1.12209 0.073026
-1.12757 0.0935739
-1.11111 0.124283
-1.13855 0.132141
-1.17695 0.122356
-1.23731 0.130154
-1.22634 0.168224
-1.19342 0.170482
-1.17147 0.216244
-1.0727 0.165981
-1.05075 0.186709
-1.12757 0.175043
-1.14403 0.170482
-1.18244 0.146472
-1.2428 0.186709
-1.23731 0.184346
-1.13855 0.216244
-1.16049 0.242512
-1.09465 0.196313
-1.12209 0.211171
-1.13306 0.284737
-1.1989 0.284737
-1.19342 0.242512
-1.08368 0.231824
-1.20439 0.359342
-1.1989 0.320956
-1.1989 0.287673
-1.30316 0.311698
-1.28121 0.237138
-1.22085 0.201206
-1.19342 0.172755
-1.26475 0.159342
-1.17695 0.128182
-1.12209 0.0602908
-1.12757 0.0537426
-1.1989 0.0512286
-1.12209 0.0463814
-1.12757 0.031313
-1.09465 0.00489424
-1.10014 0.0031631
-1.13855 0.000152416
-1.20439 0.000679285
-1.03429 0.000152416
-0.935528 9.22021e-05
-0.990398 0.000152416
-1.06722 0.000227683
-1.05624 0.000318003
-1.08916 0.0031631
-0.96845 0.00137174
-1.10014 0.000543804
-1.06722 0.000318003
-1.07819 0.000829819
-1.14403 0.00158249
-1.04527 0.00569207
-1.15501 0.00230505
-1.16598 0.00948553
-1.11111 0.0149048
-1.12209 0.0177047
-1.09465 0.0184423
-1.13855 0.00795008
-1.17147 0.0149048
-1.0727 0.0294012
-1.15501 0.0563167
-1.19342 0.0853698
-1.1989 0.0686454
-1.16598 0.0417751
-1.20439 0.0499943
-1.13306 0.0837741
-1.01783 0.0524781
-1.01783 0.058951
-1.10562 0.0602908
-1.1166 0.0658003
-1.20439 0.0790775
-1.19342 0.098677
-1.23731 0.146472
-1.29767 0.191481
-1.22085 0.112948
-1.19342 0.103916
-1.15501 0.112948
-1.17695 0.126225
-1.15501 0.100408
-1.14952 0.0644004
-1.11111 0.0630155
-0.973937 0.0524781
-1.08368 0.0499943
-1.03429 0.0602908
-1.1166 0.0821935
-1.17695 0.0672154
-1.07819 0.0563167
-1.03978 0.058951
-1.00137 0.0616456
-1.12209 0.0686454
-1.13306 0.0745163
-1.06722 0.0935739
-1.16598 0.120444
-1.13306 0.177346
-1.14403 0.150702
-1.13855 0.168224
-1.20439 0.118547
-1.2428 0.130154
-1.17147 0.0952599
-1.13855 0.100408
-1.13306 0.0715507
-1.18793 0.0630155
-1.10014 0.0760216
-1.10562 0.0952599
-1.06722 0.0837741
-1.16598 0.0616456
-1.12209 0.058951
-1.00137 0.0207455
-1.00137 0.0452073
-1.0727 0.0902471
-1.14952 0.122356
-1.21536 0.196313
-1.1989 0.146472
-1.10014 0.0837741
-1.02332 0.0512286
-1.01783 0.0395622
-1.03429 0.0231841
-0.995885 0.0123457
-1.02332 0.0452073
-1.06722 0.0537426
-1.14403 0.0563167
-1.00137 0.0672154
-1.03978 0.0452073
-1.1989 0.0162746
-1.16598 0.00415662
-1.14403 0.000829819
-1.10014 0.00528563
-1.1166 0.00347922
-1.17695 0.00655012
-1.15501 0.00895866
-1.16049 0.00347922
-1.08368 0.0111565
-1.04527 0.00844685
-1.00686 0.00381039
-1.05075 0.00230505
-1.05075 4.70419e-05
-1.11111 0.000152416
-1.10014 0.00137174
-1.17695 0.00286203
-1.25377 0.00746837
-1.25926 0.00347922
-1.23731 0.0100275
-1.12757 0.0117435
-1.1166 0.0135951
-1.1166 0.0123457
-1.03429 0.0111565
-1.10014 0.00700172
-1.13306 0.00746837
-1.0727 9.22021e-05
-1.03978 0.000152416
-0.946502 0.000829819
-0.995885 0.00180829
-0.984911 0.00257602
-1.0727 0.000227683
-1.13855 0.00158249
-1.20439 0.000679285
-1.20439 0.00230505
-1.18244 0.00204915
-1.03429 0.00844685
-1.11111 0.0105844
-1.20439 0.00180829
-1.14952 0.00257602
-1.06173 0.00381039
-1.07819 0.000543804
-1.13855 0.00137174
-1.07819 0.00230505
-1.12209 4.70419e-05
-1.03429 0.00180829
-0.979424 0.00569207
-1.03429 0.0117435
-0.957476 0.0100275
-1.04527 0.0257583
-1.03978 0.0417751
-1.11111 0.0475707
-1.16598 0.0463814
-1.13855 0.0886063
-1.12757 0.0760216
-1.12757 0.0969609
-1.14403 0.0969609
-1.03978 0.0935739
-1.02881 0.0902471
-1.04527 0.077542
-1.00686 0.0886063
-1.06173 0.0853698
-1.16598 0.0644004
-1.17147 0.0440482
-1.17147 0.0602908
-1.13306 0.0463814
-1.13306 0.0463814
-1.10014 0.0499943
-1.08368 0.0452073
-1.18793 0.0550221
-1.1989 0.0563167
-1.16598 0.0499943
-1.1166 0.0440482
-1.15501 0.073026
-1.07819 0.0821935
-1.02881 0.091903
-1.08368 0.186709
-1.06173 0.216244
-1.18244 0.245222
-1.23731 0.258996
-1.20988 0.267441
-1.30864 0.287673
-1.1989 0.2137
-1.28121 0.211171
-1.23731 0.231824
-1.18244 0.239818
-1.21536 0.201206
-1.23182 0.203675
-1.27023 0.189088
-1.18244 0.144379
-1.26475 0.148579
-1.10562 0.154992
-1.17147 0.16154
-1.08916 0.170482
-1.10014 0.179664
-1.18793 0.239818
-1.25377 0.206158
-1.1989 0.231824
-1.1989 0.216244
-1.19342 0.250686
-1.09465 0.118547
-1.17695 0.184346
-1.20988 0.256211
-1.12757 0.181998
-1.17695 0.216244
-1.14403 0.226571
-1.10014 0.221377
-1.23731 0.231824
-1.22085 0.250686
-1.21536 0.247947
-1.19342 0.256211
-1.16049 0.281817
-1.25926 0.314769
-1.17695 0.256211
-1.35802 0.327203
-1.27572 0.284737
-1.25926 0.311698
-1.2428 0.290623
-1.16049 0.305601
-1.1989 0.258996
-1.18793 0.276021
-1.26475 0.258996
-1.18244 0.270286
-1.1166 0.211171
-1.14403 0.22919
-1.16598 0.231824
-1.03978 0.172755
-1.06722 0.172755
-1.1989 0.239818
-1.22085 0.245222
-1.16598 0.253441
-1.20439 0.242512
-1.23731 0.237138
-1.19342 0.157159
-1.1989 0.189088
-1.12757 0.2137
-1.18793 0.203675
-1.13855 0.201206
-1.23182 0.211171
-1.19342 0.170482
-1.21536 0.170482
-1.2428 0.201206
-1.24829 0.184346
-1.31962 0.242512
-1.28121 0.237138
-1.31962 0.278911
-1.17147 0.201206
-1.1989 0.179664
-1.17695 0.19389
-1.20439 0.201206
-1.24829 0.264611
-1.20988 0.270286
-1.21536 0.276021
-1.1989 0.242512
-1.1989 0.270286
-1.17147 0.218803
-1.17695 0.258996
-1.22085 0.226571
-1.22085 0.189088
-1.15501 0.245222
-1.21536 0.201206
-1.12209 0.170482
-1.17695 0.223967
-1.18793 0.231824
-1.17695 0.22919
-1.25926 0.305601
-1.23731 0.270286
-1.13306 0.2137
-1.0727 0.19389
-1.16598 0.206158
-1.14952 0.226571
-1.1166 0.19389
-1.08916 0.142302
-1.08368 0.112948
-1.01235 0.105692
-1.01783 0.107483
-0.96845 0.0537426
-1.00137 0.0537426
-0.984911 0.0117435
-1.04527 0.00700172
-1.05075 0.00746837
-0.984911 0.0155822
-1.00686 0.0117435
-1.01235 0.00700172
-1.13306 0.00451791
-1.0727 0.000829819
-1.06173 4.70419e-05
-1.14403 0.000995407
-1.12209 0.000318003
-1.12209 0.00204915
-1.09465 0.00611357
-1.05075 4.70419e-05
-1.12757 0.000679285
-1.16598 0.00347922
-1.19342 0.00230505
-1.14403 0.00204915
-1.11111 0.000829819
-1.10562 0.0031631
-0.946502 0.0105844
-0.946502 0.00451791
-0.979424 0.0275496
-0.973937 0.033285
-0.995885 0.0123457
-0.96845 0.0257583
-0.973937 0.0440482
-0.973937 0.0745163
-0.990398 0.0440482
-1.01783 0.0440482
-0.979424 0.0499943
-1.00686 0.0374096
-1.02332 0.0303496
-0.886145 0.033285
-1.03429 0.0342936
-1.02881 0.0135951
-1.03429 0.0162746
-0.957476 0.031313
-0.990398 0.058951
-1.05075 0.0760216
-1.0727 0.0395622
-1.09465 0.0395622
-1.06173 0.0475707
-0.995885 0.0563167
-0.984911 0.0353172
-1.04527 0.0658003
-1.08368 0.073026
-1.05624 0.116666
-1.06722 0.091903
-1.10562 0.130154
-1.19342 0.124283
-1.14952 0.0745163
-1.08916 0.0686454
-1.12209 0.058951
-1.13306 0.0821935
-1.13855 0.0576263
-1.10014 0.0363559
-1.17147 0.031313
-1.00686 0.0284679
-0.957476 0.0162746
-1.07819 0.0294012
-1.06722 0.0440482
-1.07819 0.0149048
-0.96845 0.0257583
-0.957476 0.0199627
-0.930041 0.0129629
-0.957476 0.0177047
-1.03978 0.033285
-1.00137 0.0417751
-0.96845 0.0223562
-0.91358 0.00230505
-0.957476 0.00795008
-0.995885 0.0105844
-1.00686 0.00489424
-1.10014 0.00257602
-1.12757 0.00611357
-1.21536 0.00795008
-1.17695 0.00569207
-1.19342 0.00746837
-1.18793 0.031313
-1.22634 0.0303496
-1.1166 0.0215433
-1.18793 0.00381039
-1.13306 0.00611357
-1.17147 0.00844685
-1.04527 0.00948553
-1.04527 0.00611357
-1.09465 0.00286203
-1.13855 0.0199627
-1.05624 0.033285
-1.04527 0.0117435
-1.10562 0.0031631
-0.941015 0.00117605
-0.957476 0.000543804
-1.03978 0.0117435
-1.05075 0.0031631
-0.990398 0.00347922
-1.13855 0.0207455
-1.08916 0.0117435
-1.13306 0.00746837
-1.21536 0.0322914
-1.14952 0.0487749
-1.22085 0.0576263
-1.16598 0.0658003
-1.10014 0.0429041
-1.18793 0.0602908
-1.05624 0.0499943
-1.12757 0.073026
-1.16598 0.0952599
-1.06722 0.0902471
-1.13855 0.0837741
-1.23182 0.118547
-1.18244 0.124283
-1.09465 0.124283
-1.23731 0.208657
-1.26475 0.201206
-1.26475 0.203675
-1.23731 0.184346
-1.20988 0.16154
-1.09465 0.144379
-1.05075 0.148579
-1.03429 0.118547
-1.03978 0.157159
-1.05624 0.124283
-1.01783 0.0935739
-1.00686 0.0952599
-1.03429 0.0602908
-1.08368 0.0644004
-1.10014 0.0550221
-1.11111 0.0700906
-1.01235 0.0658003
-1.10562 0.0512286
-1.10014 0.0576263
-1.07819 0.0969609
-1.08916 0.10929
-1.08368 0.0935739
-1.12757 0.120444
-1.14403 0.142302
-1.2428 0.163753
-1.21536 0.184346
-1.18244 0.128182
-1.25926 0.128182
-1.28121 0.128182
-1.25926 0.0935739
-1.27023 0.0686454
-1.28669 0.0363559
-1.24829 0.0266464
-1.22085 0.0231841
-1.11111 0.0294012
-1.1989 0.0576263
-1.10014 0.0563167
-1.08916 0.0512286
-1.14403 0.0275496
-1.12209 0.0384784
-1.08368 0.031313
-1.22085 0.0184423
-1.13855 0.0149048
-1.17695 0.0100275
-1.22634 0.0266464
-1.24829 0.0207455
-1.17695 0.0105844
-1.18793 0.00257602
-1.23731 0.00230505
-1.16049 0.000423377
-1.1166 0.00746837
-1.13306 0.0184423
-1.12757 0.0215433
-1.28121 0.0162746
-1.16598 0.031313
-1.0727 0.0184423
-1.08916 0.00415662
-1.15501 0.00381039
-1.12757 0.00180829
-1.08916 0.00347922
-1.1166 1.69351e-05
-1.10014 0.000995407
-1.09465 0.00204915
-1.05624 9.22021e-05
-1.07819 1.69351e-05
-1.07819 0.00451791
-1.07819 0.00257602
-1.06173 0.00655012
-1.02332 0.00700172
-1.12757 0.0129629
-1.08368 0.0105844
-1.02881 0.0135951
-1.01783 0.0184423
-1.11111 0.0155822
-1.15501 0.0149048
-1.12209 0.0135951
-1.01783 0.0275496
-1.06173 0.0374096
-1.02332 0.0294012
-1.10014 0.0512286
-1.05075 0.073026
-1.07819 0.0499943
-1.10014 0.0686454
-1.13855 0.0869805
-1.05624 0.058951
-1.03978 0.0463814
-1.00137 0.0374096
-1.09465 0.0672154
-1.07819 0.098677
-1.0727 0.103916
-1.06722 0.120444
-1.17147 0.201206
-1.12757 0.159342
-1.12757 0.146472
-1.06173 0.126225
-1.00137 0.091903
-1.00686 0.128182
-1.01235 0.140239
-1.06173 0.144379
-1.1166 0.172755
-1.14952 0.165981
-1.14403 0.148579
-0.984911 0.114799
-1.06722 0.140239
-1.04527 0.122356
-1.03978 0.16154
-1.14403 0.175043
-1.11111 0.146472
-1.18244 0.142302
-1.27572 0.165981
-1.10562 0.120444
-1.16049 0.120444
-1.20988 0.0935739
-1.18244 0.111111
-1.12209 0.138192
-1.18793 0.150702
-1.1989 0.186709
-1.18244 0.16154
-1.1166 0.16154
-1.10014 0.128182
-1.04527 0.073026
-0.951989 0.0700906
-0.96845 0.0452073
-1.12209 0.0630155
-1.14952 0.0475707
-1.09465 0.0240271
-1.15501 0.0363559
-1.0727 0.0644004
-1.12757 0.0853698
-1.06722 0.124283
-1.12757 0.116666
-1.12757 0.0853698
-1.12757 0.0745163
-1.14952 0.0700906
-1.16598 0.0700906
-1.1989 0.0499943
-1.14952 0.019195
-1.16049 0.0100275
-1.17147 0.0149048
-1.0727 0.033285
-1.00686 0.0363559
-1.06173 0.0266464
-0.941015 0.0294012
-1.16049 0.0576263
-1.16049 0.0384784
-1.18793 0.0630155
-1.24829 0.0715507
-1.23731 0.0499943
-1.18793 0.0576263
-1.1989 0.0902471
-1.08916 0.0935739
-1.05624 0.0745163
-1.1989 0.0790775
-1.00137 0.0760216
-1.01235 0.0342936
-1.1166 0.0499943
-1.11111 0.0275496
-1.0727 0.0266464
-1.04527 0.0487749
-1.0727 0.0602908
-1.04527 0.0487749
-1.10562 0.0417751
-0.979424 0.0177047
-0.984911 0.0294012
-0.990398 0.0322914
-0.990398 0.0294012
-1.17695 0.0294012
-1.20439 0.0406611
-1.18244 0.0869805
-1.08368 0.0902471
-1.12209 0.0700906
-1.12209 0.0550221
-1.10562 0.0576263
-1.06173 0.0616456
-1.05075 0.0700906
-1.13855 0.102154
-1.10562 0.140239
-1.12209 0.140239
-1.23182 0.170482
-1.11111 0.138192
-1.23182 0.152839
-1.23182 0.13616
-1.18793 0.128182
-1.18793 0.13616
-1.13855 0.107483
-1.07819 0.0537426
-1.05075 0.0342936
-1.03978 0.058951
-1.08916 0.0715507
-1.06173 0.0745163
-1.08916 0.0837741
-1.11111 0.112948
-1.10014 0.140239
-1.02881 0.0902471
-1.01783 0.080628
-1.07819 0.058951
-0.995885 0.0902471
-1.03978 0.100408
-1.08916 0.0616456
-1.00137 0.0384784
-1.00686 0.0275496
-1.01235 0.00117605
-1.01783 0.000543804
-1.10014 0.0100275
-0.962963 0.00844685
-0.919067 0.000423377
-0.930041 0.000152416
-1.01783 0.00347922
-1.01783 0.00528563
-1.01783 0.0129629
-1.02881 0.00746837
-1.00686 0.0129629
-0.995885 0.00948553
-0.96845 0.00795008
-1.03978 0.0155822
-1.04527 0.019195
-0.886145 0.0248852
-0.91358 0.00700172
-0.91358 0.00700172
-0.995885 0.00655012
-0.930041 0.00286203
-1.11111 0.00158249
-1.07819 4.70419e-05
-1.06173 0.00117605
-0.96845 0.00347922
-0.951989 0.00286203
-1.04527 0.00117605
-1.05075 0.000318003
-1.03429 0.0142424
-1.05075 0.00381039
-0.946502 0.00204915
-1.08368 0.00158249
-1.10562 0.00117605
-1.06173 0.00204915
-1.09465 0.0031631
-1.07819 0.00257602
-1.00137 0.00489424
-1.01235 0.00895866
-0.979424 0.0142424
-1.03429 0.0294012
-1.15501 0.0322914
-1.06173 0.033285
-1.16049 0.0275496
-1.18244 0.0248852
-1.17695 0.00948553
-1.22634 0.00795008
-1.08916 0.00746837
-1.05075 0.0223562
-1.01235 0.0429041
-1.10014 0.058951
-1.08368 0.0499943
-0.951989 0.0576263
-0.979424 0.0231841
-0.957476 0.00569207
-1.01235 0.000318003
-1.00686 0.00415662
-1.00137 0.0123457
-1.10014 0.00746837
-1.08368 0.00700172
-1.14403 0.00117605
-1.09465 0.00746837
-1.12757 0.00204915
-1.17147 0.000152416
-1.12209 9.22021e-05
-1.01783 0.000423377
-1.04527 0.000543804
-1.1166 0.00746837
-1.12209 0.00611357
-1.08916 0.000679285
-1.13306 0.000318003
-1.12209 0.00746837
-1.08916 0.0105844
-1.0727 0.0105844
-1.07819 0.0231841
-1.03429 0.00528563
-1.05624 0.000829819
-1.0727 0.00286203
-1.12757 0.00795008
-1.10562 0.00489424
-1.03978 0.00381039
-1.12209 0.000679285
-1.01783 0.00204915
-1.05075 0.0240271
-0.995885 0.031313
-1.01235 0.0266464
-1.18793 0.0429041
-1.10014 0.0363559
-1.12757 0.0353172
-1.06722 0.0463814
-1.11111 0.058951
-1.00137 0.0284679
-1.03429 0.0284679
-0.935528 0.019195
-1.10014 0.0524781
-1.08368 0.0417751
-1.05075 0.0406611
-1.08368 0.0616456
-1.12209 0.0760216
-1.06722 0.0886063
-1.13855 0.107483
-1.0727 0.118547
-1.05075 0.138192
-1.00137 0.142302
-1.02332 0.159342
-1.05624 0.201206
-1.03429 0.159342
-1.02881 0.177346
-1.10562 0.203675
-1.17147 0.273146
-1.19342 0.290623
-1.17695 0.296569
-1.22634 0.299565
-1.23731 0.296569
-1.13306 0.237138
-1.25377 0.234474
-1.16598 0.163753
-1.14952 0.126225
-1.17695 0.114799
-1.18244 0.122356
-1.18793 0.105692
-1.20439 0.0790775
-1.13306 0.0512286
-1.15501 0.0452073
-1.14403 0.058951
-1.14403 0.0440482
-1.06173 0.019195
-1.16049 0.0240271
-1.08368 0.0105844
-1.14952 0.0100275
-1.16598 0.0105844
-1.20439 0.0223562
-1.17695 0.0129629
-1.18244 0.00381039
-1.21536 0.00895866
-1.17147 0.00795008
-1.16049 0.00528563
-1.10562 0.00569207
-1.11111 0.00746837
-1.1166 4.70419e-05
-1.12209 0.000318003
-1.06722 0.00230505
-1.00686 0.00381039
-0.935528 0.00415662
-0.957476 0.000679285
-0.96845 4.70419e-05
-0.979424 0.00528563
-1.11111 0.0135951
-0.951989 0.00895866
-0.924554 0.00381039
-0.946502 0.00948553
-0.973937 0.0105844
-0.995885 0.0129629
-1.06173 0.00895866
-1.02881 0.0275496
-0.919067 0.0177047
-0.96845 0.0248852
-1.02332 0.0240271
-1.07819 0.0294012
-0.995885 0.00489424
-0.935528 0.00569207
-0.973937 0.000543804
-1.01235 1.69351e-05
-0.924554 0.0031631
-1.00686 0.00117605
-1.07819 0.00489424
-1.1166 0.00158249
-1.11111 0.00528563
-1.09465 0.00528563
-1.06173 0.000227683
-1.14403 0.000543804
-1.17695 0.000423377
-1.10562 0.000423377
-1.10014 0.000829819
-0.96845 0.00528563
-1.05624 0.00158249
-1.07819 0.00158249
-1.06173 0.0105844
-0.96845 0.00451791
-0.957476 0.00381039
-1.03429 0.00489424
-1.0727 0.00415662
-1.12209 0.00528563
-1.14403 0.00286203
-1.14952 0.0177047
-1.12757 0.0117435
-1.06173 0.0142424
-1.16598 0.0149048
-1.14952 0.0266464
-1.2428 0.0406611
-1.05075 0.0374096
-1.04527 0.00795008
-1.06173 0.0123457
-1.10562 0.00489424
-1.07819 0.00230505
-1.06722 0.00137174
-1.17695 9.22021e-05
-1.13855 0.00746837
-1.13306 0.00700172
-1.17695 0.0100275
-1.19342 0.0123457
-1.12209 0.00795008
-1.0727 0.00844685
-1.10562 0.0105844
-1.06173 0.0111565
-1.16049 0.00347922
-1.09465 0.00204915
-1.12757 0.0100275
-1.05075 0.0142424
-1.12209 0.000829819
-1.1166 9.22021e-05
-1.17147 0.000995407
-1.09465 0.00489424
-1.08368 0.0117435
-0.995885 0.0231841
-0.979424 0.00489424
-0.96845 0.0155822
-1.04527 0.0266464
-1.08368 0.0463814
-1.06173 0.0935739
-1.10014 0.0644004
-1.13306 0.0512286
-1.12209 0.0487749
-1.08368 0.0257583
-1.02881 0.00895866
-1.06722 0.0275496
-1.03429 0.019195
-0.946502 0.00569207
-1.00137 0.00895866
-0.973937 0.0031631
-1.05075 0.00117605
-1.03429 0.000829819
-0.957476 1.69351e-05
-1.04527 9.22021e-05
-1.13855 0.00569207
-1.12757 4.70419e-05
-1.18244 0.00286203
-1.18793 0.00795008
-1.13855 0.0117435
-1.12757 0.0275496
-0.979424 0.0199627
-1.08368 0.0177047
-1.05624 0.0215433
-1.16598 0.00844685
-1.0727 0.00844685
-1.08368 0.00569207
-1.09465 0.0240271
-1.13855 0.0215433
-1.1166 0.0384784
-1.05624 0.0105844
-1.08368 0.00489424
-1.12757 0.0149048
-1.06173 0.0177047
-1.10562 0.0105844
-1.10014 1.69351e-05
-1.13306 1.88168e-06
-1.08368 0.000152416
-1.06722 0.000829819
-1.10014 0.00489424
-1.03429 0.00204915
-1.05075 0.000227683
-1.00137 0.00117605
-1.05075 0.0031631
-1.10014 0.000995407
-1.04527 0.000227683
-1.00137 9.22021e-05
-1.07819 0.000423377
-1.08916 0.000227683
-1.08916 0.00230505
-1.19342 0.000423377
-1.07819 0.000543804
-1.15501 1.69351e-05
-1.20988 0.000152416
-1.06173 0.00655012
-1.10562 0.00746837
-1.12757 0.0142424
-1.13306 0.0117435
-1.17695 0.0303496
-1.12209 0.0294012
-1.10562 0.0429041
-1.10014 0.0440482
-1.13306 0.0499943
-1.07819 0.0322914
-1.03429 0.0162746
-1.10014 0.00180829
-1.07819 0.00451791
-1.10014 0.019195
-1.2428 0.0105844
-1.20988 0.0105844
-1.12209 0.00230505
-1.16598 0.00230505
-1.17147 0.00528563
-1.16049 0.0142424
-1.20439 0.0149048
-1.09465 0.0162746
-1.16598 0.00381039
-1.19342 1.69351e-05
-1.19342 0.000152416
-1.16049 0.00158249
-1.09465 0.00347922
-1.23182 0.00655012
-1.12209 0.0129629
-1.13306 0.00204915
-1.13306 0.00489424
-1.22085 0.00230505
-1.17695 0.00381039
-1.15501 0.00158249
-1.11111 0.00230505
-1.13855 0.000423377
-1.07819 0.00528563
-1.1166 0.00611357
-1.16598 0.000995407
-1.23731 0.00286203
-1.22634 0.00347922
-1.20988 0.00204915
-1.24829 0.0031631
-1.23182 0.000423377
-1.12209 0.0117435
-1.27572 0.0248852
-1.22634 0.0223562
-1.16598 0.0231841
-1.07819 0.0248852
-1.12757 0.0374096
-1.13855 0.0406611
-1.08916 0.0155822
-0.990398 0.0111565
-1.08916 0.00844685
-1.08368 0.0111565
-1.1989 0.00844685
-1.23182 0.00257602
-1.16049 0.00347922
-1.22634 0.00180829
-1.18793 0.000423377
-1.12209 0.000152416
-1.13855 0.00204915
-1.21536 0.000152416
-1.22085 1.88168e-06
-1.18793 0.000318003
-1.08368 1.69351e-05
-1.06173 0.0123457
-1.10562 0.0177047
-1.13306 0.000543804
-1.08368 0.000152416
-1.1166 0.00117605
-1.13306 0.00257602
-1.10562 0.00230505
-1.08368 0.00158249
-0.984911 0.00180829
-1.01783 0.00415662
-1.02881 0.00347922
-1.0727 0.00655012
-1.01235 0.00948553
-1.06173 0.0105844
-0.995885 0.00347922
-0.941015 0.000227683
-0.908093 0.000995407
-0.941015 0.00746837
-1.00137 0.0149048
-1.10014 0.0100275
-1.12209 0.000152416
-1.10014 1.69351e-05
-1.08916 4.70419e-05
-1.06722 1.69351e-05
-1.00137 0.00158249
-1.02332 0.00204915
-1.09465 0.000829819
-1.10014 0.000318003
-1.13306 0.00117605
-1.11111 0.00569207
-1.08916 0.0100275
-0.91358 0.00117605
-1.03429 0.000829819
-1.01783 0.000543804
-1.00686 0.00257602
-1.03429 0.000152416
-1.04527 0.00158249
-0.957476 1.69351e-05
-1.00686 0.000318003
-1.10014 4.70419e-05
-0.96845 0.000227683
-0.962963 0.00180829
-0.962963 0.000829819
-1.00686 0.000995407
-0.973937 0.000152416
-1.01235 0.00746837
-0.995885 0.0240271
-1.03429 0.00451791
-1.01783 0.00611357
-1.03978 0.0169821
-1.1166 0.00746837
-1.08368 0.00795008
-0.995885 0.000543804
-0.995885 1.69351e-05
-0.91358 0.000318003
-1.01783 0.00137174
-1.05624 0.0031631
-1.03978 0.00895866
-1.08916 0.0129629
-1.12757 0.0231841
-1.04527 0.00700172
-0.995885 0.0129629
-1.10014 0.0177047
-1.06173 0.0275496
-1.00137 0.0155822
-0.962963 0.00569207
-0.941015 0.00230505
-1.02332 0.000318003
-0.869684 0.000318003
-0.836763 0.00286203
-0.891632 0.0111565
-0.957476 0.0231841
-1.01783 0.0275496
-1.14952 0.0417751
-1.06173 0.0129629
-1.00686 0.0135951
-1.05075 0.0257583
-1.03978 0.00948553
-1.05075 0.0100275
-1.02332 0.00611357
-1.01235 0.00117605
-1.07819 0.0031631
-1.06173 0.00117605
-1.06722 0.00158249
-1.03429 0.000318003
-1.04527 0.00204915
-1.03429 1.88168e-06
-0.973937 0.000829819
-1.00137 0.00180829
-0.891632 0.0031631
-1.01235 0.00569207
-1.07819 0.000227683
-1.08368 0.000152416
-1.08368 0.0123457
-1.13855 0.00180829
-1.05624 0.0155822
-1.12757 0.0123457
-1.08916 0.0231841
-1.04527 0.0406611
-1.16598 0.0257583
-1.12209 0.0231841
-1.06722 0.0177047
-1.01783 0.0184423
-1.02332 0.0563167
-1.06173 0.0512286
-1.06173 0.0463814
-1.06722 0.0463814
-1.08368 0.0745163
-1.14403 0.0853698
-1.1166 0.0644004
-1.16049 0.111111
-1.13306 0.122356
-1.23182 0.138192
-1.18244 0.0969609
-1.16598 0.0952599
-1.23731 0.0760216
-1.28669 0.098677
-1.17147 0.112948
-1.14403 0.10929
-1.15501 0.0952599
-1.13855 0.112948
-1.1989 0.118547
-1.16049 0.144379
-1.03978 0.098677
-0.990398 0.0602908
-1.02881 0.0395622
-1.08916 0.0487749
-1.13855 0.0821935
-1.02332 0.0700906
-1.0727 0.0952599
-1.0727 0.0644004
-1.06173 0.0630155
-0.973937 0.0363559
-1.00137 0.033285
-0.803841 0.0342936
-0.995885 0.0395622
-0.946502 0.0342936
-0.951989 0.0162746
-0.979424 0.0248852
-1.03429 0.0149048
-1.08916 0.031313
-0.962963 0.0499943
-0.96845 0.0512286
-1.02332 0.0135951
-1.17147 0.0429041
-1.10014 0.0395622
-1.12757 0.0537426
-1.12209 0.0207455
-1.02881 0.0384784
-1.13855 0.0353172
-1.08916 0.00895866
-1.09465 0.019195
-1.03978 0.0353172
-1.07819 0.077542
-1.16049 0.114799
-1.07819 0.144379
-1.16598 0.152839
-1.1166 0.163753
-1.14403 0.150702
-1.13855 0.102154
-1.06722 0.0790775
-1.07819 0.0715507
-1.03429 0.0576263
-1.05624 0.0700906
-1.06722 0.124283
-1.16598 0.148579
-1.09465 0.170482
-1.12757 0.165981
-1.16049 0.157159
-1.09465 0.120444
-1.08368 0.157159
-1.14403 0.181998
-1.08916 0.144379
-1.14952 0.154992
-1.12209 0.152839
-1.02881 0.120444
-1.08916 0.077542
-1.02881 0.0417751
-0.995885 0.033285
-1.00686 0.0257583
-0.941015 0.0215433
-1.03429 0.0207455
-0.96845 0.0248852
-1.01235 0.0177047
-0.919067 0.0123457
-0.880658 0.00611357
-0.990398 0.0123457
-0.957476 0.0129629
-1.02881 0.00746837
-0.935528 0.00700172
-0.869684 0.000679285
-0.979424 0.00795008
-0.935528 0.000152416
-0.919067 0.000679285
-0.951989 0.00158249
-0.962963 0.00451791
-0.979424 0.0240271
-1.03429 0.0223562
-1.10014 0.0135951
-1.12757 0.0117435
-1.12209 0.0100275
-1.05075 0.00611357
-1.03429 0.00655012
-1.02881 0.00257602
-1.10562 0.00489424
-1.10014 0.00451791
-1.10014 1.88168e-06
-1.16049 0.00117605
-1.15501 0.000829819
-1.14403 1.69351e-05
-1.17695 0.000543804
-1.10014 0.000543804
-1.01235 1.88168e-06
-0.91358 0.000423377
-1.06722 0.000829819
-0.973937 0.00347922
-0.908093 0.0100275
-0.990398 0.0105844
-0.891632 0.00844685
-0.990398 0.000318003
-0.951989 0.0031631
-1.03429 0.00489424
-1.08916 0.0149048
-1.0727 0.0169821
-1.16049 0.0284679
-1.17695 0.0374096
-1.26475 0.0406611
-1.23731 0.0142424
-1.20439 0.0155822
-1.16049 0.0363559
-1.05624 0.0487749
-1.1166 0.031313
-1.17695 0.0644004
-1.03429 0.0537426
-1.07819 0.0658003
-1.07819 0.0672154
-1.16049 0.0429041
-1.11111 0.0487749
-1.10014 0.0395622
-1.10014 0.0537426
-1.1166 0.0374096
-1.05075 0.0524781
-1.04527 0.0672154
-1.14403 0.0440482
-1.20439 0.0395622
-1.23182 0.0129629
-1.17147 0.0303496
-1.18793 0.0294012
-1.22085 0.0184423
-1.27572 0.00844685
-1.28669 0.00795008
-1.27023 0.0105844
-1.22085 0.00415662
-1.25377 0.000318003
-1.29767 9.22021e-05
-1.25926 0.000152416
-1.13855 0.00158249
-1.22085 0.00230505
-1.10014 0.0105844
-1.11111 0.0100275
-1.09465 0.0135951
-1.16049 0.0105844
-1.18244 0.0155822
-1.25377 0.0199627
-1.18244 0.0294012
-1.15501 0.0248852
-1.13306 0.0240271
-1.08916 0.0123457
-1.09465 0.0257583
-1.08368 0.0322914
-1.02332 0.0524781
-1.17695 0.0837741
-1.20439 0.112948
-1.16598 0.146472
-1.13306 0.130154
-1.18793 0.0790775
-1.15501 0.0563167
-1.09465 0.0537426
-1.12209 0.0537426
-1.20439 0.0303496
-1.20439 0.0406611
-1.14403 0.0129629
-1.15501 0.0184423
-1.08916 0.00655012
-0.995885 0.00204915
-1.0727 0.000543804
-1.10562 0.000423377
-1.10562 1.88168e-06
-1.06722 0.00489424
-0.984911 0.00230505
-1.00686 0.000152416
-0.979424 0.00286203
-1.03978 0.0240271
-0.946502 0.0162746
-1.01783 0.0353172
-0.984911 0.0275496
-1.13855 0.0117435
-1.18244 0.0142424
-1.22634 0.0117435
-1.10562 0.00795008
-1.09465 0.0117435
-1.06173 0.00381039
-1.05624 0.000543804
-1.08368 1.69351e-05
-1.08916 0.00381039
-1.11111 0.00286203
-1.12757 0.000679285
-1.1166 0.0169821
-1.03429 0.0184423
-1.05624 0.00948553
-1.02332 0.00795008
-1.12209 0.00895866
-1.16049 0.0031631
-1.1989 0.00158249
-1.23731 0.00347922
-1.24829 0.00948553
-1.16598 0.0111565
-1.12757 0.0149048
-1.0727 0.00257602
-1.10562 0.000995407
-1.05624 0.00489424
-1.11111 0.000543804
-1.10014 0.00895866
-1.11111 0.00795008
-1.06722 0.00844685
-1.05624 0.0135951
-1.16598 0.0129629
-1.13306 0.0142424
-0.96845 0.0100275
-0.919067 0.00117605
-1.1166 0.0105844
-1.14403 0.0155822
-1.07819 0.0199627
-1.0727 0.0177047
-0.984911 0.0149048
-1.05075 0.0100275
-1.00686 0.019195
-1.05075 0.0177047
-1.01235 0.0111565
-1.02332 0.00746837
-1.00137 0.0155822
-0.957476 0.00117605
-1.00137 1.69351e-05
-0.875171 0.00117605
-0.946502 0.00569207
-0.941015 0.00528563
-0.951989 0.00415662
-0.973937 0.0177047
-0.924554 0.0223562
-0.941015 0.0353172
-1.10014 0.0240271
-1.02332 0.0395622
-1.0727 0.0616456
-1.17695 0.0463814
-1.18244 0.0576263
-1.11111 0.0374096
-1.14952 0.0475707
-1.1166 0.0374096
-1.05075 0.0417751
-1.11111 0.0429041
-1.06722 0.0440482
-1.07819 0.058951
-1.08368 0.0363559
-0.984911 0.0142424
-0.957476 0.00381039
-0.984911 0.000543804
-0.990398 0.00415662
-0.924554 0.00347922
-1.01235 0.00844685
-1.01235 0.00489424
-1.01235 0.00347922
-1.04527 0.000543804
-1.06173 0.00286203
-1.06722 9.22021e-05
-1.0727 0.000318003
-1.01783 4.70419e-05
-0.984911 0.000995407
-1.06173 1.88168e-06
-1.07819 0.000152416
-1.13855 0.00528563
-1.08916 0.0149048
-0.995885 0.0169821
-1.10014 0.00381039
-1.07819 0.000227683
-1.00686 0.00204915
-1.03429 9.22021e-05
-1.12209 0.000543804
-1.08368 0.0031631
-1.03978 0.0142424
-1.08368 0.0294012
-1.01235 0.0162746
-1.02881 0.0105844
-1.0727 0.0123457
-1.03429 0.0155822
-1.17695 0.0177047
-1.06722 0.0123457
-1.0727 0.0123457
-1.08368 0.0111565
-1.10014 0.0223562
-1.1166 0.0149048
-1.10562 0.00489424
-1.14403 0.00700172
-1.05624 0.00895866
-1.06173 0.00655012
-1.0727 0.0117435
-1.08368 0.00844685
-1.05075 0.00948553
-0.984911 0.0105844
-1.04527 0.0155822
-1.02881 0.0105844
-0.990398 0.00844685
-1.13855 9.22021e-05
-1.06722 0.00180829
-1.12757 1.69351e-05
-1.05075 0.00451791
-1.15501 0.00795008
-1.06722 0.0117435
-1.10562 0.00137174
-0.962963 0.000543804
-1.05624 0.00230505
-1.08368 0.00381039
-1.02881 0.00489424
-0.96845 0.00415662
-1.12209 0.00948553
-1.18244 0.0155822
-1.07819 0.019195
-1.09465 0.0135951
-1.13306 0.0257583
-1.05624 0.0223562
-1.06722 0.00948553
-0.984911 0.00230505
-0.951989 1.88168e-06
-1.00686 0.00415662
-0.984911 0.0100275
-1.0727 0.0199627
-0.96845 0.0169821
-0.951989 0.0322914
-0.995885 0.0177047
-0.973937 0.0266464
-1.05624 0.0207455
-1.03978 0.00489424
-1.03978 0.0162746
-1.08368 0.0207455
-1.05075 0.0275496
-1.08916 0.0322914
-1.08916 0.031313
-1.02881 0.0353172
-1.01783 0.0429041
-0.930041 0.0429041
-0.984911 0.0303496
-0.995885 0.0303496
-1.02881 0.0223562
-1.05075 0.0363559
-1.02332 0.0123457
-0.935528 0.00948553
-1.00686 0.00655012
-1.10562 0.0117435
-1.1166 0.00137174
-1.02332 0.00569207
-0.935528 0.00948553
-0.941015 0.019195
-1.02881 0.019195
-0.935528 0.0031631
-0.924554 0.00569207
-0.902606 0.000995407
-1.00137 0.00137174
-1.01783 0.00489424
-1.03978 0.0135951
-1.04527 0.00948553
-1.06722 0.0117435
-1.03429 0.0155822
-1.05075 0.0231841
-1.08916 0.0322914
-1.10562 0.0215433
-1.08368 0.0207455
-1.12757 0.0452073
-1.13855 0.0275496
-1.13306 0.033285
-1.09465 0.0440482
-1.00686 0.073026
-1.00137 0.0886063
-0.984911 0.0576263
-0.946502 0.0248852
-0.957476 0.00895866
-0.962963 0.0031631
-1.01235 0.00655012
-1.02332 0.00700172
-1.16049 0.00257602
-1.11111 0.00180829
-1.02881 0.00700172
-1.09465 0.00415662
-1.12209 0.00655012
-1.1166 0.00948553
-1.12209 0.0207455
-1.15501 0.0248852
-1.18244 0.0215433
-1.16598 0.0155822
-1.06173 0.0248852
-1.00137 0.0100275
-1.05075 1.69351e-05
-1.14952 0.000423377
-1.10562 0.00204915
-1.10014 0.000423377
-1.04527 0.000318003
-0.935528 0.000679285
-0.864198 4.70419e-05
-1.00686 0.000543804
-0.995885 9.22021e-05
-1.01783 0.0117435
-1.09465 0.00655012
-1.03978 0.00257602
-0.995885 1.69351e-05
-0.995885 0.00286203
-1.12209 0.00795008
-1.09465 0.00347922
-1.09465 0.00158249
-1.01783 1.88168e-06
-0.979424 0.000543804
-1.06173 0.00257602
-1.01783 0.0117435
-1.08368 0.0303496
-1.08916 0.0644004
-1.04527 0.0630155
-1.10562 0.0869805
-1.10562 0.0672154
-1.17147 0.091903
-1.02332 0.091903
-1.06722 0.0700906
-1.01783 0.0602908
-1.1166 0.0969609
-1.17147 0.0837741
-1.16049 0.098677
-1.14403 0.091903
-1.17695 0.165981
-1.15501 0.130154
-1.12209 0.098677
-1.10014 0.114799
-1.15501 0.124283
-1.14952 0.122356
-1.14403 0.114799
-1.06722 0.132141
-1.11111 0.107483
-1.05075 0.130154
-1.0727 0.0869805
-1.08916 0.0837741
-1.14403 0.0935739
-1.0727 0.10929
-1.08916 0.112948
-1.03978 0.10929
-1.08916 0.175043
-1.19342 0.181998
-1.11111 0.144379
-1.13855 0.181998
-1.16598 0.170482
-1.0727 0.10929
-1.11111 0.150702
-1.18244 0.157159
-1.01783 0.13616
-1.1166 0.172755
-0.984911 0.0969609
-1.01235 0.105692
-1.01783 0.0715507
-0.946502 0.0602908
-0.984911 0.0658003
-0.951989 0.0658003
-1.02332 0.120444
-1.00137 0.134143
-1.0727 0.122356
-1.09465 0.124283
-1.04527 0.122356
-1.13855 0.112948
-1.10014 0.105692
-1.27023 0.112948
-1.18244 0.0935739
-1.21536 0.111111
-1.24829 0.130154
-1.1989 0.124283
-1.10014 0.132141
-1.12209 0.122356
-1.07819 0.120444
-1.12209 0.100408
-1.05075 0.114799
-1.02332 0.0969609
-1.08916 0.10929
-1.03429 0.103916
-1.13855 0.0616456
-1.17695 0.0429041
-1.1989 0.0524781
-1.18244 0.0760216
-1.19342 0.0760216
-1.18244 0.0745163
-1.16598 0.0886063
-1.16598 0.0790775
-1.03978 0.0452073
-0.946502 0.0184423
-0.957476 0.0135951
-1.03429 0.0322914
-1.00686 0.0231841
-1.02881 0.019195
-1.10014 0.0452073
-1.02332 0.0745163
-0.924554 0.0686454
-0.957476 0.0886063
-1.10562 0.0686454
-1.0727 0.058951
-1.12757 0.0563167
-0.930041 0.0284679
-0.924554 0.00795008
-0.973937 0.0199627
-1.10014 0.0177047
-1.0727 0.0105844
-1.1166 0.00117605
-1.08368 0.00204915
-1.11111 0.000829819
-1.10562 0.00700172
-1.07819 0.00655012
-1.23182 0.000423377
-1.20988 0.00117605
-1.20988 0.000543804
-1.17147 0.00180829
-1.15501 0.00117605
-1.16598 0.00844685
-1.13855 0.00611357
-1.23731 0.0123457
-1.28121 0.0155822
-1.34705 0.0215433
-1.18244 0.0240271
-1.22634 0.0207455
-1.2428 0.0223562
-1.2428 0.0294012
-1.1989 0.0199627
-1.23731 0.0275496
-1.18244 0.031313
-1.22634 0.0231841
-1.10562 0.0353172
-1.03429 0.0395622
-1.05624 0.0452073
-1.03978 0.073026
-1.03429 0.0475707
-1.12209 0.0658003
-1.13306 0.073026
-1.17695 0.0630155
-1.14952 0.0406611
-1.14952 0.0630155
-1.1166 0.0935739
-0.990398 0.080628
-0.941015 0.0658003
-1.02332 0.0686454
-0.979424 0.0616456
-0.946502 0.0952599
-1.06722 0.0902471
-1.03978 0.0658003
-1.06173 0.100408
-0.973937 0.100408
-1.01235 0.138192
-1.10562 0.168224
-1.10562 0.19389
-1.17695 0.163753
-1.13306 0.10929
-1.08916 0.0853698
-1.12757 0.0630155
-1.12757 0.0322914
-1.07819 0.0162746
-1.01783 0.019195
-0.979424 0.0207455
-0.962963 0.0248852
-0.951989 0.0111565
-0.951989 0.00451791
-0.935528 0.0129629
-0.84225 0.0231841
-0.957476 0.0440482
-0.979424 0.0475707
-0.96845 0.0169821
-0.984911 0.0199627
-1.03978 0.0524781
-1.08368 0.0672154
-1.0727 0.0745163
-1.17147 0.0745163
-1.17147 0.0853698
-1.13306 0.105692
-1.12757 0.122356
-1.28121 0.177346
-1.1989 0.163753
-1.18793 0.13616
-1.20988 0.124283
-1.20988 0.105692
-1.15501 0.132141
-1.0727 0.16154
-1.0727 0.181998
-1.15501 0.191481
-1.11111 0.198752
-1.27572 0.293589
-1.26475 0.284737
-1.27572 0.349542
-1.22634 0.299565
-1.21536 0.296569
-1.23182 0.308642
-1.30864 0.330349
-1.33059 0.349542
-1.28669 0.346306
-1.25926 0.35606
-1.28121 0.296569
-1.20439 0.234474
-1.13855 0.181998
-1.09465 0.114799
-1.12209 0.10929
-0.979424 0.091903
-1.0727 0.080628
-1.12757 0.103916
-1.11111 0.120444
-1.06722 0.170482
-1.18793 0.206158
-1.16598 0.203675
-1.18244 0.179664
-1.02332 0.152839
-1.06173 0.170482
-1.16049 0.184346
-1.20439 0.201206
-1.16049 0.196313
-1.1166 0.226571
-1.11111 0.172755
-1.12209 0.163753
-1.14403 0.181998
-1.10014 0.226571
-1.16049 0.247947
-1.03978 0.208657
-0.957476 0.152839
-1.01235 0.16154
-1.10562 0.226571
-1.11111 0.19389
-1.11111 0.191481
-1.1166 0.175043
-1.17147 0.152839
-1.17695 0.13616
-1.1166 0.152839
-1.18244 0.138192
-1.19342 0.124283
-1.05624 0.077542
-1.1166 0.105692
-1.09465 0.114799
-1.23182 0.0886063
-1.27572 0.098677
-1.16598 0.0576263
-1.20988 0.0616456
-1.29767 0.0463814
-1.22634 0.031313
-1.1989 0.0215433
-1.14952 0.0353172
-1.11111 0.0215433
-1.22634 0.0294012
-1.16049 0.0303496
-1.03429 0.0384784
-1.16598 0.0184423
-1.12757 0.0105844
-1.12209 0.00451791
-1.16598 4.70419e-05
-1.10562 0.0031631
-1.13306 0.0162746
-1.13306 0.0135951
-1.20988 0.00746837
-1.08916 0.0117435
-1.11111 0.00655012
-1.17695 0.0100275
-1.15501 0.00611357
-1.22085 0.00180829
-1.23731 0.00230505
-1.17695 0.00489424
-1.18244 0.000152416
-1.17147 9.22021e-05
-1.18244 0.00655012
-1.16049 0.000995407
-1.20988 0.000829819
-1.12209 0.000227683
-1.08368 4.70419e-05
-1.13306 0.00611357
-1.04527 0.000543804
-1.07819 9.22021e-05
-1.03978 0.000227683
-1.04527 0.00117605
-1.02332 1.88168e-06
-1.05075 0.00204915
-1.06173 0.00381039
-1.00137 0.00415662
-0.979424 0.0100275
-1.03429 0.00528563
-1.21536 0.0207455
-1.18793 0.0105844
-1.1989 0.00895866
-1.18793 0.00204915
-1.14952 0.00569207
-1.15501 0.000543804
-1.16598 1.69351e-05
-1.13855 0.000679285
-1.11111 0.0031631
-1.14952 0.00381039
-1.14403 0.0135951
-1.10014 0.0142424
-1.13306 0.0031631
-1.11111 0.00257602
-1.12209 0.00700172
-1.07819 0.00257602
-1.13855 0.00451791
-1.08916 0.00489424
-1.01783 0.00117605
-1.05624 0.000423377
-1.08916 0.000995407
-1.10562 0.00180829
-1.00686 0.000995407
-1.1166 0.000543804
-1.08916 0.000995407
-1.09465 0.00137174
-1.07819 0.000318003
-1.05075 0.00230505
-1.05624 0.00230505
-1.13855 0.0117435
-1.18793 0.00347922
-1.08368 0.00746837
-1.11111 0.00569207
-1.18244 0.00180829
-1.13306 1.88168e-06
-1.17695 9.22021e-05
-1.13855 0.000318003
-1.15501 0.00137174
-1.13306 0.000829819
-1.03429 0.00137174
-1.12757 0.00230505
-1.10014 0.00528563
-1.14403 0.0248852
-1.13306 0.00795008
-1.11111 0.0240271
-1.12757 0.0353172
-1.09465 0.0384784
-0.962963 0.0395622
-1.05624 0.0257583
-1.10562 0.0215433
-1.03429 0.0169821
-1.00137 0.00347922
-1.10014 0.00569207
-1.12209 0.0031631
-1.05075 0.000227683
-0.973937 0.000423377
-1.00686 0.0031631
-1.02881 0.00655012
-1.02881 0.00528563
-1.03978 0.00895866
-0.962963 9.22021e-05
-1.08368 4.70419e-05
-1.12757 0.000679285
-1.14403 0.00795008
-1.10562 0.0142424
-1.07819 0.0155822
-1.05624 0.00347922
-1.00137 0.0100275
-0.995885 0.00415662
-1.01783 0.000318003
-1.01235 0.000543804
-1.11111 0.00795008
-1.04527 0.0100275
-1.08368 0.0452073
-1.01235 0.0284679
-1.08368 0.0384784
-1.12757 0.019195
-1.13855 0.00528563
-1.20988 0.0149048
-1.17147 0.0231841
-1.16598 0.0177047
-1.11111 0.0294012
-1.02332 0.0363559
-1.10562 0.0429041
-1.12757 0.031313
-1.16049 0.0284679
-1.12209 0.0384784
-1.05624 0.0576263
-1.17695 0.077542
-1.22085 0.0853698
-1.28121 0.0935739
-1.20988 0.140239
-1.18244 0.130154
-1.21536 0.19389
-1.20439 0.165981
-1.15501 0.189088
-1.16598 0.189088
-1.26475 0.22919
-1.21536 0.179664
-1.27572 0.163753
-1.12209 0.150702
-1.15501 0.100408
-1.20988 0.0821935
-1.03978 0.105692
-1.13306 0.0853698
-1.05075 0.0760216
-1.16049 0.0760216
-1.14403 0.0715507
-1.17695 0.118547
-1.05075 0.0869805
-1.02881 0.0395622
-1.0727 0.0384784
-1.1166 0.0342936
-1.14952 0.0487749
-1.20988 0.019195
-1.19342 0.0406611
-1.06722 0.0644004
-1.1166 0.0790775
-1.22085 0.118547
-1.13306 0.103916
-1.22634 0.103916
-1.19342 0.122356
-1.25377 0.144379
-1.14403 0.118547
-1.22085 0.124283
-1.22634 0.105692
-1.20439 0.091903
-1.25377 0.0700906
-1.18244 0.0715507
-1.19342 0.10929
-1.16049 0.098677
-1.16598 0.112948
-1.12209 0.100408
-1.22634 0.134143
-1.08368 0.105692
-1.08916 0.091903
-1.06173 0.0745163
-1.05624 0.073026
-1.08368 0.0563167
-1.08916 0.0452073
-1.17695 0.0440482
-1.11111 0.077542
-1.19342 0.0499943
-1.17147 0.0452073
-1.16049 0.0463814
-0.984911 0.0294012
-1.06173 0.0440482
-1.09465 0.031313
-1.07819 0.058951
-1.13306 0.0902471
-1.08368 0.0686454
-1.14952 0.0760216
-1.17147 0.0429041
-1.19342 0.058951
-1.20988 0.0821935
-1.22085 0.0630155
-1.24829 0.0475707
-1.20439 0.0463814
-1.16049 0.0303496
-1.13306 0.0322914
-1.19342 0.0223562
-1.12757 0.0149048
-1.01783 0.000995407
-1.08916 0.000543804
-1.01783 0.0111565
-1.01783 0.00381039
-1.08368 0.00415662
-1.07819 0.00948553
-1.0727 0.00844685
-1.05075 0.0275496
-0.990398 0.0275496
-1.06173 0.0672154
-0.973937 0.0745163
-0.984911 0.0644004
-0.990398 0.091903
-1.08916 0.179664
-1.16598 0.19389
-1.13855 0.179664
-1.20988 0.223967
-1.22085 0.242512
-1.26475 0.314769
-1.25377 0.296569
-1.17147 0.250686
-1.18793 0.191481
-1.20439 0.19389
-1.06722 0.198752
-1.11111 0.165981
-1.10014 0.16154
-1.13306 0.165981
-1.19342 0.218803
-1.25377 0.203675
-1.24829 0.218803
-1.16049 0.216244
-1.15501 0.226571
-1.20988 0.267441
-1.2428 0.339878
-1.26475 0.399896
-1.18244 0.349542
-1.27572 0.386137
-1.11111 0.247947
-1.20988 0.261796
-1.08916 0.201206
-1.02881 0.201206
-0.984911 0.179664
-1.10014 0.208657
-1.13306 0.203675
-1.15501 0.186709
-1.08368 0.16154
-1.16598 0.184346
-1.17147 0.191481
-1.14403 0.201206
-1.10562 0.154992
-1.18793 0.179664
-1.1166 0.144379
-1.19342 0.152839
-1.10562 0.216244
-1.18793 0.258996
-1.23731 0.293589
-1.18244 0.290623
-1.20988 0.264611
-1.25377 0.270286
-1.24829 0.324072
-1.14403 0.261796
-1.16049 0.247947
-1.17695 0.293589
-1.25377 0.299565
-1.18244 0.327203
-1.19342 0.349542
-1.25377 0.33351
-1.25926 0.379348
-1.3251 0.442617
-1.369 0.514693
-1.37997 0.52657
-1.33608 0.491345
-1.40741 0.55481
-1.46228 0.617809
-1.48971 0.635181
-1.37449 0.592203
-1.41289 0.550731
-1.42387 0.522596
-1.39643 0.495199
-1.4513 0.538583
-1.42936 0.514693
-1.33059 0.453636
-1.29218 0.45734
-1.33059 0.431734
-1.369 0.534564
-1.25377 0.420986
-1.1989 0.346306
-1.14403 0.369277
-1.24829 0.420986
-1.40192 0.542617
-1.30864 0.50685
-1.3251 0.518637
-1.28121 0.50685
-1.21536 0.392986
-1.14403 0.35606
-1.26475 0.435347
-1.23182 0.417433
-1.23731 0.442617
-1.34156 0.491345
-1.33608 0.50685
-1.34156 0.499068
-1.28669 0.438974
-1.2428 0.424553
-1.33608 0.461058
-1.27572 0.379348
-1.21536 0.403373
-1.14403 0.352794
-1.10562 0.343084
-1.14952 0.327203
-1.17695 0.270286
-1.14403 0.211171
-1.10562 0.157159
-1.08916 0.124283
-1.1166 0.128182
-1.08916 0.128182
-1.10562 0.157159
-1.13855 0.154992
-1.1989 0.201206
-1.25377 0.150702
-1.22085 0.124283
-1.22634 0.130154
-1.23182 0.177346
-1.2428 0.172755
-1.21536 0.186709
-1.18244 0.159342
-1.17147 0.189088
-1.21536 0.150702
-1.10014 0.105692
-1.16049 0.142302
-1.18244 0.118547
-1.20988 0.142302
-1.18244 0.134143
-1.16049 0.163753
-1.1166 0.146472
-1.06722 0.122356
-1.06173 0.140239
-1.17695 0.124283
-1.1989 0.132141
-1.17695 0.128182
-1.13855 0.111111
-1.0727 0.0969609
-1.14403 0.0902471
-1.20988 0.098677
-1.14952 0.0935739
-1.0727 0.0616456
-1.05624 0.0303496
-1.00686 0.0177047
-0.979424 0.0117435
-0.990398 0.00700172
-1.02332 0.0117435
-1.12209 0.0100275
-1.13855 0.0169821
-1.05624 0.0199627
-1.06722 0.031313
-1.12757 0.0162746
-1.13306 0.0184423
-1.07819 0.0248852
-1.08916 0.031313
-1.22085 0.0616456
-1.14952 0.0475707
-1.26475 0.0658003
-1.20439 0.0616456
-1.1166 0.0576263
-1.1166 0.091903
-1.2428 0.13616
-1.16598 0.128182
-1.03429 0.091903
-0.924554 0.077542
-1.00686 0.0429041
-1.03978 0.0658003
-1.09465 0.114799
-1.19342 0.150702
-1.08368 0.148579
-1.16049 0.196313
-1.10014 0.216244
-1.10014 0.242512
-1.10562 0.206158
-1.00137 0.184346
-1.13855 0.231824
-1.10562 0.196313
-1.03978 0.150702
-1.13306 0.152839
-1.02881 0.128182
-1.01783 0.100408
-1.04527 0.0869805
-1.09465 0.098677
-1.07819 0.102154
-1.03978 0.0853698
-1.01235 0.112948
-0.951989 0.073026
-0.886145 0.0700906
-0.875171 0.0576263
-0.935528 0.0303496
-0.984911 0.0169821
-1.00686 0.0342936
-1.10562 0.0248852
-1.13855 0.0266464
-1.08368 0.0475707
-1.09465 0.0487749
-1.13855 0.0440482
-1.06173 0.0374096
-0.941015 0.0395622
-0.990398 0.0452073
-0.984911 0.0207455
-1.04527 0.033285
-0.951989 0.0184423
-0.935528 0.00948553
-0.962963 0.0105844
-0.990398 0.000679285
-0.957476 0.0223562
-1.00137 0.0499943
-0.962963 0.0644004
-0.984911 0.0322914
-0.957476 0.0177047
-1.02332 0.0149048
-0.990398 0.0129629
-1.02332 0.0184423
-1.01783 0.0169821
-1.06173 0.0100275
-1.12757 0.0177047
-1.12757 0.00700172
-1.09465 0.00347922
-1.10562 0.00895866
-1.01783 0.0177047
-1.04527 0.0123457
-1.12757 0.00180829
-1.15501 0.00117605
-1.08368 0.00204915
-1.03429 0.000318003
-1.02881 4.70419e-05
-1.05075 0.00528563
-0.990398 0.00948553
-0.984911 0.00948553
-1.08368 0.00381039
-1.10562 0.00489424
-1.17147 0.000227683
-1.0727 0.000543804
-1.08368 4.70419e-05
-1.10014 0.00528563
-1.13306 0.0240271
-1.06173 0.0162746
-1.18244 0.0105844
-1.12757 0.00451791
-1.18244 0.000227683
-1.16049 0.000318003
-1.17695 0.00158249
-1.19342 1.88168e-06
-1.12209 0.00230505
-1.13306 0.00611357
-1.13855 0.00895866
-1.12757 0.00795008
-1.06722 0.00257602
-1.1989 0.000829819
-1.13306 0.000679285
-1.05624 0.000423377
-1.10014 0.000995407
-1.07819 0.000679285
-1.06722 9.22021e-05
-1.1166 0.00655012
-1.14403 0.000679285
-1.09465 0.00286203
-1.08916 4.70419e-05
-1.00686 0.00137174
-1.08916 0.00180829
-1.07819 0.000318003
-0.995885 0.00180829
-1.02332 0.00451791
-1.15501 0.00795008
-1.14952 0.0162746
-1.1166 0.0169821
-1.10014 0.0240271
-1.12757 0.0303496
-1.13306 0.0429041
-1.16598 0.058951
-1.07819 0.0487749
-0.995885 0.0630155
-1.08368 0.10929
-1.0727 0.142302
-1.12757 0.177346
-1.23182 0.184346
-1.23182 0.128182
-1.18244 0.122356
-1.18793 0.10929
-1.26475 0.163753
-1.27572 0.159342
-1.33059 0.16154
-1.23182 0.140239
-1.13306 0.111111
-1.05075 0.112948
-1.0727 0.128182
-1.09465 0.0745163
-1.13855 0.0760216
-1.16049 0.103916
-1.05624 0.114799
-0.984911 0.172755
-0.984911 0.191481
-1.07819 0.221377
-1.03429 0.264611
-1.05624 0.276021
-1.13855 0.281817
-1.15501 0.324072
-1.25926 0.317855
-1.19342 0.317855
-1.19342 0.281817
-1.26475 0.327203
-1.1989 0.305601
-1.26475 0.33351
-1.27572 0.343084
-1.34705 0.35606
-1.25926 0.339878
-1.27572 0.372619
-1.29218 0.339878
-1.3251 0.359342
-1.30864 0.308642
-1.24829 0.343084
-1.30316 0.379348
-1.28121 0.372619
-1.28669 0.399896
-1.25926 0.396433
-1.27572 0.410373
-1.33608 0.499068
-1.39095 0.453636
-1.37449 0.502951
-1.41289 0.592203
-1.29218 0.542617
-1.3251 0.522596
-1.3251 0.495199
-1.25926 0.518637
-1.22634 0.461058
-1.24829 0.417433
-1.18244 0.413895
-1.20988 0.389554
-1.29767 0.410373
-1.18793 0.349542
-1.09465 0.261796
-1.13855 0.267441
-1.21536 0.206158
-1.17147 0.186709
-1.16049 0.126225
-1.20988 0.142302
-1.20439 0.172755
-1.25377 0.189088
-1.26475 0.189088
-1.17695 0.165981
-1.12209 0.112948
-1.08368 0.0837741
-1.18244 0.148579
-1.11111 0.122356
-1.10014 0.111111
-1.06173 0.0700906
-1.03978 0.0440482
-0.984911 0.031313
-1.05075 0.0576263
-1.03978 0.0745163
-1.04527 0.0700906
-1.1166 0.0853698
-1.12757 0.077542
-1.07819 0.102154
-1.08368 0.112948
-1.08916 0.103916
-1.02332 0.0952599
-1.0727 0.118547
-1.12209 0.114799
-1.08368 0.150702
-1.1166 0.116666
-1.20439 0.140239
-1.16598 0.186709
-1.19342 0.165981
-1.25926 0.203675
-1.31962 0.221377
-1.27023 0.19389
-1.28121 0.234474
-1.34156 0.287673
-1.25377 0.253441
-1.24829 0.296569
-1.21536 0.278911
-1.21536 0.290623
-1.33059 0.343084
-1.1989 0.287673
-1.26475 0.276021
-1.25926 0.253441
-1.27572 0.293589
-1.30864 0.352794
-1.39095 0.392986
-1.41289 0.359342
-1.25377 0.302575
-1.18793 0.247947
-1.16049 0.234474
-1.17695 0.273146
-1.28669 0.308642
-1.17695 0.22919
-1.11111 0.19389
-1.02881 0.130154
-1.1166 0.154992
-0.96845 0.111111
-1.03429 0.118547
-1.07819 0.138192
-1.15501 0.13616
-1.22634 0.100408
-1.27023 0.148579
-1.18793 0.184346
-1.23731 0.234474
-1.22085 0.253441
-1.17147 0.22919
-1.19342 0.216244
-1.08916 0.201206
-1.08368 0.216244
-1.11111 0.253441
-1.23731 0.264611
-1.16049 0.234474
-1.21536 0.261796
-1.1989 0.256211
-1.14952 0.305601
-1.08916 0.330349
-1.03978 0.231824
-1.00137 0.179664
-0.897119 0.144379
-1.01783 0.148579
-1.09465 0.168224
-1.28121 0.184346
-1.23182 0.146472
-1.18793 0.111111
-1.22085 0.124283
-1.15501 0.138192
-1.05624 0.091903
-1.06722 0.146472
-1.03978 0.152839
-1.07819 0.221377
-1.24829 0.299565
-1.25377 0.276021
-1.25377 0.290623
-1.25377 0.221377
-1.17695 0.19389
-1.08916 0.208657
-1.13306 0.247947
-1.22085 0.191481
-1.26475 0.208657
-1.21536 0.221377
-1.12209 0.142302
-1.03429 0.157159
-1.01235 0.175043
-1.06173 0.211171
-1.12757 0.237138
-1.03978 0.172755
-1.1166 0.16154
-1.10014 0.132141
-1.12757 0.130154
-1.11111 0.103916
-1.16049 0.112948
-1.17695 0.122356
-1.13306 0.154992
-1.12757 0.157159
-1.04527 0.10929
-1.12757 0.0869805
-1.06722 0.0760216
-1.00686 0.100408
-1.01235 0.0821935
-1.03978 0.105692
-1.06173 0.16154
-0.979424 0.179664
-0.951989 0.159342
-1.08916 0.211171
-1.13855 0.250686
-1.05075 0.216244
-1.08916 0.2137
-1.20439 0.22919
-1.19342 0.218803
-1.16598 0.168224
-1.09465 0.138192
-1.09465 0.124283
-1.18793 0.201206
-1.17695 0.237138
-1.18793 0.2137
-1.12209 0.181998
-1.10562 0.198752
-1.17147 0.198752
-1.12209 0.203675
-1.08916 0.218803
-1.17695 0.270286
-1.20988 0.299565
-1.19342 0.330349
-1.22634 0.287673
-1.26475 0.293589
-1.22085 0.290623
-1.18244 0.264611
-1.24829 0.258996
-1.2428 0.22919
-1.16049 0.242512
-1.14403 0.181998
-1.16049 0.16154
-1.14403 0.211171
-1.18793 0.231824
-1.23731 0.308642
-1.23731 0.296569
-1.15501 0.290623
-1.27572 0.420986
-1.24829 0.382735
-1.25926 0.382735
-1.3251 0.464791
-1.34156 0.417433
-1.31962 0.382735
-1.29218 0.428136
-1.33608 0.446275
-1.29767 0.446275
-1.24829 0.406865
-1.369 0.431734
-1.30864 0.330349
-1.14952 0.284737
-1.12209 0.231824
-1.10562 0.253441
-1.11111 0.234474
-1.18244 0.184346
-1.21536 0.2137
-1.24829 0.245222
-1.16049 0.231824
-1.17695 0.270286
-1.17147 0.237138
-1.21536 0.247947
-1.12209 0.206158
-1.15501 0.270286
-1.22634 0.302575
-1.1989 0.253441
-1.20988 0.250686
-1.23182 0.258996
-1.18244 0.22919
-1.1989 0.242512
-1.12209 0.221377
-1.23182 0.258996
-1.20439 0.221377
-1.21536 0.250686
-1.21536 0.317855
-1.23731 0.320956
-1.17695 0.267441
-1.17695 0.287673
-1.20439 0.311698
-1.27023 0.250686
-1.22085 0.242512
-1.27572 0.208657
-1.17695 0.154992
-1.19342 0.16154
-1.14403 0.140239
-1.17147 0.159342
-1.10014 0.114799
-1.02332 0.0745163
-1.00686 0.080628
-1.17695 0.107483
-1.13855 0.103916
-1.1166 0.0576263
-1.12757 0.0429041
-1.11111 0.0353172
-1.16049 0.0745163
-1.17695 0.0853698
-1.19342 0.0821935
-1.22085 0.103916
-1.20439 0.080628
-1.19342 0.0644004
-1.15501 0.0417751
-1.21536 0.0475707
-1.1989 0.0417751
-1.23731 0.0406611
-1.19342 0.0512286
-1.16049 0.0322914
-1.10562 0.033285
-1.16598 0.0284679
-1.17147 0.0155822
-1.18244 0.0266464
-1.18244 0.00611357
-1.13855 0.0184423
-1.0727 0.0207455
-1.02332 0.0184423
-1.00137 0.0294012
-1.13855 0.0384784
-1.25926 0.0353172
-1.27023 0.0135951
-1.17695 0.0487749
-1.14403 0.0760216
-1.13306 0.0644004
-1.14403 0.0563167
-1.19342 0.080628
-1.16598 0.0524781
-1.11111 0.058951
-1.12757 0.0602908
-1.13306 0.0576263
-1.09465 0.0463814
-1.05075 0.0499943
-1.08916 0.0322914
-1.05624 0.0248852
-1.11111 0.0135951
-1.06722 0.00381039
-1.12209 0.000679285
-1.08368 0.00230505
-1.08368 0.000679285
-1.07819 4.70419e-05
-1.03429 0.00489424
-1.01235 0.0129629
-1.08368 0.0162746
-1.0727 0.0142424
-1.08368 0.00489424
-1.08368 0.0248852
-1.01783 0.00347922
-1.01235 0.0177047
-0.973937 0.000679285
-0.836763 0.00415662
-0.875171 9.22021e-05
-0.831276 0.00347922
-0.891632 0.00204915
-0.951989 0.00569207
-0.946502 0.0117435
-0.957476 0.0105844
-0.995885 0.0215433
-0.990398 0.0303496
-0.96845 0.0452073
-0.946502 0.0512286
-1.0727 0.0700906
-1.04527 0.0602908
-0.962963 0.0322914
-1.02332 0.0429041
-1.06722 0.080628
-1.13855 0.0935739
-1.0727 0.103916
-1.09465 0.0952599
-0.951989 0.0266464
-0.995885 0.0215433
-0.951989 0.0248852
-0.962963 0.0155822
-0.973937 0.0142424
-0.924554 0.00655012
-1.03429 0.0100275
-1.13306 0.00700172
-1.04527 0.00844685
-1.06722 0.0135951
-1.0727 0.0215433
-1.07819 0.0162746
-1.02881 0.0303496
-0.990398 0.0149048
-0.990398 0.0303496
-1.09465 0.0487749
-1.06722 0.0563167
-1.12757 0.0576263
-1.13855 0.0700906
-1.13306 0.0616456
-1.23182 0.0223562
-1.18793 0.0440482
-1.17147 0.0563167
-1.08368 0.0303496
-1.08916 0.0215433
-1.13855 0.0257583
-1.04527 0.0363559
-0.941015 0.0440482
-1.00686 0.0417751
-1.05075 0.077542
-1.14403 0.122356
-1.07819 0.150702
-1.08368 0.19389
-1.14403 0.206158
-1.1989 0.234474
-1.27572 0.218803
-1.27023 0.261796
-1.26475 0.278911
-1.27572 0.211171
-1.27023 0.231824
-1.25377 0.175043
-1.24829 0.165981
-1.35254 0.231824
-1.25377 0.264611
-1.24829 0.324072
-1.26475 0.406865
-1.36351 0.476081
-1.34705 0.424553
-1.18793 0.339878
-1.36351 0.442617
-1.24829 0.417433
-1.24829 0.424553
-1.11111 0.369277
-1.28121 0.438974
-1.23182 0.379348
-1.24829 0.372619
-1.33608 0.420986
-1.1989 0.413895
-1.19342 0.410373
-1.23731 0.438974
-1.28669 0.45734
-1.35802 0.472303
-1.35802 0.518637
-1.37997 0.464791
-1.3251 0.413895
-1.28121 0.420986
-1.20439 0.446275
-1.21536 0.449948
-1.28121 0.499068
-1.23182 0.428136
-1.31413 0.464791
-1.31413 0.518637
-1.25377 0.453636
-1.29218 0.453636
-1.30864 0.442617
-1.20439 0.369277
-1.27023 0.375976
-1.16598 0.375976
-1.16049 0.349542
-1.14952 0.327203
-1.25377 0.320956
-1.27023 0.327203
-1.33059 0.349542
-1.369 0.413895
-1.28669 0.362639
-1.25377 0.330349
-1.19342 0.284737
-1.18244 0.226571
-1.20439 0.264611
-1.11111 0.223967
-1.22085 0.221377
-1.10562 0.203675
-1.08368 0.264611
-1.21536 0.293589
-1.23182 0.290623
-1.10562 0.261796
-1.2428 0.362639
-1.26475 0.403373
-1.29767 0.396433
-1.23731 0.36595
-1.20439 0.33351
-1.1989 0.302575
-1.28669 0.330349
-1.29767 0.308642
-1.24829 0.276021
-1.20439 0.206158
-1.06722 0.138192
-1.08368 0.120444
-1.06722 0.100408
-1.16049 0.150702
-1.17695 0.172755
-1.14952 0.201206
-1.13855 0.208657
-1.13855 0.201206
-1.20439 0.19389
-1.1989 0.203675
-1.12209 0.221377
-1.12209 0.168224
-1.27023 0.2137
-1.28121 0.201206
-1.29218 0.172755
-1.21536 0.150702
-1.18793 0.126225
-1.10562 0.103916
-1.07819 0.0952599
-1.09465 0.111111
-1.20439 0.122356
-1.12209 0.112948
-1.06722 0.124283
-1.08916 0.124283
-1.01783 0.0745163
-1.07819 0.0837741
-1.14952 0.0576263
-1.16049 0.0644004
-1.08368 0.058951
-1.09465 0.0790775
-1.08368 0.0837741
-1.02332 0.111111
-1.00137 0.165981
-0.973937 0.172755
-1.10014 0.175043
-1.17147 0.239818
-1.27023 0.324072
-1.34156 0.36595
-1.29218 0.362639
-1.30864 0.413895
-1.1989 0.379348
-1.22634 0.362639
-1.1989 0.339878
-1.20439 0.336686
-1.21536 0.36595
-1.1989 0.349542
-1.23731 0.369277
-1.20988 0.314769
-1.20988 0.314769
-1.17695 0.284737
-1.03429 0.231824
-1.09465 0.208657
-1.03978 0.221377
-1.08916 0.276021
-1.11111 0.234474
-1.1166 0.203675
-1.16049 0.223967
-1.23182 0.270286
-1.2428 0.320956
-1.17695 0.324072
-1.29767 0.336686
-1.19342 0.250686
-1.21536 0.258996
-1.1166 0.270286
-1.0727 0.226571
-1.25926 0.284737
-1.21536 0.256211
-1.13306 0.226571
-1.20439 0.242512
-1.17147 0.278911
-1.23182 0.276021
-1.20439 0.261796
-1.16598 0.206158
-1.17147 0.181998
-1.18244 0.242512
-1.14952 0.267441
-1.16049 0.261796
-1.22085 0.308642
-1.16598 0.250686
-1.17147 0.211171
-1.13306 0.157159
-1.08368 0.157159
-1.08916 0.140239
-1.05075 0.10929
-1.06173 0.116666
-1.14952 0.107483
-1.13855 0.179664
-1.17147 0.247947
-1.14952 0.179664
-1.09465 0.201206
-1.1166 0.19389
-1.0727 0.140239
-1.08368 0.138192
-1.01783 0.124283
-1.02881 0.114799
-1.03978 0.102154
-0.984911 0.073026
-1.12209 0.0869805
-1.07819 0.0715507
-0.935528 0.0563167
-0.979424 0.0700906
-1.02881 0.0886063
-1.0727 0.16154
-1.16598 0.186709
-1.08916 0.124283
-1.09465 0.105692
-0.973937 0.0902471
-0.984911 0.0715507
-0.995885 0.0760216
-0.984911 0.0902471
-0.973937 0.0715507
-0.979424 0.080628
-1.03429 0.0745163
-0.908093 0.0294012
-0.946502 0.0284679
-0.869684 0.00844685
-0.919067 0.000227683
-0.902606 0.000318003
-0.941015 0.00180829
-1.02332 0.000227683
-1.06722 0.00180829
-1.0727 0.0123457
-1.01235 0.000318003
-1.02881 4.70419e-05
-1.12757 0.00180829
-1.08368 1.69351e-05
-1.1166 0.00204915
-1.12757 0.000995407
-1.16049 0.000152416
-1.09465 0.000543804
-1.02332 1.69351e-05
-1.00137 0.000423377
-1.13306 1.69351e-05
-1.12209 0.000227683
-0.973937 0.00180829
-1.13306 0.0123457
-1.05075 0.00528563
-0.941015 0.0100275
-1.07819 0.0240271
-1.01235 0.00948553
-1.06722 0.00895866
-1.01235 0.00489424
-1.06722 0.0135951
-1.09465 0.0135951
-1.04527 0.00381039
-1.14403 0.0199627
-1.08368 0.00844685
-1.09465 0.00204915
-1.1166 0.00230505
-1.16049 4.70419e-05
-1.20988 0.0031631
-1.25377 0.000423377
-1.22085 0.0031631
-1.18244 0.00795008
-1.11111 0.0100275
-1.14403 0.0184423
-1.09465 0.00528563
-1.22634 0.00347922
-1.12757 0.00230505
-1.17147 0.000829819
-1.15501 0.000995407
-1.13306 0.000227683
-1.11111 0.00746837
-1.11111 0.00655012
-1.15501 0.00528563
-1.16049 0.0105844
-1.08368 0.0184423
-1.18793 0.0275496
-1.06173 0.0177047
-1.02881 0.0275496
-1.03978 0.0117435
-1.10562 0.0135951
-1.14403 0.00286203
-1.05075 0.00528563
-1.14952 0.0162746
-1.08368 0.0284679
-1.06173 0.0266464
-1.11111 0.0294012
-1.12209 0.0322914
-1.13855 0.0374096
-1.05624 0.0406611
-1.11111 0.0602908
-1.06722 0.0715507
-0.995885 0.0602908
-1.03978 0.073026
-1.13306 0.0902471
-1.04527 0.098677
-1.03429 0.138192
-1.12757 0.142302
-1.18244 0.132141
-1.15501 0.120444
-1.20988 0.116666
-1.25377 0.130154
-1.18793 0.0935739
-1.17147 0.0935739
-1.21536 0.103916
-1.28669 0.140239
-1.25377 0.128182
-1.31962 0.0952599
-1.19342 0.0644004
-1.16049 0.0745163
-1.20439 0.0658003
-1.06722 0.0576263
-1.09465 0.0384784
-1.07819 0.0524781
-1.19342 0.0760216
-1.25926 0.118547
-1.23731 0.122356
-1.17695 0.0886063
-1.25926 0.091903
-1.23182 0.140239
-1.13855 0.114799
-1.19342 0.103916
-1.06722 0.077542
-1.1166 0.0550221
-1.05075 0.0406611
-1.05075 0.0322914
-1.06722 0.0563167
-1.10014 0.0537426
-1.13855 0.0616456
-1.20988 0.0576263
-1.10562 0.0374096
-1.18793 0.0155822
-1.1989 0.00844685
-1.22085 0.0100275
-1.10562 0.0105844
-1.18244 0.0117435
-1.22085 0.00948553
-1.09465 0.000227683
-1.07819 1.88168e-06
-1.10562 0.00180829
-1.09465 0.00611357
-1.06722 0.000995407
-1.13855 0.00204915
-1.18793 0.000152416
-1.1166 9.22021e-05
-1.17695 0.000318003
-1.16049 0.000318003
-1.0727 0.00844685
-1.09465 0.0149048
-1.12757 0.0207455
-1.08916 0.0303496
-1.17147 0.0231841
-1.10562 0.0162746
-1.14952 0.0322914
-1.03429 0.0135951
-1.00686 0.0215433
-1.04527 0.0215433
-1.11111 0.0406611
-1.10562 0.0207455
-1.13855 0.0395622
-1.08916 0.0550221
-1.01783 0.0512286
-0.990398 0.0512286
-0.957476 0.0406611
-0.990398 0.0275496
-1.0727 0.0686454
-0.979424 0.0248852
-1.04527 0.0395622
-1.09465 0.0563167
-1.12209 0.077542
-1.09465 0.0969609
-1.16598 0.120444
-1.28121 0.157159
-1.26475 0.138192
-1.23182 0.134143
-1.27023 0.098677
-1.1989 0.111111
-1.16598 0.118547
-1.17695 0.091903
-1.19342 0.0886063
-1.20988 0.091903
-1.14952 0.0576263
-1.23731 0.0686454
-1.16049 0.0630155
-1.17147 0.0902471
-1.0727 0.102154
-1.14952 0.128182
-0.951989 0.0644004
-1.01783 0.0342936
-1.01783 0.0417751
-1.02881 0.0248852
-1.06173 0.0275496
-0.979424 0.0248852
-0.979424 0.0275496
-1.09465 0.0322914
-1.01235 0.00844685
-1.08368 0.00415662
-1.06173 0.0149048
-1.00137 0.0100275
-1.06722 0.033285
-1.05624 0.0322914
-1.0727 0.0117435
-1.05624 0.0199627
-1.0727 0.0363559
-1.13306 0.0429041
-0.979424 0.0429041
-0.990398 0.0374096
-1.05624 0.0440482
-0.935528 0.0700906
-1.05075 0.112948
-1.03429 0.118547
-1.02881 0.0952599
-1.06722 0.10929
-1.0727 0.128182
-1.13306 0.103916
-1.20988 0.10929
-1.17695 0.102154
-1.14952 0.0869805
-1.13855 0.102154
-1.16598 0.116666
-1.14403 0.126225
-1.09465 0.0935739
-1.08368 0.0463814
-1.22634 0.0417751
-1.20988 0.0199627
-1.24829 0.0303496
-1.21536 0.0199627
-1.03978 0.0322914
-1.00137 0.0275496
-1.01783 0.0142424
-1.03429 0.0169821
-0.941015 0.00844685
-1.02881 0.0231841
-1.01783 0.0417751
-1.01235 0.0440482
-1.03978 0.0384784
-1.03429 0.0487749
-1.05075 0.019195
-1.06173 0.00180829
-1.09465 0.0117435
-0.957476 0.00844685
-1.08368 0.0031631
-0.962963 0.00569207
-1.06722 0.0169821
-1.17695 0.0353172
-1.16049 0.00700172
-1.07819 0.000679285
-1.06722 9.22021e-05
-1.19342 9.22021e-05
-1.0727 0.00528563
-1.09465 0.00611357
-1.06722 0.0111565
-1.00686 0.0105844
-1.05075 0.0342936
-0.979424 0.00948553
-1.03978 0.0149048
-1.07819 0.0275496
-1.10562 0.0440482
-1.07819 0.0700906
-1.14403 0.058951
-1.13855 0.0658003
-1.20439 0.0576263
-1.12757 0.0853698
-1.14952 0.0524781
-1.11111 0.0616456
-1.06722 0.0952599
-1.13855 0.122356
-1.14403 0.132141
-1.18793 0.114799
-1.20439 0.103916
-1.22634 0.138192
-1.20988 0.122356
-1.18244 0.138192
-1.20439 0.177346
-1.1166 0.146472
-1.16049 0.179664
-1.13855 0.146472
-1.05624 0.181998
-1.12757 0.226571
-1.11111 0.2137
-1.09465 0.223967
-1.06173 0.152839
-1.01783 0.13616
-1.13855 0.150702
-1.14952 0.116666
-1.12757 0.100408
-0.995885 0.107483
-1.00137 0.0790775
-1.00137 0.112948
-1.04527 0.0969609
-1.10014 0.102154
-1.0727 0.073026
-1.06173 0.0869805
-1.0727 0.114799
-1.18244 0.107483
-1.10014 0.112948
-1.06722 0.114799
-1.06722 0.146472
-1.05624 0.122356
-1.05075 0.0853698
-1.05075 0.10929
-1.11111 0.128182
-1.05075 0.091903
-1.15501 0.128182
-1.15501 0.102154
-1.12757 0.13616
-1.04527 0.0886063
-0.91358 0.0602908
-1.02332 0.0644004
-1.00686 0.0452073
-1.06173 0.058951
-1.14403 0.077542
-1.12757 0.0837741
-1.00686 0.0563167
-0.990398 0.0672154
-1.06722 0.0837741
-1.03978 0.112948
-1.02332 0.103916
-0.853224 0.0952599
-0.957476 0.10929
-0.941015 0.118547
-0.853224 0.103916
-0.990398 0.10929
-1.06173 0.114799
-1.08368 0.0790775
-1.17695 0.111111
-1.1166 0.140239
-1.25377 0.16154
-1.1989 0.175043
-1.12757 0.175043
-1.03978 0.172755
-1.16598 0.231824
-1.12209 0.165981
-0.973937 0.100408
-1.03429 0.120444
-1.17147 0.140239
-1.22085 0.150702
-1.24829 0.177346
-1.17147 0.116666
-1.20439 0.116666
-1.11111 0.122356
-1.13855 0.196313
-1.05075 0.198752
-1.11111 0.211171
-1.16049 0.308642
-1.20988 0.284737
-1.16598 0.270286
-1.14403 0.258996
-1.08916 0.273146
-1.24829 0.410373
-1.23731 0.417433
-1.21536 0.392986
-1.25926 0.410373
-1.31962 0.476081
-1.17147 0.403373
-1.22634 0.435347
-1.22634 0.369277
-1.17695 0.314769
-1.0727 0.198752
-1.02881 0.118547
-1.03429 0.0644004
-1.08368 0.0452073
-1.00686 0.0142424
-0.951989 0.019195
-1.01783 0.0105844
-1.01235 9.22021e-05
-0.962963 1.69351e-05
-0.902606 0.00415662
-0.973937 0.00795008
-1.0727 0.0215433
-1.11111 0.00895866
-1.16049 0.0266464
-1.06173 0.0384784
-1.06173 0.0322914
-1.03429 0.0184423
-1.08916 0.0155822
-1.05624 0.0406611
-1.18793 0.0395622
-1.10562 0.0760216
-1.0727 0.114799
-1.11111 0.100408
-1.08916 0.0700906
-1.12209 0.0886063
-1.0727 0.128182
-1.11111 0.103916
-1.07819 0.134143
-1.14403 0.154992
-1.16049 0.168224
-1.16598 0.152839
-1.11111 0.13616
-1.1989 0.120444
-1.13306 0.0902471
-1.03429 0.100408
-1.04527 0.0821935
-1.08916 0.091903
-1.05075 0.0969609
-1.16598 0.134143
-1.09465 0.0902471
-1.17695 0.122356
-1.18793 0.142302
-1.2428 0.172755
-1.11111 0.146472
-1.16598 0.179664
-1.20988 0.170482
-1.1989 0.165981
-1.08916 0.122356
-1.09465 0.0672154
-1.10014 0.0499943
-1.01783 0.058951
-1.02881 0.0475707
-1.00137 0.077542
-0.951989 0.0886063
-1.09465 0.100408
-1.13306 0.0715507
-1.08916 0.0886063
-1.04527 0.080628
-0.984911 0.10929
-0.935528 0.0374096
-1.02881 0.0275496
-1.08368 0.058951
-1.01783 0.0294012
-1.10562 0.0184423
-1.09465 0.0353172
-1.0727 0.0524781
-1.11111 0.0715507
-1.13855 0.091903
-1.14403 0.098677
-1.09465 0.103916
-1.06173 0.130154
-1.1166 0.130154
-1.13855 0.0821935
-1.14403 0.0760216
-1.20988 0.0644004
-1.14403 0.073026
-1.15501 0.0790775
-1.1989 0.0935739
-1.17695 0.091903
-1.16049 0.100408
-1.14952 0.0487749
-1.17147 0.0644004
-1.11111 0.0745163
-1.07819 0.114799
-1.05075 0.132141
-1.00137 0.077542
-1.02881 0.080628
-1.17147 0.080628
-1.21536 0.091903
-1.16049 0.0686454
-1.06173 0.0537426
-1.06722 0.031313
-1.07819 0.0177047
-1.14952 0.0215433
-1.13306 0.033285
-1.05075 0.0353172
-1.07819 0.031313
-1.09465 0.0417751
-1.03978 0.0417751
-1.09465 0.0417751
-1.15501 0.0630155
-1.16049 0.0524781
-1.10562 0.0512286
-1.22085 0.0790775
-1.10562 0.0745163
-1.06173 0.0686454
-1.15501 0.0363559
-1.05624 0.0406611
-1.08368 0.0686454
-1.14952 0.0644004
-1.09465 0.0499943
-1.11111 0.0406611
-1.09465 0.0524781
-1.18244 0.0837741
-1.19342 0.0524781
-1.20988 0.0487749
-1.13306 0.0672154
-1.18244 0.0294012
-1.20988 0.0576263
-1.12757 0.0821935
-1.16049 0.0658003
-1.16598 0.0440482
-1.08368 0.0231841
-1.13306 0.00569207
-1.20988 0.000829819
-1.18244 0.000318003
-1.28669 0.00257602
-1.22085 0.00611357
-1.1989 0.00180829
-1.19342 0.0031631
-1.11111 0.00569207
-1.16598 0.00844685
-1.13855 0.0135951
-1.12209 0.00746837
-1.14952 0.00569207
-1.22085 1.69351e-05
-1.08368 0.000318003
-1.1166 0.00158249
-1.02881 0.00611357
-0.973937 0.00257602
-1.02332 0.00655012
-1.01235 0.0215433
-1.01235 0.0384784
-1.07819 0.0563167
-1.10014 0.0537426
-1.02881 0.0745163
-1.0727 0.0935739
-1.10562 0.0658003
-1.1166 0.0672154
-1.10562 0.0969609
-1.04527 0.130154
-1.10014 0.0969609
-1.14403 0.148579
-1.11111 0.142302
-1.07819 0.0952599
-1.16049 0.0869805
-1.27572 0.0790775
-1.14403 0.114799
-1.08368 0.105692
-1.12209 0.0935739
-1.0727 0.105692
-1.07819 0.0760216
-1.15501 0.0630155
-1.03429 0.0452073
-0.902606 0.0184423
-0.935528 0.0322914
-0.962963 0.0342936
-0.957476 0.0395622
-0.96845 0.0487749
-0.96845 0.058951
-1.01783 0.100408
-1.05075 0.0760216
-1.02881 0.0417751
-1.01783 0.0406611
-0.930041 0.0353172
-0.957476 0.00611357
-1.01783 0.031313
-1.10014 0.0162746
-1.00137 0.0322914
-1.05075 0.031313
-1.02332 0.0257583
-1.02332 0.0199627
-1.12209 0.0537426
-1.14952 0.0616456
-1.11111 0.0869805
-1.22634 0.118547
-1.08916 0.142302
-1.08368 0.116666
-1.02332 0.0745163
-1.01235 0.0952599
-0.979424 0.058951
-0.984911 0.0576263
-1.01783 0.0440482
-1.20988 0.0602908
-1.11111 0.0406611
-1.14403 0.0303496
-1.12757 0.0215433
-1.18244 0.0417751
-1.08916 0.0303496
-1.01783 0.0231841
-1.07819 0.0248852
-1.03978 0.0294012
-1.01235 0.0475707
-0.902606 0.0177047
-0.990398 0.0266464
-1.06173 0.0475707
-1.11111 0.0123457
-1.08368 0.0123457
-0.91358 0.00895866
-1.00137 0.0429041
-1.00686 0.0487749
-1.08916 0.0353172
-1.04527 0.0207455
-0.962963 0.0155822
-1.06722 0.0100275
-1.00686 0.00381039
-1.02881 0.000227683
-0.990398 0.00451791
-1.02881 0.000152416
-0.891632 9.22021e-05
-0.962963 0.000423377
-0.91358 4.70419e-05
-0.91358 0.00569207
-1.08916 0.0155822
-1.0727 0.0275496
-1.03978 0.0177047
-1.04527 0.0294012
-1.05624 0.0294012
-1.08368 0.0123457
-1.07819 0.0303496
-1.05624 0.0177047
-1.01235 0.00795008
-0.979424 0.0215433
-0.96845 0.0184423
-1.01235 0.00137174
-1.10014 0.0129629
-1.19342 0.00415662
-1.27572 0.00204915
-1.2428 0.00230505
-1.20439 0.00489424
-1.12209 0.00204915
-1.20988 0.00451791
-1.17695 0.0162746
-1.27572 0.0257583
-1.25926 0.0199627
-1.13306 0.0142424
-1.10014 0.0294012
-1.1166 0.0257583
-1.13855 0.0240271
-1.14952 0.031313
-1.1989 0.0550221
-1.15501 0.0452073
-1.14952 0.0869805
-1.10562 0.0715507
-1.10014 0.0672154
-1.12209 0.0658003
-1.06722 0.0499943
-0.979424 0.0199627
-1.03429 0.0135951
-1.08916 0.0162746
-1.1166 0.0184423
-1.12209 0.0303496
-1.18244 0.0384784
-1.14403 0.0406611
-1.1166 0.0537426
-1.13306 0.0417751
-1.13855 0.0837741
-1.03978 0.0745163
-1.03429 0.0644004
-1.06173 0.077542
-1.16049 0.150702
-1.07819 0.126225
-1.0727 0.0869805
-1.09465 0.107483
-1.21536 0.105692
-1.22085 0.0715507
-1.23731 0.0658003
-1.22634 0.0886063
-1.09465 0.0602908
-1.13855 0.0760216
-1.15501 0.0630155
-1.1166 0.0700906
-1.08916 0.0644004
-1.10562 0.0395622
-1.17147 0.0630155
-1.10014 0.0429041
-1.18793 0.0630155
-1.07819 0.0658003
-1.14403 0.0429041
-1.16598 0.10929
-1.09465 0.0952599
-1.10014 0.0969609
-0.930041 0.0902471
-1.02881 0.0790775
-1.05624 0.0837741
-1.09465 0.0837741
-1.06173 0.0463814
-1.14403 0.0658003
-1.03429 0.0440482
-1.06173 0.0384784
-1.05075 0.0429041
-1.12757 0.033285
-1.0727 0.0199627
-1.01783 0.0294012
-1.14403 0.0452073
-1.09465 0.031313
-1.15501 0.0363559
-1.16049 0.0363559
-1.1989 0.0177047
-1.08916 0.0363559
-1.0727 0.0452073
-1.02881 0.0452073
-1.10014 0.0475707
-1.03978 0.0700906
-1.07819 0.0395622
-1.07819 0.0257583
-1.05624 0.0417751
-1.04527 0.0384784
-1.13306 0.0266464
-1.11111 0.0199627
-1.10562 0.0342936
-1.04527 0.0215433
-1.01783 0.0123457
-1.06722 0.00257602
-1.05075 0.00230505
-0.984911 0.0129629
-1.03978 0.0149048
-1.03429 0.0257583
-1.03429 0.0123457
-1.00686 0.0135951
-1.08916 0.0207455
-1.06722 0.0537426
-1.10562 0.0384784
-1.00137 0.0231841
-1.11111 0.0284679
-1.15501 0.0177047
-1.13855 0.0129629
-1.16049 0.0395622
-1.20439 0.0452073
-1.08916 0.033285
-1.06722 0.0384784
-1.06173 0.0499943
-1.14403 0.0524781
-1.13306 0.058951
-1.08368 0.0524781
-1.13306 0.058951
-1.09465 0.0248852
-1.18244 0.0512286
-1.16598 0.0231841
-1.15501 0.0257583
-1.10014 0.0275496
-1.16598 0.0463814
-1.08916 0.0395622
-1.12757 0.0440482
-1.14403 0.0853698
-1.15501 0.077542
-1.06722 0.0429041
-1.10562 0.0184423
-1.10014 0.0257583
-1.1166 0.0142424
-1.1166 0.0294012
-1.22085 0.0512286
-1.20988 0.0284679
-1.18793 0.0487749
-1.13306 0.0837741
-1.09465 0.103916
-1.15501 0.0902471
-1.06173 0.077542
-1.02881 0.0550221
-1.01783 0.0821935
-1.01783 0.0602908
-1.0727 0.0475707
-1.00686 0.0602908
-1.08368 0.0563167
-0.951989 0.0363559
-0.984911 0.0240271
-1.00137 0.0395622
-0.973937 0.0294012
-1.05075 0.0353172
-1.02332 0.0240271
-1.11111 0.0284679
-1.06173 0.0162746
-0.984911 0.0111565
-0.91358 0.00611357
-0.96845 0.0384784
-0.984911 0.0429041
-1.01783 0.0853698
-1.10014 0.0658003
-1.11111 0.0616456
-1.15501 0.0463814
-1.06173 0.0257583
-1.13306 0.0353172
-1.08916 0.0715507
-1.12757 0.033285
-1.10014 0.0384784
-1.18244 0.0223562
-1.10014 0.0231841
-1.08368 0.0322914
-1.02332 0.0177047
-0.995885 0.00611357
-0.995885 0.000679285
-0.924554 4.70419e-05
-0.973937 0.00415662
-0.984911 0.00569207
-0.984911 0.000679285
-1.05624 0.000318003
-1.03978 0.00117605
-1.08368 1.88168e-06
-1.12209 1.69351e-05
-1.17147 0.00347922
-1.03978 0.00948553
-1.10014 0.00381039
-1.06173 0.00795008
-1.05075 0.00117605
-1.11111 0.0031631
-1.21536 1.69351e-05
-1.1166 0.00117605
-1.10014 4.70419e-05
-1.17147 0.000829819
-1.12757 0.00528563
-1.16049 4.70419e-05
-1.18244 0.000152416
-1.14403 0.0031631
-1.1166 0.00655012
-1.20988 0.00381039
-1.19342 0.0031631
-1.17695 0.0105844
-1.2428 0.0294012
-1.18793 0.0162746
-1.20439 0.0374096
-1.21536 0.0231841
-1.2428 0.0199627
-1.03429 0.0117435
-1.1166 0.0117435
-1.16049 0.00117605
-1.17147 0.00257602
-1.16598 0.00528563
-1.10014 0.00746837
-1.09465 0.00415662
-1.12209 0.00158249
-1.19342 0.019195
-1.22634 0.0207455
-1.22634 0.0342936
-1.23182 0.0363559
-1.11111 0.0342936
-1.14403 0.0169821
-1.08368 0.0123457
-1.09465 0.0294012
-1.01783 0.033285
-1.06722 0.0452073
-1.12209 0.0463814
-1.10562 0.0644004
-1.10014 0.0440482
-1.01235 0.0240271
-0.919067 0.00569207
-1.02881 0.00451791
-1.01783 0.00795008
-1.11111 0.0487749
-1.09465 0.073026
-1.11111 0.0576263
-0.957476 0.0417751
-1.01235 0.0902471
-1.03978 0.091903
-1.06722 0.091903
-0.995885 0.073026
-1.08916 0.0790775
-1.13855 0.0512286
-1.15501 0.0886063
-1.08368 0.105692
-1.15501 0.142302
-1.29218 0.152839
-1.12757 0.148579
-1.06173 0.124283
-1.03978 0.0869805
-1.03429 0.140239
-1.08368 0.122356
-1.01783 0.0715507
-1.05075 0.0463814
-1.18793 0.0902471
-1.1989 0.091903
-1.18244 0.0902471
-1.16598 0.111111
-1.21536 0.132141
-1.16049 0.142302
-1.13306 0.16154
-1.11111 0.175043
-1.16049 0.223967
-1.23731 0.284737
-1.2428 0.281817
-1.22634 0.267441
-1.21536 0.234474
-1.22634 0.2137
-1.24829 0.203675
-1.25377 0.234474
-1.21536 0.239818
-1.1166 0.247947
-1.14952 0.256211
-1.0727 0.221377
-1.03978 0.218803
-1.01783 0.196313
-1.06173 0.179664
-1.08916 0.168224
-1.11111 0.218803
-1.13306 0.218803
-1.04527 0.170482
-1.10562 0.256211
-1.18244 0.317855
-1.18793 0.317855
-1.14952 0.296569
-1.16598 0.284737
-1.25926 0.311698
-1.35254 0.327203
-1.38546 0.324072
-1.35254 0.362639
-1.33059 0.372619
-1.22634 0.296569
-1.16049 0.261796
-1.23731 0.343084
-1.28669 0.281817
-1.34156 0.270286
-1.29767 0.276021
-1.20988 0.258996
-1.25926 0.231824
-1.25926 0.226571
-1.16049 0.177346
-1.06722 0.177346
-1.12209 0.211171
-1.01235 0.221377
-1.09465 0.247947
-1.16598 0.237138
-1.11111 0.253441
-1.18793 0.256211
-1.16598 0.270286
-1.17147 0.270286
-1.14952 0.247947
-1.15501 0.203675
-1.12209 0.267441
-1.16049 0.276021
-1.16598 0.270286
-1.13855 0.258996
-1.22634 0.267441
-1.17147 0.237138
-1.17147 0.264611
-1.20988 0.256211
-1.18793 0.270286
-1.17695 0.247947
-1.18244 0.278911
-1.18793 0.324072
-1.19342 0.296569
-1.12757 0.237138
-1.17695 0.223967
-1.14403 0.150702
-1.07819 0.146472
-0.935528 0.118547
-1.00686 0.102154
-1.02332 0.170482
-0.91358 0.140239
-0.995885 0.150702
-1.04527 0.157159
-1.06722 0.154992
-1.04527 0.172755
-1.08368 0.105692
-1.03978 0.112948
-1.02881 0.0837741
-0.941015 0.0322914
-0.941015 0.0322914
-1.00686 0.0395622
-0.979424 0.0563167
-1.13306 0.0487749
-1.08916 0.0630155
-1.20988 0.0644004
-1.18793 0.0700906
-1.12757 0.0487749
-1.13306 0.0303496
-0.924554 0.0384784
-0.924554 0.0499943
-0.941015 0.0644004
-0.930041 0.080628
-0.995885 0.105692
-1.00686 0.103916
-0.951989 0.102154
-1.01783 0.100408
-1.12209 0.077542
-1.11111 0.0374096
-1.04527 0.0374096
-1.08368 0.0429041
-1.01235 0.0353172
-1.08916 0.0169821
-0.995885 0.0199627
-1.04527 0.0395622
-0.924554 0.0342936
-0.979424 0.0294012
-1.03429 0.0266464
-1.15501 0.0440482
-1.03429 0.0440482
-1.02881 0.0630155
-1.08368 0.0869805
-1.06173 0.0499943
-1.10562 0.0672154
-1.05624 0.0499943
-1.03429 0.0745163
-1.11111 0.0715507
-1.15501 0.0384784
-1.1166 0.0169821
-1.06722 0.00746837
-1.18793 0.0142424
-1.10562 0.0240271
-1.19342 0.0257583
-1.19342 0.019195
-1.13306 0.019195
-1.05075 0.00286203
-1.05075 0.00415662
-1.11111 0.00569207
-1.10562 0.00844685
-1.10014 0.00286203
-1.06722 0.00257602
-1.0727 0.0207455
-1.03429 0.0184423
-1.05075 0.0257583
-1.05075 0.0294012
-1.1166 0.019195
-1.16598 0.00895866
-1.06722 0.00655012
-0.973937 1.88168e-06
-0.935528 0.000152416
-0.995885 0.00381039
-0.886145 4.70419e-05
-0.984911 0.000318003
-1.05075 0.0123457
-1.09465 0.00611357
-1.04527 0.00381039
-1.00686 0.000227683
-1.01783 0.00528563
-0.973937 0.00844685
-0.919067 0.00117605
-0.962963 0.00746837
-1.03429 0.00347922
-1.00137 0.00137174
-1.06173 0.019195
-1.05075 0.0123457
-1.04527 0.0322914
-1.00137 0.00528563
-0.96845 0.000679285
-1.05624 0.00286203
-1.00137 0.000829819
-0.935528 0.000679285
-1.02332 0.00158249
-0.930041 0.000227683
-1.01783 0.00489424
-1.01783 0.00700172
-1.03978 1.69351e-05
-1.14952 1.69351e-05
-1.1166 0.000152416
-1.25926 0.00137174
-1.16598 0.000227683
-1.1166 0.00347922
-1.17147 0.0100275
-1.22085 0.00948553
-1.23731 0.0215433
-1.08916 0.00569207
-1.14403 0.0123457
-1.12209 0.0111565
-1.13306 0.00700172
-1.17147 0.0100275
-1.12757 0.0135951
-1.0727 0.0031631
-1.05075 0.00347922
-1.14952 1.88168e-06
-1.20439 9.22021e-05
-1.15501 0.000152416
-1.19342 0.000543804
-1.18793 0.000829819
-1.20988 0.000829819
-1.16598 4.70419e-05
-1.17147 0.000423377
-1.25377 0.00895866
-1.28669 0.0257583
-1.23182 0.0342936
-1.23731 0.0231841
-1.20439 0.0406611
-1.17695 0.031313
-1.18244 0.0248852
-1.26475 0.0207455
-1.20439 0.0184423
-1.28669 0.0240271
-1.22085 0.0257583
-1.22085 0.0395622
-1.27023 0.0374096
-1.19342 0.0499943
-1.22634 0.0384784
-1.14403 0.0353172
-1.16598 0.0353172
-1.07819 0.0169821
-1.04527 0.00415662
-1.0727 0.0155822
-1.13855 0.00655012
-1.14952 0.00569207
-1.20439 0.00489424
-1.13306 0.00117605
-1.12209 0.00655012
-1.04527 0.00257602
-1.10014 0.000318003
-1.10562 0.00381039
-1.07819 0.00844685
-1.03978 0.00611357
-0.979424 0.00746837
-1.06173 0.00451791
-1.10562 0.00528563
-1.13855 0.0142424
-1.11111 0.00489424
-1.14952 0.00381039
-1.12209 0.00347922
-1.0727 0.00655012
-1.14403 0.00257602
-1.16598 0.00257602
-1.20988 0.000423377
-1.0727 0.000679285
-1.1166 0.000829819
-1.17695 0.000995407
-1.22634 0.000829819
-1.14952 0.00611357
-1.16049 0.0031631
-1.10014 0.000318003
-1.17147 0.000227683
-1.13306 0.00230505
-1.05624 0.00655012
-1.03978 0.00158249
-1.10562 0.0031631
-1.22085 9.22021e-05
-1.29218 0.000829819
-1.29218 0.000318003
-1.22634 1.69351e-05
-1.28121 0.00489424
-1.25926 0.00137174
-1.16598 0.000679285
-1.1989 9.22021e-05
-1.26475 0.00117605
-1.26475 0.00415662
-1.23182 0.00415662
-1.27023 0.00180829
-1.16598 0.000423377
-1.08916 0.000152416
-1.10562 0.0031631
-1.12757 0.00117605
-1.10014 0.000152416
-1.0727 1.88168e-06
-1.08368 0.00948553
-1.12209 0.00347922
-1.02881 0.00948553
-1.10014 0.00451791
-1.06722 0.000227683
-1.05075 0.00451791
-1.08916 0.0129629
-1.03978 0.033285
-1.02881 0.0199627
-1.05624 0.031313
-0.979424 0.0417751
-1.00686 0.0512286
-0.984911 0.0550221
-1.12209 0.0417751
-1.12757 0.0537426
-0.990398 0.0512286
-1.06722 0.0248852
-1.06173 0.0576263
-1.17147 0.091903
-1.09465 0.0853698
-1.0727 0.0869805
-1.03978 0.080628
-1.01783 0.102154
-1.05075 0.122356
-1.08916 0.140239
-1.17695 0.132141
-1.21536 0.146472
-1.19342 0.170482
-1.28121 0.128182
-1.1989 0.0715507
-1.22634 0.0886063
-1.23731 0.091903
-1.21536 0.102154
-1.23731 0.114799
-1.19342 0.100408
-1.1989 0.0821935
-1.19342 0.0902471
-1.28669 0.0902471
-1.19342 0.0853698
-1.13855 0.0760216
-1.01235 0.0384784
-1.03978 0.0111565
-1.12757 0.0149048
-1.12209 0.0169821
-1.02332 0.0162746
-1.03978 0.00895866
-1.12209 0.00451791
-1.11111 0.000995407
-1.1989 0.00451791
-1.1166 0.000829819
-1.17147 0.000679285
-1.1166 0.00257602
-1.17147 0.00180829
-1.23182 0.00137174
-1.22085 0.00655012
-1.27572 0.00158249
-1.26475 0.00158249
-1.17695 1.69351e-05
-1.11111 0.00746837
-1.08368 0.0162746
-1.15501 0.0129629
-1.23731 0.0129629
-1.14403 0.00415662
-1.17695 0.000679285
-1.10014 0.000152416
-1.11111 9.22021e-05
-1.12757 0.00700172
-1.0727 0.00137174
-1.06173 0.000995407
-1.16598 0.00158249
-1.09465 0.00528563
-1.07819 0.00528563
-1.15501 0.00528563
-1.14952 0.0105844
-1.14403 0.0487749
-1.08368 0.0303496
-1.05624 0.0135951
-0.995885 0.0284679
-1.17147 0.0487749
-1.22634 0.0475707
-1.17147 0.0429041
-1.10562 0.0563167
-1.03429 0.0475707
-0.962963 0.0374096
-1.09465 0.058951
-1.02881 0.0576263
-1.05075 0.0686454
-1.0727 0.073026
-1.13306 0.0524781
-1.13306 0.0524781
-1.03429 0.0550221
-0.957476 0.0658003
-0.951989 0.0537426
-1.01235 0.0672154
-0.951989 0.0524781
-1.06722 0.0499943
-1.13855 0.0395622
-1.03429 0.0303496
-1.10562 0.0142424
-1.12757 0.00569207
-1.02881 0.000423377
-1.0727 0.000152416
-1.18244 0.000543804
-1.10562 0.00489424
-1.04527 0.031313
-1.00686 0.0199627
-1.04527 0.0184423
-1.08916 0.00415662
-1.05624 0.00158249
-1.01235 0.000423377
-1.03978 0.000227683
-1.08368 0.00230505
-1.07819 0.00158249
-1.0727 0.00286203
-0.995885 4.70419e-05
-1.08916 1.88168e-06
-1.09465 0.000995407
-1.08916 0.00746837
-1.18793 0.00795008
-1.17147 0.0123457
-1.12209 0.0031631
-1.17147 0.0123457
-1.14952 0.00655012
-1.18793 9.22021e-05
-1.23731 0.00158249
-1.20988 0.0129629
-1.09465 0.00844685
-1.14952 0.00844685
-1.09465 0.00528563
-1.13306 0.00381039
-1.14952 0.0149048
-1.06173 0.0155822
-0.995885 0.00844685
-0.96845 0.000152416
-0.990398 1.69351e-05
-0.946502 0.00655012
-0.995885 0.00347922
-1.07819 0.00347922
-1.11111 0.00286203
-1.02881 0.00230505
-1.12209 4.70419e-05
-1.08916 0.00117605
-1.0727 0.00137174
-1.05075 0.00286203
-1.0727 0.00286203
-1.01235 0.00451791
-1.02332 1.88168e-06
-0.995885 0.00746837
-1.08368 0.00746837
-1.08368 0.0257583
-1.11111 0.0257583
-1.14403 0.0406611
-1.20439 0.0342936
-1.17147 0.0162746
-1.16049 0.0266464
-1.10562 0.0129629
-1.10562 0.0149048
-1.14952 0.0342936
-1.12209 0.0550221
-1.1989 0.0284679
-1.18244 0.0384784
-1.00137 0.0487749
-1.10562 0.077542
-1.07819 0.0644004
-1.13855 0.0760216
-1.12209 0.077542
-1.11111 0.0616456
-1.08368 0.0240271
-1.10562 0.0266464
-1.12757 0.0475707
-1.00137 0.0563167
-1.03978 0.100408
-1.17147 0.128182
-1.10562 0.111111
-0.979424 0.114799
-1.13855 0.132141
-1.05624 0.132141
-1.05624 0.150702
-1.04527 0.116666
-1.08368 0.152839
-1.13855 0.184346
-1.1166 0.237138
-1.15501 0.299565
-1.23182 0.305601
-1.19342 0.270286
-1.24829 0.234474
-1.25926 0.216244
-1.19342 0.144379
-1.09465 0.091903
-1.10014 0.0952599
-1.13855 0.0935739
-1.18244 0.107483
-1.19342 0.107483
-1.16598 0.159342
-1.12757 0.19389
-1.23731 0.2137
-1.25377 0.261796
-1.2428 0.231824
-1.22085 0.276021
-1.18244 0.258996
-1.17695 0.299565
-1.10562 0.237138
-1.27572 0.35606
-1.33059 0.369277
-1.28669 0.296569
-1.23731 0.281817
-1.18244 0.267441
-1.17695 0.299565
-1.20439 0.327203
-1.14403 0.302575
-1.28669 0.284737
-1.20988 0.278911
-1.23182 0.305601
-1.25377 0.299565
-1.25926 0.349542
-1.16598 0.290623
-1.14403 0.314769
-1.22085 0.287673
-1.17147 0.287673
-1.26475 0.35606
-1.22085 0.320956
-1.2428 0.314769
-1.27572 0.349542
-1.2428 0.327203
-1.29218 0.386137
-1.29218 0.369277
-1.25377 0.36595
-1.33608 0.424553
-1.39095 0.438974
-1.34156 0.410373
-1.18244 0.327203
-1.19342 0.324072
-1.13855 0.305601
-1.14952 0.287673
-1.17695 0.320956
-1.19342 0.317855
-1.26475 0.352794
-1.30864 0.403373
-1.22085 0.36595
-1.30864 0.379348
-1.20439 0.339878
-1.34705 0.362639
-1.31413 0.375976
-1.29767 0.336686
-1.24829 0.399896
-1.2428 0.349542
-1.19342 0.308642
-1.1166 0.339878
-1.18244 0.302575
-1.20988 0.305601
-1.20439 0.396433
-1.33608 0.45734
-1.41838 0.563015
-1.25377 0.446275
-1.08916 0.406865
-1.27023 0.464791
-1.38546 0.563015
-1.35802 0.600678
-1.37997 0.579603
-1.34156 0.558905
-1.36351 0.55481
-1.369 0.52657
-1.37997 0.534564
-1.34156 0.50685
-1.34705 0.438974
-1.31413 0.424553
-1.27572 0.417433
-1.28121 0.403373
-1.2428 0.403373
-1.26475 0.382735
-1.27023 0.317855
-1.35802 0.362639
-1.29218 0.290623
-1.25377 0.33351
-1.12757 0.284737
-1.14403 0.273146
-1.25926 0.349542
-1.28669 0.375976
-1.28121 0.428136
-1.33059 0.499068
-1.30316 0.464791
-1.23182 0.403373
-1.28669 0.403373
-1.35254 0.431734
-1.35254 0.399896
-1.25926 0.339878
-1.28669 0.399896
-1.3251 0.487507
-1.28121 0.424553
-1.24829 0.431734
-1.28669 0.468539
-1.31962 0.487507
-1.29767 0.495199
-1.25377 0.472303
-1.28669 0.468539
-1.28669 0.413895
-1.3251 0.461058
-1.35254 0.461058
-1.30864 0.52657
-1.30864 0.514693
-1.23182 0.487507
-1.28121 0.476081
-1.29218 0.476081
-1.24829 0.410373
-1.27023 0.464791
-1.34705 0.52657
-1.369 0.483683
-1.3251 0.413895
-1.29767 0.461058
-1.3251 0.50685
-1.33608 0.499068
-1.35802 0.52657
-1.50069 0.648367
-1.39095 0.600678
-1.3251 0.52657
-1.36351 0.567139
-1.31413 0.483683
-1.29767 0.491345
-1.30864 0.534564
-1.41289 0.534564
-1.33059 0.530559
-1.34705 0.52657
-1.48971 0.596433
-1.47325 0.604938
-1.4513 0.596433
-1.4952 0.583788
-1.31962 0.45734
-1.36351 0.491345
-1.22634 0.428136
-1.25377 0.389554
-1.16049 0.296569
-1.20439 0.284737
-1.1166 0.237138
-1.22085 0.216244
-1.11111 0.177346
-1.21536 0.223967
-1.16049 0.179664
-1.1989 0.234474
-1.21536 0.218803
-1.25377 0.191481
-1.23182 0.19389
-1.2428 0.165981
-1.05624 0.13616
-1.01235 0.126225
-0.984911 0.0935739
-1.01783 0.103916
-0.995885 0.118547
-1.05075 0.142302
-1.16049 0.150702
-1.16049 0.168224
-1.02881 0.105692
-1.11111 0.159342
-1.07819 0.159342
-1.1166 0.140239
-1.1166 0.146472
-0.990398 0.144379
-1.01783 0.152839
-1.02881 0.124283
-0.990398 0.0853698
-0.973937 0.0672154
-0.979424 0.0952599
-1.03978 0.175043
-1.06173 0.170482
-1.11111 0.152839
-1.00137 0.152839
-1.06173 0.103916
-1.10014 0.091903
-1.05624 0.0969609
-1.02881 0.132141
-1.11111 0.159342
-1.16598 0.175043
-1.06722 0.114799
-1.02332 0.0853698
-1.07819 0.0672154
-1.08916 0.0475707
-1.1166 0.0563167
-0.995885 0.0440482
-1.03429 0.0576263
-1.03429 0.0715507
-1.00686 0.0512286
-0.995885 0.0563167
-0.946502 0.0644004
-0.973937 0.0563167
-0.908093 0.0406611
-0.91358 0.0463814
-1.01235 0.0952599
-1.03978 0.077542
-1.03429 0.0658003
-1.12209 0.0616456
-1.09465 0.0686454
-1.05075 0.0406611
-1.13306 0.0322914
-1.13306 0.0155822
-1.1166 0.00844685
-1.02332 0.000227683
-1.01235 0.000423377
-1.02332 0.00948553
-0.946502 0.00795008
-1.02332 0.00746837
-1.1166 0.00117605
-1.1166 0.00204915
-1.00137 0.000995407
-0.979424 0.000318003
-1.04527 0.000679285
-1.04527 0.000152416
-1.08368 4.70419e-05
-1.08916 0.000152416
-1.00137 4.70419e-05
-1.03429 0.000423377
-1.15501 0.00451791
-1.18244 0.0135951
-1.12757 0.00528563
-1.1166 0.00180829
-1.18244 0.00230505
-1.16598 0.000543804
-1.10014 0.00655012
-1.00686 0.00655012
-1.10014 0.0162746
-0.973937 0.019195
-1.00686 0.0240271
-1.01235 0.0363559
-1.07819 0.0499943
-1.06722 0.0487749
-1.03978 0.0487749
-1.11111 0.0499943
-1.05075 0.0463814
-1.08368 0.0275496
-1.07819 0.0162746
-1.02881 0.00528563
-0.984911 0.00528563
-1.04527 0.00489424
-1.07819 0.00795008
-1.08916 0.0162746
-1.1166 0.0105844
-1.07819 0.0199627
-1.07819 0.0440482
-1.15501 0.0429041
-1.06173 0.0342936
-1.06173 0.0384784
-0.995885 0.0275496
-0.96845 0.0123457
-1.00137 0.0111565
-1.01783 0.000318003
-1.08916 0.00158249
-1.06173 0.00347922
-1.17695 0.00117605
-1.08368 9.22021e-05
-1.02881 0.00137174
-1.02332 0.019195
-0.990398 0.0117435
-1.03429 0.00611357
-0.935528 0.019195
-1.01783 0.00844685
-0.919067 0.000423377
-1.06722 9.22021e-05
-1.01783 4.70419e-05
-0.984911 0.0169821
-0.96845 0.0142424
-1.08916 0.0303496
-1.08368 0.019195
-1.02332 0.0162746
-0.886145 0.00569207
-0.984911 0.0105844
-0.935528 0.00286203
-0.908093 0.0266464
-0.886145 0.0294012
-0.979424 0.0475707
-1.03978 0.0550221
-0.946502 0.0630155
-1.05624 0.126225
-1.13855 0.0853698
-1.12209 0.073026
-1.16049 0.107483
-1.12209 0.0969609
-1.22085 0.103916
-1.25377 0.138192
-1.23182 0.154992
-1.17147 0.0837741
-1.12757 0.105692
-1.18793 0.140239
-1.16049 0.138192
-1.17147 0.142302
-1.25926 0.172755
-1.22634 0.138192
-1.24829 0.107483
-1.15501 0.091903
-1.06722 0.105692
-1.10014 0.0715507
-1.13855 0.098677
-1.13306 0.0745163
-1.14403 0.091903
-1.20988 0.0935739
-1.18244 0.103916
-1.12757 0.0700906
-1.08916 0.0602908
-1.04527 0.058951
-1.06173 0.0563167
-1.09465 0.0440482
-1.06173 0.0429041
-1.05075 0.0715507
-1.10562 0.080628
-1.11111 0.033285
-1.17695 0.0395622
-1.10562 0.0275496
-1.06722 0.019195
-1.16049 0.0169821
-1.12209 0.0342936
-1.08368 0.0363559
-1.16049 0.0406611
-1.05075 0.0177047
-1.08368 0.0248852
-1.05075 0.0342936
-1.05075 0.0463814
-0.984911 0.0105844
-0.951989 0.00948553
-1.05075 0.00895866
-0.984911 0.000679285
-0.935528 0.00180829
-1.05075 0.00180829
-1.05624 0.00746837
-0.984911 0.00204915
-1.12209 0.00158249
-1.01235 0.00158249
-0.951989 1.69351e-05
-1.02332 0.000423377
-1.04527 0.00347922
-1.02881 0.00381039
-1.00686 0.00844685
-1.05624 0.0129629
-1.02881 0.0149048
-1.10014 0.0123457
-1.02881 0.00844685
-1.05624 0.00795008
-1.0727 0.000829819
-1.09465 0.00230505
-1.23731 0.00158249
-1.10562 0.0031631
-1.16598 0.0031631
-1.07819 4.70419e-05
-1.10562 1.69351e-05
-1.11111 0.000423377
-1.17695 9.22021e-05
-1.13855 1.69351e-05
-1.16049 0.00230505
-1.08916 0.00700172
-1.10014 0.00257602
-0.990398 0.000152416
-0.984911 0.000543804
-1.05075 0.00158249
-1.08916 0.00230505
-1.11111 0.0162746
-1.04527 0.0129629
-1.04527 0.0215433
-1.09465 0.0117435
-1.0727 0.00528563
-1.09465 0.00569207
-1.1166 0.00158249
-1.01235 0.00795008
-1.01783 0.0129629
-1.05624 0.0129629
-1.1166 0.0406611
-1.22634 0.0294012
-1.22085 0.0524781
-1.22085 0.0374096
-1.17147 0.0384784
-1.12209 0.0294012
-1.11111 0.0223562
-1.1166 0.0294012
-1.12757 0.033285
-1.0727 0.0406611
-1.06173 0.0686454
-1.1166 0.0563167
-1.07819 0.0406611
-1.08368 0.0700906
-1.07819 0.0537426
-1.10562 0.0429041
-1.05624 0.058951
-1.00137 0.0452073
-0.924554 0.0406611
-1.00686 0.00895866
-0.930041 0.0100275
-0.973937 0.00895866
-1.03429 1.69351e-05
-1.10562 0.000227683
-1.0727 0.00204915
-1.05624 0.00230505
-1.06173 0.0123457
-1.02332 0.00948553
-1.00137 0.00117605
-1.02332 0.000423377
-0.902606 0.00158249
-0.935528 1.69351e-05
-0.930041 0.00347922
-0.990398 0.00158249
-1.02881 0.00180829
-1.01783 0.0105844
-1.14403 0.00795008
-1.1166 1.88168e-06
-1.08368 9.22021e-05
-0.984911 0.00158249
-1.03429 0.000423377
-1.12757 0.000318003
-1.08368 9.22021e-05
-1.16049 0.000423377
-1.03429 1.88168e-06
-1.14403 0.000152416
-1.12209 9.22021e-05
-1.11111 0.00948553
-1.23182 0.0142424
-1.10562 0.0162746
-1.14952 0.0149048
-1.12209 0.0123457
-1.15501 0.0105844
-1.19342 0.019195
-1.19342 0.0142424
-1.13306 0.0452073
-1.14952 0.080628
-1.13855 0.0886063
-1.1166 0.073026
-1.1166 0.0576263
-1.14952 0.0384784
-1.08916 0.0275496
-1.13306 0.0135951
-1.08368 0.0149048
-1.02881 0.0142424
-1.08916 0.00158249
-1.12209 0.0031631
-1.12209 0.00137174
-1.08368 0.0129629
-1.00686 0.00451791
-0.957476 0.000679285
-1.09465 0.00117605
-1.09465 9.22021e-05
-1.05624 9.22021e-05
-1.08916 1.69351e-05
-1.0727 0.000318003
-0.990398 0.000543804
-1.01235 0.0111565
-1.13306 0.0257583
-1.13855 0.0240271
-1.15501 0.0284679
-1.17695 0.0303496
-1.20439 0.0207455
-1.1989 0.0275496
-1.10014 0.0105844
-1.14952 0.0322914
-1.18244 0.0207455
-1.16598 0.0248852
-1.13306 0.0142424
-1.12209 0.0105844
-1.14403 0.031313
-1.06722 0.0363559
-1.11111 0.0240271
-1.05624 0.033285
-1.02332 0.0231841
-1.03978 0.0294012
-1.05075 0.0417751
-1.01235 0.0363559
-1.06173 0.0395622
-1.06722 0.0672154
-1.08368 0.0429041
-0.995885 0.00795008
-0.979424 0.00137174
-1.01783 0.00257602
-1.01783 0.00948553
-1.03978 0.00347922
-0.962963 0.00795008
-1.10562 0.00746837
-1.01235 0.0031631
-0.990398 0.0169821
-0.990398 0.0207455
-0.979424 0.0395622
-1.02332 0.0417751
-1.06722 0.0155822
-1.02881 0.0162746
-1.10562 0.0266464
-0.984911 0.0303496
-0.979424 0.0155822
-0.995885 0.0257583
-0.930041 0.0177047
-0.880658 0.000995407
-1.02881 0.00489424
-0.990398 0.00286203
-1.03429 0.000995407
-1.01783 0.00158249
-1.05624 0.000227683
-1.08916 0.000227683
-1.0727 0.000423377
-1.08916 0.00158249
-1.07819 0.00117605
-1.02881 0.00844685
-1.01235 0.000543804
-0.951989 1.69351e-05
-0.880658 0.000679285
-0.946502 0.00158249
-1.05624 0.000829819
-1.00686 0.00700172
-1.07819 0.00347922
-1.05624 0.00611357
-1.06722 0.00948553
-1.02881 0.0257583
-0.979424 0.0162746
-0.91358 0.00230505
-0.951989 0.00180829
-0.984911 0.0111565
-0.951989 0.00180829
-0.951989 0.000152416
-1.00137 9.22021e-05
-0.96845 0.00137174
-0.957476 9.22021e-05
-1.01235 0.00137174
-0.924554 0.00137174
-0.962963 0.000152416
-1.05624 0.000829819
-1.0727 4.70419e-05
-1.05075 0.0031631
-1.01783 0.000423377
-0.979424 0.00451791
-0.96845 0.00528563
-0.990398 0.0105844
-1.06173 0.00746837
-1.00686 0.00611357
-0.96845 0.0123457
-0.941015 0.0155822
-0.984911 0.0162746
-1.02881 0.0363559
-1.08916 0.0537426
-1.02881 0.0395622
-1.02332 0.0275496
-0.990398 0.0142424
-0.96845 0.00415662
-0.919067 0.00611357
-1.03429 0.00180829
-0.941015 0.000318003
