-2 1
-1.80247 0.903673
-1.63237 0.768328
-1.42387 0.679663
-1.35254 0.579603
-1.4513 0.622129
-1.33608 0.538583
-1.3251 0.530559
-1.27023 0.483683
-1.24829 0.495199
-1.2428 0.449948
-1.20439 0.392986
-1.34156 0.442617
-1.25377 0.424553
-1.16598 0.449948
-1.25377 0.449948
-1.20988 0.442617
-1.06722 0.396433
-1.13306 0.382735
-1.0727 0.256211
-1.10562 0.320956
-1.13306 0.314769
-1.06173 0.305601
-1.14952 0.287673
-1.1166 0.299565
-1.1989 0.281817
-1.22634 0.314769
-1.10014 0.299565
-1.12209 0.273146
-0.995885 0.2137
-1.10562 0.267441
-1.1166 0.33351
-1.1166 0.290623
-1.1166 0.264611
-1.14403 0.239818
-1.14952 0.237138
-1.16598 0.234474
-1.10562 0.264611
-1.04527 0.211171
-1.0727 0.2137
-0.995885 0.2137
-0.962963 0.19389
-1.03429 0.196313
-1.02332 0.168224
-1.0727 0.184346
-1.02332 0.208657
-1.02881 0.231824
-1.06173 0.221377
-1.09465 0.198752
-0.902606 0.186709
-0.930041 0.198752
-0.990398 0.186709
-1.01783 0.163753
-0.946502 0.168224
-0.973937 0.0616456
-0.962963 0.0429041
-0.951989 0.0602908
-0.990398 0.0294012
-0.984911 0.0363559
-0.979424 0.0123457
-0.935528 0.000318003
-0.962963 0.000318003
-1.05075 0.00180829
-1.10562 0.00611357
-0.957476 0.00204915
-0.891632 0.0169821
-0.962963 0.0184423
-0.984911 0.0240271
-1.01235 0.00795008
-0.935528 0.00286203
-0.973937 0.000679285
-0.897119 0.00844685
-0.91358 0.0294012
-0.891632 0.0105844
-0.946502 0.000995407
-1.00686 0.00257602
-0.973937 0.00700172
-1.01235 0.00230505
-0.902606 0.00117605
-1.06173 1.69351e-05
-1.04527 0.00137174
-0.941015 0.00451791
-1.0727 1.88168e-06
-1.03978 0.00137174
-0.935528 0.000423377
-0.908093 0.000679285
-0.886145 0.00158249
-0.962963 0.000423377
-1.01783 0.00286203
-1.02881 0.00611357
-0.935528 0.00204915
-0.924554 0.0142424
-0.908093 0.0303496
-0.897119 0.033285
-0.935528 0.0576263
-0.962963 0.058951
-1.00686 0.0700906
-0.979424 0.0869805
-1.02332 0.0658003
-0.919067 0.0257583
-0.946502 0.0240271
-1.01235 0.0184423
-0.973937 0.0294012
-0.886145 0.031313
-0.897119 0.019195
-0.84225 0.00381039
-0.880658 0.00451791
-0.891632 0.000423377
-0.919067 0.000995407
-0.875171 0.0240271
-0.930041 0.0342936
-0.930041 0.0294012
-0.924554 0.0524781
-0.908093 0.0384784
-0.962963 0.0395622
-1.00686 0.0363559
-1.06173 0.0475707
-1.0727 0.0395622
-1.05075 0.0395622
-1.10562 0.0440482
-1.12209 0.031313
-1.06722 0.0463814
-1.02332 0.0303496
-0.979424 0.019195
-1.0727 0.0199627
-1.01783 0.0142424
-0.935528 0.0142424
-0.941015 0.00795008
-0.908093 0.0117435
-0.886145 0.0169821
-0.979424 0.00489424
-0.880658 0.0149048
-0.908093 0.0111565
-0.924554 0.0184423
-1.06173 0.0223562
-1.01783 0.0550221
-1.02881 0.0686454
-1.01235 0.0576263
-0.957476 0.0886063
-0.908093 0.0969609
-0.941015 0.080628
-0.919067 0.107483
-0.935528 0.10929
-0.973937 0.080628
-1.04527 0.124283
-1.06722 0.126225
-1.12757 0.098677
-0.91358 0.0715507
-0.924554 0.0487749
-1.04527 0.0452073
-0.962963 0.0322914
-1.00137 0.0550221
-1.01235 0.0395622
-1.01783 0.031313
-0.984911 0.0563167
-1.02332 0.0215433
-0.924554 0.0129629
-0.935528 0.00489424
-0.995885 0.00204915
-0.951989 4.70419e-05
-0.880658 0.000829819
-0.825789 0.00381039
-0.858711 0.000995407
-0.836763 0.0149048
-0.886145 0.00655012
-1.05624 0.00347922
-0.96845 0.0031631
-0.990398 0.00230505
-0.995885 0.000423377
-1.03978 0.00117605
-0.96845 0.00569207
-0.858711 0.00795008
-0.886145 0.0149048
-0.91358 0.0155822
-0.891632 0.00895866
-0.869684 0.000829819
-0.84225 0.000829819
-0.946502 0.00180829
-0.891632 0.000227683
-1.01235 0.000152416
-1.08368 0.00180829
-0.984911 1.69351e-05
-0.930041 0.000543804
-0.995885 0.00700172
-0.973937 0.00795008
-1.01235 0.00137174
-1.00137 0.000227683
-0.91358 0.000829819
-0.902606 0.000995407
-0.908093 1.88168e-06
-1.00686 0.000152416
-0.962963 0.00451791
-0.858711 0.00286203
-0.941015 0.00230505
-1.02332 0.000995407
-0.897119 0.00230505
-0.962963 0.00528563
-0.935528 0.00257602
-0.831276 0.000995407
-0.765432 4.70419e-05
-0.908093 0.00347922
-0.984911 0.00700172
-1.02881 0.00381039
-0.973937 0.0105844
-0.990398 0.0142424
-1.00686 0.0169821
-1.04527 0.0207455
-1.05075 0.0417751
-1.06173 0.0199627
-1.14952 0.0275496
-0.995885 0.0207455
-1.01235 0.0406611
-1.01235 0.0342936
-0.836763 0.0342936
-0.973937 0.0463814
-1.01783 0.0475707
-0.91358 0.0374096
-1.01783 0.0406611
-1.00137 0.0207455
-1.02332 0.0155822
-0.962963 0.00180829
-0.957476 0.000227683
-0.930041 0.000152416
-0.864198 0.000227683
-1.00686 4.70419e-05
-0.880658 0.000152416
-0.880658 0.00180829
-0.908093 0.00117605
-0.919067 0.00451791
-0.919067 0.00204915
-0.836763 0.00204915
-0.803841 0.00230505
-0.743484 1.69351e-05
-0.770919 0.000227683
-0.803841 1.88168e-06
-0.853224 0.00117605
-0.847737 1.69351e-05
-0.935528 0.00230505
-0.951989 0.00257602
-0.924554 0.000423377
-0.880658 0.00381039
-0.96845 0.00655012
-0.91358 0.00655012
-0.962963 0.0111565
-1.03429 0.0135951
-1.03978 0.0475707
-1.08368 0.0644004
-1.03429 0.0406611
-1.00137 0.0524781
-1.08368 0.0745163
-1.03429 0.0672154
-1.06173 0.0821935
-0.995885 0.073026
-1.10014 0.0700906
-0.96845 0.0616456
-1.1166 0.0499943
-1.04527 0.0524781
-1.10562 0.073026
-1.04527 0.0715507
-1.01235 0.0537426
-0.984911 0.0853698
-0.957476 0.080628
-0.814815 0.0512286
-0.951989 0.0231841
-0.941015 0.000679285
-0.902606 0.000543804
-0.924554 0.00257602
-0.902606 0.000227683
-1.02332 0.0142424
-0.941015 0.0248852
-1.05624 0.0284679
-0.951989 0.0231841
-0.979424 0.0644004
-0.908093 0.0524781
-0.919067 0.0429041
-0.902606 0.0207455
-0.908093 0.0149048
-0.951989 0.0142424
-0.946502 0.0117435
-1.05624 0.00948553
-0.897119 0.00655012
-0.891632 0.00347922
-0.864198 0.00257602
-0.792867 0.00137174
-0.869684 0.00844685
-0.96845 0.00795008
-0.941015 0.0223562
-0.973937 0.033285
-0.930041 0.0231841
-0.973937 0.0563167
-0.995885 0.0837741
-1.00137 0.0837741
-1.01235 0.0869805
-1.12757 0.098677
-1.10014 0.102154
-1.08916 0.10929
-1.09465 0.130154
-1.09465 0.118547
-1.11111 0.0969609
-1.02332 0.0524781
-0.973937 0.0602908
-0.941015 0.0644004
-0.91358 0.0537426
-0.951989 0.0630155
-0.979424 0.0463814
-0.930041 0.0342936
-0.919067 0.0135951
-1.01783 0.0177047
-1.10562 0.0524781
-1.02881 0.0630155
-0.962963 0.0563167
-1.02881 0.058951
-1.05624 0.100408
-1.01783 0.0616456
-1.05624 0.0384784
-1.01235 0.0342936
-1.12209 0.0184423
-1.11111 0.0105844
-0.946502 0.00844685
-1.08916 0.00746837
-0.902606 0.00611357
-0.935528 0.000829819
-0.919067 0.000318003
-0.941015 0.00286203
-0.891632 0.0031631
-0.96845 0.000679285
-0.946502 0.00257602
-1.05624 0.00204915
-1.02881 0.00204915
-0.875171 0.00655012
-0.919067 0.0100275
-0.814815 0.000829819
-0.836763 0.00528563
-0.902606 0.0199627
-0.924554 0.0142424
-0.96845 0.00844685
-0.864198 0.00158249
-0.875171 0.000829819
-0.809328 0.00700172
-0.825789 0.00230505
-0.902606 0.00569207
-0.984911 0.00257602
-0.984911 0.00158249
-1.00686 0.000995407
-1.03978 0.00895866
-1.01235 0.00746837
-0.951989 0.000543804
-0.951989 0.00489424
-0.858711 9.22021e-05
-0.990398 0.00180829
-0.941015 0.000423377
-1.03978 0.0353172
-1.02332 0.0686454
-1.03429 0.0902471
-0.96845 0.073026
-1.0727 0.0745163
-1.02332 0.0395622
-1.08368 0.0550221
-1.10562 0.0342936
-1.13306 0.0199627
-1.08916 0.0142424
-1.00137 0.0363559
-0.946502 0.0576263
-0.984911 0.0672154
-0.962963 0.0563167
-1.06173 0.0644004
-1.04527 0.0353172
-1.11111 0.0686454
-1.07819 0.0672154
-1.04527 0.0869805
-1.06722 0.0969609
-1.11111 0.116666
-1.05075 0.0869805
-1.13855 0.0902471
-1.17147 0.0745163
-1.00137 0.073026
-1.01235 0.0760216
-1.03978 0.0853698
-1.10014 0.142302
-1.19342 0.132141
-1.18793 0.116666
-1.30316 0.122356
-1.09465 0.126225
-1.02881 0.146472
-1.08368 0.150702
-0.984911 0.122356
-1.04527 0.0886063
-1.03978 0.0686454
-1.05624 0.0440482
-1.06173 0.0512286
-1.03429 0.0452073
-1.05075 0.0487749
-0.979424 0.0284679
-1.02332 0.0417751
-1.00686 0.031313
-1.06173 0.00746837
-1.0727 0.0223562
-1.08916 0.00844685
-1.06173 0.0162746
-1.00686 0.0294012
-1.03978 0.0240271
-0.951989 0.0215433
-0.891632 0.00257602
-0.941015 0.0135951
-1.07819 0.0100275
-1.09465 0.0100275
-1.05624 0.00489424
-0.990398 0.00286203
-0.951989 0.000227683
-1.01235 0.00700172
-0.990398 0.00528563
-1.01235 0.00655012
-1.09465 0.0275496
-1.19342 0.0199627
-1.22085 0.0374096
-1.14403 0.0199627
-1.02332 0.0266464
-0.995885 0.0240271
-1.02332 0.0162746
-1.14403 0.0117435
-1.16598 0.0240271
-1.09465 0.00489424
-1.11111 0.000423377
-1.06173 0.0031631
-1.05075 0.00381039
-1.1166 0.00347922
-1.02332 1.69351e-05
-1.11111 0.000318003
-1.06173 0.00489424
-1.04527 0.000423377
-1.13306 0.00180829
-1.05624 0.00746837
-1.09465 0.000679285
-0.995885 0.0031631
-1.01783 0.000423377
-1.05624 0.00117605
-0.951989 0.000829819
-0.957476 0.000679285
-0.973937 4.70419e-05
-1.02332 0.000679285
-1.04527 0.00347922
-0.951989 0.00948553
-1.00137 0.00204915
-0.91358 0.00895866
-1.06173 0.00528563
-1.01235 0.00347922
-1.14952 0.00795008
-1.15501 0.00489424
-1.16598 0.000227683
-1.10014 0.000318003
-1.00686 1.69351e-05
-1.0727 9.22021e-05
-1.00137 0.000152416
-0.96845 0.00415662
-1.0727 0.00844685
-1.05075 0.00137174
-1.03978 0.00257602
-1.05624 0.00528563
-1.01783 0.00180829
-1.03978 0.00569207
-0.995885 1.88168e-06
-1.00686 1.88168e-06
-0.96845 0.00180829
-1.00137 0.00451791
-1.02332 0.00137174
-0.979424 0.00257602
-0.973937 0.00286203
-1.01235 1.69351e-05
-1.13306 0.0142424
-1.05075 0.00230505
-1.03978 0.00137174
-1.02881 0.0111565
-0.979424 0.019195
-1.14403 0.0384784
-1.14403 0.033285
-1.08368 0.0417751
-1.00686 0.0440482
-1.07819 0.0576263
-1.09465 0.0429041
-1.00137 0.0563167
-0.946502 0.0463814
-0.930041 0.0487749
-0.995885 0.0417751
-0.995885 0.019195
-1.00137 0.00611357
-1.04527 0.0123457
-1.00137 0.019195
-1.02881 0.0111565
-1.01783 0.0207455
-0.951989 0.0294012
-0.990398 0.0266464
-0.951989 0.0177047
-0.902606 0.00415662
-0.96845 0.0149048
-0.897119 0.00569207
-0.831276 0.000543804
-0.847737 0.000679285
-0.951989 0.000423377
-0.979424 0.00158249
-0.96845 0.00451791
-1.00137 0.00204915
-1.00686 0.00611357
-1.01783 0.0105844
-0.96845 0.00347922
-0.864198 0.00230505
-0.957476 0.000152416
-1.05075 0.000152416
-0.984911 1.69351e-05
-1.00137 0.000995407
-0.990398 0.00117605
-0.951989 0.00117605
-0.809328 0.00948553
-0.880658 0.00230505
-0.880658 0.000318003
-0.935528 0.00415662
-0.995885 0.00117605
-1.00137 1.88168e-06
-0.946502 0.00528563
-1.00686 0.00700172
-1.00137 0.00895866
-1.02881 0.00844685
-0.886145 0.00204915
-0.902606 0.00137174
-0.880658 0.000829819
-0.946502 0.00180829
-0.930041 0.0155822
-1.02881 0.0177047
-0.946502 0.0162746
-0.957476 0.0294012
-1.03429 0.0248852
-1.10562 0.031313
-1.03429 0.033285
-1.02881 0.0248852
-1.1166 0.019195
-1.13855 0.0374096
-1.08916 0.0440482
-0.96845 0.0644004
-0.96845 0.0563167
-0.908093 0.0630155
-0.951989 0.0537426
-1.06173 0.0658003
-1.10562 0.0512286
-1.06173 0.0512286
-0.979424 0.0537426
-0.941015 0.0602908
-1.00137 0.0630155
-1.12209 0.10929
-1.08916 0.111111
-1.04527 0.114799
-1.09465 0.10929
-1.13306 0.134143
-1.11111 0.148579
-1.02881 0.10929
-1.08916 0.107483
-1.17695 0.144379
-1.12757 0.13616
-1.08916 0.0563167
-1.03429 0.111111
-1.04527 0.100408
-0.984911 0.107483
-1.03978 0.105692
-1.06173 0.077542
-0.995885 0.073026
-1.09465 0.138192
-1.14952 0.179664
-1.14403 0.159342
-1.10014 0.0902471
-1.14403 0.0672154
-1.10014 0.058951
-1.16049 0.0902471
-1.12209 0.0715507
-0.973937 0.0602908
-1.02881 0.0630155
-1.01783 0.0395622
-0.995885 0.0353172
-0.973937 0.0248852
-1.02881 0.0384784
-1.08368 0.0406611
-1.02881 0.0184423
-0.990398 0.0155822
-1.07819 0.00655012
-1.1166 0.000829819
-0.984911 0.00117605
-1.02881 0.00230505
-1.12757 0.000423377
-1.12209 0.00948553
-1.01783 1.69351e-05
-1.06722 9.22021e-05
-1.01235 0.000318003
-0.919067 4.70419e-05
-0.875171 0.00844685
-0.880658 0.00655012
-0.84225 0.000829819
-0.853224 0.000152416
-0.886145 0.00415662
-0.984911 0.00117605
-0.941015 0.00415662
-0.853224 0.0105844
-0.973937 0.00895866
-1.09465 0.0275496
-1.08916 0.0463814
-1.09465 0.0429041
-1.08916 0.0294012
-1.05075 0.0266464
-0.979424 0.0475707
-1.09465 0.073026
-1.01783 0.0700906
-0.962963 0.0630155
-1.06173 0.0715507
-1.12209 0.0440482
-1.00686 0.0395622
-1.03978 0.031313
-1.10014 0.0935739
-1.18244 0.130154
-1.10014 0.10929
-1.03978 0.0790775
-1.08916 0.0952599
-1.05075 0.105692
-1.06722 0.138192
-1.10014 0.10929
-1.08368 0.0853698
-1.03429 0.105692
-1.01235 0.10929
-0.973937 0.114799
-0.935528 0.103916
-0.91358 0.107483
-0.951989 0.122356
-0.91358 0.0853698
-0.941015 0.0630155
-0.973937 0.0406611
-1.02332 0.0452073
-0.984911 0.0452073
-1.06722 0.0760216
-1.14952 0.132141
-1.15501 0.13616
-1.19342 0.154992
-1.11111 0.142302
-1.08916 0.134143
-1.10014 0.098677
-1.04527 0.144379
-1.11111 0.177346
-1.01783 0.165981
-1.05624 0.172755
-1.02881 0.198752
-1.05624 0.189088
-1.02332 0.105692
-0.990398 0.0821935
-1.01783 0.0672154
-1.02881 0.0658003
-0.984911 0.0303496
-1.01783 0.0363559
-1.05624 0.0266464
-1.02332 0.0429041
-0.995885 0.0223562
-0.96845 0.0142424
-1.08368 0.00746837
-1.06722 0.0149048
-1.1166 0.00948553
-1.03429 0.00700172
-1.07819 0.00286203
-1.05075 0.00528563
-0.984911 1.69351e-05
-0.96845 0.00611357
-0.930041 0.00117605
-0.91358 0.000829819
-0.96845 0.000995407
-0.984911 0.0031631
-1.00686 0.000423377
-0.96845 0.00569207
-1.03429 0.00528563
-1.07819 0.00180829
-1.08916 4.70419e-05
-1.06173 0.0031631
-0.957476 0.0105844
-1.09465 0.00158249
-1.12757 0.0105844
-1.10014 0.00117605
-0.995885 0.00286203
-0.973937 0.0105844
-1.00686 0.0499943
-0.962963 0.0630155
-1.06173 0.107483
-1.07819 0.122356
-1.13855 0.157159
-1.03978 0.130154
-0.990398 0.114799
-1.01235 0.091903
-1.01783 0.0672154
-1.06173 0.0790775
-1.00686 0.0902471
-0.941015 0.0463814
-1.00686 0.0487749
-1.02332 0.0672154
-0.919067 0.0487749
-0.979424 0.0429041
-1.0727 0.0563167
-1.06722 0.0686454
-1.06173 0.0524781
-1.01235 0.0715507
-1.06173 0.105692
-1.12757 0.152839
-1.16598 0.159342
-1.16049 0.163753
-1.08916 0.118547
-1.03429 0.118547
-1.12757 0.148579
-1.16049 0.122356
-1.07819 0.124283
-1.05624 0.091903
-1.13306 0.098677
-1.28121 0.124283
-1.18244 0.116666
-1.23182 0.132141
-1.12209 0.0837741
-1.17147 0.0969609
-1.01235 0.128182
-1.00686 0.126225
-1.03429 0.144379
-1.05624 0.142302
-1.08368 0.157159
-1.06722 0.172755
-1.09465 0.198752
-0.990398 0.111111
-1.02332 0.111111
-1.05624 0.134143
-1.06173 0.098677
-1.01783 0.0821935
-0.995885 0.0969609
-1.00137 0.0869805
-1.06173 0.103916
-1.16049 0.116666
-1.19342 0.148579
-1.13306 0.172755
-1.05075 0.130154
-0.941015 0.091903
-0.886145 0.0902471
-0.946502 0.0837741
-1.01235 0.10929
-0.886145 0.0658003
-0.957476 0.0440482
-0.979424 0.0162746
-0.990398 0.00489424
-0.951989 0.0155822
-0.962963 0.0184423
-1.01235 0.0602908
-1.00137 0.0550221
-0.990398 0.0700906
-0.973937 0.0672154
-0.941015 0.0672154
-0.979424 0.0658003
-1.02881 0.0512286
-1.06722 0.0463814
-1.05075 0.0417751
-1.00137 0.0169821
-1.04527 0.0162746
-1.03429 0.0363559
-1.04527 0.0630155
-1.00137 0.0952599
-1.00686 0.080628
-1.05075 0.10929
-1.05624 0.165981
-1.1166 0.150702
-1.00686 0.132141
-1.01235 0.144379
-1.02881 0.148579
-0.869684 0.0821935
-0.957476 0.0644004
-0.941015 0.0952599
-0.957476 0.120444
-0.941015 0.0952599
-0.941015 0.124283
-0.957476 0.157159
-0.96845 0.148579
-0.946502 0.150702
-0.946502 0.144379
-0.957476 0.184346
-0.973937 0.157159
-0.984911 0.157159
-0.924554 0.150702
-0.946502 0.152839
-0.908093 0.0952599
-0.869684 0.118547
-0.831276 0.0935739
-0.919067 0.0550221
-0.880658 0.0487749
-0.891632 0.0417751
-0.891632 0.0499943
-0.919067 0.0672154
-0.897119 0.0406611
-0.995885 0.0342936
-1.02881 0.058951
-1.02881 0.0630155
-0.941015 0.0790775
-0.869684 0.0790775
-0.847737 0.0790775
-0.847737 0.0630155
-0.908093 0.0475707
-0.809328 0.0512286
-0.908093 0.080628
-0.924554 0.0602908
-0.941015 0.0487749
-0.984911 0.0384784
-1.07819 0.0363559
-0.951989 0.0630155
-0.935528 0.0294012
-1.02881 0.033285
-1.08916 0.0429041
-1.03978 0.0322914
-0.984911 0.0294012
-1.01783 0.00700172
-1.04527 0.00204915
-0.957476 0.00895866
-1.00137 0.019195
-0.990398 0.031313
-1.02881 0.0184423
-1.05075 0.0142424
-1.02881 0.0123457
-1.06722 0.0199627
-1.00686 0.00895866
-0.995885 0.00844685
-1.02881 0.00611357
-1.07819 0.0111565
-1.05075 0.0142424
-1.12757 0.0223562
-1.10562 0.0499943
-1.02332 0.0463814
-1.01235 0.0149048
-0.984911 0.00569207
-0.919067 0.0215433
-0.990398 0.0231841
-0.941015 0.0248852
-0.908093 0.0129629
-0.979424 0.0240271
-1.01783 0.00700172
-0.995885 0.00746837
-1.03429 0.00528563
-1.01235 0.00204915
-1.03978 0.00569207
-1.08368 0.000679285
-1.11111 4.70419e-05
-1.09465 0.000679285
-1.00686 1.88168e-06
-0.96845 4.70419e-05
-0.990398 0.00569207
-0.96845 0.00180829
-1.00686 0.00180829
-1.00137 0.000318003
-1.03429 0.00700172
-1.06173 0.00451791
-0.990398 0.000227683
-0.979424 0.00415662
-0.891632 0.000829819
-0.979424 0.0129629
-0.897119 0.0215433
-0.84225 0.0231841
-0.891632 0.00655012
-0.979424 0.00489424
-0.990398 0.000227683
-0.91358 0.000423377
-0.957476 9.22021e-05
-1.03978 0.000318003
-1.04527 1.88168e-06
-1.05624 0.00230505
-1.03429 0.000227683
-1.01235 1.88168e-06
-0.984911 0.0031631
-1.04527 0.0294012
-0.902606 0.00569207
-0.951989 0.00204915
-0.951989 0.000227683
-0.880658 0.000423377
-0.891632 0.000543804
-0.908093 0.000318003
-0.919067 0.00204915
-0.962963 0.00700172
-0.973937 0.00204915
-1.04527 0.00257602
-1.00686 0.000152416
-1.06173 0.000152416
-1.10562 0.000543804
-1.03978 0.000995407
-1.07819 0.0117435
-1.01783 0.0129629
-1.09465 0.0129629
-0.941015 0.00117605
-0.962963 0.00700172
-1.10014 0.0100275
-0.995885 0.00528563
-0.957476 0.00844685
-0.995885 0.0284679
-1.00137 0.0199627
-1.00686 0.0363559
-1.06173 0.0275496
-0.941015 0.019195
-0.930041 0.0406611
-0.869684 0.0342936
-0.886145 0.0512286
-0.984911 0.0374096
-0.869684 0.0149048
-0.847737 0.00746837
-0.990398 0.000318003
-0.973937 0.00746837
-1.05624 0.00700172
-1.09465 0.000679285
-1.11111 0.00415662
-1.05624 4.70419e-05
-1.04527 0.000543804
-1.12757 0.0142424
-1.06173 0.00137174
-1.06173 1.88168e-06
-0.962963 0.000152416
-1.04527 0.000318003
-1.02881 0.00655012
-0.951989 0.0105844
-0.908093 0.0105844
-0.973937 0.00451791
-1.10562 0.00451791
-0.951989 0.000423377
-0.990398 0.00286203
-0.897119 1.69351e-05
-0.919067 0.00117605
-0.891632 0.000227683
-0.869684 0.00158249
-0.847737 0.000423377
-0.836763 0.00381039
-0.864198 0.00137174
-0.853224 0.0199627
-0.864198 0.0284679
-0.935528 0.0199627
-0.908093 0.0142424
-0.995885 0.00204915
-1.00686 1.88168e-06
-1.06722 9.22021e-05
-1.14952 1.69351e-05
-1.13306 0.00158249
-1.01783 0.00795008
-1.16598 0.0223562
-1.05624 0.00257602
-1.06173 0.0248852
-0.962963 0.00948553
-1.03429 0.00528563
-0.984911 0.0031631
-0.973937 0.000679285
-0.930041 1.69351e-05
-0.973937 0.000829819
-0.973937 0.00117605
-0.91358 0.0129629
-0.91358 0.00948553
-0.91358 0.00415662
-0.875171 0.00158249
-0.946502 0.00489424
-0.897119 0.00895866
-0.96845 0.0223562
-0.973937 0.0129629
-1.05624 0.0142424
-1.13306 0.0155822
-1.03429 0.0207455
-1.00686 0.0149048
-1.00686 0.0142424
-0.990398 0.0284679
-1.01783 0.031313
-0.853224 0.0406611
-0.946502 0.0303496
-0.941015 0.033285
-1.01783 0.0363559
-1.05624 0.0363559
-1.10562 0.0406611
-1.05624 0.0616456
-1.22634 0.0644004
-1.10014 0.0686454
-1.14403 0.058951
-1.0727 0.0524781
-1.07819 0.0363559
-1.03429 0.0363559
-1.01235 0.0602908
-1.0727 0.0463814
-1.0727 0.0248852
-0.962963 0.0284679
-1.03429 0.0512286
-0.946502 0.0266464
-0.831276 0.031313
-0.935528 0.0406611
-1.03429 0.0463814
-0.924554 0.0257583
-0.924554 0.0353172
-1.00686 0.0512286
-1.00137 0.0745163
-1.00686 0.0644004
-0.930041 0.0524781
-0.836763 0.0322914
-0.902606 0.0129629
-0.897119 0.0135951
-0.886145 0.0162746
-0.847737 0.0184423
-0.946502 0.031313
-0.91358 0.0395622
-0.930041 0.019195
-0.924554 0.0162746
-1.03429 0.0322914
-1.00686 0.0499943
-1.11111 0.0322914
-1.05624 0.0429041
-1.15501 0.0199627
-1.17147 0.0303496
-1.18244 0.0231841
-1.19342 0.0129629
-1.1166 0.0169821
-1.02881 0.0111565
-1.08368 0.00948553
-1.02881 0.00381039
-0.946502 0.00415662
-0.902606 0.000995407
-0.798354 0.00451791
-0.809328 0.00347922
-0.951989 0.00137174
-0.973937 4.70419e-05
-0.957476 0.00117605
-0.990398 0.00257602
-0.96845 0.00700172
-0.91358 0.0155822
-0.864198 0.00381039
-0.853224 4.70419e-05
-0.919067 0.00347922
-0.962963 0.0169821
-0.984911 0.0105844
-0.957476 0.0100275
-0.984911 0.0031631
-0.979424 0.00655012
-0.880658 0.00451791
-0.869684 0.0111565
-1.01783 0.0248852
-0.902606 0.00655012
-0.924554 0.00381039
-0.902606 1.88168e-06
-0.973937 0.0031631
-0.979424 0.00137174
-0.990398 0.00700172
-1.03978 0.00795008
-1.02881 0.00489424
-1.05624 0.0207455
-1.03429 0.0231841
-1.06173 0.0240271
-1.02881 0.0129629
-0.946502 0.0149048
-0.984911 0.00655012
-0.957476 0.0031631
-0.919067 0.000318003
-0.891632 0.000318003
-0.96845 0.00347922
-1.03429 0.000829819
-1.04527 0.00381039
-1.05075 0.0207455
-0.951989 0.00700172
-0.924554 0.00180829
-0.995885 0.00180829
-0.946502 0.0240271
-1.10014 0.0129629
-1.04527 0.00611357
-0.858711 0.00257602
-0.962963 0.00489424
-0.984911 0.000543804
-0.984911 0.00569207
-0.957476 0.0111565
-0.995885 0.00611357
-0.979424 0.00795008
-0.973937 0.0105844
-1.16598 0.0284679
-1.10562 0.0294012
-1.11111 0.0149048
-1.11111 0.0353172
-1.13855 0.073026
-1.10014 0.111111
-1.09465 0.114799
-1.16598 0.124283
-1.22085 0.172755
-1.05075 0.152839
-0.919067 0.116666
-1.01235 0.112948
-1.10562 0.0886063
-0.979424 0.0644004
-1.01783 0.091903
-0.995885 0.0837741
-1.04527 0.098677
-1.00686 0.0563167
-0.941015 0.0563167
-1.10562 0.0935739
-1.04527 0.0745163
-0.973937 0.0760216
-1.01235 0.0550221
-1.04527 0.0275496
-0.96845 0.0512286
-1.01235 0.0429041
-0.962963 0.0563167
-0.995885 0.0630155
-0.995885 0.0563167
-0.908093 0.0275496
-0.897119 0.0177047
-0.96845 0.0215433
-0.990398 0.0184423
-1.05075 0.00489424
-1.01783 0.0117435
-1.03978 0.0111565
-0.984911 0.0169821
-1.00137 0.0117435
-0.973937 0.0240271
-0.935528 0.0135951
-0.979424 0.0275496
-1.02332 0.0576263
-1.05624 0.0417751
-0.973937 0.0169821
-0.858711 0.0184423
-0.836763 0.0129629
-0.935528 0.00257602
-0.935528 0.00158249
-0.946502 0.00844685
-0.946502 0.0142424
-1.03978 0.0215433
-0.962963 0.0322914
-1.03429 0.0537426
-0.995885 0.0406611
-0.930041 0.0266464
-0.979424 0.0353172
-0.908093 0.0177047
-0.919067 0.033285
-0.836763 0.0184423
-1.01235 0.0184423
-0.951989 0.0129629
-0.979424 0.0117435
-0.919067 0.0117435
-0.908093 0.0117435
-0.984911 0.0248852
-0.935528 0.019195
-0.930041 0.0303496
-0.91358 0.00948553
-0.984911 0.0184423
-0.951989 0.00795008
-0.979424 0.031313
-1.0727 0.0512286
-0.984911 0.0395622
-1.03978 0.0199627
-1.00686 0.0284679
-1.01235 0.0177047
-0.979424 0.0499943
-1.04527 0.0760216
-1.03429 0.0902471
-1.02332 0.0853698
-1.13306 0.100408
-1.08916 0.0853698
-1.00137 0.0837741
-1.02332 0.0537426
-0.984911 0.0275496
-0.897119 0.0129629
-0.924554 0.0129629
-1.02881 0.031313
-1.01783 0.0215433
-1.00686 0.0266464
-0.957476 0.019195
-0.897119 0.00528563
-0.897119 0.000543804
-1.00686 0.00137174
-1.00686 0.00158249
-0.962963 0.000679285
-0.919067 1.88168e-06
-0.935528 1.69351e-05
-0.902606 0.00117605
-0.853224 0.00257602
-0.886145 0.00895866
-1.0727 0.0111565
-1.06722 0.0123457
-1.02332 0.00528563
-0.990398 1.69351e-05
-1.00137 1.69351e-05
-1.00137 0.00158249
-1.01783 9.22021e-05
-1.01235 0.000829819
-1.01783 9.22021e-05
-0.96845 1.69351e-05
-1.04527 0.00381039
-1.05624 0.00117605
-1.00686 4.70419e-05
-1.01783 0.00137174
-1.05075 0.00611357
-1.0727 0.00489424
-1.08916 0.0031631
-1.10014 0.00948553
-1.11111 0.0248852
-1.04527 0.0294012
-1.06173 0.0117435
-1.03978 0.00895866
-1.0727 0.0275496
-1.08916 0.0155822
-1.09465 0.0123457
-1.14952 0.00795008
-1.06173 0.000227683
-1.09465 0.00347922
-1.02881 0.00700172
-1.04527 0.000995407
-1.08916 1.88168e-06
-1.13855 0.000423377
-1.10562 0.000423377
-1.10562 0.00137174
-1.01235 0.00137174
-0.941015 0.000318003
-1.06173 0.000543804
-1.09465 0.000318003
-1.17147 0.000679285
-1.05624 0.000152416
-1.08916 0.00158249
-1.02881 0.00180829
-1.0727 0.0199627
-1.05624 0.0031631
-1.00686 0.00489424
-0.990398 0.00844685
-0.941015 0.00286203
-0.979424 0.000679285
-0.973937 1.88168e-06
-1.02881 4.70419e-05
-0.941015 0.00204915
-1.05624 1.69351e-05
-1.0727 0.00180829
-1.09465 1.88168e-06
-1.0727 0.000423377
-1.13855 0.00158249
-1.1989 0.0142424
-1.18244 0.0184423
-1.16598 0.0105844
-1.15501 0.00895866
-1.08368 0.00257602
-1.09465 1.88168e-06
-1.05075 0.00381039
-1.08368 0.00655012
-1.05624 0.00569207
-1.02332 0.0149048
-0.984911 0.0135951
-1.05624 0.0275496
-1.00137 0.0700906
-0.995885 0.0602908
-0.962963 0.0294012
-1.00686 0.0715507
-1.04527 0.0700906
-1.08368 0.0463814
-1.03429 0.0790775
-1.01783 0.0223562
-0.930041 0.0177047
-0.930041 0.019195
-1.06173 0.0550221
-1.07819 0.0475707
-1.03429 0.0374096
-1.01235 0.0231841
-0.973937 0.0322914
-1.02881 0.0475707
-0.957476 0.0616456
-0.957476 0.0440482
-1.06173 0.0715507
-1.04527 0.111111
-1.14403 0.077542
-1.05624 0.0602908
-1.13306 0.0837741
-1.12209 0.0463814
-1.07819 0.0284679
-0.984911 0.0129629
-0.96845 0.0135951
-1.01235 0.0162746
-1.05075 0.0149048
-1.06722 0.0184423
-1.00686 0.0342936
-0.935528 0.0303496
-0.990398 0.0353172
-1.04527 0.0231841
-1.01235 0.00895866
-0.919067 0.00844685
-1.01783 0.00204915
-0.979424 4.70419e-05
-1.01783 1.88168e-06
-1.06173 0.00347922
-1.04527 0.0129629
-0.995885 0.0184423
-0.984911 0.0342936
-0.995885 0.0266464
-1.00686 0.0184423
-1.07819 0.031313
-0.979424 0.0440482
-0.935528 0.00746837
-0.973937 0.0162746
-0.941015 0.0303496
-0.853224 0.0207455
-0.897119 0.031313
-0.96845 0.0537426
-0.919067 0.0353172
-0.886145 0.00844685
-0.864198 0.00489424
-0.803841 0.0162746
-0.869684 0.0149048
-0.902606 0.0248852
-0.853224 0.0184423
-0.886145 0.0322914
-0.853224 0.0177047
-0.897119 0.00489424
-0.770919 0.0248852
-0.864198 0.0100275
-0.880658 0.0184423
-0.941015 0.0240271
-0.847737 0.0149048
-0.836763 0.0303496
-0.869684 0.00381039
-0.96845 0.00569207
-1.08916 0.00569207
-1.02332 0.00655012
-1.1166 0.0135951
-1.12209 0.0207455
-1.09465 0.0129629
-1.05075 0.00569207
-0.935528 1.69351e-05
-1.01783 0.000679285
-1.00686 0.000829819
-1.02881 0.0215433
-1.06173 0.0231841
-1.00137 0.0111565
-1.04527 0.0231841
-0.96845 0.0111565
-0.995885 0.0169821
-1.08916 0.0440482
-0.979424 0.0322914
-0.995885 0.0284679
-1.10562 0.0322914
-0.979424 0.0240271
-1.00686 0.0123457
-1.15501 0.0322914
-1.02881 0.0207455
-0.984911 0.0135951
-1.06722 0.0215433
-0.957476 0.0384784
-0.962963 0.0215433
-0.984911 0.0266464
-1.03978 0.0550221
-1.10014 0.0616456
-1.05624 0.0686454
-1.11111 0.0658003
-1.12209 0.080628
-1.06173 0.0630155
-1.07819 0.0452073
-1.12209 0.080628
-1.02881 0.0363559
-1.08368 0.0406611
-1.11111 0.0342936
-1.02332 0.0374096
-1.0727 0.0644004
-0.979424 0.0658003
-0.957476 0.091903
-1.1166 0.144379
-1.1989 0.150702
-1.12757 0.144379
-0.96845 0.077542
-0.973937 0.0475707
-0.979424 0.0440482
-1.08368 0.0452073
-1.06722 0.0417751
-1.08368 0.077542
-1.02881 0.118547
-0.886145 0.0969609
-0.973937 0.0700906
-1.06173 0.0790775
-1.09465 0.118547
-1.12209 0.159342
-1.08368 0.128182
-1.10562 0.105692
-1.0727 0.0715507
-0.979424 0.0644004
-1.05075 0.0616456
-1.0727 0.0440482
-1.10014 0.0630155
-1.16598 0.0969609
-1.11111 0.132141
-1.19342 0.128182
-1.1166 0.177346
-0.96845 0.150702
-1.03429 0.146472
-0.957476 0.112948
-0.919067 0.118547
-0.946502 0.0902471
-1.04527 0.0760216
-1.0727 0.0700906
-0.984911 0.080628
-1.02881 0.0837741
-1.06722 0.0563167
-1.11111 0.0524781
-1.20988 0.0658003
-1.17695 0.0760216
-1.1166 0.0869805
-1.16049 0.126225
-1.17147 0.159342
-1.10014 0.124283
-1.23182 0.100408
-1.20439 0.154992
-1.15501 0.116666
-1.1166 0.16154
-1.06722 0.13616
-1.04527 0.118547
-1.08368 0.114799
-1.06173 0.159342
-1.06722 0.13616
-1.03429 0.098677
-1.21536 0.157159
-1.13306 0.112948
-1.03429 0.091903
-1.01783 0.0686454
-1.06173 0.0563167
-0.995885 0.0463814
-1.02332 0.0537426
-0.941015 0.0440482
-0.946502 0.0395622
-0.902606 0.0353172
-0.864198 0.0248852
-0.995885 0.031313
-0.930041 0.0275496
-0.973937 0.0406611
-1.00686 0.0123457
-0.935528 0.0100275
-0.990398 0.00347922
-0.995885 0.00528563
-1.02332 0.00655012
-0.935528 0.00795008
-0.979424 0.0149048
-0.941015 0.019195
-0.924554 0.0284679
-0.973937 0.0672154
-1.00686 0.102154
-1.04527 0.0837741
-0.919067 0.0417751
-1.00137 0.0745163
-1.04527 0.073026
-1.05624 0.103916
-1.05075 0.0853698
-1.06173 0.0745163
-1.02332 0.111111
-1.05624 0.111111
-1.05075 0.0969609
-0.946502 0.058951
-1.00137 0.0463814
-0.990398 0.0686454
-1.01783 0.0935739
-0.935528 0.0602908
-1.08916 0.0745163
-0.957476 0.0602908
-0.973937 0.0672154
-0.951989 0.0886063
-0.957476 0.118547
-1.01235 0.0821935
-1.03429 0.0853698
-0.930041 0.0563167
-0.902606 0.0487749
-0.902606 0.0853698
-1.03429 0.058951
-1.10562 0.0686454
-0.951989 0.0869805
-1.08368 0.0969609
-1.04527 0.080628
-0.990398 0.0672154
-0.984911 0.0658003
-0.995885 0.0563167
-0.973937 0.0902471
-0.891632 0.0935739
-0.875171 0.0700906
-0.930041 0.0395622
-0.91358 0.0475707
-0.858711 0.0475707
-0.781893 0.0406611
-0.858711 0.0303496
-0.924554 0.0440482
-0.935528 0.0363559
-1.06722 0.0487749
-1.01783 0.00528563
-0.979424 0.0199627
-0.984911 0.00489424
-1.08916 0.00257602
-1.01235 9.22021e-05
-0.995885 0.00381039
-0.924554 0.0117435
-1.01783 0.0284679
-1.02881 0.0155822
-1.11111 0.033285
-0.941015 0.0322914
-0.962963 0.0184423
-0.957476 0.0177047
-0.973937 0.0215433
-1.00686 0.0105844
-0.984911 0.00795008
-1.02332 0.0123457
-1.06173 0.00895866
-1.08368 0.019195
-1.08916 0.0155822
-0.984911 0.00746837
-0.886145 0.0223562
-0.875171 0.00569207
-0.886145 0.0184423
-0.919067 0.0215433
-1.00686 0.00451791
-0.891632 0.0275496
-0.96845 0.0440482
-0.995885 0.031313
-0.962963 0.0537426
-0.995885 0.0440482
-1.00137 0.0275496
-1.00137 0.0215433
-0.91358 0.0184423
-0.957476 0.019195
-0.973937 0.00655012
-0.930041 0.00286203
-0.875171 0.00895866
-0.995885 0.00569207
-0.973937 0.00948553
-1.00686 0.0162746
-0.875171 0.00180829
-0.995885 0.00347922
-0.979424 0.000318003
-0.869684 0.00528563
-0.946502 0.000543804
-0.951989 0.000318003
-1.02881 0.00381039
-1.03429 0.00844685
-0.995885 0.000543804
-0.864198 0.000423377
-0.924554 0.00286203
-0.990398 0.00844685
-0.979424 0.00795008
-0.957476 0.0177047
-0.962963 0.0123457
-0.96845 0.000995407
-1.02881 0.00180829
-0.973937 0.00611357
-0.897119 0.00895866
-0.727023 0.00381039
-0.803841 1.69351e-05
-0.754458 0.000152416
-0.672154 0.00528563
-0.836763 0.0155822
-0.902606 0.019195
-0.962963 0.0353172
-0.814815 0.0487749
-0.853224 0.077542
-0.902606 0.0353172
-0.990398 0.0322914
-1.01235 0.0275496
-0.979424 0.0524781
-0.995885 0.058951
-0.891632 0.0429041
-1.01783 0.0969609
-0.919067 0.0700906
-0.891632 0.0550221
-0.924554 0.0384784
-1.10562 0.118547
-0.995885 0.0790775
-1.00137 0.0952599
-1.00686 0.0630155
-0.924554 0.0537426
-0.941015 0.0869805
-0.96845 0.100408
-0.902606 0.080628
-0.935528 0.0231841
-0.919067 0.0322914
-0.957476 0.0576263
-0.946502 0.0374096
-0.946502 0.0162746
-0.924554 0.00700172
-0.941015 0.0162746
-0.886145 0.0123457
-0.935528 0.0100275
-0.946502 0.00746837
-0.973937 0.00451791
-0.924554 0.0105844
-0.891632 0.00415662
-0.962963 0.00257602
-0.973937 0.000152416
-1.00137 0.000543804
-0.91358 0.000227683
-0.864198 0.000227683
-0.930041 0.00381039
-0.880658 0.000152416
-0.941015 0.000829819
-0.84225 0.00611357
-0.984911 0.00611357
-0.96845 0.00746837
-0.908093 0.0231841
-0.891632 0.0184423
-0.825789 0.0303496
-0.875171 0.0129629
-0.798354 0.0100275
-0.809328 1.88168e-06
-0.908093 0.00117605
-0.908093 1.69351e-05
-0.765432 0.00948553
-0.908093 0.0169821
-0.809328 0.0155822
-0.973937 0.0117435
-1.06173 0.00451791
-0.930041 0.00895866
-1.00686 0.0162746
-1.05075 0.00451791
-1.01783 0.00257602
-1.05075 0.00795008
-0.908093 0.00347922
-0.897119 0.00700172
-0.836763 0.019195
-0.946502 0.00895866
-0.979424 0.0184423
-0.984911 0.0117435
-0.886145 0.0031631
-1.00137 0.00286203
-0.979424 0.019195
-1.00137 0.0440482
-0.886145 0.0374096
-0.908093 0.0342936
-0.858711 0.00746837
-0.836763 0.00895866
-0.946502 0.0322914
-0.891632 0.0284679
-0.930041 0.0123457
-0.869684 1.88168e-06
-0.831276 0.000152416
-0.858711 0.00257602
-0.930041 0.00137174
-0.897119 0.0142424
-0.995885 0.0105844
-0.995885 0.00569207
-0.979424 0.00137174
-0.995885 0.00137174
-0.930041 0.00117605
-0.941015 0.00204915
-0.973937 0.00137174
-1.00137 0.00286203
-0.886145 0.0123457
-0.875171 0.0169821
-1.03978 0.0294012
-1.01235 0.0353172
-0.973937 0.031313
-0.919067 0.0155822
-0.908093 0.0184423
-0.880658 0.0223562
-0.875171 0.0374096
-0.831276 0.00895866
-0.919067 0.000423377
-0.946502 0.00158249
-0.951989 0.000829819
-0.902606 0.000679285
-0.891632 0.00286203
-0.831276 0.000829819
-0.886145 0.00257602
-0.951989 0.0123457
-0.924554 0.00700172
-0.91358 0.0111565
-0.930041 0.00137174
-1.08368 0.00158249
-0.990398 1.88168e-06
-0.946502 0.000829819
-1.00686 1.88168e-06
-0.962963 0.000543804
-0.973937 0.00180829
-1.00686 0.000227683
-1.05624 0.00746837
-1.03978 0.00746837
-1.05624 0.00948553
-0.941015 0.0111565
-0.908093 0.00655012
-0.924554 0.00795008
-0.973937 0.00230505
-0.930041 0.000995407
-0.946502 0.0031631
-0.935528 0.000423377
-1.0727 0.000318003
-1.12757 0.0105844
-1.03978 0.00415662
-1.08368 0.00117605
-1.12209 9.22021e-05
-1.08368 0.000423377
-1.10014 4.70419e-05
-1.06722 0.00655012
-1.1166 0.0123457
-1.17147 0.0177047
-1.10014 0.0169821
-1.11111 0.0177047
-1.08916 0.00746837
-0.941015 0.00137174
-0.902606 0.000829819
-1.00686 1.88168e-06
-1.04527 0.000543804
-0.924554 0.000679285
-0.951989 0.000318003
-1.06722 0.000543804
-1.0727 0.000995407
-1.08368 4.70419e-05
-0.946502 1.69351e-05
-0.951989 0.00569207
-1.00686 0.00655012
-1.04527 0.000679285
-0.962963 0.000679285
-0.935528 0.00489424
-1.01235 0.0406611
-1.06173 0.0563167
-1.11111 0.0658003
-1.11111 0.058951
-1.09465 0.0760216
-1.12209 0.0630155
-1.08368 0.0616456
-0.973937 0.058951
-0.962963 0.0602908
-0.973937 0.0524781
-1.03978 0.0576263
-0.979424 0.0429041
-1.05624 0.0644004
-1.18244 0.073026
-1.17147 0.0700906
-1.12209 0.0644004
-1.14403 0.0700906
-1.06173 0.0630155
-1.02881 0.0512286
-1.05624 0.0275496
-1.09465 0.0105844
-1.0727 0.0223562
-1.22085 0.0463814
-1.14952 0.0231841
-1.08916 0.00528563
-1.0727 0.00611357
-1.03429 0.00451791
-1.10562 0.000227683
-1.20439 0.00948553
-1.08916 0.000423377
-0.973937 1.88168e-06
-1.01783 0.000679285
-1.03429 0.0123457
-1.02881 0.0129629
-1.00686 0.00655012
-0.995885 0.0155822
-1.05624 0.0429041
-1.00686 0.0284679
-1.08368 0.0452073
-1.08916 0.0429041
-1.04527 0.0576263
-1.00137 0.0284679
-1.08368 0.0155822
-1.10014 0.0111565
-0.962963 0.00844685
-0.990398 0.0257583
-0.995885 0.0215433
-0.91358 0.0129629
-0.957476 0.0162746
-1.01235 0.0100275
-0.935528 0.0169821
-0.957476 0.00948553
-0.995885 0.0155822
-1.13855 0.0257583
-1.0727 0.0303496
-1.05075 0.0294012
-1.20988 0.0837741
-1.11111 0.0837741
-1.06173 0.0524781
-1.06173 0.058951
-1.16049 0.0576263
-1.03978 0.0563167
-1.11111 0.0207455
-1.01783 0.0240271
-0.908093 0.0135951
-0.880658 0.00655012
-0.792867 0.00655012
-0.891632 0.00795008
-0.897119 0.00895866
-0.946502 0.000679285
-0.924554 0.00569207
-0.902606 0.000318003
-0.979424 0.00180829
-0.908093 4.70419e-05
-0.820302 1.88168e-06
-0.880658 0.000227683
-0.864198 0.00137174
-0.869684 0.00137174
-0.875171 0.00347922
-0.984911 0.00895866
-0.995885 0.00257602
-1.01235 0.00137174
-1.01783 0.00528563
-0.995885 4.70419e-05
-1.01783 4.70419e-05
-0.897119 0.000995407
-0.875171 0.00117605
-0.864198 0.000423377
-0.902606 9.22021e-05
-0.864198 0.00347922
-0.995885 0.000829819
-0.96845 0.0294012
-0.990398 0.0284679
-1.00137 0.0100275
-0.951989 0.0149048
-1.06173 0.0207455
-1.00686 0.0149048
-0.957476 0.0184423
-0.935528 0.0100275
-0.935528 0.0111565
-0.96845 0.00895866
-1.05075 0.00611357
-0.973937 0.00451791
-0.946502 0.00415662
-0.897119 0.000152416
-0.908093 1.69351e-05
-0.96845 0.00347922
-0.919067 0.00795008
-1.00686 0.0117435
-0.979424 0.00746837
-1.11111 0.019195
-1.03429 0.00489424
-1.10562 0.00204915
-1.1166 0.00204915
-1.12757 0.00204915
-1.06173 0.00528563
-1.09465 0.0284679
-1.00686 0.0440482
-0.96845 0.00795008
-0.869684 0.00700172
-0.973937 0.00746837
-0.984911 0.00948553
-1.00137 0.00700172
-0.962963 0.0184423
-0.951989 0.0342936
-0.995885 0.080628
-1.02332 0.126225
-1.03978 0.181998
-1.10562 0.146472
-0.962963 0.111111
-1.11111 0.168224
-1.11111 0.122356
-1.06173 0.0853698
-1.02881 0.0969609
-1.00137 0.107483
-1.03429 0.126225
-1.03978 0.0869805
-0.984911 0.0700906
-0.941015 0.073026
-1.04527 0.077542
-1.09465 0.0902471
-1.1166 0.0853698
-1.05075 0.0790775
-1.06722 0.116666
-1.01783 0.0700906
-1.00137 0.0658003
-0.924554 0.0406611
-0.941015 0.0177047
-0.935528 0.0452073
-0.875171 0.0363559
-0.946502 0.0169821
-0.902606 0.00655012
-0.941015 0.000318003
-1.06173 4.70419e-05
-1.01235 0.000995407
-0.869684 0.00895866
-0.902606 0.00700172
-0.962963 0.00230505
-0.908093 1.69351e-05
-0.880658 1.69351e-05
-0.880658 0.000679285
-0.84225 9.22021e-05
-0.91358 0.00117605
-0.869684 0.000829819
-0.820302 0.00257602
-0.864198 0.0031631
-0.880658 0.0155822
-0.957476 0.0275496
-0.924554 0.0294012
-0.935528 0.0384784
-0.924554 0.0177047
-0.941015 0.00895866
-0.957476 0.0117435
-0.957476 0.00746837
-0.930041 0.0149048
-1.04527 0.00381039
-1.03978 0.00569207
-1.15501 0.00528563
-1.10562 1.88168e-06
-1.10014 0.00286203
-1.01783 0.000829819
-1.02332 0.00611357
-1.0727 0.00451791
-0.96845 0.000829819
-0.946502 1.88168e-06
-0.897119 0.000152416
-0.979424 0.0117435
-0.995885 0.0240271
-1.08916 0.031313
-1.06722 0.0563167
-1.01783 0.0215433
-1.01235 0.0303496
-0.990398 0.0105844
-1.06722 0.00746837
-0.990398 0.0100275
-1.02332 0.0105844
-0.875171 0.0363559
-1.00137 0.0686454
-0.908093 0.073026
-0.984911 0.0630155
-0.995885 0.0616456
-1.08916 0.058951
-1.17147 0.0686454
-1.08368 0.0837741
-1.06173 0.0760216
-0.847737 0.0374096
-0.941015 0.0406611
-1.05075 0.0117435
-1.03978 0.0248852
-1.04527 0.0142424
-1.08368 0.0162746
-0.984911 0.00489424
-1.02881 0.00655012
-1.04527 0.00381039
-1.07819 0.000318003
-0.995885 0.000423377
-1.06722 0.00137174
-0.973937 0.00137174
-0.919067 0.00286203
-0.957476 0.000318003
-1.02881 0.000423377
-1.00137 0.000679285
-0.935528 0.00700172
-0.897119 0.00569207
-0.962963 0.000829819
-0.984911 0.000423377
-1.06722 0.00204915
-0.941015 0.00257602
-0.946502 9.22021e-05
-1.03429 0.00117605
-0.946502 0.000227683
-0.962963 0.00204915
-1.03429 1.69351e-05
-0.96845 0.00347922
-1.00137 0.00948553
-1.01783 0.0207455
-1.01783 0.0105844
-1.05075 0.0135951
-1.05075 0.0149048
-1.08916 0.0155822
-1.03429 0.0177047
-1.08916 0.0342936
-1.06173 0.0142424
-0.990398 0.0100275
-1.04527 0.000995407
-1.03978 0.00117605
-1.01783 0.000318003
-1.01783 0.000679285
-1.03978 0.00117605
-1.03429 0.00381039
-1.01783 0.000227683
-1.10562 0.000543804
-0.908093 0.000543804
-0.951989 0.000679285
-0.984911 0.000423377
-0.908093 0.00137174
-0.886145 0.00137174
-0.91358 0.0105844
-0.84225 0.0177047
-0.84225 0.0223562
-0.798354 0.00230505
-0.809328 0.00700172
-0.869684 0.0248852
-0.869684 0.0363559
-0.957476 0.0322914
-1.05624 0.0576263
-1.00686 0.0452073
-1.02332 0.0406611
-1.01783 0.0240271
-1.08916 0.0169821
-1.02881 0.00948553
-1.02881 0.00746837
-0.962963 0.0105844
-1.05624 0.00611357
-1.18244 0.00451791
-1.07819 0.0223562
-1.10562 0.0123457
-1.05624 0.000152416
-1.06173 1.69351e-05
-1.00137 0.00158249
-1.06173 0.000318003
-1.00686 1.69351e-05
-0.930041 0.000152416
-0.902606 1.69351e-05
-0.935528 1.88168e-06
-0.957476 0.00415662
-0.957476 0.0384784
-0.973937 0.0374096
-1.06722 0.0294012
-1.01783 0.0576263
-1.15501 0.0417751
-1.09465 0.0499943
-1.03978 0.0275496
-1.08916 0.0248852
-1.03978 0.0257583
-0.984911 0.0184423
-1.00686 0.0149048
-1.01235 0.0177047
-0.946502 0.0105844
-1.02332 0.00180829
-1.06173 0.0117435
-0.935528 0.0155822
-0.875171 0.0135951
-0.941015 0.00700172
-0.990398 0.00746837
-1.02881 0.00655012
-1.10014 0.00569207
-0.957476 0.000227683
-0.935528 0.000227683
-0.990398 0.0031631
-1.03429 0.0100275
-0.973937 0.00204915
-0.990398 0.00415662
-0.941015 0.00347922
-0.902606 0.000318003
-0.951989 0.000152416
-0.941015 0.00381039
-0.984911 0.00415662
-1.06722 0.00257602
-0.984911 0.00948553
-0.973937 0.00795008
-0.946502 0.00795008
-0.990398 0.00347922
-1.01235 0.0111565
-0.984911 0.000152416
-0.995885 0.00257602
-0.886145 0.00489424
-0.908093 0.000423377
-0.935528 0.000423377
-0.897119 0.00257602
-1.01783 0.00611357
-0.979424 0.0111565
-0.973937 0.0199627
-1.08368 0.00746837
-1.03978 0.000995407
-1.01235 0.0231841
-0.91358 0.0266464
-1.01235 0.0487749
-0.864198 0.0322914
-0.875171 0.0240271
-0.930041 0.0322914
-0.886145 0.0499943
-1.00686 0.0169821
-0.91358 0.0231841
-0.897119 0.0231841
-0.908093 0.0275496
-0.984911 0.019195
-0.880658 0.0215433
-0.984911 0.0207455
-0.869684 0.00655012
-0.984911 0.000995407
-0.935528 0.000829819
-0.96845 0.0135951
-0.979424 0.0100275
-0.935528 0.00180829
-0.941015 0.000227683
-0.91358 0.0031631
-1.00137 0.00795008
-1.06173 0.00137174
-1.01783 0.00528563
-1.10562 0.00381039
-1.03429 0.00844685
-0.990398 0.00948553
-0.973937 0.0155822
-1.01235 0.0384784
-1.03429 0.0257583
-1.02332 0.0452073
-1.06722 0.0869805
-1.1166 0.077542
-1.04527 0.0760216
-0.880658 0.0790775
-0.897119 0.0644004
-1.02881 0.0644004
-1.04527 0.150702
-1.05624 0.179664
-1.04527 0.142302
-1.1166 0.157159
-1.12757 0.172755
-1.07819 0.116666
-1.15501 0.132141
-1.0727 0.144379
-1.12209 0.163753
-1.18793 0.146472
-1.05624 0.10929
-1.02881 0.0935739
-1.00686 0.0644004
-1.03429 0.077542
-0.990398 0.0452073
-0.930041 0.0215433
-0.995885 0.0248852
-1.02881 0.0248852
-0.96845 0.0257583
-1.02332 0.0117435
-1.06173 0.00611357
-1.04527 0.00257602
-0.930041 0.00158249
-0.973937 0.00655012
-0.941015 0.0149048
-0.946502 0.019195
-1.05624 0.0512286
-1.11111 0.0969609
-1.13855 0.0869805
-1.12209 0.0745163
-1.01783 0.0630155
-1.02332 0.0487749
-0.962963 0.0294012
-0.902606 0.0452073
-0.930041 0.0576263
-1.05624 0.0821935
-1.1166 0.120444
-1.06722 0.091903
-1.09465 0.0616456
-1.22085 0.103916
-1.0727 0.0384784
-1.14952 0.0537426
-1.0727 0.0363559
-1.06173 0.0322914
-0.990398 0.00415662
-1.0727 0.00895866
-1.07819 0.00381039
-1.02332 0.00415662
-1.07819 0.00204915
-0.990398 0.000829819
-1.09465 0.000152416
-1.00137 0.000829819
-1.03429 0.00948553
-0.995885 0.0135951
-0.962963 0.0353172
-0.995885 0.0322914
-1.00686 0.0207455
-1.0727 0.0248852
-1.06173 0.0231841
-1.1166 0.0169821
-1.07819 0.0117435
-1.1166 0.00528563
-1.09465 0.0207455
-1.02881 0.019195
-1.08916 0.0207455
-1.06722 0.0129629
-1.02332 0.0100275
-1.03978 0.0207455
-1.08368 0.0135951
-1.15501 0.00180829
-1.01783 0.00381039
-0.973937 1.88168e-06
-1.06722 1.88168e-06
-1.08368 0.00158249
-1.13855 0.00257602
-1.09465 4.70419e-05
-1.05624 9.22021e-05
-1.06173 0.000995407
-0.995885 0.00137174
-0.96845 0.0031631
-1.01235 0.000995407
-0.984911 0.0123457
-1.00137 0.0342936
-1.00137 0.0440482
-1.00686 0.0353172
-0.984911 0.0266464
-1.02881 0.0429041
-0.951989 0.0499943
-0.984911 0.0452073
-0.979424 0.0440482
-1.04527 0.0630155
-1.00686 0.00746837
-1.03429 0.000829819
-1.0727 0.00137174
-1.09465 1.88168e-06
-0.919067 1.88168e-06
-0.924554 0.000995407
-0.984911 0.00489424
-0.919067 0.00347922
-1.01235 0.00489424
-0.990398 0.000829819
-0.941015 0.000318003
-1.03978 4.70419e-05
-1.00686 0.000318003
-1.02881 0.00180829
-0.880658 0.00230505
-0.984911 0.00415662
-1.08368 0.0149048
-1.00686 0.00655012
-0.864198 0.000995407
-0.853224 4.70419e-05
-0.902606 0.0031631
-0.919067 0.000543804
-0.957476 0.000829819
-0.924554 0.000679285
-0.951989 0.000995407
-0.96845 0.00230505
-1.01235 0.00286203
-1.06722 0.00257602
-1.01783 0.000423377
-1.05624 0.00489424
-0.984911 0.000152416
-1.05624 0.000543804
-1.06173 0.00137174
-0.962963 0.00137174
-0.979424 1.88168e-06
-0.990398 0.00137174
-1.00686 1.88168e-06
-0.973937 0.000318003
-1.10562 0.000318003
-1.08368 0.000227683
-0.962963 0.00230505
-0.990398 4.70419e-05
-1.06173 0.000423377
-1.1166 0.000995407
-0.941015 0.000679285
-0.957476 0.000423377
-0.995885 0.00137174
-1.02332 0.00137174
-0.990398 0.00137174
-1.02881 0.00746837
-1.01783 0.00611357
-1.02332 0.000423377
-1.07819 0.0117435
-1.03978 0.0275496
-1.12209 0.0215433
-1.13306 0.0240271
-1.10562 0.0135951
-1.11111 0.0207455
-1.0727 0.00844685
-1.08368 0.0342936
-1.02332 0.0215433
-0.973937 0.0463814
-1.04527 0.0512286
-0.984911 0.0644004
-0.979424 0.0257583
-1.06722 0.0257583
-0.930041 0.0248852
-0.962963 0.0223562
-0.941015 0.0745163
-0.902606 0.0745163
-1.06173 0.118547
-1.08916 0.126225
-1.01783 0.126225
-1.01235 0.10929
-1.0727 0.105692
-1.03978 0.073026
-1.12209 0.10929
-1.00137 0.0952599
-1.0727 0.0715507
-1.12757 0.0630155
-1.11111 0.0644004
-1.16598 0.0406611
-1.11111 0.0248852
-1.15501 0.0384784
-1.0727 0.0322914
-1.03429 0.0266464
-0.930041 0.00381039
-0.946502 0.0199627
-0.919067 0.0266464
-0.91358 0.0162746
-0.897119 0.0117435
-0.798354 0.00655012
-0.84225 0.00895866
-0.924554 0.0149048
-0.809328 0.0231841
-0.902606 0.0303496
-0.869684 0.0363559
-0.886145 0.0100275
-0.847737 0.0294012
-0.886145 0.0384784
-0.951989 0.033285
-0.941015 0.0231841
-1.02881 0.019195
-0.995885 0.0487749
-1.01235 0.0602908
-1.09465 0.0630155
-1.00137 0.0563167
-1.08916 0.058951
-1.1166 0.0672154
-1.06722 0.077542
-1.08368 0.105692
-1.19342 0.16154
-1.20988 0.144379
-1.17147 0.13616
-0.995885 0.077542
-1.05624 0.118547
-1.05624 0.10929
-1.09465 0.112948
-0.990398 0.0672154
-1.0727 0.0644004
-1.08368 0.0672154
-1.10562 0.0644004
-0.979424 0.0602908
-1.06173 0.0630155
-1.06722 0.0672154
-0.96845 0.0275496
-1.03978 0.0363559
-0.962963 0.0463814
-1.00686 0.0384784
-0.979424 0.0322914
-0.951989 0.019195
-0.897119 0.0374096
-0.962963 0.0550221
-1.01235 0.0550221
-0.951989 0.0821935
-0.908093 0.0700906
-0.908093 0.073026
-0.990398 0.0440482
-0.858711 0.0363559
-0.941015 0.0417751
-0.96845 0.0563167
-0.935528 0.0576263
-1.10562 0.058951
-0.995885 0.0537426
-1.0727 0.0616456
-0.995885 0.033285
-1.03429 0.033285
-1.03978 0.0105844
-0.995885 0.0223562
-1.01783 0.0257583
-0.973937 0.0162746
-0.946502 0.0395622
-0.957476 0.0342936
-0.995885 0.019195
-0.875171 0.0275496
-1.04527 0.0363559
-0.951989 0.019195
-0.973937 0.00655012
-0.990398 0.000227683
-0.962963 0.000423377
-0.935528 0.000227683
-0.984911 1.88168e-06
-0.924554 0.000227683
-0.897119 0.000152416
-0.995885 1.88168e-06
-0.941015 0.000152416
-0.880658 0.00381039
-0.875171 0.00230505
-0.908093 0.000423377
-0.908093 0.000995407
-0.962963 0.00180829
-1.05075 0.00655012
-0.984911 0.00528563
-1.06722 0.00895866
-0.962963 0.0257583
-0.990398 0.0240271
-1.12209 0.0440482
-1.13306 0.0745163
-1.10014 0.077542
-1.00686 0.0550221
-0.957476 0.0487749
-1.01235 0.0374096
-1.04527 0.0463814
-1.02332 0.0223562
-1.04527 0.0135951
-1.07819 0.0231841
-1.0727 0.0207455
-0.979424 0.0475707
-1.02881 0.0429041
-0.962963 0.0644004
-1.01235 0.0686454
-0.962963 0.0644004
-0.957476 0.0537426
-0.946502 0.0487749
-0.96845 0.0135951
-0.91358 0.00347922
-0.96845 0.00286203
-1.10014 0.00117605
-1.0727 0.00204915
-1.00686 0.00158249
-1.00686 0.000543804
-0.930041 0.00844685
-0.880658 0.0142424
-0.973937 0.0294012
-0.951989 0.0184423
-0.941015 0.0100275
-1.00686 0.0215433
-0.962963 0.0550221
-0.995885 0.0576263
-0.908093 0.0550221
-1.05075 0.0602908
-0.995885 0.0384784
-1.03429 0.0353172
-1.01783 0.0512286
-1.02881 0.0266464
-1.00137 0.0463814
-1.11111 0.0395622
-1.15501 0.0524781
-1.06722 0.0537426
-1.04527 0.0207455
-1.06722 0.00795008
-1.01783 0.000995407
-1.0727 0.00569207
-1.06722 0.00895866
-0.984911 0.000829819
-0.935528 4.70419e-05
-0.951989 1.69351e-05
-1.07819 0.000318003
-0.957476 0.00158249
-0.924554 0.00286203
-0.946502 0.00230505
-0.946502 0.00569207
-0.880658 0.00204915
-0.935528 0.00137174
-0.96845 0.00137174
-1.02881 0.00948553
-1.08368 0.00655012
-1.01783 0.0100275
-1.14952 0.0215433
-1.12209 0.0129629
-1.03429 0.00489424
-1.06722 1.88168e-06
-1.13855 0.00347922
-1.1166 0.00347922
-1.02332 0.00286203
-1.02332 0.00611357
-1.03429 0.00489424
-1.06173 0.0031631
-1.02881 0.00381039
-1.0727 0.0123457
-1.16598 0.000995407
-1.09465 1.69351e-05
-1.04527 0.000995407
-1.01235 0.00746837
-1.08916 0.0223562
-1.01783 0.0199627
-1.10562 0.00381039
-1.06722 0.00795008
-1.13306 0.0353172
-1.0727 0.0162746
-1.03429 0.000995407
-1.05075 1.88168e-06
-1.02881 0.00948553
-1.05075 0.00895866
-1.02881 0.000227683
-1.02332 0.000152416
-1.00137 0.000318003
-1.00137 0.000318003
-1.04527 0.000995407
-0.990398 0.00204915
-0.91358 0.000423377
-0.941015 0.000679285
-1.06173 0.00230505
-1.06722 0.00286203
-0.951989 0.00180829
-0.858711 1.88168e-06
-0.984911 0.000543804
-0.973937 0.0100275
-0.853224 0.000679285
-0.935528 0.00528563
-0.973937 0.00158249
-0.957476 0.000829819
-1.00686 0.000152416
-1.00686 4.70419e-05
-1.07819 0.00137174
-1.12209 0.00415662
-1.05075 0.00180829
-0.995885 0.000152416
-1.03429 0.00257602
-1.00686 0.000543804
-0.957476 1.69351e-05
-0.875171 0.000829819
-0.979424 0.0231841
-1.01783 0.0199627
-0.990398 0.0100275
-1.03429 0.0155822
-0.91358 0.0117435
-0.984911 0.00137174
-1.02332 0.00611357
-1.02881 0.0417751
-1.04527 0.0563167
-1.02881 0.0672154
-0.995885 0.0837741
-0.995885 0.0563167
-1.02881 0.100408
-1.02881 0.0853698
-0.957476 0.0406611
-1.00686 0.0576263
-1.03429 0.0630155
-1.08368 0.0658003
-0.995885 0.0952599
-0.935528 0.0715507
-0.946502 0.0537426
-0.962963 0.0463814
-1.01783 0.0935739
-0.91358 0.0512286
-0.924554 0.0616456
-0.935528 0.0745163
-0.91358 0.0886063
-0.935528 0.102154
-1.02881 0.0886063
-1.00137 0.102154
-1.02332 0.0658003
-0.995885 0.0395622
-0.984911 0.058951
-1.00137 0.0537426
-1.08368 0.0487749
-1.03978 0.0512286
-1.08916 0.0223562
-1.1166 0.033285
-1.05624 0.0440482
-0.979424 0.0576263
-1.01783 0.0463814
-1.02332 0.0266464
-1.03429 0.0342936
-1.05075 0.0686454
-1.06173 0.0886063
-1.11111 0.0935739
-1.10014 0.098677
-1.0727 0.098677
-1.03429 0.0512286
-0.995885 0.0602908
-0.979424 0.080628
-0.91358 0.0630155
-1.07819 0.159342
-1.01235 0.140239
-1.02332 0.134143
-0.924554 0.120444
-1.0727 0.13616
-0.946502 0.165981
-0.930041 0.111111
-0.902606 0.0715507
-0.858711 0.0745163
-0.96845 0.0790775
-0.984911 0.0969609
-1.14403 0.138192
-1.01783 0.142302
-1.08916 0.138192
-0.96845 0.134143
-0.957476 0.091903
-0.96845 0.102154
-0.979424 0.134143
-0.96845 0.0869805
-1.01235 0.0745163
-1.06722 0.0672154
-1.12209 0.091903
-1.05624 0.0902471
-1.02881 0.0837741
-0.995885 0.0576263
-1.03429 0.0576263
-1.16049 0.0935739
-1.12209 0.058951
-1.03429 0.0537426
-0.897119 0.0487749
-0.930041 0.0902471
-0.886145 0.0672154
-0.91358 0.0672154
-1.04527 0.091903
-1.04527 0.0902471
-0.973937 0.103916
-0.919067 0.0499943
-1.05075 0.0524781
-1.02881 0.0537426
-0.962963 0.0602908
-0.973937 0.0563167
-0.951989 0.031313
-0.973937 0.0512286
-0.91358 0.0384784
-0.990398 0.0199627
-0.864198 0.0142424
-0.924554 0.0440482
-0.941015 0.0169821
-0.897119 0.00381039
-0.941015 0.000679285
-0.990398 0.000318003
-0.902606 0.00158249
-0.891632 0.000227683
-0.897119 0.00180829
-0.864198 0.00286203
-0.891632 0.0100275
-0.96845 0.00347922
-1.05624 0.000995407
-1.0727 9.22021e-05
-1.16049 0.000543804
-1.13855 0.00257602
-1.07819 0.00528563
-1.13306 1.88168e-06
-1.01235 1.69351e-05
-1.16049 1.69351e-05
-1.13306 0.0149048
-1.17695 0.0100275
-1.08916 0.0215433
-1.00686 0.0223562
-0.814815 0.0177047
-0.880658 0.0135951
-0.864198 0.00895866
-0.770919 0.000318003
-0.919067 9.22021e-05
-0.935528 0.000829819
-0.930041 0.00489424
-0.91358 0.00611357
-0.946502 0.0199627
-0.935528 0.0374096
-0.957476 0.0395622
-0.924554 0.0395622
-0.979424 0.0284679
-1.01235 0.0303496
-1.05075 0.0395622
-1.14403 0.0395622
-1.1989 0.0537426
-1.17695 0.0537426
-1.11111 0.0177047
-1.08916 0.00451791
-1.11111 0.00795008
-1.04527 0.00746837
-0.973937 0.00844685
-1.08368 0.00795008
-0.990398 0.00230505
-1.06173 9.22021e-05
-1.06722 0.000227683
-0.973937 0.000679285
-0.941015 0.000152416
-0.979424 0.000152416
-0.979424 0.00746837
-0.951989 0.0223562
-0.973937 0.0184423
-0.946502 0.0240271
-0.951989 0.0384784
-1.00686 0.0576263
-1.01235 0.0672154
-0.96845 0.0475707
-1.01235 0.0616456
-1.10014 0.0969609
-1.03978 0.080628
-1.14403 0.0686454
-1.03429 0.080628
-1.00137 0.0602908
-1.10562 0.0602908
-1.05624 0.033285
-0.973937 0.0275496
-1.11111 0.0602908
-1.02881 0.0524781
-1.05075 0.0463814
-1.11111 0.0512286
-1.08916 0.0715507
-1.11111 0.0616456
-1.12757 0.0563167
-1.09465 0.0869805
-1.1166 0.134143
-1.14403 0.154992
-1.06722 0.140239
-1.03429 0.118547
-0.957476 0.077542
-0.831276 0.0886063
-0.990398 0.0869805
-0.908093 0.0644004
-0.941015 0.0602908
-1.02332 0.0475707
-1.05075 0.0686454
-1.06173 0.058951
-1.03429 0.0524781
-1.04527 0.0616456
-0.96845 0.0374096
-0.957476 0.0384784
-1.02881 0.058951
-0.935528 0.0429041
-0.995885 0.0353172
-1.02332 0.0162746
-1.01235 0.00948553
-0.990398 0.00286203
-1.03978 0.0123457
-1.08916 0.0322914
-1.13855 0.0452073
-1.05624 0.0363559
-1.08916 0.0475707
-1.06173 0.0303496
-1.05075 0.0935739
-1.00686 0.0952599
-1.02881 0.0616456
-1.05624 0.0395622
-1.03978 0.0374096
-0.930041 0.0384784
-0.886145 0.0715507
-0.935528 0.0499943
-0.941015 0.0406611
-1.01783 0.0487749
-0.946502 0.0417751
-0.902606 0.0275496
-0.809328 0.00746837
-0.924554 0.00844685
-0.897119 0.00528563
-0.864198 0.0142424
-0.836763 0.0207455
-0.869684 0.0105844
-0.858711 0.0135951
-0.96845 0.0177047
-0.91358 0.00700172
-0.919067 0.0248852
-0.869684 0.0384784
-0.864198 0.0342936
-0.930041 0.0257583
-0.946502 0.0406611
-0.979424 0.0475707
-1.06722 0.0440482
-1.14403 0.0602908
-1.17695 0.077542
-1.21536 0.0715507
-1.10014 0.100408
-1.12209 0.0672154
-1.05075 0.0499943
-1.08916 0.0886063
-1.10562 0.0248852
-0.973937 0.00381039
-0.941015 0.000543804
-1.00686 0.00746837
-0.990398 0.00528563
-1.03429 0.00347922
-0.995885 0.000423377
-0.973937 0.0031631
-1.00137 0.000152416
-0.946502 0.000227683
-0.951989 0.00347922
-0.935528 0.00655012
-0.979424 0.00528563
-0.973937 0.00655012
-1.00137 0.00451791
-0.990398 0.00895866
-1.05624 0.00230505
-1.03429 0.00117605
-1.04527 0.000152416
-0.979424 0.00415662
-1.01235 0.00137174
-0.962963 1.69351e-05
-1.06173 0.000152416
-1.07819 0.00569207
-1.06722 1.88168e-06
-1.14403 0.000423377
-1.08368 0.000423377
-1.05075 0.00528563
-1.00686 0.00451791
-1.09465 0.00795008
-1.10014 0.000318003
-1.01783 0.000152416
-1.10014 1.69351e-05
-1.10562 0.000227683
-1.1989 0.00286203
-1.15501 0.00347922
-1.19342 0.00180829
-1.13306 0.0142424
-1.04527 0.00204915
-1.10562 0.00415662
-1.02332 0.00844685
-1.08368 0.0231841
-1.17695 0.0169821
-1.11111 0.0223562
-1.02332 0.031313
-1.02332 0.0440482
-1.02881 0.058951
-0.897119 0.033285
-0.930041 0.0266464
-0.902606 0.0149048
-0.96845 0.0284679
-0.924554 0.0463814
-1.01235 0.0644004
-1.02881 0.0644004
-1.07819 0.0537426
-1.10562 0.0395622
-1.05075 0.0155822
-0.957476 0.00381039
-0.880658 0.0149048
-0.880658 0.00489424
-0.930041 0.00795008
-1.01783 0.0100275
-1.02881 0.0100275
-1.06722 0.0117435
-1.08916 0.0199627
-1.01235 0.0177047
-1.01235 0.0257583
-0.962963 0.0111565
-0.908093 0.0215433
-0.875171 0.0129629
-0.935528 1.69351e-05
-0.919067 0.00158249
-1.02881 0.00158249
-1.05075 0.00415662
-1.00686 0.00117605
-0.990398 0.000679285
-1.00686 0.000679285
-0.957476 0.00569207
-0.962963 0.019195
-1.02881 0.0105844
-1.05075 0.0100275
-1.09465 0.00569207
-1.05624 0.000679285
-0.984911 4.70419e-05
-1.03978 1.69351e-05
-1.01783 0.00381039
-0.908093 0.00158249
-0.908093 0.00700172
-0.962963 0.0248852
-0.984911 0.0199627
-0.919067 0.0294012
-0.836763 0.0231841
-0.853224 0.0563167
-0.798354 0.0487749
-0.847737 0.0512286
-0.941015 0.0463814
-0.891632 0.0429041
-0.946502 0.0266464
-0.880658 0.0123457
-0.951989 0.0111565
-1.01783 0.0303496
-1.07819 0.0745163
-1.03978 0.098677
-0.973937 0.0837741
-0.935528 0.0902471
-1.02881 0.073026
-1.00137 0.0475707
-0.990398 0.0463814
-1.05624 0.058951
-1.02881 0.0630155
-1.00686 0.0616456
-1.00137 0.0576263
-0.908093 0.0353172
-0.820302 0.0135951
-0.831276 0.0231841
-0.941015 0.00844685
-0.836763 0.00948553
-0.886145 0.0215433
-0.941015 0.0105844
-0.930041 0.0240271
-0.96845 0.00655012
-0.908093 4.70419e-05
-0.979424 0.00137174
-0.990398 0.00204915
-1.07819 0.00204915
-0.979424 0.00257602
-0.946502 0.00347922
-0.84225 0.00230505
-0.935528 0.00611357
-0.962963 0.0155822
-0.990398 0.00569207
-0.946502 0.0100275
-0.902606 0.0117435
-0.869684 0.0240271
-0.858711 0.00489424
-0.946502 0.00286203
-0.984911 0.00489424
-0.91358 1.69351e-05
-1.01783 0.00795008
-1.02332 0.00381039
-0.990398 0.00569207
-0.897119 0.0123457
-0.891632 0.0284679
-0.825789 0.0223562
-0.908093 0.0475707
-0.924554 0.0275496
-1.03429 0.0207455
-0.979424 0.0275496
-1.02881 0.0342936
-0.919067 0.0149048
-0.946502 0.0406611
-0.951989 0.0135951
-1.00137 0.0452073
-0.908093 0.0275496
-0.869684 0.0363559
-0.864198 0.0342936
-0.886145 0.0374096
-0.935528 0.0294012
-0.897119 0.0207455
-0.886145 0.0322914
-0.820302 0.0117435
-0.930041 0.0184423
-0.941015 0.0123457
-0.924554 0.00700172
-0.995885 0.00655012
-0.951989 0.00204915
-0.990398 0.000543804
-0.946502 0.00137174
-0.930041 0.00158249
-0.924554 0.00528563
-0.962963 1.69351e-05
-0.96845 0.00489424
-0.941015 0.0105844
-0.990398 0.00381039
-0.962963 0.0031631
-0.820302 0.000543804
-0.908093 0.000152416
-0.891632 1.69351e-05
-0.941015 0.00204915
-0.941015 0.00844685
-1.00137 0.000679285
-1.08368 0.00415662
-1.06722 0.0162746
-1.01783 0.0123457
-1.05075 0.00746837
-0.957476 0.0155822
-0.902606 0.0155822
-0.951989 0.0184423
-1.02332 0.031313
-0.995885 0.0162746
-0.957476 0.00844685
-0.875171 0.019195
-0.858711 0.0284679
-0.902606 0.0248852
-1.02332 0.031313
-0.930041 0.0240271
-0.91358 0.0284679
-0.902606 0.0284679
-0.869684 0.0275496
-1.0727 0.0715507
-1.03978 0.10929
-0.995885 0.150702
-0.941015 0.150702
-0.96845 0.172755
-1.01235 0.242512
-1.14403 0.247947
-1.25926 0.237138
-1.26475 0.179664
-1.22634 0.247947
-1.17695 0.270286
-1.22634 0.267441
-1.23731 0.242512
-1.15501 0.181998
-1.22085 0.184346
-1.22634 0.146472
-1.22085 0.170482
-1.20439 0.102154
-1.13855 0.0952599
-1.18793 0.148579
-1.12209 0.124283
-0.995885 0.073026
-0.902606 0.0406611
-0.91358 0.0550221
-0.814815 0.0499943
-0.951989 0.103916
-0.990398 0.10929
-1.00137 0.157159
-1.06722 0.163753
-1.12757 0.152839
-1.08916 0.142302
-1.01235 0.122356
-1.05075 0.116666
-1.01235 0.102154
-1.01235 0.116666
-1.11111 0.120444
-1.05624 0.0952599
-1.02332 0.0886063
-1.12757 0.0658003
-1.16598 0.100408
-1.10562 0.140239
-1.12757 0.203675
-1.13855 0.170482
-1.10014 0.218803
-0.979424 0.223967
-0.941015 0.138192
-0.990398 0.140239
-1.02332 0.118547
-0.869684 0.0672154
-0.973937 0.0550221
-0.979424 0.0616456
-0.951989 0.0616456
-1.05075 0.0686454
-0.957476 0.077542
-1.08368 0.0475707
-1.03429 0.0790775
-0.897119 0.0700906
-0.96845 0.0700906
-0.995885 0.111111
-1.03429 0.107483
-1.00686 0.152839
-0.96845 0.120444
-1.03978 0.179664
-1.00137 0.216244
-0.941015 0.2137
-0.957476 0.201206
-0.990398 0.218803
-1.00137 0.267441
-1.05075 0.201206
-1.02881 0.221377
-1.02881 0.221377
-1.11111 0.253441
-1.05075 0.19389
-1.0727 0.186709
-1.07819 0.186709
-1.02332 0.163753
-1.02332 0.150702
-1.0727 0.157159
-1.00137 0.132141
-1.01235 0.126225
-0.869684 0.144379
-0.990398 0.165981
-1.02881 0.120444
-0.984911 0.142302
-1.07819 0.163753
-1.00686 0.201206
-1.0727 0.165981
-0.891632 0.126225
-0.864198 0.100408
-0.935528 0.091903
-1.03978 0.124283
-1.01783 0.0837741
-1.01235 0.105692
-1.18244 0.211171
-1.15501 0.22919
-1.30316 0.191481
-1.14403 0.142302
-1.17695 0.150702
-1.08368 0.116666
-1.06722 0.120444
-1.03978 0.157159
-0.930041 0.116666
-1.04527 0.172755
-1.04527 0.170482
-1.05624 0.165981
-1.06722 0.142302
-1.03978 0.116666
-0.946502 0.0837741
-1.06173 0.0935739
-1.01783 0.107483
-1.02881 0.0644004
-1.03429 0.10929
-1.00137 0.112948
-1.06722 0.080628
-0.979424 0.091903
-0.979424 0.0700906
-1.06722 0.122356
-1.18793 0.144379
-1.05075 0.165981
-1.03978 0.10929
-0.962963 0.138192
-1.03429 0.157159
-1.05075 0.148579
-0.951989 0.100408
-1.15501 0.157159
-1.02881 0.148579
-1.00137 0.181998
-1.01783 0.165981
-1.14952 0.226571
-1.03429 0.181998
-1.05624 0.208657
-1.17695 0.281817
-1.09465 0.239818
-1.14403 0.261796
-1.17695 0.258996
-1.16049 0.223967
-1.05624 0.186709
-1.18793 0.264611
-1.23731 0.305601
-1.18244 0.258996
-1.18244 0.221377
-1.10014 0.22919
-1.1166 0.239818
-1.13855 0.264611
-1.10562 0.253441
-1.15501 0.242512
-1.11111 0.290623
-1.06173 0.296569
-1.11111 0.258996
-1.07819 0.250686
-1.06173 0.242512
-1.10562 0.253441
-1.08368 0.264611
-1.15501 0.256211
-1.14403 0.247947
-1.10562 0.216244
-1.09465 0.203675
-1.14952 0.216244
-1.24829 0.293589
-1.22634 0.221377
-1.18244 0.179664
-1.08916 0.184346
-1.0727 0.175043
-1.13855 0.150702
-1.04527 0.154992
-1.1166 0.118547
-1.03978 0.140239
-1.02332 0.148579
-1.08916 0.172755
-1.01235 0.138192
-0.864198 0.0790775
-0.995885 0.10929
-0.957476 0.116666
-1.01235 0.138192
-0.96845 0.148579
-0.990398 0.120444
-1.04527 0.073026
-1.09465 0.0952599
-1.05624 0.134143
-0.995885 0.152839
-1.04527 0.114799
-1.01235 0.105692
-1.02332 0.116666
-0.984911 0.0537426
-1.04527 0.0248852
-1.01235 0.0129629
-0.91358 0.00746837
-0.979424 0.00158249
-0.902606 0.00746837
-0.869684 1.88168e-06
-1.00686 0.000152416
-0.930041 0.000829819
-0.886145 0.000679285
-0.995885 0.000995407
-0.951989 0.00286203
-0.962963 0.00381039
-0.935528 0.00381039
-1.00137 0.00569207
-1.04527 0.000423377
-1.09465 1.88168e-06
-1.10014 0.00415662
-1.10562 0.000543804
-1.05075 4.70419e-05
-0.864198 4.70419e-05
-0.973937 0.000679285
-0.880658 0.00230505
-0.880658 0.00230505
-1.0727 0.00117605
-1.05624 0.00117605
-1.05624 0.00204915
-1.05624 9.22021e-05
-1.03978 0.00569207
-1.00137 0.00895866
-0.864198 0.0395622
-0.825789 0.0374096
-0.924554 0.0240271
-1.05075 0.00347922
-1.13855 0.00180829
-1.12757 0.00117605
-1.05624 0.00158249
-1.01783 0.000829819
-0.979424 0.000679285
-0.984911 0.00158249
-0.891632 0.000829819
-0.995885 0.0031631
-1.01235 0.00257602
-0.995885 0.00180829
-0.990398 0.00895866
-1.01783 0.00948553
-0.930041 0.00180829
-1.01783 0.00257602
-0.924554 9.22021e-05
-0.946502 0.000423377
-0.919067 0.000318003
-0.946502 0.00381039
-0.995885 0.00451791
-1.00137 0.0123457
-1.10562 0.00948553
-1.10014 0.00569207
-1.01235 0.00286203
-0.935528 0.000318003
-1.02332 9.22021e-05
-0.96845 0.000152416
-1.01783 4.70419e-05
-0.96845 0.00158249
-1.00137 0.00611357
-1.14403 0.0155822
-1.05624 0.0215433
-0.990398 0.0231841
-0.995885 0.0231841
-1.03978 0.019195
-1.04527 0.0223562
-1.09465 0.0452073
-0.990398 0.0395622
-1.01783 0.0452073
-1.00137 0.0475707
-0.973937 0.0499943
-1.00137 0.0512286
-1.02881 0.0463814
-0.984911 0.0429041
-1.08916 0.0429041
-1.09465 0.0452073
-0.96845 0.0550221
-0.853224 0.0342936
-0.781893 0.0100275
-0.809328 0.0135951
-0.91358 0.0142424
-0.864198 0.0129629
-0.902606 0.00489424
-0.825789 0.00948553
-0.91358 0.000423377
-0.930041 0.00451791
-0.847737 0.00844685
-0.919067 0.00700172
-0.809328 0.0129629
-0.880658 0.019195
-0.908093 0.0342936
-0.935528 0.0215433
-1.02881 0.0129629
-0.995885 0.0231841
-0.869684 0.019195
-0.96845 0.0031631
-1.05624 0.000543804
-1.02881 0.00158249
-1.03429 0.0031631
-0.951989 0.000423377
-0.941015 0.000995407
-0.886145 0.00489424
-0.941015 0.000152416
-0.990398 1.69351e-05
-0.864198 9.22021e-05
-0.875171 0.00257602
-0.919067 0.00655012
-0.91358 0.00347922
-0.853224 0.00795008
-0.886145 0.000227683
-0.891632 0.000829819
-0.886145 0.000423377
-1.00137 0.00700172
-0.951989 0.00230505
-0.875171 0.00451791
-0.951989 0.00286203
-0.902606 1.69351e-05
-0.869684 0.00230505
-0.935528 0.00746837
-0.935528 0.0266464
-0.957476 0.0303496
-0.957476 0.0207455
-1.02332 0.00700172
-1.08368 0.0100275
-1.03978 0.00611357
-1.07819 0.0199627
-1.08368 0.0602908
-1.0727 0.0853698
-1.1166 0.114799
-1.01235 0.0616456
-1.10562 0.0406611
-0.941015 0.0284679
-0.946502 0.0257583
-1.11111 0.0374096
-1.08368 0.0417751
-1.02332 0.0537426
-1.06173 0.0550221
-0.957476 0.0363559
-0.990398 0.0417751
-1.04527 0.0463814
-1.08368 0.102154
-1.10014 0.091903
-0.984911 0.0576263
-1.08916 0.0630155
-1.03429 0.0499943
-1.03978 0.0275496
-1.0727 0.033285
-1.11111 0.0550221
-1.03429 0.031313
-1.04527 0.0440482
-1.00686 0.0537426
-0.962963 0.0512286
-0.990398 0.0231841
-0.957476 0.0111565
-0.979424 0.00204915
-0.962963 1.69351e-05
-0.941015 0.00204915
-0.96845 0.000829819
-0.946502 0.00381039
-0.908093 0.00746837
-0.891632 0.00286203
-0.880658 0.000543804
-1.02332 0.000152416
-0.869684 0.000152416
-0.880658 0.00137174
-0.91358 0.000543804
-0.990398 0.00230505
-0.946502 0.000227683
-0.930041 0.000423377
-1.00686 1.88168e-06
-0.91358 0.00204915
-0.869684 0.00180829
-0.902606 9.22021e-05
-0.951989 0.0155822
-1.02332 0.0207455
-1.02332 0.00895866
-1.08916 0.0231841
-1.01783 0.0266464
-1.01235 0.0240271
-1.02332 0.00948553
-1.05624 0.0207455
-0.941015 0.0199627
-0.979424 0.073026
-1.01235 0.0715507
-1.08368 0.0837741
-1.02881 0.0869805
-1.01783 0.0869805
-0.962963 0.0616456
-1.01783 0.0240271
-0.96845 0.0363559
-1.02332 0.0440482
-1.04527 0.0499943
-1.05624 0.0429041
-1.02881 0.0395622
-1.02332 0.0576263
-1.02332 0.0129629
-1.00137 0.00180829
-0.951989 0.00489424
-0.990398 0.000227683
-0.908093 0.000318003
-0.984911 0.00528563
-0.979424 0.0123457
-1.02881 0.00180829
-0.91358 0.0129629
-0.979424 0.0248852
-0.995885 0.0231841
-0.990398 0.0231841
-1.00137 0.0169821
-1.00686 0.0248852
-0.957476 0.0129629
-0.984911 0.00451791
-0.875171 0.0129629
-0.930041 0.0207455
-0.995885 0.0177047
-0.886145 0.00895866
-0.897119 0.0275496
-0.995885 0.0475707
-1.01235 0.0512286
-0.962963 0.0630155
-1.01235 0.0537426
-0.902606 0.0417751
-0.995885 0.0537426
-1.02332 0.0266464
-0.957476 0.019195
-0.973937 0.0117435
-0.935528 0.0177047
-0.930041 0.0215433
-0.880658 0.0111565
-0.995885 0.00948553
-1.08368 0.0303496
-1.0727 0.033285
-1.06173 0.0524781
-1.02332 0.0550221
-0.973937 0.0463814
-0.962963 0.0563167
-1.00686 0.0363559
-1.02332 0.0266464
-1.02332 0.0117435
-0.941015 0.0207455
-1.09465 0.0184423
-1.02881 0.000227683
-0.979424 0.000423377
-0.984911 0.000543804
-0.995885 0.000318003
-0.979424 9.22021e-05
-1.00137 0.000227683
-1.03429 0.00180829
-1.04527 0.0149048
-1.10562 1.88168e-06
-1.05624 0.000679285
-1.10014 0.00895866
-1.17695 0.00700172
-1.08368 0.0031631
-1.03429 4.70419e-05
-1.05624 0.000995407
-1.10014 9.22021e-05
-1.10562 1.88168e-06
-1.06722 0.000543804
-0.995885 0.00347922
-1.03429 0.0169821
-1.03978 0.0111565
-0.984911 0.00895866
-0.957476 0.00415662
-1.00137 0.00257602
-0.935528 0.00158249
-0.869684 1.69351e-05
-0.935528 4.70419e-05
-0.825789 0.00489424
-0.930041 0.00230505
-0.941015 0.00347922
-1.04527 0.000227683
-1.03429 0.000318003
-1.0727 0.00700172
-0.979424 0.00204915
-0.908093 0.00204915
-0.902606 0.00230505
-0.897119 0.00700172
-0.897119 0.0123457
-0.930041 0.00257602
-0.91358 4.70419e-05
-0.962963 0.00180829
-0.897119 4.70419e-05
-0.979424 0.00204915
-0.930041 0.000318003
-0.935528 0.0135951
-0.990398 0.0135951
-1.00686 0.0129629
-0.973937 0.0184423
-0.924554 0.0135951
-0.951989 0.00489424
-0.979424 0.00230505
-0.869684 0.000152416
-0.935528 0.000679285
-1.09465 0.00286203
-1.06173 0.000679285
-1.03978 9.22021e-05
-0.935528 9.22021e-05
-1.00137 1.69351e-05
-0.957476 0.000318003
-0.902606 0.00230505
-0.941015 0.00489424
-1.00686 0.00655012
-0.990398 0.00117605
-0.96845 0.00415662
-0.973937 0.00795008
-0.891632 0.00611357
-0.941015 0.000829819
-0.962963 0.00451791
-0.957476 0.000829819
-1.01235 1.88168e-06
-0.96845 9.22021e-05
-1.02881 0.00180829
-1.0727 0.00528563
-0.891632 0.0142424
-0.930041 0.0111565
-0.864198 0.00746837
-0.869684 0.00700172
-0.809328 0.0231841
-0.941015 0.031313
-0.984911 0.0342936
-0.979424 0.0284679
-0.957476 0.0223562
-0.995885 0.0550221
-1.18793 0.058951
-1.1989 0.10929
-1.14952 0.140239
-1.05624 0.13616
-1.15501 0.116666
-1.05075 0.0886063
-1.09465 0.0902471
-1.1166 0.0700906
-1.11111 0.091903
-1.05624 0.0745163
-1.15501 0.0790775
-1.21536 0.0512286
-1.15501 0.0384784
-1.0727 0.0257583
-1.03978 0.0440482
-1.11111 0.0475707
-1.08916 0.0487749
-1.08916 0.073026
-1.00137 0.0576263
-1.02332 0.0231841
-1.12209 0.019195
-1.03429 0.0123457
-1.00686 0.00158249
-0.995885 0.00137174
-1.1166 0.00569207
-1.03978 0.00158249
-1.06173 0.00180829
-1.06722 0.00117605
-1.02881 0.000679285
-1.08916 0.000543804
-1.04527 0.000995407
-1.08368 0.00655012
-1.16049 0.0215433
-1.03978 0.0248852
-1.09465 0.0406611
-1.0727 0.0284679
-1.05624 0.0123457
-1.02881 0.00286203
-1.1166 0.0142424
-1.06722 0.00746837
-1.02881 0.0031631
-0.924554 0.0111565
-0.979424 0.00746837
-0.891632 0.00204915
-0.930041 0.000318003
-0.902606 0.000318003
-0.91358 0.000152416
-0.902606 0.0031631
-0.930041 0.00844685
-0.847737 0.000679285
-0.864198 0.00381039
-0.902606 0.00795008
-0.908093 0.0155822
-0.946502 0.033285
-0.941015 0.0374096
-0.880658 0.0363559
-0.91358 0.0223562
-1.01783 0.033285
-1.00686 0.0353172
-0.984911 0.0353172
-0.984911 0.0406611
-1.04527 0.0406611
-0.990398 0.0303496
-1.04527 0.0155822
-1.07819 0.0303496
-0.984911 0.00655012
-1.06722 0.00230505
-1.05075 0.00569207
-1.01235 0.00117605
-1.00686 0.00795008
-0.897119 0.00700172
-0.946502 0.0105844
-0.995885 0.00746837
-1.0727 0.00489424
-1.00137 4.70419e-05
-1.03429 0.000423377
-0.957476 0.00257602
-0.908093 0.00117605
-0.979424 0.000995407
-0.930041 0.00117605
-1.01783 0.0031631
-1.03429 0.000543804
-0.984911 0.000995407
-1.05075 0.00180829
-1.08916 0.000152416
-1.16049 0.00180829
-1.12209 0.0100275
-1.13855 0.00844685
-1.17695 0.019195
-1.10562 0.0129629
-1.1166 0.0184423
-1.10562 0.0303496
-0.984911 0.0275496
-1.03429 0.0117435
-1.09465 0.00795008
-0.951989 0.00415662
-0.924554 0.00948553
-0.946502 0.0149048
-0.990398 0.00895866
-1.05075 0.00451791
-1.03978 0.0111565
-1.10562 0.0207455
-1.08916 0.0322914
-1.05075 0.0487749
-0.935528 0.0630155
-1.05075 0.112948
-1.00137 0.0686454
-1.03429 0.0630155
-1.07819 0.0512286
-0.990398 0.0452073
-0.995885 0.0452073
-1.01235 0.0576263
-1.03978 0.080628
-1.01783 0.098677
-1.01235 0.0902471
-0.919067 0.0935739
-1.06173 0.126225
-0.962963 0.0837741
-1.1166 0.0672154
-1.0727 0.0745163
-1.05624 0.0745163
-1.06173 0.0760216
-1.02332 0.0463814
-1.05075 0.0100275
-1.11111 0.0184423
-1.01783 0.00230505
-0.979424 1.88168e-06
-0.96845 9.22021e-05
-0.941015 0.00158249
-0.919067 9.22021e-05
-0.951989 9.22021e-05
-1.04527 1.88168e-06
-1.00137 0.00204915
-0.96845 9.22021e-05
-0.984911 0.00286203
-0.930041 0.00204915
-1.02881 0.000543804
-0.957476 0.00347922
-0.902606 0.00700172
-0.858711 0.00230505
-0.995885 0.0135951
-0.96845 0.0199627
-0.941015 0.0342936
-0.946502 0.0440482
-0.930041 0.0512286
-1.01783 0.0499943
-0.941015 0.0550221
-1.04527 0.0463814
-0.951989 0.0353172
-1.03978 0.0284679
-1.05075 0.0257583
-0.973937 0.0342936
-0.979424 0.0550221
-1.05075 0.0760216
-0.962963 0.0524781
-0.984911 0.0902471
-0.902606 0.0935739
-0.984911 0.120444
-1.02332 0.152839
-1.06722 0.118547
-1.00137 0.077542
-1.03978 0.0440482
-1.1166 0.0686454
-1.08368 0.114799
-1.16598 0.0935739
-1.12209 0.0837741
-1.11111 0.0686454
-1.08916 0.10929
-1.01783 0.0969609
-1.02881 0.0821935
-1.02332 0.116666
-0.96845 0.168224
-1.02332 0.189088
-0.984911 0.191481
-0.941015 0.157159
-1.00137 0.0902471
-1.10014 0.144379
-1.01783 0.118547
-1.01783 0.0935739
-0.941015 0.080628
-0.880658 0.0550221
-1.00686 0.0853698
-1.03429 0.122356
-0.995885 0.105692
-1.0727 0.159342
-1.02332 0.150702
-1.07819 0.159342
-1.03978 0.159342
-1.03978 0.198752
-1.02881 0.168224
-0.946502 0.148579
-1.0727 0.144379
-1.06722 0.0869805
-1.05075 0.0374096
-1.08368 0.0700906
-1.14952 0.0487749
-1.08368 0.0417751
-1.1166 0.0353172
-1.05624 0.0353172
-1.05624 0.0487749
-0.973937 0.0512286
-0.973937 0.0463814
-1.02881 0.0700906
-0.984911 0.0303496
-0.96845 0.0294012
-0.886145 0.0123457
-0.831276 0.000423377
-0.930041 0.000318003
-1.02881 0.000423377
-1.01783 0.00844685
-0.979424 0.00381039
-1.00137 0.00569207
-1.02881 0.00528563
-0.995885 0.000829819
-1.06173 0.00286203
-1.08916 9.22021e-05
-1.00137 0.000829819
-1.06173 0.000829819
-1.05075 9.22021e-05
-1.00686 0.00137174
-1.05624 0.00611357
-1.08916 0.0123457
-1.08368 0.00230505
-1.06722 0.00746837
-1.1166 0.0223562
-1.0727 0.0463814
-1.02881 0.0475707
-1.06173 0.0658003
-1.02881 0.073026
-1.01235 0.0935739
-1.16049 0.0790775
-1.05075 0.058951
-1.06173 0.0440482
-0.995885 0.0576263
-1.06173 0.0630155
-1.07819 0.0616456
-1.14952 0.0499943
-1.1166 0.0602908
-1.1166 0.058951
-1.0727 0.0440482
-1.06722 0.0275496
-1.06173 0.0135951
-1.0727 0.000679285
-1.10562 0.00158249
-1.1989 0.000543804
-1.23182 0.00158249
-1.18244 0.00117605
-1.16598 9.22021e-05
-1.13306 0.00117605
-1.06173 0.0149048
-1.16049 0.031313
-1.03429 0.0199627
-1.12757 0.00895866
-1.01235 0.00415662
-1.02881 0.00204915
-1.1166 0.00257602
-1.10562 0.00415662
-0.902606 0.000679285
-0.990398 0.00700172
-0.908093 0.00489424
-0.919067 0.000995407
-0.924554 0.000227683
-0.902606 0.00451791
-0.902606 0.0135951
-0.973937 0.00569207
-0.979424 0.000679285
-0.995885 4.70419e-05
-0.935528 0.00117605
-1.01783 0.00158249
-0.951989 0.0123457
-0.995885 0.00895866
-0.990398 0.0162746
-0.935528 0.0199627
-1.01783 0.00844685
-1.02332 0.00948553
-0.946502 0.00795008
-1.01783 0.00746837
-0.973937 0.00286203
-0.990398 0.0135951
-0.990398 0.019195
-0.984911 0.0363559
-1.03978 0.0177047
-0.979424 0.00795008
-1.02332 0.00204915
-0.984911 0.00895866
-0.847737 0.00286203
-0.869684 0.00381039
-1.02332 0.00895866
-1.08916 0.0169821
-1.00137 0.00948553
-0.935528 0.00948553
-0.962963 0.00451791
-0.995885 0.00528563
-0.995885 0.0111565
-0.951989 0.0129629
-0.880658 0.0149048
-0.91358 0.0342936
-0.880658 0.019195
-0.908093 0.031313
-0.897119 0.033285
-0.951989 0.0395622
-0.897119 0.0248852
-0.820302 0.00895866
-0.84225 0.019195
-0.935528 0.031313
-0.984911 0.0576263
-0.979424 0.0952599
-0.919067 0.080628
-0.962963 0.116666
-0.962963 0.0886063
-1.01235 0.098677
-0.924554 0.080628
-0.951989 0.0715507
-0.979424 0.0616456
-0.951989 0.0658003
-0.930041 0.0395622
-0.990398 0.033285
-1.01783 0.019195
-1.07819 0.00158249
-0.990398 0.000679285
-0.935528 0.000995407
-0.995885 0.000679285
-1.00686 9.22021e-05
-0.973937 0.00451791
-0.984911 0.000679285
-1.05624 0.00489424
-1.04527 0.000543804
-1.06722 0.00180829
-1.09465 0.00257602
-0.946502 0.00451791
-0.990398 0.0342936
-0.995885 0.0452073
-1.05075 0.0487749
-0.957476 0.0499943
-1.04527 0.0658003
-1.04527 0.073026
-1.10562 0.0886063
-1.14403 0.0715507
-1.01235 0.0524781
-1.05075 0.0475707
-0.919067 0.0322914
-1.10562 0.0602908
-0.96845 0.0322914
-0.973937 0.0294012
-1.07819 0.0275496
-0.990398 0.0215433
-0.979424 0.0284679
-0.919067 0.0487749
-0.941015 0.0902471
-0.979424 0.181998
-1.05075 0.245222
-1.08368 0.234474
-1.05075 0.208657
-1.12757 0.208657
-1.07819 0.196313
-1.22085 0.250686
-1.18244 0.314769
-1.23182 0.362639
-1.31413 0.442617
-1.25926 0.417433
-1.30316 0.410373
-1.19342 0.324072
-1.23731 0.317855
-1.22634 0.320956
-1.28669 0.349542
-1.23182 0.284737
-1.14952 0.270286
-1.06173 0.22919
-1.10014 0.237138
-0.984911 0.144379
-1.04527 0.203675
-1.22085 0.221377
-1.21536 0.253441
-1.15501 0.250686
-1.10014 0.211171
-1.06722 0.154992
-1.02881 0.163753
-0.995885 0.112948
-0.886145 0.0700906
-0.91358 0.122356
-1.02332 0.159342
-1.12757 0.168224
-1.07819 0.198752
-1.18244 0.2137
-1.23731 0.189088
-1.1166 0.142302
-1.10014 0.146472
-1.05075 0.124283
-0.973937 0.098677
-0.990398 0.080628
-1.07819 0.077542
-1.06173 0.10929
-1.04527 0.126225
-1.08368 0.13616
-1.10014 0.181998
-1.16049 0.170482
-1.20439 0.184346
-1.22634 0.258996
-1.23182 0.273146
-1.16598 0.330349
-1.27572 0.339878
-1.27023 0.372619
-1.16049 0.336686
-1.14952 0.250686
-1.13306 0.198752
-1.10562 0.239818
-1.05624 0.208657
-1.05075 0.186709
-1.16049 0.201206
-1.18793 0.218803
-1.18244 0.189088
-1.10014 0.198752
-1.13306 0.168224
-0.995885 0.148579
-1.01783 0.126225
-1.06173 0.105692
-1.13306 0.098677
-0.973937 0.0715507
-1.03978 0.0821935
-1.05075 0.0886063
-1.05075 0.0537426
-0.924554 0.0294012
-0.984911 0.00844685
-1.00137 0.000995407
-1.01235 0.00180829
-1.0727 0.000227683
-0.979424 0.00451791
-1.05624 0.0117435
-1.05624 0.031313
-1.13306 0.0429041
-1.05075 0.0231841
-0.984911 0.0123457
-0.973937 0.00895866
-1.05075 0.000423377
-0.957476 1.69351e-05
-1.05624 0.00137174
-1.05075 0.000227683
-1.08368 0.0031631
-1.12209 0.0149048
-1.14952 0.00528563
-1.04527 0.0135951
-1.00137 0.0169821
-1.04527 0.0395622
-1.09465 0.0550221
-1.10014 0.073026
-1.03429 0.0902471
-1.01783 0.0952599
-1.11111 0.148579
-1.09465 0.159342
-1.00137 0.122356
-1.00686 0.0700906
-1.03978 0.077542
-0.951989 0.0869805
-0.908093 0.0644004
-0.941015 0.111111
-0.930041 0.073026
-1.03429 0.114799
-1.01783 0.150702
-1.03978 0.165981
-1.00137 0.157159
-1.00686 0.0952599
-0.886145 0.0969609
-0.941015 0.0886063
-1.0727 0.10929
-1.02332 0.0745163
-1.06722 0.0452073
-1.01783 0.0440482
-1.06173 0.0395622
-1.01783 0.0463814
-1.00686 0.0463814
-1.10562 0.0440482
-1.05075 0.0199627
-1.05075 0.0231841
-1.05075 0.0215433
-1.10562 0.0155822
-1.05075 0.0303496
-1.12757 0.0353172
-1.03429 0.0563167
-1.06173 0.0395622
-1.03429 0.0322914
-0.990398 0.0429041
-1.03429 0.0821935
-1.10014 0.0576263
-1.02881 0.0524781
-1.10014 0.091903
-1.10562 0.0576263
-1.13855 0.0429041
-1.03978 0.0303496
-0.990398 0.0512286
-0.984911 0.0342936
-0.875171 0.0487749
-0.973937 0.0869805
-0.924554 0.0563167
-0.941015 0.0837741
-0.951989 0.105692
-0.919067 0.105692
-0.858711 0.0512286
-0.930041 0.0563167
-1.01783 0.080628
-1.06173 0.077542
-0.973937 0.098677
-0.962963 0.0952599
-0.990398 0.0902471
-0.957476 0.100408
-0.941015 0.118547
-1.02332 0.10929
-0.979424 0.0902471
-1.02881 0.154992
-1.10014 0.203675
-1.06722 0.196313
-0.979424 0.13616
-0.962963 0.118547
-1.01235 0.077542
-0.853224 0.0672154
-0.930041 0.0630155
-0.886145 0.0644004
-0.919067 0.0869805
-0.962963 0.0602908
-0.962963 0.0644004
-0.951989 0.0821935
-0.869684 0.0902471
-0.951989 0.10929
-0.908093 0.0952599
-0.962963 0.098677
-1.01783 0.157159
-1.03978 0.159342
-1.05075 0.128182
-1.02881 0.0686454
-1.00137 0.080628
-1.0727 0.073026
-1.06173 0.058951
-0.951989 0.0363559
-0.941015 0.0223562
-0.979424 0.0123457
-0.979424 0.0105844
-0.995885 0.0129629
-1.02881 0.00844685
-0.990398 0.00415662
-1.00686 1.88168e-06
-1.02332 0.000995407
-0.96845 0.000318003
-1.03429 0.00569207
-1.01783 0.00204915
-0.902606 0.000152416
-0.973937 0.000152416
-1.01783 0.00230505
-1.07819 0.00415662
-1.05075 0.00381039
-1.03978 1.69351e-05
-0.990398 0.000995407
-0.941015 0.000543804
-0.935528 1.69351e-05
-0.891632 0.00451791
-0.809328 0.00381039
-0.930041 0.00381039
-0.902606 0.00844685
-0.995885 0.0129629
-0.962963 0.00746837
-0.946502 0.00611357
-0.886145 1.69351e-05
-0.946502 0.000423377
-1.00137 0.00158249
-1.00137 4.70419e-05
-0.957476 1.88168e-06
-0.924554 0.00180829
-0.962963 0.000152416
-1.00137 0.00611357
-0.96845 0.00795008
-1.04527 0.0149048
-1.14403 0.00528563
-1.08368 0.000679285
-1.1166 1.88168e-06
-0.995885 1.69351e-05
-1.00686 0.0135951
-0.951989 0.00844685
-0.902606 0.0184423
-1.00686 0.00415662
-1.01235 0.0135951
-0.995885 0.00948553
-1.07819 0.00381039
-1.07819 0.000227683
-0.990398 0.000152416
-0.990398 9.22021e-05
-1.00686 0.000423377
-1.00686 0.000152416
-0.908093 0.0031631
-0.995885 1.88168e-06
-1.03429 0.000227683
-1.0727 0.000318003
-1.01783 0.000995407
-1.02332 0.0031631
-1.10562 0.0117435
-1.05075 0.00948553
-0.995885 0.000679285
-1.08368 0.00204915
-1.12209 0.0135951
-0.995885 0.00158249
-0.973937 0.000318003
-0.96845 0.000152416
-1.01235 0.00137174
-1.08368 0.000543804
-1.05624 0.00655012
-1.10014 0.0395622
-1.09465 0.0672154
-1.15501 0.0902471
-1.10562 0.0700906
-0.979424 0.058951
-1.00686 0.058951
-1.03978 0.0512286
-0.984911 0.0149048
-0.995885 0.00611357
-0.96845 0.00204915
-0.930041 0.00180829
-0.973937 0.00381039
-1.04527 0.00137174
-1.05075 0.000995407
-0.897119 0.0117435
-0.902606 0.031313
-1.00686 0.0406611
-0.935528 0.0275496
-0.951989 0.00528563
-1.02332 0.0169821
-1.0727 0.0384784
-1.15501 0.0487749
-1.18793 0.0374096
-1.05075 0.0177047
-1.07819 0.0199627
-0.979424 0.0142424
-1.03978 0.0149048
-0.908093 0.00117605
-1.01783 0.00230505
-1.04527 0.000423377
-1.03429 0.00158249
-0.995885 0.0105844
-1.03429 0.00948553
-1.04527 0.00489424
-1.02332 0.00451791
-1.01783 9.22021e-05
-1.02332 0.000152416
-1.08916 0.00257602
-1.14403 0.00204915
-1.0727 0.000318003
-0.995885 1.69351e-05
-1.00686 0.000318003
-1.05624 0.0100275
-1.04527 0.0155822
-1.01783 0.00895866
-1.01783 0.00381039
-0.853224 0.00381039
-0.935528 0.00257602
-1.06173 0.0284679
-1.00686 0.0248852
-1.03978 0.00948553
-1.04527 0.00451791
-1.02881 0.00158249
-1.04527 0.00230505
-0.96845 0.00117605
-1.03429 0.000152416
-1.03429 0.000227683
-0.995885 0.000227683
-0.957476 0.000543804
-1.02332 0.000829819
-0.91358 0.00746837
-0.853224 0.00137174
-0.96845 0.000423377
-0.897119 0.000423377
-0.880658 0.00158249
-0.924554 0.000227683
-0.886145 0.000318003
-0.919067 0.00381039
-0.962963 0.00415662
-0.984911 1.88168e-06
-0.962963 0.00415662
-1.00137 0.00655012
-0.919067 0.00528563
-0.880658 0.000995407
-0.995885 0.000227683
-0.897119 0.00795008
-0.946502 1.88168e-06
-0.946502 0.00257602
-0.930041 0.00347922
-0.995885 0.0111565
-0.979424 0.0223562
-0.96845 0.00569207
-0.946502 0.00158249
-0.935528 0.000423377
-0.91358 0.000995407
-0.91358 0.0117435
-0.902606 0.00286203
-0.924554 4.70419e-05
-0.930041 0.00528563
-0.995885 0.00611357
-1.02881 0.019195
-0.962963 0.00700172
-0.924554 0.0440482
-0.886145 0.0207455
-0.919067 0.0429041
-1.02881 0.0248852
-0.924554 0.00489424
-0.973937 0.00746837
-1.00137 0.0031631
-1.02881 0.0135951
-0.995885 0.00611357
-0.962963 0.00528563
-1.00686 0.0149048
-0.957476 0.0142424
-1.08368 0.0155822
-0.941015 0.0142424
-0.96845 0.00948553
-0.891632 0.0123457
-1.01783 0.00569207
-0.984911 0.0100275
-0.91358 0.0123457
-1.02881 0.0384784
-1.0727 0.0363559
-1.04527 0.0284679
-1.06173 0.0322914
-1.02881 0.0223562
-1.04527 0.0384784
-1.03429 0.0384784
-0.990398 0.0207455
-0.973937 0.0395622
-1.00137 0.0169821
-1.05075 0.0155822
-1.12209 0.0429041
-1.01235 0.0266464
-1.00686 0.0117435
-1.01235 0.0322914
-1.08916 0.0363559
-1.06173 0.0184423
-0.941015 0.0215433
-0.902606 0.0284679
-0.886145 0.0384784
-0.847737 0.0240271
-0.946502 0.0149048
-0.886145 0.0223562
-0.935528 0.00137174
-0.886145 0.00611357
-0.891632 0.00569207
-0.935528 0.00489424
-0.908093 0.0100275
-0.962963 0.0117435
-0.935528 0.0129629
-0.951989 0.0215433
-0.891632 0.0303496
-0.951989 0.019195
-1.01235 0.00415662
-0.902606 1.88168e-06
-0.897119 0.00158249
-0.935528 0.000995407
-0.935528 0.00230505
-0.957476 0.000543804
-0.930041 0.000227683
-0.979424 0.00230505
-0.990398 0.000829819
-0.908093 0.000543804
-0.979424 1.69351e-05
-1.06722 0.000543804
-1.01235 0.00180829
-0.990398 0.0129629
-0.973937 0.00948553
-0.962963 0.00286203
-0.946502 0.0123457
-0.908093 0.0142424
-0.946502 0.0177047
-0.951989 0.0129629
-0.847737 0.0105844
-0.924554 0.00795008
-0.995885 0.00795008
-0.984911 0.00795008
-0.96845 0.00451791
-1.03429 0.0303496
-1.05075 0.0524781
-0.924554 0.0452073
-1.03978 0.0303496
-1.02881 0.0475707
-1.01783 0.0644004
-1.05624 0.0452073
-1.11111 0.0644004
-1.13306 0.0395622
-1.06173 0.0487749
-1.16049 0.0363559
-1.10562 0.033285
-1.03978 0.0266464
-1.05624 0.0353172
-1.02881 0.0463814
-1.01783 0.0240271
-0.864198 0.0123457
-1.02881 0.0149048
-1.10014 0.00895866
-1.05624 0.0123457
-1.02332 0.00844685
-1.04527 0.000543804
-1.05624 0.00204915
-1.13306 0.000423377
-1.13306 4.70419e-05
-1.19342 0.000679285
-1.1989 0.00569207
-1.18244 0.00700172
-1.14403 0.0031631
-1.14952 0.00347922
-1.08916 0.000318003
-1.06722 1.69351e-05
-1.04527 0.00230505
-1.04527 0.00158249
-1.05075 0.00381039
-0.908093 0.0105844
-0.951989 0.00746837
-0.984911 0.00795008
-0.951989 0.00844685
-0.984911 0.0284679
-1.05624 0.0353172
-1.06722 0.058951
-0.990398 0.0672154
-0.957476 0.0837741
-0.984911 0.0686454
-1.01235 0.0644004
-0.962963 0.0284679
-1.05624 0.031313
-1.02332 0.00451791
-0.946502 0.000829819
-0.96845 0.000318003
-0.973937 0.000423377
-0.919067 0.000318003
-1.00686 0.0031631
-0.930041 0.00895866
-0.930041 0.019195
-1.05624 0.0266464
-1.03429 0.0177047
-1.01783 0.00489424
-0.946502 0.00746837
-1.01235 0.00611357
-0.962963 0.0162746
-1.00686 0.00347922
-1.12757 1.88168e-06
-1.06722 0.00489424
-1.18793 0.0257583
-1.12209 0.0142424
-1.15501 0.0111565
-1.14952 0.00746837
-1.22085 0.00746837
-1.08916 0.0123457
-1.06722 0.0223562
-0.995885 0.00451791
-1.09465 0.00137174
-1.04527 0.00611357
-0.979424 0.0257583
-0.941015 0.0129629
-0.946502 0.0294012
-0.973937 0.0353172
-1.00686 0.0395622
-1.01783 0.0162746
-0.798354 0.019195
-1.06173 0.0275496
-1.03978 0.00948553
-0.962963 1.88168e-06
-0.962963 0.000543804
-1.03429 0.00158249
-1.02881 0.000829819
-0.979424 9.22021e-05
-1.07819 9.22021e-05
-1.0727 0.00137174
-1.00137 1.88168e-06
-1.0727 0.000423377
-1.00686 1.69351e-05
-0.908093 0.000995407
-0.957476 9.22021e-05
-0.897119 0.00230505
-0.91358 0.0031631
-0.935528 0.000318003
-0.941015 0.000995407
-0.908093 0.00700172
-0.886145 4.70419e-05
-0.891632 0.00415662
-0.962963 0.0117435
-0.880658 0.0240271
-0.908093 0.0155822
-0.946502 0.0417751
-0.869684 0.00948553
-0.930041 0.0199627
-1.02332 0.0111565
-1.13855 0.0142424
-0.96845 0.00117605
-0.973937 0.000679285
-1.02881 4.70419e-05
-1.0727 0.000995407
-1.00686 0.00286203
-1.03429 0.0135951
-0.941015 0.0149048
-0.941015 0.0240271
-0.847737 0.0240271
-0.946502 0.0231841
-0.979424 0.0149048
-0.957476 0.0384784
-0.951989 0.0452073
-0.957476 0.0745163
-0.935528 0.100408
-0.979424 0.102154
-0.990398 0.080628
-1.01783 0.077542
-1.01783 0.0616456
-0.946502 0.0303496
-0.930041 0.0417751
-0.91358 0.0406611
-0.930041 0.019195
-0.891632 0.0384784
-0.886145 0.0524781
-0.853224 0.0303496
-0.880658 0.033285
-0.941015 0.0384784
-0.962963 0.0463814
-0.962963 0.0869805
-0.902606 0.077542
-0.930041 0.0821935
-1.03978 0.0886063
-1.10562 0.100408
-0.951989 0.073026
-0.979424 0.0429041
-0.995885 0.0266464
-1.01783 0.0257583
-1.02881 0.0499943
-1.01783 0.0563167
-1.02881 0.0537426
-0.990398 0.0429041
-1.01783 0.0429041
-0.973937 0.0537426
-0.96845 0.0563167
-0.941015 0.080628
-1.08916 0.098677
-1.00686 0.0837741
-0.984911 0.073026
-0.979424 0.0512286
-0.930041 0.0576263
-0.919067 0.0886063
-0.875171 0.0935739
-0.979424 0.0886063
-0.957476 0.105692
-1.02881 0.138192
-1.05624 0.100408
-1.01783 0.0616456
-0.995885 0.0616456
-1.04527 0.0223562
-1.03978 0.0117435
-0.984911 0.0105844
-1.02332 0.0363559
-1.03978 0.0576263
-1.07819 0.0837741
-1.02332 0.0342936
-1.06173 0.0199627
-1.03978 0.0240271
-0.897119 0.0117435
-0.973937 0.0342936
-0.984911 0.0563167
-1.03978 0.0524781
-1.08916 0.0452073
-1.06722 0.0406611
-0.962963 0.0223562
-1.00137 0.0169821
-1.01235 0.0207455
-1.02881 0.0429041
-1.01783 0.0440482
-0.951989 0.0155822
-0.930041 0.0177047
-1.01783 0.0169821
-0.995885 0.0248852
-1.04527 0.0374096
-1.00137 0.0429041
-0.908093 0.0215433
-1.03429 0.0294012
-1.01783 0.0248852
-1.01235 0.0155822
-1.10014 0.00700172
-1.05624 0.00569207
-1.07819 0.00137174
-1.09465 0.00528563
-1.05075 0.00844685
-1.02332 0.000423377
-0.984911 1.88168e-06
-0.946502 1.88168e-06
-1.01235 0.000423377
-0.935528 0.000423377
-0.886145 0.0100275
-0.919067 0.0100275
-0.897119 0.0100275
-0.825789 0.00117605
-1.02881 0.00700172
-0.946502 0.00204915
-0.902606 0.000543804
-0.935528 0.000543804
-1.02881 0.000829819
-1.03429 0.000543804
-1.04527 0.000318003
-0.979424 0.00137174
-0.924554 4.70419e-05
-0.96845 0.00204915
-0.973937 0.00415662
-0.995885 0.0169821
-0.979424 0.0294012
-1.00686 0.0487749
-0.973937 0.0406611
-0.935528 0.0284679
-0.946502 0.0537426
-0.902606 0.0686454
-0.951989 0.0576263
-1.01235 0.058951
-1.09465 0.0576263
-0.990398 0.031313
-0.990398 0.0322914
-0.990398 0.0199627
-1.08368 0.0207455
-1.05075 0.0353172
-0.990398 0.0322914
-0.935528 0.033285
-1.00137 0.0384784
-0.941015 0.0231841
-0.995885 0.0342936
-0.946502 0.0524781
-1.00686 0.0342936
-1.01783 0.0215433
-1.02881 0.019195
-0.984911 0.0162746
-1.02332 0.00948553
-1.08368 0.00489424
-1.06722 0.00844685
-1.12757 0.00286203
-1.13306 0.00489424
-1.16049 0.00489424
-1.11111 0.0155822
-0.995885 0.0105844
-1.01783 0.0123457
-1.07819 0.0111565
-1.14403 0.0303496
-1.10562 0.0100275
-1.04527 0.0123457
-1.01783 0.00844685
-1.09465 0.00746837
-1.12757 0.00655012
-1.10562 0.00451791
-1.06722 0.0129629
-1.13855 0.00611357
-1.1166 0.0117435
-1.02332 0.0177047
-1.07819 0.00451791
-0.919067 0.00844685
-0.979424 0.019195
-0.984911 0.0440482
-1.00686 0.0475707
-0.973937 0.0630155
-1.05624 0.128182
-1.09465 0.126225
-1.09465 0.105692
-1.10562 0.0869805
-1.0727 0.080628
-1.10014 0.122356
-1.01235 0.128182
-0.924554 0.16154
-1.05624 0.165981
-1.09465 0.159342
-1.14952 0.179664
-1.13306 0.181998
-1.19342 0.208657
-1.17147 0.223967
-1.27023 0.198752
-1.25926 0.16154
-1.18244 0.120444
-1.11111 0.111111
-1.12209 0.118547
-1.12757 0.130154
-1.08916 0.0886063
-1.23182 0.073026
-1.16598 0.0417751
-1.12209 0.0499943
-1.03429 0.0100275
-0.995885 0.0162746
-1.01783 0.0240271
-1.04527 0.0602908
-1.00137 0.0672154
-1.1166 0.0644004
-1.04527 0.0745163
-1.07819 0.0563167
-1.09465 0.0658003
-1.04527 0.0969609
-0.984911 0.0935739
-1.13306 0.148579
-1.13855 0.163753
-1.06173 0.112948
-1.15501 0.165981
-0.941015 0.0790775
-0.990398 0.0790775
-1.03429 0.0745163
-0.984911 0.0616456
-1.02881 0.033285
-1.00137 0.0322914
-0.957476 0.0384784
-1.04527 0.0463814
-1.02881 0.0223562
-1.03429 0.0257583
-0.96845 0.0275496
-0.935528 0.00655012
-0.919067 0.000995407
-0.973937 0.00204915
-0.941015 0.0111565
-0.973937 0.00451791
-0.984911 0.0142424
-1.04527 0.00257602
-1.01783 0.000227683
-1.06173 4.70419e-05
-1.07819 0.000543804
-1.22634 1.69351e-05
-1.1166 0.00137174
-1.12209 0.00158249
-1.10562 0.0111565
-1.05075 0.00611357
-0.990398 0.00137174
-0.962963 1.88168e-06
-1.01783 1.69351e-05
-1.06722 0.00347922
-1.05624 0.000543804
-1.14952 0.000995407
-1.20988 0.00137174
-1.00137 0.000227683
-0.809328 0.000318003
-0.979424 0.00257602
-1.02332 0.0162746
-1.08368 0.00895866
-1.08368 0.0117435
-1.00137 0.00948553
-0.941015 0.0142424
-1.06173 0.0149048
-1.01783 0.0223562
-1.1166 0.0475707
-1.06173 0.0353172
-1.02332 0.0207455
-0.935528 0.0266464
-0.935528 0.033285
-0.951989 0.0155822
-0.96845 0.0184423
-0.930041 0.0117435
-1.02332 0.00844685
-1.01783 0.00347922
-1.10562 0.00257602
-0.979424 0.00415662
-1.05624 0.00415662
-1.00686 0.00844685
-1.05075 0.0105844
-1.01235 0.0111565
-1.03429 0.00746837
-1.09465 0.00415662
-1.00686 0.0031631
-1.04527 0.00230505
-1.05624 0.00746837
-1.06722 0.00795008
-1.11111 0.0129629
-1.13306 0.0374096
-1.07819 0.0207455
-1.10014 0.0223562
-1.06722 0.0294012
-1.04527 0.0374096
-0.957476 0.0384784
-1.00137 0.0275496
-0.979424 0.0487749
-0.919067 0.0353172
-0.979424 0.0177047
-1.01783 0.00895866
-0.995885 0.00844685
-0.984911 0.0123457
-1.10562 0.0100275
-1.05624 0.0142424
-1.06173 0.00180829
-0.990398 4.70419e-05
-0.941015 0.000543804
-1.03429 0.000318003
-0.957476 0.000152416
-0.951989 0.00137174
-1.00137 0.00286203
-1.10562 0.000318003
-1.14403 0.00117605
-1.13855 0.000829819
-1.14403 0.00257602
-1.22634 0.00230505
-1.13855 0.00204915
-1.13855 0.00257602
-1.15501 4.70419e-05
-1.12209 0.000318003
-1.02881 0.000423377
-1.04527 9.22021e-05
-1.0727 0.0105844
-1.01783 0.0184423
-1.01783 0.00381039
-1.17695 4.70419e-05
-1.12209 0.000679285
-1.12757 0.0111565
-1.13306 0.00795008
-0.990398 0.0031631
-1.01235 0.00528563
-0.875171 0.000829819
-0.951989 0.00286203
-0.941015 0.00158249
-0.935528 0.000423377
-0.962963 0.000423377
-0.973937 0.00415662
-0.902606 0.00655012
-0.957476 0.00180829
-0.962963 0.00528563
-1.06173 0.00655012
-1.10014 0.00489424
-1.01783 0.00569207
-1.05075 0.0117435
-1.1166 0.0129629
-1.03429 0.0215433
-0.951989 0.0129629
-0.886145 0.0184423
-1.01235 0.0223562
-0.880658 0.0223562
-0.91358 0.0155822
-0.96845 0.00844685
-0.924554 0.0117435
-0.858711 0.0105844
-0.91358 0.0257583
-1.06722 0.0117435
-1.12757 0.0123457
-1.1166 0.000543804
-0.941015 9.22021e-05
-0.935528 1.69351e-05
-0.897119 0.00347922
-0.919067 1.88168e-06
-0.897119 1.69351e-05
-0.930041 0.000423377
-0.919067 0.000152416
-0.864198 4.70419e-05
-0.91358 0.00257602
-0.858711 0.00117605
-0.96845 0.000227683
-0.946502 0.00230505
-0.930041 0.000318003
-1.04527 0.000227683
-1.10562 0.000318003
-1.05075 0.00180829
-1.01783 0.00158249
-0.951989 0.00257602
-1.00137 0.000995407
-1.03978 0.0031631
-1.00137 0.00204915
-0.957476 0.00347922
-0.979424 1.88168e-06
-1.01235 0.00117605
-1.01235 0.000152416
-1.01235 0.000543804
-0.962963 0.00117605
-1.02332 0.00137174
-1.13855 1.88168e-06
-1.11111 0.0031631
-1.10014 0.00230505
-1.12209 0.00746837
-1.1166 0.0162746
-1.12209 0.00204915
-1.20439 0.00158249
-1.17147 0.00137174
-1.10562 0.0100275
-1.04527 0.0135951
-0.957476 0.0135951
-1.02332 0.00381039
-0.957476 0.00180829
-0.984911 0.000152416
-1.01783 0.000829819
-1.02881 9.22021e-05
-1.10014 0.000679285
-1.08368 0.000423377
-1.06722 0.00158249
-0.962963 0.000679285
-1.00137 0.00117605
-0.990398 0.00895866
-1.08368 0.00528563
-1.10014 0.0129629
-1.05624 0.00700172
-1.10014 9.22021e-05
-1.04527 1.88168e-06
-1.02332 0.00158249
-1.00137 0.0240271
-1.01235 0.0105844
-0.957476 0.00204915
-0.924554 0.000829819
-0.875171 9.22021e-05
-0.886145 0.000227683
-0.908093 1.69351e-05
-0.84225 0.00158249
-0.919067 0.00655012
-0.891632 0.000543804
-0.96845 1.69351e-05
-1.02881 0.00137174
-0.957476 0.00180829
-1.00686 4.70419e-05
-1.00686 1.69351e-05
-0.995885 0.00528563
-0.91358 0.00489424
-0.798354 0.00180829
-0.853224 0.00137174
-0.875171 0.00257602
-0.941015 0.00381039
-0.962963 0.000423377
-0.941015 0.000829819
-0.902606 0.00180829
-0.924554 0.0294012
-1.00137 0.031313
-1.01235 0.0294012
-0.96845 0.0266464
-0.96845 0.0294012
-0.891632 0.0240271
-0.957476 0.0155822
-1.03429 0.00347922
-1.16598 0.00230505
-1.10014 0.00137174
-1.13855 0.00451791
-1.1166 0.00180829
-1.03429 0.00569207
-0.96845 0.00137174
-0.880658 0.00347922
-1.00137 0.0149048
-0.990398 0.0184423
-0.962963 0.0248852
-0.902606 0.0363559
-1.03978 0.0322914
-0.957476 0.033285
-0.957476 0.0275496
-0.935528 0.0374096
-1.07819 0.0440482
-1.01235 0.0353172
-0.973937 0.0353172
-1.02881 0.0342936
-1.07819 0.0322914
-0.962963 0.0284679
-0.935528 0.0184423
-0.962963 0.0342936
-0.973937 0.0248852
-1.01783 0.0512286
-0.930041 0.0142424
-1.02332 0.00948553
-1.09465 0.019195
-0.990398 0.00746837
-0.995885 0.0111565
-0.946502 0.00180829
-0.946502 0.00137174
-0.96845 0.000995407
-0.957476 1.88168e-06
-0.957476 1.88168e-06
-0.995885 0.00204915
-1.05075 0.00611357
-0.984911 0.00137174
-1.02332 0.00286203
-1.02332 0.00230505
-1.08916 0.00347922
-1.03429 1.69351e-05
-0.924554 0.00569207
-0.847737 0.000543804
-0.924554 1.88168e-06
-0.930041 0.00489424
-0.891632 0.00158249
-0.951989 9.22021e-05
-1.00686 0.000543804
-1.00686 9.22021e-05
-1.04527 0.00137174
-1.05075 0.00795008
-0.990398 0.00415662
-1.01235 0.00746837
-0.990398 0.00655012
-0.891632 0.0257583
-0.891632 0.0231841
-1.00686 0.0169821
-0.946502 0.00895866
-1.07819 0.0395622
-0.973937 0.0177047
-0.935528 0.000152416
-0.935528 0.000829819
-1.04527 0.00795008
-0.962963 0.00451791
-0.91358 0.00489424
-0.908093 0.0031631
-0.96845 0.00158249
-0.951989 0.000152416
-0.984911 0.00257602
-0.995885 0.00117605
-0.908093 0.000423377
-0.869684 4.70419e-05
-0.91358 0.0100275
-0.858711 0.0169821
-0.957476 0.00795008
-0.973937 0.000543804
-0.930041 0.00381039
-1.00686 0.0169821
-1.02332 0.0162746
-0.935528 0.00451791
-0.935528 0.0123457
-0.96845 0.00844685
-0.951989 1.69351e-05
-0.946502 0.00528563
-0.941015 0.00746837
-0.908093 0.00795008
-0.941015 0.00204915
-0.962963 0.000995407
-0.919067 0.000423377
-1.00137 1.69351e-05
-1.06173 0.00489424
-1.13306 0.00204915
-1.09465 0.00948553
-1.07819 0.033285
-1.04527 0.033285
-1.00137 0.0499943
-1.01783 0.0487749
-0.973937 0.0576263
-1.03429 0.0303496
-0.990398 0.00569207
-0.990398 0.00347922
-0.919067 0.00137174
-0.902606 0.00700172
-0.973937 0.0111565
-0.935528 0.00230505
-0.935528 0.0248852
-0.891632 0.0257583
-0.957476 0.0275496
-0.891632 0.0248852
-0.962963 0.0294012
-1.00686 0.0512286
-0.990398 0.0715507
-1.03429 0.116666
-0.962963 0.0886063
-0.91358 0.0935739
-0.962963 0.10929
-1.00686 0.120444
-1.10562 0.130154
-1.1166 0.120444
-1.00137 0.0837741
-1.06173 0.0952599
-0.96845 0.0853698
-1.00137 0.0658003
-1.08916 0.0563167
-1.01783 0.0869805
-1.01235 0.114799
-0.990398 0.116666
-1.11111 0.0853698
-1.10562 0.0563167
-1.08916 0.0463814
-1.0727 0.0342936
-1.00686 0.0550221
-0.930041 0.0475707
-0.96845 0.0240271
-0.858711 0.0275496
-0.847737 0.0117435
-0.84225 0.0105844
-0.875171 0.031313
-0.91358 0.0512286
-0.962963 0.0537426
-1.00137 0.058951
-0.951989 0.0760216
-1.02332 0.105692
-1.02881 0.0935739
-1.00686 0.0563167
-0.973937 0.0700906
-0.941015 0.0602908
-0.941015 0.0760216
-0.930041 0.0563167
-0.979424 0.0869805
-0.995885 0.0790775
-1.03429 0.0275496
-0.990398 0.019195
-1.04527 0.019195
-1.02881 0.0257583
-1.03429 0.00655012
-1.05075 0.0135951
-1.05624 0.031313
-1.02881 0.0303496
-1.1166 0.0294012
-1.06173 0.0129629
-1.04527 0.0149048
-1.02881 0.0149048
-0.951989 0.0417751
-1.12209 0.0499943
-1.03978 0.0869805
-1.05075 0.0563167
-1.11111 0.080628
-1.08916 0.0935739
-1.14952 0.107483
-1.14952 0.073026
-1.0727 0.0240271
-1.09465 0.0257583
-1.03978 0.0248852
-1.00686 0.0284679
-0.995885 0.0353172
-0.984911 0.0630155
-1.00137 0.0353172
-1.03429 0.0440482
-0.935528 0.0322914
-1.00137 0.0417751
-0.990398 0.0715507
-1.01235 0.0475707
-1.06173 0.0760216
-1.0727 0.0644004
-0.951989 0.080628
-0.951989 0.105692
-1.00686 0.0952599
-1.05624 0.0630155
-1.10014 0.098677
-1.15501 0.132141
-1.14952 0.0886063
-1.00137 0.0700906
-1.01783 0.0275496
-1.03429 0.031313
-1.02332 0.0284679
-0.973937 0.0169821
-1.01235 0.0184423
-1.03978 0.0275496
-1.1166 0.00569207
-1.06173 0.00489424
-1.12209 0.00381039
-1.05075 0.00230505
-1.06173 0.00381039
-1.08916 0.000679285
-1.06722 0.00180829
-1.10014 0.00381039
-1.10014 0.00895866
-1.18244 0.0294012
-1.12209 0.0266464
-1.01783 0.019195
-1.02332 0.0275496
-1.0727 0.0275496
-1.03429 0.0550221
-0.990398 0.0363559
-0.941015 0.0223562
-1.06722 0.0199627
-0.990398 0.0142424
-1.00137 0.0100275
-1.03978 0.00415662
-1.02332 0.00415662
-0.897119 0.00204915
-0.891632 0.00611357
-0.973937 0.00700172
-0.930041 0.00381039
-0.930041 0.00655012
-0.91358 0.00655012
-0.946502 1.88168e-06
-0.919067 0.000679285
-0.957476 1.88168e-06
-1.03429 0.000679285
-1.09465 0.000227683
-0.96845 0.000995407
-1.00686 0.0031631
-0.957476 0.00204915
-0.951989 0.0105844
-0.880658 0.0231841
-0.908093 0.0207455
-0.919067 0.00948553
-0.858711 1.88168e-06
-0.924554 0.00180829
-0.941015 9.22021e-05
-1.00137 0.00230505
-0.995885 0.0111565
-0.990398 0.00795008
-1.07819 0.00257602
-1.07819 0.0169821
-1.03429 0.0223562
-0.951989 0.019195
-1.02881 0.0177047
-1.07819 0.0169821
-1.03429 0.00451791
-1.00686 0.0184423
-1.04527 0.0177047
-1.02332 0.0123457
-1.04527 0.00286203
-0.973937 0.000995407
-0.930041 0.00381039
-0.930041 0.000423377
-0.957476 9.22021e-05
-0.951989 1.69351e-05
-0.957476 0.000152416
-1.01783 0.00257602
-0.919067 0.00180829
-0.930041 0.00204915
-0.891632 0.000423377
-0.946502 0.000543804
-0.990398 0.00117605
-1.05075 4.70419e-05
-1.05624 0.000318003
-1.00686 0.000543804
-0.951989 0.00569207
-1.09465 0.00230505
-1.04527 0.000152416
-0.946502 0.000829819
-0.902606 0.00347922
-1.03429 0.00451791
-1.03429 0.0215433
-1.08368 0.031313
-0.908093 0.00895866
-1.00137 0.0123457
-1.00137 0.0031631
-1.00686 0.00137174
-0.962963 4.70419e-05
-0.935528 0.000679285
-0.875171 1.69351e-05
-0.814815 0.00158249
-0.880658 0.00180829
-0.96845 0.0240271
-0.957476 0.0240271
