-2 1
-1.89026 0.945883
-1.9561 0.978173
-1.85734 0.924658
-1.76955 0.86753
-1.8299 0.903673
-1.80247 0.893271
-1.88477 0.929941
-1.81893 0.898465
-1.84088 0.903673
-1.82442 0.898465
-1.80796 0.888093
-1.76406 0.86753
-1.77503 0.847208
-1.81893 0.86753
-1.81893 0.862427
-1.81893 0.872648
-1.80247 0.877781
-1.85185 0.872648
-1.79698 0.88293
-1.75309 0.832124
-1.83539 0.888093
-1.81893 0.88293
-1.84088 0.919389
-1.76955 0.877781
-1.82442 0.872648
-1.80796 0.852266
-1.81893 0.888093
-1.89575 0.93524
-1.92318 0.96196
-1.85185 0.914135
-1.81893 0.898465
-1.84088 0.898465
-1.82442 0.877781
-1.82442 0.88293
-1.84636 0.903673
-1.84088 0.914135
-1.83539 0.908897
-1.86283 0.929941
-1.83539 0.908897
-1.75857 0.86753
-1.84088 0.903673
-1.89575 0.940554
-1.91221 0.956586
-1.8738 0.924658
-1.81893 0.898465
-1.78601 0.877781
-1.81893 0.903673
-1.80247 0.893271
-1.78601 0.88293
-1.76955 0.857339
-1.86831 0.914135
-1.83539 0.908897
-1.82442 0.893271
-1.86283 0.929941
-1.88477 0.93524
-1.81893 0.888093
-1.79698 0.857339
-1.88477 0.929941
-1.78052 0.88293
-1.80796 0.888093
-1.92867 0.956586
-1.9177 0.956586
-1.87929 0.93524
-1.87929 0.924658
-1.85185 0.908897
-1.89575 0.93524
-1.83539 0.908897
-1.87929 0.93524
-1.91221 0.956586
-1.85185 0.919389
-1.81344 0.893271
-1.85734 0.919389
-1.81893 0.893271
-1.85734 0.914135
-1.82442 0.88293
-1.82442 0.888093
-1.82442 0.88293
-1.81893 0.893271
-1.81344 0.888093
-1.81893 0.898465
-1.86831 0.929941
-1.7476 0.86753
-1.77503 0.847208
-1.72016 0.807286
-1.73663 0.817176
-1.74211 0.827127
-1.73663 0.817176
-1.7915 0.862427
-1.78052 0.862427
-1.80796 0.857339
-1.7037 0.827127
-1.85185 0.924658
-1.8738 0.93524
-1.89575 0.945883
-1.85185 0.919389
-1.84088 0.914135
-1.79698 0.872648
-1.68724 0.817176
-1.7915 0.888093
-1.76406 0.872648
-1.78601 0.888093
-1.86283 0.919389
-1.79698 0.877781
-1.82442 0.903673
-1.8738 0.924658
-1.85185 0.898465
-1.85185 0.919389
-1.73663 0.852266
-1.7915 0.877781
-1.85185 0.924658
-1.78601 0.893271
-1.79698 0.86753
-1.77503 0.837137
-1.81893 0.893271
-1.8299 0.898465
-1.84636 0.919389
-1.80796 0.893271
-1.81893 0.877781
-1.78601 0.872648
-1.82442 0.888093
-1.78601 0.86753
-1.83539 0.888093
-1.79698 0.872648
-1.71468 0.812224
-1.75857 0.852266
-1.7476 0.842165
-1.71468 0.837137
-1.77503 0.86753
-1.76406 0.862427
-1.87929 0.929941
-1.8299 0.898465
-1.86831 0.929941
-1.84636 0.914135
-1.88477 0.929941
-1.91221 0.945883
-1.7915 0.86753
-1.7915 0.862427
-1.80247 0.872648
-1.86831 0.908897
-1.80247 0.88293
-1.7915 0.88293
-1.76955 0.862427
-1.87929 0.929941
-1.8738 0.929941
-1.8299 0.908897
-1.81893 0.893271
-1.86831 0.919389
-1.85734 0.919389
-1.8738 0.93524
-1.7915 0.88293
-1.80247 0.888093
-1.81893 0.903673
-1.8738 0.929941
-1.8299 0.893271
-1.76955 0.872648
-1.75857 0.86753
-1.7915 0.893271
-1.77503 0.86753
-1.80247 0.86753
-1.87929 0.919389
-1.86283 0.929941
-1.90672 0.951227
-1.85185 0.914135
-1.81344 0.877781
-1.80247 0.893271
-1.76955 0.872648
-1.75309 0.847208
-1.79698 0.893271
-1.78052 0.872648
-1.80247 0.872648
-1.80796 0.893271
-1.68724 0.827127
-1.76955 0.862427
-1.78601 0.88293
-1.7915 0.862427
-1.84636 0.908897
-1.90123 0.951227
-1.86283 0.929941
-1.83539 0.914135
-1.8299 0.914135
-1.86831 0.924658
-1.86283 0.924658
-1.86283 0.919389
-1.82442 0.898465
-1.83539 0.908897
-1.77503 0.857339
-1.75857 0.857339
-1.8299 0.898465
-1.83539 0.908897
-1.88477 0.93524
-1.85734 0.929941
-1.85734 0.919389
-1.86831 0.924658
-1.88477 0.929941
-1.89026 0.940554
-1.85185 0.919389
-1.83539 0.893271
-1.86283 0.908897
-1.88477 0.924658
-1.81893 0.877781
-1.75309 0.86753
-1.74211 0.852266
-1.70919 0.832124
-1.83539 0.914135
-1.80247 0.877781
-1.81344 0.888093
-1.87929 0.914135
-1.90123 0.914135
-1.88477 0.919389
-1.81893 0.903673
-1.81344 0.888093
-1.84088 0.893271
-1.80796 0.888093
-1.8299 0.893271
-1.81893 0.893271
-1.85734 0.908897
-1.85185 0.919389
-1.79698 0.88293
-1.87929 0.93524
-1.85734 0.924658
-1.8299 0.903673
-1.82442 0.903673
-1.73114 0.862427
-1.72565 0.837137
-1.69273 0.787687
-1.7037 0.768328
-1.73114 0.812224
-1.77503 0.807286
-1.84636 0.86753
-1.81344 0.86753
-1.80796 0.872648
-1.76406 0.852266
-1.81893 0.88293
-1.78601 0.862427
-1.78601 0.877781
-1.78601 0.86753
-1.79698 0.842165
-1.84636 0.888093
-1.81893 0.888093
-1.8738 0.929941
-1.85734 0.924658
-1.84636 0.908897
-1.80796 0.88293
-1.86283 0.924658
-1.81893 0.88293
-1.80247 0.88293
-1.81893 0.88293
-1.82442 0.893271
-1.84088 0.903673
-1.89026 0.929941
-1.87929 0.93524
-1.80247 0.88293
-1.7915 0.877781
-1.8299 0.888093
-1.80247 0.898465
-1.8299 0.903673
-1.68176 0.832124
-1.75857 0.857339
-1.71468 0.827127
-1.7476 0.837137
-1.85734 0.893271
-1.79698 0.862427
-1.7915 0.852266
-1.82442 0.877781
-1.79698 0.877781
-1.79698 0.862427
-1.80796 0.862427
-1.81893 0.898465
-1.83539 0.898465
-1.82442 0.888093
-1.9177 0.951227
-1.84636 0.919389
-1.78601 0.88293
-1.75857 0.86753
-1.80796 0.888093
-1.83539 0.888093
-1.79698 0.88293
-1.80247 0.888093
-1.81893 0.898465
-1.80796 0.888093
-1.75309 0.847208
-1.73663 0.822144
-1.73114 0.852266
-1.80247 0.893271
-1.85185 0.919389
-1.81344 0.893271
-1.78052 0.852266
-1.84088 0.908897
-1.80796 0.893271
-1.80247 0.888093
-1.89026 0.93524
-1.81344 0.893271
-1.81344 0.88293
-1.80796 0.888093
-1.73663 0.827127
-1.76406 0.817176
-1.78052 0.817176
-1.89575 0.919389
-1.86831 0.903673
-1.86831 0.924658
-1.87929 0.924658
-1.82442 0.888093
-1.80796 0.857339
-1.84088 0.898465
-1.8738 0.929941
-1.9177 0.956586
-1.88477 0.919389
-1.86283 0.908897
-1.90672 0.924658
-1.82442 0.898465
-1.84636 0.908897
-1.86283 0.914135
-1.85185 0.924658
-1.91221 0.956586
-1.85734 0.924658
-1.81893 0.893271
-1.78052 0.872648
-1.84636 0.919389
-1.86831 0.929941
-1.82442 0.903673
-1.8738 0.929941
-1.7915 0.88293
-1.79698 0.88293
-1.86831 0.914135
-1.79698 0.88293
-1.77503 0.86753
-1.80247 0.888093
-1.85185 0.919389
-1.83539 0.914135
-1.83539 0.908897
-1.90672 0.951227
-1.87929 0.929941
-1.88477 0.93524
-1.85185 0.914135
-1.89026 0.93524
-1.83539 0.903673
-1.85734 0.919389
-1.8299 0.898465
-1.85185 0.914135
-1.81893 0.908897
-1.81893 0.893271
-1.82442 0.898465
-1.75857 0.837137
-1.82442 0.877781
-1.78052 0.877781
-1.70919 0.837137
-1.79698 0.888093
-1.83539 0.908897
-1.8299 0.877781
-1.80796 0.88293
-1.90672 0.951227
-1.89026 0.940554
-1.95062 0.972753
-1.90123 0.940554
-1.85185 0.914135
-1.81344 0.872648
-1.76955 0.852266
-1.78601 0.877781
-1.85185 0.914135
-1.73114 0.842165
-1.73114 0.837137
-1.85185 0.919389
-1.81344 0.898465
-1.7915 0.893271
-1.83539 0.908897
-1.78052 0.86753
-1.75857 0.852266
-1.80247 0.888093
-1.75309 0.857339
-1.80796 0.898465
-1.81893 0.898465
-1.7915 0.872648
-1.8299 0.893271
-1.83539 0.908897
-1.85734 0.924658
-1.8738 0.919389
-1.8738 0.914135
-1.84636 0.908897
-1.84636 0.919389
-1.7915 0.86753
-1.83539 0.903673
-1.8738 0.929941
-1.81893 0.893271
-1.8299 0.903673
-1.85734 0.914135
-1.78052 0.872648
-1.80796 0.877781
-1.8299 0.88293
-1.84088 0.888093
-1.8299 0.857339
-1.82442 0.88293
-1.84088 0.888093
-1.84636 0.903673
-1.83539 0.898465
-1.88477 0.93524
-1.89026 0.940554
-1.89575 0.940554
-1.92318 0.956586
-1.92318 0.956586
-1.93416 0.96196
-1.86283 0.919389
-1.92867 0.956586
-1.86283 0.924658
-1.84636 0.898465
-1.86283 0.903673
-1.8738 0.903673
-1.8299 0.872648
-1.85734 0.898465
-1.79698 0.847208
-1.76406 0.837137
-1.81344 0.88293
-1.87929 0.940554
-1.8299 0.903673
-1.82442 0.893271
-1.84088 0.908897
-1.84088 0.908897
-1.78601 0.847208
-1.7476 0.817176
-1.79698 0.872648
-1.8299 0.893271
-1.8299 0.893271
-1.82442 0.88293
-1.81893 0.877781
-1.85734 0.914135
-1.85185 0.914135
-1.85185 0.908897
-1.80247 0.872648
-1.8299 0.872648
-1.83539 0.888093
-1.80247 0.88293
-1.80247 0.898465
-1.81344 0.893271
-1.82442 0.903673
-1.80247 0.893271
-1.84636 0.919389
-1.86831 0.914135
-1.89026 0.945883
-1.88477 0.93524
-1.86283 0.919389
-1.8738 0.929941
-1.80247 0.88293
-1.78052 0.862427
-1.79698 0.847208
-1.79698 0.852266
-1.84088 0.888093
-1.83539 0.903673
-1.81344 0.888093
-1.80247 0.877781
-1.8738 0.908897
-1.82442 0.888093
-1.84088 0.908897
-1.86283 0.908897
-1.80247 0.898465
-1.83539 0.908897
-1.80796 0.898465
-1.78601 0.872648
-1.81344 0.903673
-1.84636 0.919389
-1.85734 0.919389
-1.84088 0.903673
-1.84636 0.908897
-1.78052 0.862427
-1.83539 0.898465
-1.84636 0.914135
-1.90123 0.940554
-1.84088 0.888093
-1.80247 0.86753
-1.78052 0.852266
-1.7915 0.877781
-1.86283 0.924658
-1.78052 0.862427
-1.7915 0.877781
-1.7476 0.837137
-1.75857 0.837137
-1.76955 0.872648
-1.81893 0.908897
-1.80247 0.893271
-1.78052 0.86753
-1.82442 0.908897
-1.82442 0.908897
-1.78052 0.872648
-1.8299 0.888093
-1.83539 0.908897
-1.85734 0.908897
-1.86831 0.924658
-1.90123 0.945883
-1.92318 0.96196
-1.96159 0.978173
-1.89026 0.940554
-1.80796 0.898465
-1.80247 0.893271
-1.84636 0.924658
-1.8299 0.908897
-1.85185 0.919389
-1.75309 0.847208
-1.82442 0.88293
-1.8299 0.898465
-1.89575 0.940554
-1.93416 0.96196
-1.86831 0.908897
-1.81344 0.862427
-1.81344 0.852266
-1.80796 0.86753
-1.78601 0.862427
-1.8299 0.893271
-1.84636 0.898465
-1.88477 0.903673
-1.83539 0.888093
-1.81344 0.88293
-1.78052 0.857339
-1.7915 0.877781
-1.79698 0.877781
-1.7915 0.877781
-1.83539 0.877781
-1.8299 0.88293
-1.81344 0.872648
-1.79698 0.88293
-1.80796 0.88293
-1.84088 0.914135
-1.75857 0.86753
-1.81344 0.88293
-1.80796 0.877781
-1.86283 0.929941
-1.88477 0.93524
-1.89575 0.945883
-1.89026 0.940554
-1.90123 0.945883
-1.90672 0.951227
-1.81344 0.898465
-1.78052 0.877781
-1.85185 0.914135
-1.85734 0.924658
-1.79698 0.877781
-1.81893 0.893271
-1.85185 0.919389
-1.85734 0.924658
-1.9177 0.951227
-1.84636 0.914135
-1.86831 0.929941
-1.8299 0.898465
-1.81893 0.88293
-1.8738 0.929941
-1.8738 0.924658
-1.89026 0.929941
-1.87929 0.93524
-1.90672 0.951227
-1.81344 0.903673
-1.84088 0.914135
-1.75857 0.857339
-1.75309 0.862427
-1.83539 0.914135
-1.79698 0.872648
-1.8299 0.88293
-1.86831 0.914135
-1.8299 0.908897
-1.78052 0.877781
-1.8299 0.898465
-1.8299 0.914135
-1.83539 0.914135
-1.8299 0.898465
-1.82442 0.893271
-1.84088 0.914135
-1.8299 0.898465
-1.77503 0.86753
-1.7915 0.852266
-1.83539 0.898465
-1.85185 0.919389
-1.89026 0.940554
-1.89026 0.940554
-1.91221 0.940554
-1.8738 0.929941
-1.78601 0.88293
-1.80796 0.88293
-1.73663 0.827127
-1.75309 0.837137
-1.76406 0.847208
-1.80796 0.893271
-1.88477 0.929941
-1.86283 0.924658
-1.86831 0.929941
-1.85734 0.919389
-1.81893 0.903673
-1.87929 0.929941
-1.8299 0.903673
-1.81893 0.898465
-1.84088 0.908897
-1.92318 0.96196
-1.90672 0.945883
-1.8738 0.929941
-1.87929 0.914135
-1.83539 0.898465
-1.81893 0.898465
-1.87929 0.924658
-1.89026 0.940554
-1.84088 0.903673
-1.84636 0.914135
-1.84636 0.919389
-1.85185 0.914135
-1.8738 0.929941
-1.83539 0.903673
-1.81893 0.898465
-1.8299 0.903673
-1.77503 0.86753
-1.77503 0.862427
-1.78052 0.86753
-1.73663 0.827127
-1.7915 0.862427
-1.76406 0.857339
-1.83539 0.88293
-1.80796 0.86753
-1.7915 0.852266
-1.80796 0.877781
-1.81893 0.86753
-1.84636 0.893271
-1.8738 0.924658
-1.84636 0.908897
-1.8299 0.903673
-1.86831 0.929941
-1.79698 0.888093
-1.82442 0.908897
-1.82442 0.903673
-1.86283 0.919389
-1.81344 0.898465
-1.85734 0.919389
-1.84636 0.919389
-1.83539 0.908897
-1.86283 0.924658
-1.86283 0.919389
-1.86283 0.924658
-1.71468 0.837137
-1.80247 0.86753
-1.7915 0.86753
-1.7915 0.877781
-1.81893 0.898465
-1.70919 0.837137
-1.74211 0.847208
-1.76955 0.86753
-1.81344 0.877781
-1.8299 0.903673
-1.81893 0.88293
-1.79698 0.86753
-1.7915 0.852266
-1.75857 0.837137
-1.80796 0.88293
-1.84636 0.903673
-1.90123 0.951227
-1.79698 0.88293
-1.81344 0.898465
-1.82442 0.893271
-1.81344 0.88293
-1.86283 0.929941
-1.88477 0.940554
-1.81344 0.898465
-1.78052 0.877781
-1.79698 0.877781
-1.80247 0.898465
-1.75857 0.847208
-1.74211 0.842165
-1.73663 0.862427
-1.84636 0.919389
-1.86283 0.929941
-1.90672 0.945883
-1.88477 0.93524
-1.88477 0.929941
-1.84088 0.903673
-1.84088 0.893271
-1.77503 0.86753
-1.78601 0.852266
-1.78601 0.857339
-1.76955 0.832124
-1.79698 0.862427
-1.80796 0.847208
-1.7037 0.807286
-1.71468 0.822144
-1.75857 0.857339
-1.76406 0.862427
-1.81893 0.862427
-1.81893 0.88293
-1.81893 0.888093
-1.7915 0.877781
-1.75857 0.86753
-1.81344 0.872648
-1.84088 0.898465
-1.78052 0.872648
-1.75857 0.827127
-1.71468 0.817176
-1.70919 0.822144
-1.80796 0.877781
-1.82442 0.898465
-1.84636 0.908897
-1.80796 0.888093
-1.81344 0.88293
-1.85185 0.914135
-1.81893 0.898465
-1.8738 0.929941
-1.84088 0.914135
-1.80247 0.88293
-1.78052 0.86753
-1.78052 0.86753
-1.78601 0.852266
-1.68724 0.812224
-1.74211 0.822144
-1.79698 0.872648
-1.81893 0.898465
-1.86283 0.924658
-1.89575 0.945883
-1.88477 0.93524
-1.89575 0.940554
-1.84088 0.893271
-1.84088 0.893271
-1.84088 0.88293
-1.8299 0.893271
-1.7915 0.888093
-1.84088 0.919389
-1.85734 0.914135
-1.8738 0.924658
-1.85185 0.908897
-1.88477 0.93524
-1.85734 0.929941
-1.84636 0.919389
-1.79698 0.893271
-1.82442 0.893271
-1.74211 0.842165
-1.79698 0.888093
-1.75857 0.86753
-1.78601 0.86753
-1.80796 0.888093
-1.82442 0.903673
-1.89575 0.945883
-1.86831 0.924658
-1.85734 0.919389
-1.84088 0.903673
-1.90123 0.945883
-1.86831 0.924658
-1.84088 0.893271
-1.80796 0.872648
-1.82442 0.86753
-1.77503 0.832124
-1.80796 0.86753
-1.87929 0.914135
-1.8299 0.893271
-1.90672 0.945883
-1.86831 0.924658
-1.85734 0.903673
-1.82442 0.877781
-1.80247 0.857339
-1.81344 0.88293
-1.78601 0.872648
-1.7476 0.847208
-1.80796 0.88293
-1.76955 0.862427
-1.7476 0.862427
-1.75857 0.857339
-1.78601 0.877781
-1.78052 0.862427
-1.77503 0.86753
-1.82442 0.898465
-1.7915 0.88293
-1.71468 0.857339
-1.76406 0.877781
-1.76406 0.842165
-1.76955 0.862427
-1.81893 0.898465
-1.90672 0.93524
-1.83539 0.903673
-1.83539 0.914135
-1.8738 0.924658
-1.88477 0.93524
-1.87929 0.929941
-1.82442 0.893271
-1.84088 0.908897
-1.78601 0.862427
-1.8738 0.93524
-1.82442 0.893271
-1.83539 0.914135
-1.80247 0.893271
-1.78052 0.862427
-1.7037 0.797456
-1.75857 0.837137
-1.78052 0.872648
-1.74211 0.86753
-1.81344 0.893271
-1.72565 0.817176
-1.75309 0.857339
-1.83539 0.908897
-1.86283 0.924658
-1.84636 0.908897
-1.86831 0.929941
-1.85734 0.914135
-1.8299 0.903673
-1.75857 0.842165
-1.78601 0.877781
-1.80796 0.88293
-1.77503 0.852266
-1.73114 0.842165
-1.74211 0.842165
-1.7476 0.857339
-1.79698 0.888093
-1.82442 0.86753
-1.85185 0.914135
-1.78052 0.877781
-1.83539 0.903673
-1.77503 0.842165
-1.76406 0.847208
-1.72016 0.792564
-1.73663 0.817176
-1.72016 0.773145
-1.73663 0.777977
-1.68724 0.73503
-1.64335 0.702469
-1.61591 0.66616
-1.69273 0.758739
-1.79698 0.832124
-1.80247 0.842165
-1.8299 0.86753
-1.8738 0.908897
-1.80247 0.872648
-1.77503 0.847208
-1.7037 0.812224
-1.74211 0.837137
-1.78601 0.86753
-1.84636 0.914135
-1.85185 0.919389
-1.89026 0.940554
-1.8738 0.924658
-1.86283 0.919389
-1.80247 0.888093
-1.78052 0.872648
-1.81344 0.898465
-1.8299 0.898465
-1.82442 0.893271
-1.75857 0.852266
-1.80796 0.86753
-1.8299 0.872648
-1.81344 0.898465
-1.82442 0.908897
-1.78052 0.847208
-1.78601 0.857339
-1.78052 0.847208
-1.8299 0.888093
-1.78052 0.877781
-1.76406 0.842165
-1.76406 0.852266
-1.73114 0.847208
-1.78052 0.872648
-1.80247 0.888093
-1.80796 0.898465
-1.82442 0.898465
-1.85734 0.924658
-1.86831 0.914135
-1.85734 0.914135
-1.72565 0.842165
-1.82442 0.893271
-1.83539 0.898465
-1.80796 0.872648
-1.73663 0.837137
-1.82442 0.898465
-1.87929 0.93524
-1.88477 0.93524
-1.89026 0.940554
-1.88477 0.929941
-1.8738 0.93524
-1.83539 0.908897
-1.81893 0.898465
-1.86283 0.924658
-1.84088 0.908897
-1.8299 0.898465
-1.86283 0.919389
-1.77503 0.862427
-1.76955 0.852266
-1.80247 0.88293
-1.84088 0.898465
-1.83539 0.903673
-1.75309 0.862427
-1.7915 0.88293
-1.84088 0.914135
-1.81893 0.908897
-1.89575 0.945883
-1.89575 0.940554
-1.90672 0.945883
-1.90672 0.951227
-1.86831 0.929941
-1.82442 0.893271
-1.85185 0.919389
-1.85734 0.919389
-1.86283 0.924658
-1.81893 0.88293
-1.84088 0.919389
-1.85185 0.914135
-1.80796 0.898465
-1.7915 0.88293
-1.84636 0.919389
-1.84088 0.914135
-1.8738 0.93524
-1.88477 0.93524
-1.8738 0.924658
-1.86283 0.914135
-1.83539 0.898465
-1.79698 0.842165
-1.77503 0.857339
-1.69822 0.777977
-1.73114 0.832124
-1.80247 0.88293
-1.81344 0.877781
-1.80796 0.872648
-1.78052 0.862427
-1.80796 0.877781
-1.76406 0.86753
-1.74211 0.852266
-1.80247 0.88293
-1.84088 0.908897
-1.82442 0.903673
-1.77503 0.86753
-1.76406 0.857339
-1.76406 0.86753
-1.84088 0.914135
-1.90123 0.945883
-1.86283 0.924658
-1.8738 0.929941
-1.83539 0.893271
-1.78601 0.86753
-1.75309 0.852266
-1.78601 0.852266
-1.78052 0.852266
-1.78601 0.857339
-1.77503 0.872648
-1.89026 0.945883
-1.90123 0.951227
-1.8738 0.93524
-1.84636 0.908897
-1.83539 0.914135
-1.85734 0.914135
-1.80796 0.893271
-1.85185 0.919389
-1.7476 0.86753
-1.80796 0.888093
-1.80247 0.893271
-1.8738 0.93524
-1.84088 0.898465
-1.78601 0.872648
-1.8299 0.914135
-1.85734 0.919389
-1.83539 0.898465
-1.83539 0.888093
-1.86283 0.919389
-1.84636 0.903673
-1.78601 0.877781
-1.80796 0.888093
-1.80796 0.872648
-1.78601 0.857339
-1.84636 0.914135
-1.89575 0.940554
-1.88477 0.93524
-1.81344 0.88293
-1.80247 0.862427
-1.70919 0.827127
-1.7476 0.842165
-1.72016 0.812224
-1.72565 0.832124
-1.7476 0.842165
-1.78052 0.847208
-1.78052 0.872648
-1.85185 0.908897
-1.85185 0.919389
-1.82442 0.903673
-1.90672 0.940554
-1.86831 0.919389
-1.89026 0.924658
-1.80796 0.898465
-1.80796 0.877781
-1.8299 0.88293
-1.80796 0.86753
-1.81344 0.893271
-1.81344 0.888093
-1.75309 0.852266
-1.77503 0.852266
-1.81344 0.893271
-1.79698 0.88293
-1.71468 0.837137
-1.79698 0.86753
-1.81344 0.888093
-1.84636 0.908897
-1.8738 0.929941
-1.80247 0.893271
-1.83539 0.903673
-1.84088 0.903673
-1.81893 0.898465
-1.82442 0.893271
-1.81344 0.898465
-1.81344 0.888093
-1.78052 0.872648
-1.69273 0.768328
-1.75857 0.832124
-1.80247 0.872648
-1.82442 0.903673
-1.78052 0.857339
-1.77503 0.862427
-1.74211 0.852266
-1.79698 0.88293
-1.80247 0.872648
-1.86831 0.908897
-1.86283 0.903673
-1.84088 0.914135
-1.87929 0.919389
-1.83539 0.898465
-1.82442 0.888093
-1.80796 0.888093
-1.89026 0.929941
-1.84088 0.908897
-1.8299 0.903673
-1.8299 0.893271
-1.83539 0.914135
-1.81344 0.893271
-1.84088 0.919389
-1.87929 0.93524
-1.92318 0.96196
-1.82442 0.893271
-1.84636 0.919389
-1.88477 0.940554
-1.8738 0.93524
-1.78601 0.888093
-1.75309 0.872648
-1.81893 0.898465
-1.84088 0.919389
-1.77503 0.86753
-1.78052 0.862427
-1.75857 0.857339
-1.85734 0.898465
-1.84088 0.908897
-1.75857 0.852266
-1.76955 0.86753
-1.85734 0.924658
-1.8738 0.93524
-1.90123 0.951227
-1.87929 0.924658
-1.79698 0.88293
-1.79698 0.888093
-1.77503 0.86753
-1.81344 0.872648
-1.85734 0.914135
-1.81344 0.893271
-1.8299 0.903673
-1.86283 0.919389
-1.79698 0.88293
-1.78052 0.872648
-1.7915 0.88293
-1.83539 0.903673
-1.8738 0.919389
-1.84088 0.919389
-1.84088 0.914135
-1.8738 0.93524
-1.82442 0.898465
-1.77503 0.852266
-1.84088 0.914135
-1.86831 0.929941
-1.81893 0.893271
-1.71468 0.812224
-1.7915 0.872648
-1.81344 0.893271
-1.76955 0.877781
-1.8299 0.893271
-1.81893 0.893271
-1.76406 0.842165
-1.74211 0.852266
-1.86831 0.929941
-1.76406 0.842165
-1.78601 0.832124
-1.75857 0.837137
-1.7915 0.852266
-1.75309 0.857339
-1.76955 0.872648
-1.79698 0.877781
-1.84636 0.893271
-1.7915 0.877781
-1.87929 0.908897
-1.79698 0.877781
-1.78601 0.842165
-1.83539 0.88293
-1.83539 0.893271
-1.85734 0.903673
-1.76406 0.862427
-1.75857 0.857339
-1.73663 0.842165
-1.81344 0.888093
-1.83539 0.888093
-1.80247 0.862427
-1.7476 0.822144
-1.75309 0.827127
-1.71468 0.822144
-1.64335 0.74921
-1.67627 0.768328
-1.81893 0.86753
-1.8299 0.877781
-1.86831 0.93524
-1.85734 0.929941
-1.87929 0.929941
-1.8738 0.924658
-1.84088 0.914135
-1.81893 0.898465
-1.85734 0.914135
-1.82442 0.908897
-1.80796 0.898465
-1.82442 0.893271
-1.81893 0.877781
-1.78052 0.857339
-1.80796 0.847208
-1.82442 0.86753
-1.80247 0.88293
-1.83539 0.898465
-1.78601 0.852266
-1.80796 0.88293
-1.8299 0.908897
-1.82442 0.908897
-1.80796 0.888093
-1.78052 0.862427
-1.81893 0.888093
-1.80247 0.893271
-1.85734 0.919389
-1.88477 0.93524
-1.78601 0.88293
-1.89026 0.945883
-1.84088 0.898465
-1.89575 0.945883
-1.80247 0.88293
-1.82442 0.893271
-1.78052 0.88293
-1.76406 0.862427
-1.84088 0.908897
-1.8299 0.903673
-1.78601 0.872648
-1.76955 0.842165
-1.77503 0.862427
-1.73114 0.842165
-1.77503 0.847208
-1.81344 0.888093
-1.78052 0.88293
-1.7915 0.877781
-1.78052 0.877781
-1.80247 0.88293
-1.83539 0.908897
-1.85185 0.914135
-1.82442 0.908897
-1.79698 0.88293
-1.7915 0.88293
-1.8299 0.88293
-1.75309 0.842165
-1.80247 0.86753
-1.81344 0.88293
-1.8738 0.914135
-1.76406 0.842165
-1.7915 0.872648
-1.81893 0.877781
-1.80796 0.88293
-1.82442 0.862427
-1.86283 0.908897
-1.78601 0.877781
-1.84088 0.919389
-1.80796 0.898465
-1.78601 0.888093
-1.7915 0.872648
-1.85734 0.919389
-1.84088 0.919389
-1.8299 0.914135
-1.8299 0.903673
-1.84088 0.914135
-1.80247 0.888093
-1.76406 0.857339
-1.81344 0.888093
-1.82442 0.898465
-1.80247 0.888093
-1.81344 0.88293
-1.8738 0.924658
-1.8299 0.903673
-1.88477 0.929941
-1.80247 0.877781
-1.79698 0.86753
-1.7915 0.86753
-1.81893 0.88293
-1.8299 0.877781
-1.9177 0.919389
-1.84088 0.872648
-1.78052 0.852266
-1.81344 0.88293
-1.8299 0.888093
-1.8299 0.903673
-1.85734 0.919389
-1.90672 0.951227
-1.85185 0.919389
-1.80247 0.877781
-1.80247 0.898465
-1.78601 0.86753
-1.80247 0.893271
-1.80796 0.893271
-1.80247 0.888093
-1.88477 0.924658
-1.90672 0.951227
-1.8738 0.93524
-1.88477 0.940554
-1.78601 0.893271
-1.78601 0.888093
-1.75857 0.857339
-1.83539 0.893271
-1.90672 0.940554
-1.85734 0.924658
-1.89026 0.940554
-1.88477 0.940554
-1.84088 0.919389
-1.89026 0.940554
-1.86831 0.914135
-1.88477 0.93524
-1.91221 0.940554
-1.90123 0.945883
-1.91221 0.956586
-1.8738 0.914135
-1.86831 0.914135
-1.81344 0.88293
-1.85185 0.908897
-1.80247 0.88293
-1.81893 0.888093
-1.80796 0.888093
-1.87929 0.93524
-1.84636 0.914135
-1.78601 0.877781
-1.81893 0.88293
-1.76955 0.852266
-1.77503 0.842165
-1.75857 0.827127
-1.81893 0.903673
-1.8299 0.908897
-1.85185 0.919389
-1.84636 0.924658
-1.92867 0.96196
-1.90672 0.951227
-1.84636 0.898465
-1.7476 0.847208
-1.81893 0.88293
-1.80247 0.88293
-1.80796 0.888093
-1.84636 0.893271
-1.82442 0.898465
-1.81893 0.888093
-1.87929 0.93524
-1.73114 0.842165
-1.75857 0.832124
-1.74211 0.822144
-1.73663 0.837137
-1.80796 0.898465
-1.84636 0.914135
-1.85185 0.919389
-1.83539 0.903673
-1.85185 0.914135
-1.86831 0.924658
-1.89026 0.945883
-1.9177 0.951227
-1.8299 0.88293
-1.84088 0.919389
-1.76955 0.86753
-1.83539 0.908897
-1.91221 0.956586
-1.8738 0.93524
-1.85185 0.914135
-1.7915 0.862427
-1.79698 0.877781
-1.77503 0.842165
-1.72016 0.792564
-1.7915 0.86753
-1.84088 0.898465
-1.84636 0.888093
-1.84636 0.903673
-1.7915 0.877781
-1.80247 0.893271
-1.78601 0.86753
-1.80247 0.893271
-1.81893 0.872648
-1.76955 0.852266
-1.81344 0.898465
-1.8299 0.893271
-1.8299 0.88293
-1.84636 0.898465
-1.82442 0.908897
-1.87929 0.940554
-1.94513 0.972753
-1.87929 0.93524
-1.92318 0.96196
-1.84636 0.919389
-1.85734 0.919389
-1.82442 0.914135
-1.85734 0.924658
-1.91221 0.951227
-1.90672 0.945883
-1.81893 0.888093
-1.82442 0.893271
-1.7915 0.88293
-1.83539 0.898465
-1.88477 0.940554
-1.89026 0.945883
-1.85734 0.929941
-1.84088 0.914135
-1.8299 0.908897
-1.79698 0.872648
-1.80247 0.877781
-1.80247 0.893271
-1.86283 0.924658
-1.86831 0.919389
-1.90672 0.945883
-1.94513 0.967349
-1.85185 0.919389
-1.89026 0.945883
-1.81344 0.893271
-1.78601 0.872648
-1.7915 0.88293
-1.83539 0.903673
-1.83539 0.888093
-1.89026 0.908897
-1.89026 0.919389
-1.77503 0.857339
-1.7037 0.812224
-1.76955 0.847208
-1.80796 0.888093
-1.81344 0.893271
-1.81344 0.888093
-1.81893 0.893271
-1.86283 0.919389
-1.7915 0.86753
-1.86831 0.924658
-1.7915 0.877781
-1.70919 0.827127
-1.81344 0.888093
-1.7915 0.877781
-1.78601 0.888093
-1.82442 0.908897
-1.89026 0.940554
-1.7915 0.893271
-1.83539 0.914135
-1.87929 0.929941
-1.92318 0.96196
-1.89575 0.945883
-1.89026 0.93524
-1.81893 0.88293
-1.71468 0.817176
-1.68724 0.787687
-1.78601 0.842165
-1.81893 0.888093
-1.83539 0.893271
-1.80247 0.893271
-1.76406 0.857339
-1.75309 0.862427
-1.77503 0.862427
-1.78052 0.872648
-1.72565 0.842165
-1.67078 0.792564
-1.75309 0.857339
-1.77503 0.86753
-1.8299 0.908897
-1.81893 0.898465
-1.85734 0.924658
-1.82442 0.893271
-1.81344 0.888093
-1.91221 0.956586
-1.8738 0.929941
-1.85734 0.919389
-1.90123 0.940554
-1.92318 0.956586
-1.84636 0.919389
-1.80796 0.898465
-1.82442 0.888093
-1.80796 0.893271
-1.81344 0.893271
-1.82442 0.898465
-1.84636 0.908897
-1.81893 0.903673
-1.86283 0.929941
-1.84636 0.914135
-1.8299 0.898465
-1.87929 0.93524
-1.89026 0.945883
-1.89575 0.940554
-1.8299 0.888093
-1.81893 0.888093
-1.81893 0.88293
-1.78601 0.872648
-1.75857 0.837137
-1.78052 0.86753
-1.74211 0.847208
-1.84088 0.919389
-1.82442 0.903673
-1.84636 0.919389
-1.82442 0.903673
-1.81344 0.898465
-1.85734 0.908897
-1.8299 0.903673
-1.84636 0.914135
-1.80247 0.888093
-1.77503 0.877781
-1.75309 0.857339
-1.79698 0.88293
-1.81893 0.898465
-1.80796 0.877781
-1.76406 0.857339
-1.75309 0.832124
-1.77503 0.852266
-1.77503 0.86753
-1.79698 0.88293
-1.78601 0.86753
-1.8738 0.929941
-1.84636 0.898465
-1.85734 0.898465
-1.81893 0.877781
-1.87929 0.914135
-1.94513 0.972753
-1.92318 0.96196
-1.85185 0.914135
-1.80247 0.893271
-1.81893 0.903673
-1.84636 0.898465
-1.81893 0.893271
-1.78601 0.872648
-1.82442 0.903673
-1.82442 0.903673
-1.80796 0.893271
-1.81893 0.903673
-1.85734 0.924658
-1.86831 0.924658
-1.89026 0.93524
-1.93964 0.967349
-1.90123 0.945883
-1.9177 0.956586
-1.89575 0.940554
-1.89026 0.914135
-1.85734 0.908897
-1.84636 0.908897
-1.80247 0.88293
-1.78052 0.888093
-1.84088 0.914135
-1.83539 0.914135
-1.83539 0.908897
-1.84088 0.914135
-1.8299 0.914135
-1.8738 0.924658
-1.83539 0.908897
-1.8299 0.908897
-1.80247 0.888093
-1.7476 0.837137
-1.76406 0.822144
-1.76955 0.817176
-1.7915 0.837137
-1.80247 0.852266
-1.8299 0.888093
-1.85185 0.914135
-1.76406 0.872648
-1.80796 0.888093
-1.85185 0.914135
-1.84088 0.903673
-1.84088 0.903673
-1.85734 0.903673
-1.8299 0.903673
-1.8299 0.903673
-1.77503 0.86753
-1.77503 0.872648
-1.84088 0.908897
-1.8299 0.893271
-1.87929 0.93524
-1.83539 0.903673
-1.8299 0.898465
-1.83539 0.903673
-1.85734 0.929941
-1.86283 0.924658
-1.80247 0.857339
-1.8299 0.893271
-1.86831 0.924658
-1.85734 0.914135
-1.89026 0.945883
-1.83539 0.908897
-1.86283 0.924658
-1.85734 0.919389
-1.84636 0.908897
-1.81893 0.88293
-1.80796 0.88293
-1.84088 0.914135
-1.85734 0.924658
-1.90123 0.951227
-1.85734 0.914135
-1.81344 0.86753
-1.78601 0.862427
-1.7476 0.857339
-1.83539 0.903673
-1.82442 0.898465
-1.84088 0.914135
-1.81893 0.872648
-1.84636 0.908897
-1.8299 0.898465
-1.84088 0.919389
-1.8299 0.908897
-1.84088 0.898465
-1.82442 0.898465
-1.84088 0.914135
-1.91221 0.945883
-1.88477 0.914135
-1.84636 0.908897
-1.84636 0.903673
-1.86831 0.919389
-1.91221 0.951227
-1.76406 0.872648
-1.84636 0.903673
-1.75309 0.837137
-1.84636 0.908897
-1.86831 0.919389
-1.85185 0.924658
-1.85185 0.914135
-1.87929 0.93524
-1.81344 0.893271
-1.84088 0.898465
-1.8299 0.903673
-1.85734 0.919389
-1.81344 0.877781
-1.85185 0.898465
-1.76955 0.832124
-1.76955 0.827127
-1.81344 0.877781
-1.7915 0.872648
-1.81893 0.898465
-1.81344 0.903673
-1.75857 0.847208
-1.79698 0.837137
-1.75309 0.837137
-1.73114 0.822144
-1.81344 0.893271
-1.82442 0.903673
-1.82442 0.893271
-1.76955 0.862427
-1.85734 0.919389
-1.76955 0.857339
-1.86283 0.919389
-1.83539 0.898465
-1.84636 0.919389
-1.89575 0.929941
-1.90672 0.940554
-1.90123 0.951227
-1.87929 0.93524
-1.81344 0.88293
-1.84088 0.877781
-1.7915 0.857339
-1.80247 0.86753
-1.81344 0.86753
-1.83539 0.898465
-1.85734 0.908897
-1.86831 0.924658
-1.88477 0.93524
-1.85185 0.919389
-1.86283 0.919389
-1.85734 0.919389
-1.83539 0.908897
-1.85185 0.908897
-1.85734 0.914135
-1.89575 0.93524
-1.81344 0.88293
-1.85185 0.908897
-1.87929 0.929941
-1.84088 0.903673
-1.83539 0.898465
-1.87929 0.929941
-1.81344 0.888093
-1.82442 0.893271
-1.84088 0.908897
-1.8738 0.924658
-1.8738 0.914135
-1.84088 0.903673
-1.87929 0.93524
-1.88477 0.93524
-1.89026 0.929941
-1.90672 0.945883
-1.87929 0.924658
-1.86831 0.919389
-1.8738 0.929941
-1.80796 0.893271
-1.87929 0.93524
-1.8738 0.93524
-1.90672 0.945883
-1.84636 0.924658
-1.86283 0.924658
-1.83539 0.914135
-1.79698 0.877781
-1.76955 0.862427
-1.74211 0.837137
-1.76955 0.842165
-1.80796 0.862427
-1.85185 0.908897
-1.88477 0.93524
-1.83539 0.908897
-1.80247 0.877781
-1.83539 0.914135
-1.84636 0.903673
-1.85185 0.919389
-1.84088 0.898465
-1.7915 0.88293
-1.73663 0.847208
-1.75309 0.852266
-1.77503 0.86753
-1.77503 0.847208
-1.84088 0.908897
-1.86283 0.908897
-1.85734 0.924658
-1.7915 0.877781
-1.85734 0.914135
-1.84636 0.908897
-1.84088 0.919389
-1.77503 0.872648
-1.80796 0.898465
-1.8299 0.898465
-1.79698 0.872648
-1.76406 0.857339
-1.80247 0.888093
-1.84636 0.914135
-1.86283 0.919389
-1.81893 0.888093
-1.76955 0.86753
-1.85185 0.919389
-1.86283 0.924658
-1.77503 0.857339
-1.75309 0.837137
-1.78052 0.862427
-1.81344 0.857339
-1.78601 0.872648
-1.84636 0.919389
-1.8299 0.908897
-1.81344 0.893271
-1.80796 0.898465
-1.80796 0.898465
-1.80247 0.872648
-1.75857 0.807286
-1.71468 0.773145
-1.74211 0.802364
-1.73663 0.802364
-1.80247 0.842165
-1.84088 0.872648
-1.81344 0.888093
-1.7476 0.857339
-1.7476 0.847208
-1.84088 0.893271
-1.87929 0.919389
-1.82442 0.903673
-1.7915 0.88293
-1.80247 0.842165
-1.80796 0.872648
-1.72016 0.827127
-1.75857 0.842165
-1.77503 0.872648
-1.80796 0.888093
-1.7915 0.862427
-1.84088 0.908897
-1.87929 0.93524
-1.84636 0.919389
-1.89026 0.940554
-1.8738 0.924658
-1.85734 0.919389
-1.84636 0.908897
-1.81893 0.893271
-1.81893 0.88293
-1.76406 0.852266
-1.68176 0.758739
-1.68176 0.763526
-1.71468 0.758739
-1.64335 0.693302
-1.72565 0.720985
-1.80796 0.753967
-1.67078 0.66169
-1.67078 0.626465
-1.74211 0.693302
-1.72016 0.707076
-1.74211 0.744468
-1.83539 0.802364
-1.81893 0.822144
-1.79698 0.817176
-1.7915 0.847208
-1.73114 0.812224
-1.72565 0.807286
-1.86283 0.919389
-1.8738 0.888093
-1.84636 0.893271
-1.83539 0.888093
-1.7915 0.862427
-1.82442 0.888093
-1.79698 0.88293
-1.7915 0.877781
-1.82442 0.877781
-1.81893 0.862427
-1.82442 0.862427
-1.82442 0.877781
-1.78601 0.847208
-1.78601 0.877781
-1.76406 0.877781
-1.79698 0.877781
-1.84636 0.888093
-1.78601 0.842165
-1.85734 0.908897
-1.85734 0.924658
-1.86831 0.93524
-1.82442 0.888093
-1.84088 0.908897
-1.8299 0.898465
-1.79698 0.877781
-1.85734 0.924658
-1.8299 0.893271
-1.83539 0.893271
-1.80796 0.872648
-1.83539 0.898465
-1.82442 0.893271
-1.80247 0.877781
-1.85734 0.924658
-1.89575 0.940554
-1.92867 0.96196
-1.89026 0.940554
-1.85734 0.929941
-1.82442 0.877781
-1.80247 0.877781
-1.73663 0.837137
-1.73663 0.822144
-1.73663 0.822144
-1.8299 0.908897
-1.8299 0.908897
-1.84636 0.919389
-1.85185 0.919389
-1.8738 0.929941
-1.85185 0.914135
-1.82442 0.914135
-1.84088 0.903673
-1.87929 0.93524
-1.82442 0.898465
-1.8299 0.893271
-1.78052 0.832124
-1.81344 0.86753
-1.86283 0.903673
-1.86831 0.924658
-1.85185 0.914135
-1.85185 0.914135
-1.78052 0.877781
-1.77503 0.86753
-1.76406 0.842165
-1.80796 0.893271
-1.79698 0.877781
-1.75857 0.857339
-1.80247 0.893271
-1.76955 0.862427
-1.7915 0.862427
-1.86831 0.919389
-1.81344 0.88293
-1.80796 0.893271
-1.76406 0.857339
-1.79698 0.86753
-1.81344 0.888093
-1.81344 0.888093
-1.8299 0.908897
-1.8738 0.93524
-1.86283 0.924658
-1.8738 0.929941
-1.88477 0.940554
-1.85734 0.908897
-1.82442 0.898465
-1.85734 0.908897
-1.90123 0.93524
-1.8738 0.919389
-1.83539 0.898465
-1.8299 0.898465
-1.78601 0.862427
-1.86831 0.914135
-1.89575 0.93524
-1.8738 0.924658
-1.80247 0.888093
-1.8299 0.898465
-1.7915 0.88293
-1.82442 0.908897
-1.80247 0.88293
-1.85185 0.903673
-1.84088 0.898465
-1.83539 0.903673
-1.8299 0.903673
-1.78601 0.872648
-1.76955 0.857339
-1.80247 0.888093
-1.7915 0.877781
-1.84088 0.908897
-1.77503 0.857339
-1.78052 0.86753
-1.80796 0.88293
-1.81893 0.877781
-1.84088 0.903673
-1.86831 0.929941
-1.83539 0.908897
-1.90672 0.951227
-1.95062 0.972753
-1.86283 0.924658
-1.86831 0.929941
-1.87929 0.929941
-1.7915 0.877781
-1.81344 0.893271
-1.82442 0.908897
-1.81344 0.88293
-1.80796 0.898465
-1.83539 0.908897
-1.81893 0.88293
-1.84636 0.919389
-1.82442 0.893271
-1.8738 0.924658
-1.88477 0.940554
-1.9177 0.956586
-1.86283 0.924658
-1.90123 0.945883
-1.84088 0.919389
-1.86283 0.924658
-1.83539 0.914135
-1.87929 0.924658
-1.88477 0.93524
-1.81893 0.903673
-1.85734 0.919389
-1.85734 0.924658
-1.90123 0.945883
-1.83539 0.914135
-1.84636 0.914135
-1.87929 0.93524
-1.86831 0.914135
-1.8299 0.893271
-1.80247 0.888093
-1.81893 0.903673
-1.80247 0.893271
-1.82442 0.903673
-1.83539 0.908897
-1.82442 0.893271
-1.79698 0.877781
-1.75857 0.842165
-1.78052 0.827127
-1.71468 0.782824
-1.76406 0.782824
-1.71468 0.763526
-1.76406 0.782824
-1.66529 0.777977
-1.76955 0.847208
-1.78052 0.862427
-1.8738 0.924658
-1.86283 0.924658
-1.80247 0.893271
-1.85734 0.924658
-1.87929 0.93524
-1.85734 0.914135
-1.78601 0.877781
-1.7476 0.872648
-1.80247 0.877781
-1.72016 0.827127
-1.7476 0.852266
-1.83539 0.898465
-1.8299 0.893271
-1.77503 0.872648
-1.81344 0.888093
-1.81893 0.888093
-1.8299 0.888093
-1.79698 0.893271
-1.81344 0.888093
-1.79698 0.877781
-1.8299 0.908897
-1.80796 0.872648
-1.76955 0.842165
-1.7915 0.847208
-1.79698 0.86753
-1.81344 0.903673
-1.85734 0.924658
-1.83539 0.903673
-1.85185 0.914135
-1.89575 0.940554
-1.84636 0.919389
-1.87929 0.93524
-1.8738 0.924658
-1.85185 0.903673
-1.88477 0.914135
-1.84088 0.914135
-1.86283 0.924658
-1.79698 0.893271
-1.78601 0.872648
-1.78601 0.88293
-1.79698 0.857339
-1.82442 0.903673
-1.76406 0.852266
-1.76955 0.872648
-1.77503 0.86753
-1.79698 0.872648
-1.78601 0.86753
-1.7915 0.86753
-1.84636 0.908897
-1.8299 0.893271
-1.80247 0.898465
-1.7476 0.857339
-1.81893 0.898465
-1.83539 0.908897
-1.80247 0.888093
-1.85734 0.919389
-1.77503 0.88293
-1.73663 0.832124
-1.70919 0.812224
-1.7915 0.872648
-1.7476 0.857339
-1.85734 0.898465
-1.89026 0.940554
-1.8738 0.93524
-1.84088 0.914135
-1.78601 0.872648
-1.8299 0.903673
-1.86283 0.914135
-1.82442 0.893271
-1.85185 0.903673
-1.86831 0.929941
-1.86283 0.929941
-1.84636 0.914135
-1.87929 0.940554
-1.86831 0.924658
-1.88477 0.93524
-1.86831 0.919389
-1.87929 0.93524
-1.81344 0.893271
-1.8299 0.893271
-1.88477 0.940554
-1.89026 0.93524
-1.86283 0.924658
-1.79698 0.888093
-1.76406 0.862427
-1.78601 0.872648
-1.7915 0.877781
-1.81344 0.888093
-1.84088 0.893271
-1.78601 0.842165
-1.79698 0.832124
-1.84636 0.847208
-1.84088 0.837137
-1.85734 0.86753
-1.83539 0.893271
-1.78052 0.802364
-1.78052 0.817176
-1.78052 0.837137
-1.80247 0.842165
-1.75309 0.862427
-1.76955 0.852266
-1.80796 0.872648
-1.83539 0.88293
-1.81344 0.893271
-1.76955 0.86753
-1.80247 0.893271
-1.75857 0.847208
-1.82442 0.898465
-1.85185 0.903673
-1.85734 0.908897
-1.8299 0.888093
-1.84088 0.898465
-1.76406 0.86753
-1.8299 0.893271
-1.79698 0.877781
-1.7915 0.88293
-1.8299 0.914135
-1.86831 0.929941
-1.76406 0.86753
-1.77503 0.852266
-1.85185 0.898465
-1.83539 0.888093
-1.72016 0.802364
-1.72565 0.792564
-1.68724 0.777977
-1.7476 0.822144
-1.7476 0.842165
-1.78052 0.86753
-1.81344 0.872648
-1.80796 0.898465
-1.80796 0.903673
-1.80247 0.898465
-1.79698 0.888093
-1.75857 0.862427
-1.80796 0.893271
-1.82442 0.898465
-1.84636 0.908897
-1.80247 0.898465
-1.75309 0.837137
-1.72016 0.817176
-1.78601 0.837137
-1.81893 0.888093
-1.80247 0.88293
-1.80247 0.86753
-1.78601 0.872648
-1.80796 0.888093
-1.82442 0.903673
-1.86831 0.929941
-1.84088 0.903673
-1.77503 0.847208
-1.80247 0.857339
-1.84088 0.903673
-1.90672 0.93524
-1.86831 0.914135
-1.82442 0.898465
-1.75857 0.86753
-1.86283 0.924658
-1.87929 0.940554
-1.93964 0.967349
-1.86283 0.919389
-1.90672 0.951227
-1.86831 0.929941
-1.84636 0.924658
-1.82442 0.903673
-1.84636 0.914135
-1.90123 0.945883
-1.93964 0.967349
-1.91221 0.956586
-1.85185 0.919389
-1.8738 0.914135
-1.71468 0.822144
-1.76406 0.852266
-1.71468 0.837137
-1.86283 0.914135
-1.85185 0.919389
-1.89575 0.940554
-1.92867 0.96196
-1.86283 0.929941
-1.86283 0.929941
-1.89575 0.945883
-1.87929 0.919389
-1.80247 0.88293
-1.85185 0.919389
-1.76955 0.877781
-1.77503 0.862427
-1.84088 0.893271
-1.7915 0.842165
-1.77503 0.847208
-1.83539 0.898465
-1.84636 0.908897
-1.90123 0.940554
-1.87929 0.93524
-1.8738 0.919389
-1.86283 0.929941
-1.85734 0.924658
-1.8738 0.924658
-1.81344 0.898465
-1.75857 0.86753
-1.80796 0.888093
-1.84636 0.914135
-1.92318 0.96196
-1.84636 0.908897
-1.84636 0.924658
-1.79698 0.888093
-1.85734 0.919389
-1.84088 0.914135
-1.8299 0.903673
-1.81344 0.86753
-1.76406 0.812224
-1.7037 0.817176
-1.73114 0.837137
-1.74211 0.847208
-1.82442 0.862427
-1.82442 0.888093
-1.85185 0.898465
-1.85185 0.893271
-1.85734 0.919389
-1.77503 0.847208
-1.7915 0.837137
-1.80247 0.842165
-1.76955 0.837137
-1.76406 0.832124
-1.75857 0.837137
-1.75309 0.827127
-1.84088 0.893271
-1.83539 0.888093
-1.85734 0.914135
-1.81344 0.888093
-1.78052 0.877781
-1.85185 0.914135
-1.89575 0.940554
-1.89026 0.93524
-1.87929 0.93524
-1.90123 0.951227
-1.91221 0.951227
-1.88477 0.93524
-1.84636 0.919389
-1.81344 0.893271
-1.85185 0.908897
-1.8299 0.903673
-1.77503 0.862427
-1.7915 0.862427
-1.80247 0.88293
-1.8299 0.908897
-1.85734 0.924658
-1.85185 0.919389
-1.75309 0.852266
-1.72565 0.817176
-1.71468 0.812224
-1.75309 0.842165
-1.7037 0.802364
-1.68176 0.797456
-1.73114 0.827127
-1.8738 0.924658
-1.88477 0.93524
-1.79698 0.888093
-1.8738 0.93524
-1.81893 0.903673
-1.81344 0.903673
-1.75309 0.86753
-1.78601 0.88293
-1.79698 0.862427
-1.78052 0.86753
-1.75309 0.832124
-1.7915 0.832124
-1.75857 0.852266
-1.67627 0.787687
-1.73663 0.837137
-1.77503 0.877781
-1.81893 0.88293
-1.8299 0.908897
-1.8738 0.919389
-1.79698 0.88293
-1.81893 0.908897
-1.84088 0.914135
-1.80796 0.888093
-1.84636 0.914135
-1.82442 0.893271
-1.85734 0.908897
-1.83539 0.903673
-1.75857 0.842165
-1.73663 0.837137
-1.75857 0.857339
-1.81344 0.888093
-1.80796 0.88293
-1.80796 0.877781
-1.81344 0.88293
-1.81893 0.903673
-1.80247 0.893271
-1.85185 0.914135
-1.80796 0.88293
-1.81344 0.88293
-1.83539 0.908897
-1.85185 0.919389
-1.86831 0.924658
-1.75309 0.852266
-1.7915 0.877781
-1.8299 0.88293
-1.84088 0.914135
-1.7915 0.862427
-1.7037 0.832124
-1.76955 0.872648
-1.78601 0.86753
-1.75857 0.842165
-1.72565 0.837137
-1.72016 0.847208
-1.87929 0.924658
-1.7915 0.893271
-1.79698 0.877781
-1.81344 0.888093
-1.79698 0.86753
-1.76406 0.852266
-1.80796 0.888093
-1.86283 0.924658
-1.84088 0.903673
-1.7915 0.888093
-1.7915 0.88293
-1.85185 0.919389
-1.86283 0.929941
-1.84088 0.908897
-1.8738 0.93524
-1.9177 0.956586
-1.9177 0.956586
-1.8738 0.929941
-1.85734 0.908897
-1.82442 0.898465
-1.85734 0.914135
-1.88477 0.93524
-1.88477 0.93524
-1.8299 0.903673
-1.80796 0.898465
-1.77503 0.86753
-1.88477 0.924658
-1.91221 0.956586
-1.8738 0.93524
-1.89575 0.945883
-1.81893 0.898465
-1.80247 0.88293
-1.76406 0.862427
-1.73663 0.852266
-1.81344 0.893271
-1.80796 0.898465
-1.81893 0.903673
-1.88477 0.940554
-1.86831 0.93524
-1.86831 0.924658
-1.85734 0.893271
-1.86831 0.919389
-1.94513 0.967349
-1.86831 0.93524
-1.85734 0.924658
-1.80247 0.88293
-1.7037 0.827127
-1.76955 0.842165
-1.81344 0.86753
-1.83539 0.893271
-1.80796 0.872648
-1.87929 0.903673
-1.84636 0.914135
-1.85185 0.924658
-1.76406 0.862427
-1.86283 0.924658
-1.80247 0.888093
-1.84088 0.908897
-1.92867 0.96196
-1.89026 0.940554
-1.86283 0.924658
-1.82442 0.898465
-1.84636 0.908897
-1.78601 0.888093
-1.79698 0.86753
-1.8299 0.888093
-1.79698 0.877781
-1.84636 0.908897
-1.82442 0.898465
-1.88477 0.93524
-1.89026 0.940554
-1.86283 0.929941
-1.85185 0.914135
-1.86831 0.919389
-1.89575 0.940554
-1.89026 0.940554
-1.89026 0.940554
-1.92867 0.96196
-1.91221 0.951227
-1.89026 0.940554
-1.85185 0.919389
-1.89026 0.940554
-1.83539 0.914135
-1.85185 0.908897
-1.86283 0.919389
-1.84636 0.893271
-1.82442 0.914135
-1.7915 0.88293
-1.78601 0.872648
-1.8299 0.903673
-1.7915 0.88293
-1.82442 0.893271
-1.76406 0.847208
-1.73663 0.832124
-1.74211 0.852266
-1.75309 0.842165
-1.78601 0.877781
-1.79698 0.877781
-1.78052 0.877781
-1.83539 0.908897
-1.87929 0.929941
-1.77503 0.847208
-1.74211 0.847208
-1.65432 0.782824
-1.72565 0.817176
-1.73114 0.792564
-1.82442 0.88293
-1.7476 0.842165
-1.78601 0.872648
-1.79698 0.877781
-1.79698 0.877781
-1.8299 0.893271
-1.90672 0.945883
-1.77503 0.862427
-1.83539 0.908897
-1.90672 0.951227
-1.81893 0.903673
-1.86283 0.919389
-1.85734 0.898465
-1.81893 0.888093
-1.84088 0.903673
-1.8299 0.903673
-1.7915 0.872648
-1.80796 0.88293
-1.86831 0.914135
-1.87929 0.929941
-1.82442 0.903673
-1.89575 0.940554
-1.90672 0.951227
-1.91221 0.956586
-1.83539 0.914135
-1.86283 0.924658
-1.84088 0.914135
-1.8738 0.924658
-1.85185 0.924658
-1.8738 0.929941
-1.83539 0.898465
-1.84636 0.903673
-1.88477 0.93524
-1.7915 0.888093
-1.8299 0.898465
-1.77503 0.877781
-1.83539 0.88293
-1.82442 0.893271
-1.78601 0.88293
-1.75857 0.852266
-1.80796 0.893271
-1.77503 0.86753
-1.74211 0.842165
-1.72016 0.822144
-1.7476 0.852266
-1.72016 0.817176
-1.69273 0.812224
-1.72565 0.847208
-1.80796 0.893271
-1.85734 0.919389
-1.89575 0.940554
-1.84636 0.914135
-1.89575 0.940554
-1.90672 0.93524
-1.8738 0.929941
-1.8299 0.898465
-1.85185 0.914135
-1.85734 0.898465
-1.84636 0.898465
-1.83539 0.914135
-1.81344 0.888093
-1.78052 0.86753
-1.75857 0.852266
-1.81344 0.877781
-1.78601 0.852266
-1.80247 0.872648
-1.81344 0.888093
-1.81893 0.898465
-1.83539 0.898465
-1.89026 0.929941
-1.86283 0.914135
-1.83539 0.898465
-1.85734 0.908897
-1.86283 0.929941
-1.84088 0.914135
-1.79698 0.893271
-1.83539 0.903673
-1.8299 0.903673
-1.7476 0.842165
-1.8299 0.872648
-1.80247 0.86753
-1.84088 0.898465
-1.7915 0.877781
-1.76406 0.857339
-1.7915 0.877781
-1.85734 0.919389
-1.78601 0.88293
-1.86283 0.924658
-1.88477 0.940554
-1.92318 0.96196
-1.92318 0.96196
-1.87929 0.93524
-1.86831 0.924658
-1.81344 0.893271
-1.89026 0.929941
-1.82442 0.888093
-1.8299 0.893271
-1.81344 0.893271
-1.81893 0.903673
-1.85734 0.924658
-1.8738 0.93524
-1.81893 0.903673
-1.87929 0.929941
-1.80796 0.893271
-1.86283 0.924658
-1.84088 0.903673
-1.87929 0.929941
-1.85185 0.908897
-1.90123 0.93524
-1.89026 0.940554
-1.82442 0.903673
-1.83539 0.914135
-1.85185 0.914135
-1.9177 0.956586
-1.86831 0.929941
-1.85734 0.919389
-1.88477 0.93524
-1.80247 0.88293
-1.84636 0.908897
-1.8299 0.898465
-1.86283 0.919389
-1.84636 0.898465
-1.85185 0.914135
-1.72016 0.812224
-1.76955 0.842165
-1.73114 0.847208
-1.76406 0.86753
-1.79698 0.888093
-1.82442 0.898465
-1.83539 0.903673
-1.88477 0.93524
-1.82442 0.893271
-1.80247 0.86753
-1.7915 0.877781
-1.78601 0.86753
-1.91221 0.951227
-1.83539 0.903673
-1.86283 0.919389
-1.84636 0.908897
-1.81893 0.898465
-1.78052 0.86753
-1.87929 0.93524
-1.8299 0.893271
-1.83539 0.908897
-1.75857 0.872648
-1.8299 0.888093
-1.81344 0.872648
-1.73663 0.837137
-1.78052 0.877781
-1.72565 0.832124
-1.75857 0.852266
-1.76955 0.852266
-1.73114 0.842165
-1.76406 0.852266
-1.82442 0.888093
-1.84636 0.903673
-1.78601 0.847208
-1.77503 0.832124
-1.78052 0.817176
-1.79698 0.852266
-1.75857 0.837137
-1.75857 0.842165
-1.84636 0.914135
-1.75309 0.862427
-1.71468 0.837137
-1.72016 0.822144
-1.77503 0.86753
-1.8299 0.888093
-1.83539 0.908897
-1.86831 0.924658
-1.88477 0.919389
-1.86831 0.919389
-1.92867 0.96196
-1.86831 0.924658
-1.81893 0.898465
-1.80796 0.893271
-1.90123 0.951227
-1.8738 0.93524
-1.84636 0.908897
-1.85734 0.898465
-1.88477 0.919389
-1.85185 0.903673
-1.78601 0.872648
-1.81893 0.893271
-1.75857 0.857339
-1.7915 0.877781
-1.83539 0.908897
-1.86283 0.924658
-1.89026 0.93524
-1.80796 0.877781
-1.8299 0.893271
-1.80247 0.877781
-1.7915 0.86753
-1.85185 0.888093
-1.85185 0.908897
-1.83539 0.914135
-1.8299 0.903673
-1.90672 0.945883
-1.82442 0.898465
-1.88477 0.940554
-1.84636 0.919389
-1.85185 0.914135
-1.78052 0.857339
-1.76406 0.852266
-1.75857 0.847208
-1.83539 0.872648
-1.8299 0.86753
-1.84088 0.908897
-1.81893 0.903673
-1.84636 0.924658
-1.84088 0.893271
-1.83539 0.893271
-1.84636 0.903673
-1.80247 0.872648
-1.8738 0.903673
-1.8299 0.888093
-1.75857 0.847208
-1.72565 0.842165
-1.7915 0.86753
-1.77503 0.852266
-1.72565 0.822144
-1.76955 0.832124
-1.79698 0.857339
-1.7915 0.862427
-1.8299 0.893271
-1.82442 0.893271
-1.86831 0.93524
-1.85734 0.924658
-1.87929 0.919389
-1.78601 0.862427
-1.83539 0.898465
-1.7037 0.812224
-1.7915 0.877781
-1.78601 0.862427
-1.75857 0.802364
-1.76955 0.837137
-1.75309 0.812224
-1.7476 0.837137
-1.82442 0.898465
-1.75309 0.852266
-1.73663 0.837137
-1.69273 0.817176
-1.73114 0.832124
-1.76955 0.842165
-1.73114 0.832124
-1.76406 0.837137
-1.81893 0.898465
-1.82442 0.898465
-1.89026 0.929941
-1.9177 0.956586
-1.93416 0.967349
-1.85185 0.924658
-1.84088 0.919389
-1.85185 0.919389
-1.7476 0.862427
-1.81344 0.898465
-1.80247 0.888093
-1.79698 0.862427
-1.80247 0.852266
-1.84088 0.898465
-1.78601 0.862427
-1.75309 0.862427
-1.79698 0.877781
-1.8299 0.888093
-1.86831 0.929941
-1.80247 0.893271
-1.8738 0.929941
-1.83539 0.914135
-1.78601 0.86753
-1.75857 0.847208
-1.81893 0.888093
-1.8299 0.898465
-1.80247 0.893271
-1.7476 0.852266
-1.68724 0.802364
-1.74211 0.817176
-1.75309 0.827127
-1.75857 0.847208
-1.77503 0.842165
-1.7915 0.877781
-1.85734 0.914135
-1.88477 0.940554
-1.9561 0.978173
-1.90123 0.951227
-1.83539 0.908897
-1.81344 0.898465
-1.81893 0.877781
-1.76955 0.847208
-1.72565 0.842165
-1.69822 0.807286
-1.7037 0.817176
-1.74211 0.822144
-1.74211 0.827127
-1.74211 0.837137
-1.76406 0.842165
-1.78601 0.852266
-1.74211 0.797456
-1.81344 0.842165
-1.79698 0.86753
-1.75857 0.862427
-1.77503 0.88293
-1.7915 0.88293
-1.75309 0.857339
-1.85185 0.914135
-1.78601 0.872648
-1.76955 0.852266
-1.73114 0.837137
-1.77503 0.842165
-1.76406 0.862427
-1.74211 0.847208
-1.78601 0.862427
-1.8299 0.88293
-1.8299 0.903673
-1.81344 0.88293
-1.76955 0.842165
-1.73663 0.842165
-1.80796 0.888093
-1.79698 0.877781
-1.84088 0.88293
-1.82442 0.877781
-1.81893 0.857339
-1.8299 0.877781
-1.86283 0.888093
-1.84088 0.888093
-1.8738 0.914135
-1.81893 0.898465
-1.8299 0.893271
-1.76406 0.842165
-1.78052 0.847208
-1.7915 0.88293
-1.79698 0.88293
-1.8299 0.893271
-1.72565 0.837137
-1.7037 0.802364
-1.74211 0.837137
-1.78052 0.852266
-1.75309 0.837137
-1.77503 0.857339
-1.82442 0.898465
-1.83539 0.908897
-1.86283 0.919389
-1.84088 0.893271
-1.7915 0.86753
-1.72565 0.832124
-1.69273 0.832124
-1.77503 0.857339
-1.78601 0.872648
-1.84636 0.903673
-1.8738 0.93524
-1.87929 0.93524
-1.86831 0.924658
-1.84088 0.903673
-1.78052 0.862427
-1.79698 0.872648
-1.7476 0.832124
-1.81893 0.888093
-1.83539 0.888093
-1.78052 0.857339
-1.79698 0.86753
-1.82442 0.893271
-1.75857 0.817176
-1.74211 0.812224
-1.76955 0.832124
-1.81344 0.847208
-1.84636 0.88293
-1.81344 0.898465
-1.84636 0.919389
-1.83539 0.898465
-1.81344 0.88293
-1.86283 0.919389
-1.84636 0.908897
-1.88477 0.93524
-1.85734 0.924658
-1.80247 0.893271
-1.85185 0.919389
-1.84088 0.908897
-1.7915 0.86753
-1.87929 0.929941
-1.81344 0.88293
-1.81893 0.903673
-1.74211 0.852266
-1.69822 0.802364
-1.72565 0.773145
-1.7476 0.822144
-1.7476 0.827127
-1.76406 0.857339
-1.8299 0.903673
-1.77503 0.877781
-1.79698 0.888093
-1.81893 0.893271
-1.75857 0.862427
-1.8299 0.893271
-1.80796 0.888093
-1.75309 0.842165
-1.80247 0.88293
-1.74211 0.817176
-1.71468 0.807286
-1.75857 0.837137
-1.81344 0.877781
-1.84088 0.88293
-1.84088 0.903673
-1.86831 0.929941
-1.90123 0.940554
-1.84088 0.919389
-1.86283 0.924658
-1.89575 0.945883
-1.86831 0.929941
-1.8299 0.893271
-1.84088 0.908897
-1.78601 0.877781
-1.79698 0.872648
-1.78601 0.847208
-1.84088 0.893271
-1.84636 0.898465
-1.86831 0.908897
-1.81344 0.888093
-1.75309 0.817176
-1.72565 0.782824
-1.7476 0.802364
-1.7915 0.832124
-1.77503 0.86753
-1.75309 0.817176
-1.78052 0.847208
-1.78052 0.877781
-1.82442 0.898465
-1.77503 0.862427
-1.7476 0.847208
-1.76406 0.852266
-1.84636 0.908897
-1.84088 0.914135
-1.8299 0.914135
-1.86283 0.924658
-1.86831 0.924658
-1.8299 0.893271
-1.84088 0.914135
-1.85185 0.908897
-1.84088 0.908897
-1.81893 0.898465
-1.79698 0.877781
-1.76955 0.86753
-1.80247 0.86753
-1.81344 0.877781
-1.8299 0.898465
-1.81344 0.893271
-1.78601 0.862427
-1.82442 0.888093
-1.82442 0.877781
-1.8299 0.893271
-1.85734 0.919389
-1.88477 0.93524
-1.83539 0.903673
-1.81344 0.88293
-1.82442 0.888093
-1.73114 0.827127
-1.70919 0.817176
-1.72565 0.842165
-1.79698 0.872648
-1.75309 0.847208
-1.76406 0.847208
-1.78601 0.862427
-1.72016 0.827127
-1.76955 0.847208
-1.73663 0.857339
-1.78052 0.877781
-1.78601 0.872648
-1.76955 0.86753
-1.7476 0.842165
-1.73114 0.852266
-1.78601 0.862427
-1.82442 0.898465
-1.82442 0.914135
-1.84088 0.908897
-1.82442 0.893271
-1.84636 0.898465
-1.85185 0.919389
-1.8299 0.903673
-1.83539 0.893271
-1.86283 0.903673
-1.80247 0.852266
-1.73114 0.827127
-1.84636 0.888093
-1.75857 0.842165
-1.78601 0.872648
-1.8299 0.908897
-1.77503 0.847208
-1.7476 0.842165
-1.66529 0.792564
-1.76955 0.837137
-1.74211 0.827127
-1.77503 0.857339
-1.81344 0.862427
-1.78052 0.872648
-1.75857 0.86753
-1.82442 0.903673
-1.86283 0.914135
-1.78601 0.872648
-1.80796 0.862427
-1.86283 0.919389
-1.85185 0.919389
-1.83539 0.914135
-1.80796 0.898465
-1.88477 0.93524
-1.82442 0.898465
-1.88477 0.940554
-1.86831 0.93524
-1.83539 0.898465
-1.80247 0.872648
-1.7915 0.872648
-1.81344 0.893271
-1.7915 0.888093
-1.75309 0.862427
-1.68724 0.817176
-1.7037 0.817176
-1.78052 0.86753
-1.86283 0.914135
-1.80247 0.857339
-1.78052 0.842165
-1.78601 0.862427
-1.83539 0.86753
-1.75309 0.842165
-1.80796 0.88293
-1.83539 0.903673
-1.87929 0.919389
-1.85185 0.903673
-1.84636 0.888093
-1.86283 0.893271
-1.79698 0.857339
-1.83539 0.908897
-1.86831 0.929941
-1.79698 0.872648
-1.76955 0.862427
-1.80247 0.88293
-1.80247 0.88293
-1.80247 0.88293
-1.82442 0.903673
-1.85185 0.908897
-1.7915 0.86753
-1.73663 0.842165
-1.77503 0.852266
-1.77503 0.862427
-1.7915 0.86753
-1.81344 0.893271
-1.87929 0.929941
-1.82442 0.898465
-1.82442 0.888093
-1.84636 0.903673
-1.8738 0.924658
-1.84636 0.908897
-1.82442 0.903673
-1.78052 0.88293
-1.85185 0.919389
-1.8738 0.93524
-1.85185 0.914135
-1.86831 0.924658
-1.8738 0.919389
-1.86283 0.924658
-1.84088 0.914135
-1.81893 0.88293
-1.81893 0.862427
-1.86283 0.908897
-1.85185 0.903673
-1.81893 0.88293
-1.80796 0.888093
-1.88477 0.924658
-1.8299 0.893271
-1.79698 0.888093
-1.81893 0.898465
-1.85734 0.924658
-1.89026 0.940554
-1.82442 0.898465
-1.87929 0.929941
-1.86831 0.924658
-1.87929 0.919389
-1.86831 0.929941
-1.87929 0.929941
-1.90123 0.945883
-1.88477 0.940554
-1.85185 0.919389
-1.89026 0.945883
-1.82442 0.888093
-1.7915 0.862427
-1.75857 0.837137
-1.82442 0.893271
-1.87929 0.929941
-1.85185 0.908897
-1.89575 0.93524
-1.83539 0.908897
-1.84636 0.898465
-1.80796 0.86753
-1.80247 0.893271
-1.84088 0.903673
-1.84088 0.914135
-1.80247 0.893271
-1.86283 0.903673
-1.81344 0.898465
-1.84088 0.908897
-1.83539 0.903673
-1.86831 0.914135
-1.93416 0.956586
-1.90672 0.945883
-1.9177 0.956586
-1.8299 0.908897
-1.8738 0.929941
-1.86283 0.919389
-1.82442 0.903673
-1.84636 0.914135
-1.88477 0.940554
-1.91221 0.951227
-1.90672 0.951227
-1.89575 0.940554
-1.8738 0.929941
-1.86283 0.914135
-1.81893 0.898465
-1.8299 0.914135
-1.86283 0.919389
-1.7915 0.877781
-1.76955 0.852266
-1.78601 0.877781
-1.73114 0.822144
-1.74211 0.827127
-1.82442 0.88293
-1.83539 0.898465
-1.83539 0.898465
-1.85734 0.919389
-1.8738 0.924658
-1.79698 0.857339
-1.7476 0.847208
-1.70919 0.812224
-1.72016 0.822144
-1.73663 0.832124
-1.72016 0.837137
-1.8299 0.908897
-1.78601 0.86753
-1.8299 0.898465
-1.86283 0.929941
-1.93964 0.967349
-1.86283 0.924658
-1.84636 0.919389
-1.85734 0.924658
-1.86831 0.93524
-1.84088 0.914135
-1.83539 0.908897
-1.8299 0.888093
-1.85185 0.914135
-1.88477 0.940554
-1.8738 0.924658
-1.80247 0.888093
-1.86831 0.929941
-1.81344 0.898465
-1.78052 0.877781
-1.77503 0.872648
-1.79698 0.877781
-1.78052 0.872648
-1.82442 0.88293
-1.69273 0.827127
-1.73114 0.822144
-1.81893 0.898465
-1.86831 0.908897
-1.8299 0.898465
-1.8738 0.924658
-1.8738 0.919389
-1.88477 0.93524
-1.86283 0.914135
-1.79698 0.872648
-1.76406 0.857339
-1.79698 0.88293
-1.86283 0.919389
-1.84088 0.903673
-1.80796 0.877781
-1.83539 0.898465
-1.85185 0.903673
-1.80247 0.852266
-1.81344 0.872648
-1.78601 0.86753
-1.85734 0.898465
-1.8299 0.877781
-1.81344 0.888093
-1.81344 0.872648
-1.78052 0.852266
-1.85185 0.888093
-1.80247 0.893271
-1.81893 0.888093
-1.81344 0.888093
-1.84636 0.919389
-1.81344 0.903673
-1.82442 0.908897
-1.73114 0.852266
-1.71468 0.827127
-1.7037 0.797456
-1.71468 0.797456
-1.84636 0.898465
-1.83539 0.914135
-1.85734 0.924658
-1.83539 0.908897
-1.79698 0.88293
-1.84636 0.919389
-1.8738 0.93524
-1.86283 0.914135
-1.82442 0.893271
-1.7476 0.847208
-1.7037 0.792564
-1.70919 0.773145
-1.7476 0.812224
-1.76955 0.832124
-1.74211 0.812224
-1.7915 0.86753
-1.83539 0.914135
-1.81344 0.877781
-1.78601 0.862427
-1.78601 0.862427
-1.78052 0.862427
-1.75857 0.827127
-1.77503 0.847208
-1.77503 0.852266
-1.76955 0.872648
-1.79698 0.893271
-1.77503 0.88293
-1.78601 0.888093
-1.81344 0.88293
-1.82442 0.893271
-1.84088 0.898465
-1.83539 0.908897
-1.87929 0.924658
-1.85185 0.924658
-1.81893 0.893271
-1.81893 0.888093
-1.86283 0.919389
-1.8738 0.93524
-1.82442 0.893271
-1.8299 0.898465
-1.88477 0.93524
-1.86831 0.929941
-1.8299 0.903673
-1.81893 0.888093
-1.84636 0.898465
-1.75857 0.857339
-1.84088 0.898465
-1.76955 0.857339
-1.81893 0.898465
-1.85185 0.919389
-1.84088 0.888093
-1.81893 0.888093
-1.83539 0.898465
-1.82442 0.903673
-1.8299 0.908897
-1.7915 0.888093
-1.77503 0.877781
-1.82442 0.893271
-1.85734 0.924658
-1.82442 0.903673
-1.84636 0.908897
-1.85185 0.924658
-1.8738 0.929941
-1.89026 0.940554
-1.90123 0.940554
-1.86283 0.919389
-1.91221 0.945883
-1.82442 0.903673
-1.81893 0.893271
-1.84636 0.914135
-1.8738 0.924658
-1.90123 0.945883
-1.85734 0.919389
-1.86283 0.924658
-1.84636 0.914135
-1.85185 0.914135
-1.88477 0.93524
-1.90672 0.945883
-1.9177 0.951227
-1.88477 0.93524
-1.79698 0.88293
-1.81344 0.898465
-1.75309 0.842165
-1.78601 0.857339
-1.80247 0.88293
-1.8299 0.893271
-1.79698 0.877781
-1.78052 0.86753
-1.81893 0.898465
-1.76955 0.862427
-1.80247 0.888093
-1.81893 0.877781
-1.78601 0.857339
-1.85734 0.903673
-1.86831 0.88293
-1.81893 0.86753
-1.81893 0.872648
-1.8299 0.888093
-1.84088 0.903673
-1.79698 0.877781
-1.73114 0.827127
-1.68176 0.787687
-1.72016 0.807286
-1.70919 0.787687
-1.68176 0.758739
-1.70919 0.773145
-1.72565 0.787687
-1.72016 0.787687
-1.72016 0.777977
-1.73114 0.832124
-1.75857 0.832124
-1.78052 0.852266
-1.77503 0.852266
-1.84088 0.877781
-1.75309 0.827127
-1.73114 0.822144
-1.78601 0.852266
-1.80247 0.857339
-1.84088 0.888093
-1.85734 0.903673
-1.80796 0.88293
-1.79698 0.852266
-1.80796 0.857339
-1.83539 0.872648
-1.8299 0.893271
-1.87929 0.924658
-1.90123 0.945883
-1.8738 0.919389
-1.8299 0.898465
-1.78601 0.877781
-1.86283 0.919389
-1.89026 0.940554
-1.93964 0.967349
-1.95062 0.972753
-1.81893 0.898465
-1.8299 0.893271
-1.80247 0.862427
-1.81893 0.862427
-1.7915 0.86753
-1.7476 0.832124
-1.81893 0.862427
-1.71468 0.812224
-1.81893 0.903673
-1.90672 0.951227
-1.87929 0.940554
-1.89575 0.93524
-1.81893 0.898465
-1.84636 0.914135
-1.84088 0.898465
-1.8299 0.862427
-1.85185 0.903673
-1.89026 0.924658
-1.84088 0.914135
-1.80796 0.898465
-1.8738 0.924658
-1.84088 0.914135
-1.83539 0.914135
-1.85185 0.914135
-1.85185 0.908897
-1.78601 0.877781
-1.85734 0.908897
-1.8299 0.908897
-1.89575 0.945883
-1.83539 0.893271
-1.86831 0.919389
-1.82442 0.898465
-1.83539 0.88293
-1.86283 0.88293
-1.81893 0.893271
-1.79698 0.872648
-1.78052 0.877781
-1.76406 0.857339
-1.7915 0.877781
-1.7476 0.842165
-1.84636 0.919389
-1.9177 0.956586
-1.8738 0.924658
-1.86831 0.93524
-1.81893 0.88293
-1.81893 0.888093
-1.82442 0.903673
-1.7915 0.888093
-1.82442 0.908897
-1.78052 0.862427
-1.7915 0.888093
-1.85734 0.924658
-1.93964 0.967349
-1.87929 0.940554
-1.80247 0.898465
-1.8299 0.908897
-1.86283 0.919389
-1.86831 0.929941
-1.78601 0.872648
-1.84088 0.898465
-1.78052 0.847208
-1.7476 0.842165
-1.78601 0.857339
-1.77503 0.857339
-1.7915 0.86753
-1.78052 0.86753
-1.80247 0.852266
-1.85185 0.919389
-1.84088 0.908897
-1.81893 0.898465
-1.78601 0.86753
-1.80247 0.877781
-1.79698 0.888093
-1.81893 0.908897
-1.76955 0.862427
-1.80247 0.893271
-1.79698 0.893271
-1.81893 0.893271
-1.80796 0.872648
-1.7915 0.88293
-1.77503 0.862427
-1.84088 0.898465
-1.84088 0.908897
-1.8738 0.929941
-1.87929 0.93524
-1.87929 0.93524
-1.9177 0.951227
-1.85185 0.914135
-1.85734 0.919389
-1.83539 0.908897
-1.82442 0.88293
-1.76406 0.852266
-1.81893 0.898465
-1.79698 0.893271
-1.81893 0.908897
-1.87929 0.93524
-1.85734 0.903673
-1.81344 0.893271
-1.87929 0.940554
-1.91221 0.956586
-1.90672 0.951227
-1.84636 0.919389
-1.89026 0.940554
-1.81344 0.898465
-1.78052 0.862427
-1.75309 0.847208
-1.7915 0.862427
-1.8738 0.919389
-1.81344 0.893271
-1.82442 0.903673
-1.80796 0.893271
-1.78052 0.872648
-1.76955 0.88293
-1.81344 0.893271
-1.80247 0.877781
-1.84636 0.898465
-1.82442 0.877781
-1.84636 0.914135
-1.84636 0.908897
-1.80247 0.872648
-1.86831 0.929941
-1.86283 0.919389
-1.88477 0.940554
-1.86283 0.919389
-1.80247 0.86753
-1.75857 0.847208
-1.77503 0.857339
-1.79698 0.86753
-1.82442 0.877781
-1.84088 0.908897
-1.81344 0.888093
-1.84088 0.893271
-1.82442 0.903673
-1.81344 0.88293
-1.78052 0.872648
-1.85185 0.919389
-1.80796 0.888093
-1.79698 0.888093
-1.79698 0.872648
-1.81344 0.888093
-1.78601 0.847208
-1.80247 0.888093
-1.78601 0.88293
-1.9177 0.956586
-1.91221 0.956586
-1.90672 0.951227
-1.86831 0.924658
-1.86831 0.93524
-1.8299 0.898465
-1.82442 0.893271
-1.82442 0.908897
-1.76955 0.862427
-1.79698 0.888093
-1.78601 0.88293
-1.84636 0.919389
-1.81893 0.893271
-1.81893 0.888093
-1.83539 0.893271
-1.8738 0.908897
-1.84088 0.908897
-1.88477 0.940554
-1.87929 0.940554
-1.89026 0.945883
-1.86831 0.929941
-1.88477 0.940554
-1.86831 0.929941
-1.80796 0.898465
-1.81893 0.903673
-1.78601 0.872648
-1.78052 0.857339
-1.78052 0.842165
-1.8299 0.888093
-1.75309 0.872648
-1.81893 0.903673
-1.85185 0.919389
-1.87929 0.929941
-1.85185 0.919389
-1.89026 0.940554
-1.8299 0.903673
-1.81344 0.898465
-1.7915 0.888093
-1.79698 0.888093
-1.79698 0.872648
-1.85185 0.924658
-1.87929 0.929941
-1.83539 0.888093
-1.86283 0.914135
-1.84636 0.919389
-1.7915 0.893271
-1.84088 0.908897
-1.8299 0.903673
-1.85185 0.919389
-1.90672 0.951227
-1.87929 0.929941
-1.87929 0.93524
-1.84636 0.914135
-1.72565 0.852266
-1.69822 0.792564
-1.74211 0.782824
-1.70919 0.782824
-1.80796 0.862427
-1.78052 0.857339
-1.82442 0.893271
-1.81893 0.88293
-1.77503 0.857339
-1.7915 0.847208
-1.76406 0.857339
-1.75857 0.847208
-1.78052 0.86753
-1.87929 0.929941
-1.89026 0.93524
-1.82442 0.888093
-1.78601 0.872648
-1.80247 0.893271
-1.74211 0.857339
-1.7476 0.837137
-1.7476 0.837137
-1.76406 0.857339
-1.76406 0.86753
-1.73114 0.822144
-1.71468 0.822144
-1.73114 0.827127
-1.76955 0.857339
-1.8299 0.888093
-1.84636 0.914135
-1.8299 0.908897
-1.8299 0.893271
-1.8299 0.86753
-1.73663 0.832124
-1.75857 0.832124
-1.81893 0.872648
-1.81344 0.872648
-1.81344 0.872648
-1.89026 0.929941
-1.81344 0.898465
-1.80796 0.898465
-1.72565 0.837137
-1.7915 0.888093
-1.78052 0.857339
-1.78052 0.837137
-1.79698 0.857339
-1.76955 0.857339
-1.75857 0.832124
-1.81893 0.872648
-1.81344 0.842165
-1.74211 0.817176
-1.69822 0.792564
-1.74211 0.857339
-1.68176 0.782824
-1.68724 0.777977
-1.72565 0.807286
-1.75857 0.832124
-1.81344 0.893271
-1.88477 0.940554
-1.83539 0.908897
-1.8299 0.88293
-1.84088 0.914135
-1.86831 0.919389
-1.88477 0.940554
-1.8738 0.93524
-1.8738 0.93524
-1.93964 0.967349
-1.80796 0.888093
-1.84088 0.914135
-1.78601 0.86753
-1.8299 0.893271
-1.80796 0.877781
-1.84088 0.893271
-1.85734 0.903673
-1.85734 0.914135
-1.84636 0.914135
-1.83539 0.908897
-1.87929 0.93524
-1.85734 0.919389
-1.78601 0.857339
-1.81344 0.898465
-1.81893 0.888093
-1.82442 0.908897
-1.75857 0.862427
-1.80247 0.872648
-1.81893 0.908897
-1.86831 0.929941
-1.87929 0.924658
-1.84636 0.908897
-1.8738 0.919389
-1.7915 0.88293
-1.84636 0.914135
-1.8738 0.929941
-1.82442 0.903673
-1.81344 0.893271
-1.85185 0.919389
-1.8738 0.929941
-1.84088 0.908897
-1.81893 0.898465
-1.84636 0.919389
-1.84088 0.903673
-1.8738 0.929941
-1.84088 0.914135
-1.85185 0.914135
-1.75309 0.86753
-1.78052 0.872648
-1.78601 0.86753
-1.79698 0.872648
-1.78601 0.817176
-1.69273 0.797456
-1.7037 0.773145
-1.69273 0.74921
-1.67627 0.730333
-1.65981 0.758739
-1.69822 0.782824
-1.7037 0.768328
-1.69822 0.782824
-1.7476 0.802364
-1.8299 0.893271
-1.84636 0.914135
-1.88477 0.93524
-1.78601 0.877781
-1.85734 0.924658
-1.8738 0.93524
-1.89575 0.945883
-1.91221 0.945883
-1.9177 0.951227
-1.84636 0.908897
-1.84636 0.919389
-1.86831 0.919389
-1.83539 0.914135
-1.87929 0.940554
-1.85185 0.919389
-1.90672 0.951227
-1.89575 0.940554
-1.82442 0.908897
-1.76406 0.857339
-1.79698 0.86753
-1.75857 0.847208
-1.7476 0.837137
-1.73114 0.837137
-1.72016 0.842165
-1.77503 0.877781
-1.80247 0.877781
-1.86283 0.919389
-1.78052 0.877781
-1.84636 0.919389
-1.84636 0.914135
-1.83539 0.919389
-1.88477 0.93524
-1.8299 0.908897
-1.79698 0.888093
-1.83539 0.893271
-1.78052 0.88293
-1.80796 0.898465
-1.8299 0.903673
-1.75857 0.862427
-1.79698 0.86753
-1.77503 0.857339
-1.7476 0.857339
-1.69273 0.817176
-1.69273 0.822144
-1.73114 0.847208
-1.81344 0.877781
-1.76406 0.857339
-1.80247 0.893271
-1.89026 0.93524
-1.85734 0.914135
-1.83539 0.898465
-1.8299 0.898465
-1.78601 0.88293
-1.79698 0.872648
-1.70919 0.827127
-1.81344 0.888093
-1.7915 0.877781
-1.79698 0.88293
-1.80796 0.893271
-1.89575 0.945883
-1.87929 0.940554
-1.84636 0.919389
-1.85734 0.898465
-1.75857 0.842165
-1.77503 0.862427
-1.82442 0.903673
-1.85734 0.919389
-1.83539 0.903673
-1.77503 0.88293
-1.7915 0.872648
-1.7915 0.88293
-1.80796 0.888093
-1.78601 0.872648
-1.79698 0.893271
-1.86831 0.929941
-1.81893 0.893271
-1.82442 0.898465
-1.81344 0.893271
-1.72016 0.807286
-1.70919 0.842165
-1.77503 0.842165
-1.77503 0.857339
-1.78601 0.842165
-1.78052 0.832124
-1.73663 0.802364
-1.71468 0.822144
-1.69273 0.787687
-1.7476 0.807286
-1.72016 0.777977
-1.78601 0.847208
-1.77503 0.822144
-1.81344 0.847208
-1.69822 0.792564
-1.72016 0.812224
-1.82442 0.888093
-1.75857 0.832124
-1.76955 0.857339
-1.81893 0.872648
-1.82442 0.872648
-1.84088 0.893271
-1.81344 0.888093
-1.87929 0.940554
-1.82442 0.908897
-1.8299 0.908897
-1.81344 0.898465
-1.81344 0.88293
-1.78601 0.86753
-1.85185 0.908897
-1.79698 0.888093
-1.83539 0.914135
-1.83539 0.908897
-1.80247 0.893271
-1.86831 0.924658
-1.85734 0.903673
-1.80247 0.86753
-1.80247 0.837137
-1.77503 0.832124
-1.68176 0.777977
-1.70919 0.822144
-1.71468 0.837137
-1.72016 0.832124
-1.78052 0.852266
-1.87929 0.929941
-1.87929 0.93524
-1.75857 0.857339
-1.72565 0.842165
-1.76955 0.872648
-1.75857 0.86753
-1.8299 0.898465
-1.84088 0.898465
-1.85734 0.919389
-1.8299 0.898465
-1.82442 0.903673
-1.7915 0.888093
-1.72565 0.842165
-1.7476 0.86753
-1.7915 0.86753
-1.71468 0.832124
-1.81893 0.898465
-1.78052 0.86753
-1.77503 0.862427
-1.86283 0.924658
-1.81893 0.903673
-1.89026 0.940554
-1.83539 0.903673
-1.74211 0.852266
-1.75857 0.847208
-1.7915 0.872648
-1.86831 0.929941
-1.85185 0.914135
-1.85734 0.914135
-1.86283 0.914135
-1.86283 0.914135
-1.80247 0.888093
-1.81893 0.898465
-1.8299 0.898465
-1.81344 0.88293
-1.78601 0.862427
-1.73114 0.832124
-1.80247 0.872648
-1.78601 0.877781
-1.84088 0.914135
-1.85185 0.919389
-1.89026 0.940554
-1.92318 0.956586
-1.86283 0.929941
-1.85734 0.908897
-1.86831 0.929941
-1.87929 0.929941
-1.88477 0.940554
-1.86283 0.919389
-1.90123 0.945883
-1.86283 0.919389
-1.88477 0.929941
-1.80796 0.877781
-1.82442 0.888093
-1.78601 0.872648
-1.80796 0.877781
-1.7476 0.827127
-1.76955 0.852266
-1.74211 0.837137
-1.70919 0.832124
-1.78601 0.862427
-1.72016 0.837137
-1.77503 0.842165
-1.77503 0.842165
-1.7915 0.86753
-1.8299 0.893271
-1.82442 0.893271
-1.77503 0.837137
-1.7476 0.817176
-1.78052 0.827127
-1.77503 0.817176
-1.68724 0.792564
-1.78601 0.847208
-1.7476 0.827127
-1.68724 0.807286
-1.73114 0.812224
-1.70919 0.827127
-1.78601 0.86753
-1.85185 0.888093
-1.81344 0.847208
-1.7476 0.812224
-1.73114 0.842165
-1.74211 0.827127
-1.71468 0.773145
-1.74211 0.763526
-1.73114 0.773145
-1.69822 0.777977
-1.67627 0.763526
-1.68176 0.782824
-1.68176 0.807286
-1.7476 0.857339
-1.85734 0.924658
-1.81344 0.893271
-1.89026 0.93524
-1.80796 0.88293
-1.81344 0.893271
-1.78601 0.888093
-1.79698 0.888093
-1.76955 0.877781
-1.8299 0.903673
-1.7915 0.888093
-1.85734 0.914135
-1.8299 0.898465
-1.83539 0.903673
-1.85734 0.924658
-1.84636 0.914135
-1.87929 0.929941
-1.89026 0.940554
-1.85185 0.914135
-1.8299 0.898465
-1.81344 0.893271
-1.80247 0.872648
-1.75309 0.852266
-1.79698 0.88293
-1.90123 0.940554
-1.87929 0.93524
-1.90672 0.951227
-1.8299 0.893271
-1.72565 0.852266
-1.70919 0.822144
-1.67078 0.792564
-1.69822 0.787687
-1.7037 0.807286
-1.75857 0.857339
-1.8299 0.908897
-1.87929 0.924658
-1.87929 0.929941
-1.85734 0.924658
-1.90672 0.945883
-1.87929 0.93524
-1.86831 0.93524
-1.81893 0.888093
-1.80247 0.857339
-1.81893 0.847208
-1.81893 0.872648
-1.78601 0.872648
-1.7915 0.877781
-1.81344 0.888093
-1.83539 0.908897
-1.73114 0.827127
-1.81344 0.877781
-1.80796 0.862427
-1.7915 0.857339
-1.84636 0.888093
-1.8299 0.88293
-1.86831 0.914135
-1.8299 0.893271
-1.83539 0.908897
-1.78601 0.877781
-1.81344 0.903673
-1.84088 0.914135
-1.84088 0.908897
-1.80796 0.877781
-1.81893 0.893271
-1.7476 0.86753
-1.80796 0.888093
-1.79698 0.893271
-1.83539 0.908897
-1.86283 0.914135
-1.86831 0.924658
-1.8299 0.914135
-1.78601 0.88293
-1.7915 0.893271
-1.80247 0.898465
-1.80247 0.88293
-1.81893 0.898465
-1.87929 0.93524
-1.91221 0.951227
-1.91221 0.945883
-1.86831 0.924658
-1.91221 0.956586
-1.85185 0.914135
-1.80247 0.88293
-1.74211 0.842165
-1.78601 0.877781
-1.79698 0.86753
-1.73663 0.827127
-1.81344 0.898465
-1.84088 0.914135
-1.82442 0.893271
-1.81893 0.888093
-1.85185 0.903673
-1.80796 0.888093
-1.92867 0.96196
-1.91221 0.945883
-1.89026 0.940554
-1.79698 0.888093
-1.76406 0.862427
-1.81893 0.888093
-1.7476 0.862427
-1.77503 0.857339
-1.7915 0.86753
-1.7915 0.888093
-1.7915 0.88293
-1.73114 0.827127
-1.77503 0.852266
-1.82442 0.893271
-1.88477 0.929941
-1.8738 0.924658
-1.87929 0.93524
-1.82442 0.908897
-1.86283 0.924658
-1.86831 0.929941
-1.88477 0.940554
-1.9177 0.956586
-1.91221 0.956586
-1.90672 0.951227
-1.90123 0.929941
-1.81893 0.898465
-1.89026 0.93524
-1.92318 0.96196
-1.87929 0.929941
-1.85734 0.919389
-1.84636 0.903673
-1.81893 0.888093
-1.80247 0.88293
-1.89026 0.945883
-1.85734 0.919389
-1.82442 0.898465
-1.87929 0.929941
-1.84088 0.86753
-1.82442 0.842165
-1.81893 0.837137
-1.81344 0.837137
-1.80247 0.847208
-1.76406 0.842165
-1.69273 0.807286
-1.69273 0.792564
-1.81344 0.847208
-1.7915 0.857339
-1.78601 0.86753
-1.81344 0.888093
-1.79698 0.877781
-1.76955 0.872648
-1.78052 0.86753
-1.76406 0.872648
-1.7915 0.862427
-1.7915 0.888093
-1.71468 0.847208
-1.76406 0.857339
-1.73663 0.847208
-1.83539 0.914135
-1.85734 0.924658
-1.81344 0.893271
-1.88477 0.93524
-1.89575 0.945883
-1.85185 0.919389
-1.90672 0.945883
-1.89575 0.929941
-1.8299 0.893271
-1.84088 0.908897
-1.84636 0.914135
-1.89575 0.940554
-1.92318 0.96196
-1.90123 0.940554
-1.84088 0.908897
-1.78601 0.872648
-1.78601 0.862427
-1.76406 0.857339
-1.81344 0.893271
-1.77503 0.852266
-1.73663 0.802364
-1.79698 0.86753
-1.83539 0.908897
-1.86831 0.929941
-1.84636 0.908897
-1.7915 0.888093
-1.85734 0.914135
-1.73114 0.807286
-1.7476 0.852266
-1.85185 0.919389
-1.84636 0.919389
-1.8738 0.93524
-1.92867 0.96196
-1.93964 0.96196
-1.88477 0.940554
-1.81893 0.898465
-1.78601 0.877781
-1.84088 0.903673
-1.80796 0.88293
-1.84088 0.893271
-1.80796 0.86753
-1.85734 0.903673
-1.84636 0.914135
-1.81893 0.888093
-1.84636 0.914135
-1.80247 0.888093
-1.89026 0.940554
-1.82442 0.88293
-1.79698 0.862427
-1.83539 0.86753
-1.80796 0.847208
-1.76406 0.852266
-1.76406 0.847208
-1.78052 0.847208
-1.69273 0.807286
-1.77503 0.852266
-1.76955 0.847208
-1.78052 0.837137
-1.7037 0.74921
-1.72016 0.730333
-1.7476 0.782824
-1.65981 0.739742
-1.69822 0.716334
-1.77503 0.812224
-1.82442 0.862427
-1.77503 0.837137
-1.75857 0.817176
-1.78052 0.817176
-1.68176 0.773145
-1.72016 0.832124
-1.76955 0.862427
-1.80247 0.877781
-1.80796 0.86753
-1.8299 0.86753
-1.80796 0.842165
-1.81344 0.862427
-1.78601 0.857339
-1.85185 0.919389
-1.81893 0.888093
-1.81893 0.88293
-1.80796 0.898465
-1.85185 0.919389
-1.83539 0.908897
-1.80247 0.888093
-1.92867 0.951227
-1.83539 0.914135
-1.85185 0.908897
-1.81893 0.893271
-1.80796 0.893271
-1.78052 0.857339
-1.78052 0.86753
-1.84636 0.919389
-1.78601 0.88293
-1.87929 0.929941
-1.88477 0.924658
-1.85185 0.903673
-1.83539 0.888093
-1.84636 0.893271
-1.87929 0.914135
-1.8299 0.888093
-1.8299 0.898465
-1.8738 0.919389
-1.91221 0.951227
-1.78052 0.842165
-1.76955 0.852266
-1.73663 0.842165
-1.76955 0.862427
-1.73114 0.837137
-1.76955 0.872648
-1.85734 0.919389
-1.8299 0.877781
-1.80247 0.877781
-1.83539 0.893271
-1.83539 0.903673
-1.84636 0.903673
-1.85734 0.908897
-1.85734 0.929941
-1.78052 0.88293
-1.83539 0.888093
-1.8738 0.929941
-1.84636 0.914135
-1.81344 0.888093
-1.85185 0.908897
-1.87929 0.93524
-1.7915 0.872648
-1.82442 0.903673
-1.89575 0.93524
-1.84636 0.919389
-1.81344 0.898465
-1.86283 0.924658
-1.86831 0.924658
-1.87929 0.924658
-1.86283 0.924658
-1.89026 0.940554
-1.86831 0.929941
-1.85734 0.919389
-1.78601 0.872648
-1.83539 0.908897
-1.84636 0.914135
-1.89026 0.940554
-1.89026 0.940554
-1.83539 0.903673
-1.82442 0.914135
-1.80796 0.877781
-1.84088 0.903673
-1.89026 0.929941
-1.86283 0.924658
-1.81893 0.893271
-1.84088 0.914135
-1.92318 0.96196
-1.89026 0.940554
-1.89575 0.945883
-1.90123 0.951227
-1.88477 0.93524
-1.93416 0.967349
-1.84088 0.903673
-1.90123 0.945883
-1.8738 0.93524
-1.84636 0.914135
-1.87929 0.93524
-1.89026 0.940554
-1.87929 0.929941
-1.8299 0.908897
-1.84088 0.914135
-1.85734 0.924658
-1.92318 0.956586
-1.89026 0.945883
-1.84636 0.908897
-1.8299 0.908897
-1.85185 0.888093
-1.84636 0.888093
-1.86283 0.919389
-1.84636 0.908897
-1.84088 0.914135
-1.76955 0.862427
-1.75309 0.847208
-1.78052 0.857339
-1.69822 0.822144
-1.76406 0.847208
-1.78601 0.872648
-1.87929 0.929941
-1.89575 0.908897
-1.90672 0.929941
-1.88477 0.93524
-1.77503 0.872648
-1.7915 0.86753
-1.81893 0.898465
-1.86831 0.93524
-1.86831 0.919389
-1.86831 0.929941
-1.85734 0.924658
-1.79698 0.893271
-1.84636 0.914135
-1.84088 0.903673
-1.8299 0.903673
-1.84636 0.898465
-1.83539 0.898465
-1.86831 0.898465
-1.85185 0.914135
-1.79698 0.88293
-1.83539 0.914135
-1.76955 0.86753
-1.82442 0.914135
-1.8299 0.893271
-1.8738 0.924658
-1.79698 0.877781
-1.80796 0.877781
-1.76955 0.857339
-1.81344 0.877781
-1.83539 0.908897
-1.78601 0.877781
-1.81344 0.898465
-1.76406 0.862427
-1.82442 0.893271
-1.84088 0.893271
-1.8299 0.903673
-1.78052 0.86753
-1.80796 0.877781
-1.76406 0.852266
-1.76955 0.827127
-1.78601 0.872648
-1.81344 0.893271
-1.74211 0.857339
-1.84088 0.898465
-1.75309 0.847208
-1.70919 0.842165
-1.86283 0.924658
-1.88477 0.93524
-1.89575 0.945883
-1.88477 0.940554
-1.8299 0.898465
-1.80247 0.86753
-1.84088 0.903673
-1.82442 0.908897
-1.85185 0.924658
-1.78601 0.877781
-1.76955 0.862427
-1.72565 0.832124
-1.81893 0.893271
-1.80247 0.877781
-1.81344 0.88293
-1.81893 0.877781
-1.76955 0.842165
-1.73663 0.827127
-1.76955 0.847208
-1.81344 0.862427
-1.79698 0.872648
-1.73114 0.822144
-1.7476 0.847208
-1.81344 0.893271
-1.8299 0.893271
-1.83539 0.893271
-1.84636 0.903673
-1.79698 0.88293
-1.78052 0.862427
-1.7476 0.852266
-1.7915 0.888093
-1.80796 0.898465
-1.80796 0.893271
-1.80796 0.893271
-1.80247 0.893271
-1.80796 0.893271
-1.82442 0.903673
-1.81344 0.898465
-1.84088 0.908897
-1.80247 0.877781
-1.82442 0.888093
-1.83539 0.903673
-1.90672 0.951227
-1.9561 0.978173
-1.92318 0.96196
-1.86831 0.924658
-1.76406 0.852266
-1.76955 0.857339
-1.7915 0.872648
-1.76406 0.852266
-1.80796 0.872648
-1.80247 0.877781
-1.78601 0.837137
-1.80796 0.837137
-1.80796 0.842165
-1.72016 0.787687
-1.7476 0.802364
-1.74211 0.787687
-1.75309 0.807286
-1.76406 0.817176
-1.78052 0.817176
-1.81893 0.852266
-1.77503 0.847208
-1.77503 0.862427
-1.78601 0.88293
-1.82442 0.898465
-1.86283 0.924658
-1.85185 0.914135
-1.90123 0.945883
-1.84636 0.903673
-1.86831 0.919389
-1.81344 0.888093
-1.76406 0.852266
-1.78052 0.862427
-1.83539 0.88293
-1.81893 0.88293
-1.81344 0.893271
-1.92318 0.956586
-1.93416 0.967349
-1.86831 0.929941
-1.79698 0.888093
-1.78601 0.872648
-1.75309 0.822144
-1.68724 0.777977
-1.72016 0.817176
-1.73663 0.812224
-1.67627 0.753967
-1.72565 0.768328
-1.73114 0.787687
-1.79698 0.852266
-1.80796 0.862427
-1.8299 0.88293
-1.78052 0.807286
-1.73663 0.787687
-1.73663 0.777977
-1.73663 0.768328
-1.69273 0.73503
-1.68724 0.758739
-1.7915 0.827127
-1.75857 0.827127
-1.76406 0.812224
-1.74211 0.787687
-1.75857 0.817176
-1.76406 0.847208
-1.78052 0.817176
-1.82442 0.872648
-1.81344 0.847208
-1.80796 0.893271
-1.81893 0.888093
-1.86831 0.924658
-1.86283 0.929941
-1.86831 0.924658
-1.83539 0.914135
-1.76406 0.862427
-1.76406 0.857339
-1.83539 0.903673
-1.81344 0.893271
-1.8738 0.93524
-1.92867 0.96196
-1.89026 0.940554
-1.8738 0.93524
-1.87929 0.940554
-1.89026 0.940554
-1.83539 0.898465
-1.78601 0.86753
-1.80247 0.893271
-1.80247 0.898465
-1.8299 0.903673
-1.87929 0.93524
-1.81893 0.908897
-1.8738 0.929941
-1.86831 0.924658
-1.78601 0.862427
-1.82442 0.88293
-1.7476 0.852266
-1.7476 0.832124
-1.81344 0.862427
-1.8299 0.888093
-1.89026 0.940554
-1.86283 0.924658
-1.78601 0.877781
-1.77503 0.86753
-1.76406 0.857339
-1.80247 0.888093
-1.76406 0.862427
-1.77503 0.877781
-1.84088 0.914135
-1.84636 0.903673
-1.85185 0.914135
-1.84088 0.898465
-1.82442 0.888093
-1.80796 0.898465
-1.8299 0.893271
-1.76406 0.857339
-1.8299 0.872648
-1.80796 0.888093
-1.81893 0.898465
-1.82442 0.908897
-1.83539 0.903673
-1.7915 0.88293
-1.81893 0.893271
-1.81344 0.877781
-1.93416 0.96196
-1.85734 0.903673
-1.77503 0.862427
-1.75309 0.842165
-1.67627 0.792564
-1.72016 0.777977
-1.72016 0.777977
-1.72016 0.787687
-1.7476 0.812224
-1.80247 0.842165
-1.84088 0.88293
-1.81344 0.847208
-1.78601 0.857339
-1.73114 0.837137
-1.70919 0.792564
-1.76406 0.847208
-1.72016 0.847208
-1.7476 0.852266
-1.79698 0.888093
-1.77503 0.862427
-1.75857 0.862427
-1.81344 0.893271
-1.8299 0.898465
-1.82442 0.903673
-1.89026 0.93524
-1.86831 0.924658
-1.85734 0.919389
-1.8738 0.93524
-1.91221 0.951227
-1.80247 0.893271
-1.77503 0.86753
-1.75309 0.86753
-1.80796 0.877781
-1.73663 0.852266
-1.73114 0.847208
-1.78052 0.862427
-1.75309 0.827127
-1.78601 0.842165
-1.79698 0.86753
-1.79698 0.872648
-1.75857 0.832124
-1.81893 0.898465
-1.81344 0.877781
-1.78052 0.877781
-1.7476 0.852266
-1.78052 0.872648
-1.79698 0.872648
-1.75857 0.86753
-1.76406 0.857339
-1.79698 0.88293
-1.78052 0.837137
-1.84088 0.888093
-1.76406 0.852266
-1.84088 0.893271
-1.84088 0.903673
-1.88477 0.940554
-1.89575 0.945883
-1.92318 0.96196
-1.89026 0.93524
-1.78052 0.872648
-1.86831 0.924658
-1.81344 0.898465
-1.89026 0.940554
-1.86831 0.898465
-1.8299 0.888093
-1.7915 0.857339
-1.71468 0.802364
-1.73114 0.812224
-1.69273 0.812224
-1.7476 0.842165
-1.74211 0.837137
-1.7476 0.857339
-1.81893 0.903673
-1.82442 0.893271
-1.82442 0.903673
-1.86831 0.929941
-1.89575 0.945883
-1.80247 0.88293
-1.7915 0.88293
-1.86283 0.919389
-1.89575 0.919389
-1.86831 0.903673
-1.80796 0.88293
-1.75309 0.837137
-1.75857 0.847208
-1.72565 0.852266
-1.81344 0.88293
-1.85185 0.914135
-1.89026 0.940554
-1.91221 0.956586
-1.84088 0.908897
-1.81344 0.898465
-1.80796 0.877781
-1.76955 0.862427
-1.76406 0.847208
-1.7476 0.847208
-1.82442 0.893271
-1.84088 0.898465
-1.78052 0.857339
-1.75857 0.857339
-1.84088 0.919389
-1.75857 0.857339
-1.80796 0.893271
-1.86831 0.924658
-1.86831 0.924658
-1.77503 0.877781
-1.78052 0.872648
-1.84636 0.908897
-1.91221 0.956586
-1.92867 0.96196
-1.92867 0.96196
-1.85734 0.924658
-1.81344 0.893271
-1.79698 0.88293
-1.81344 0.872648
-1.74211 0.847208
-1.71468 0.827127
-1.83539 0.898465
-1.89026 0.945883
-1.93416 0.967349
-1.86831 0.924658
-1.85734 0.924658
-1.8299 0.88293
-1.79698 0.877781
-1.76955 0.852266
-1.74211 0.847208
-1.76406 0.847208
-1.82442 0.898465
-1.86831 0.919389
-1.85185 0.924658
-1.8299 0.893271
-1.81344 0.893271
-1.73114 0.827127
-1.70919 0.827127
-1.78601 0.86753
-1.7915 0.852266
-1.7476 0.822144
-1.78052 0.862427
-1.86831 0.903673
-1.8738 0.924658
-1.86283 0.924658
-1.94513 0.967349
-1.94513 0.972753
-1.95062 0.967349
-1.87929 0.93524
-1.85185 0.924658
-1.81893 0.893271
-1.76406 0.847208
-1.78052 0.852266
-1.77503 0.862427
-1.76955 0.857339
-1.78601 0.852266
-1.85185 0.903673
-1.80247 0.893271
-1.83539 0.914135
-1.86283 0.924658
-1.85185 0.924658
-1.86831 0.919389
-1.90123 0.945883
-1.87929 0.93524
-1.86831 0.914135
-1.84636 0.898465
-1.84088 0.893271
-1.85734 0.908897
-1.82442 0.893271
-1.75857 0.847208
-1.77503 0.852266
-1.73114 0.822144
-1.80796 0.857339
-1.79698 0.877781
-1.81893 0.893271
-1.85734 0.914135
-1.83539 0.908897
-1.89026 0.940554
-1.84088 0.903673
-1.79698 0.86753
-1.79698 0.872648
-1.76406 0.852266
-1.78601 0.872648
-1.87929 0.908897
-1.82442 0.888093
-1.80796 0.893271
-1.81893 0.877781
-1.8738 0.924658
-1.88477 0.940554
-1.85185 0.919389
-1.73663 0.842165
-1.76406 0.852266
-1.89026 0.940554
-1.86283 0.919389
-1.87929 0.924658
-1.83539 0.903673
-1.79698 0.888093
-1.83539 0.914135
-1.8299 0.903673
-1.76406 0.857339
-1.7915 0.862427
-1.84636 0.898465
-1.84636 0.893271
-1.78601 0.86753
-1.79698 0.88293
-1.7476 0.852266
-1.69822 0.842165
-1.77503 0.852266
-1.8299 0.903673
-1.86831 0.929941
-1.8738 0.914135
-1.84088 0.908897
-1.84636 0.924658
-1.84636 0.914135
-1.86831 0.924658
-1.81893 0.903673
-1.8299 0.908897
-1.84636 0.914135
-1.81344 0.898465
-1.78052 0.88293
-1.80796 0.88293
-1.7915 0.847208
-1.81893 0.898465
-1.80247 0.857339
-1.87929 0.919389
-1.84088 0.903673
-1.86831 0.924658
-1.81344 0.888093
-1.8299 0.893271
-1.78601 0.857339
-1.76406 0.862427
-1.81344 0.888093
-1.83539 0.914135
-1.84636 0.919389
-1.81344 0.903673
-1.72016 0.837137
-1.76955 0.852266
-1.72565 0.837137
-1.71468 0.827127
-1.78052 0.842165
-1.7915 0.862427
-1.76955 0.862427
-1.7476 0.832124
-1.76955 0.847208
-1.84088 0.898465
-1.80796 0.872648
-1.89575 0.940554
-1.9177 0.951227
-1.8299 0.903673
-1.85185 0.924658
-1.86831 0.919389
-1.73114 0.842165
-1.80796 0.877781
-1.84636 0.919389
-1.8299 0.898465
-1.89575 0.93524
-1.86283 0.929941
-1.78052 0.877781
-1.81344 0.888093
-1.8299 0.903673
-1.83539 0.898465
-1.84088 0.898465
-1.79698 0.877781
-1.78601 0.872648
-1.87929 0.93524
-1.8299 0.908897
-1.85185 0.924658
-1.80247 0.898465
-1.81344 0.903673
-1.75857 0.857339
-1.82442 0.908897
-1.88477 0.929941
-1.88477 0.924658
-1.85185 0.893271
-1.76955 0.862427
-1.73114 0.827127
-1.7915 0.86753
-1.80796 0.847208
-1.84636 0.898465
-1.82442 0.88293
-1.84636 0.898465
-1.76955 0.86753
-1.84088 0.88293
-1.84088 0.908897
-1.86283 0.919389
-1.77503 0.857339
-1.81344 0.872648
-1.75857 0.857339
-1.8299 0.898465
-1.81893 0.888093
-1.8299 0.898465
-1.85185 0.919389
-1.83539 0.908897
-1.85185 0.914135
-1.91221 0.951227
-1.88477 0.93524
-1.82442 0.903673
-1.84636 0.919389
-1.81893 0.898465
-1.7915 0.877781
-1.81344 0.888093
-1.81344 0.888093
-1.81893 0.898465
-1.84636 0.919389
-1.78052 0.86753
-1.81893 0.888093
-1.85185 0.908897
-1.77503 0.86753
-1.81344 0.893271
-1.80796 0.88293
-1.85185 0.919389
-1.84636 0.919389
-1.81893 0.888093
-1.8299 0.88293
-1.81344 0.88293
-1.85734 0.903673
-1.88477 0.929941
-1.81344 0.898465
-1.81344 0.898465
-1.73663 0.832124
-1.72565 0.827127
-1.76955 0.857339
-1.78601 0.862427
-1.80796 0.877781
-1.79698 0.852266
-1.72016 0.817176
-1.75857 0.857339
-1.8299 0.893271
-1.76955 0.86753
-1.80247 0.852266
-1.80796 0.88293
-1.79698 0.888093
-1.83539 0.903673
-1.92867 0.956586
-1.90123 0.93524
-1.85185 0.919389
-1.84088 0.898465
-1.89026 0.93524
-1.89026 0.93524
-1.89575 0.940554
-1.86831 0.929941
-1.94513 0.972753
-1.95062 0.972753
-1.89026 0.940554
-1.84088 0.903673
-1.88477 0.93524
-1.86283 0.929941
-1.84636 0.914135
-1.86283 0.924658
-1.73663 0.827127
-1.79698 0.872648
-1.81893 0.893271
-1.82442 0.898465
-1.79698 0.893271
-1.78052 0.877781
-1.85185 0.914135
-1.86283 0.924658
-1.85185 0.914135
-1.87929 0.93524
-1.81893 0.898465
-1.80796 0.888093
-1.80796 0.893271
-1.83539 0.893271
-1.78052 0.86753
-1.80247 0.877781
-1.84088 0.893271
-1.86283 0.903673
-1.86283 0.919389
-1.86283 0.919389
-1.81344 0.88293
-1.8299 0.893271
-1.89575 0.93524
-1.86283 0.929941
-1.84088 0.914135
-1.85185 0.914135
-1.91221 0.951227
-1.88477 0.940554
-1.86831 0.924658
-1.83539 0.903673
-1.78601 0.877781
-1.85734 0.929941
-1.8738 0.93524
-1.93416 0.967349
-1.92318 0.956586
-1.90123 0.945883
-1.84636 0.914135
-1.82442 0.908897
-1.83539 0.903673
-1.89575 0.945883
-1.90123 0.951227
-1.90123 0.945883
-1.81344 0.888093
-1.80796 0.898465
-1.86831 0.929941
-1.80796 0.903673
-1.81893 0.898465
-1.81344 0.893271
-1.79698 0.88293
-1.72565 0.847208
-1.7915 0.86753
-1.85185 0.914135
-1.86831 0.919389
-1.85734 0.908897
-1.78052 0.872648
-1.79698 0.847208
-1.82442 0.903673
-1.82442 0.893271
-1.81344 0.893271
-1.80247 0.88293
-1.85185 0.914135
-1.90672 0.951227
-1.82442 0.86753
-1.71468 0.827127
-1.72565 0.837137
-1.72016 0.787687
-1.73663 0.802364
-1.80796 0.827127
-1.78601 0.857339
-1.81893 0.857339
-1.7915 0.877781
-1.73114 0.837137
-1.73114 0.817176
-1.76955 0.862427
-1.78601 0.842165
-1.77503 0.862427
-1.7915 0.872648
-1.83539 0.914135
-1.8738 0.93524
-1.85185 0.914135
-1.86283 0.914135
-1.81893 0.88293
-1.7915 0.88293
-1.81344 0.893271
-1.79698 0.893271
-1.81893 0.893271
-1.78601 0.86753
-1.7476 0.842165
-1.70919 0.842165
-1.77503 0.86753
-1.7915 0.877781
-1.83539 0.919389
-1.75309 0.862427
-1.70919 0.802364
-1.71468 0.797456
-1.73114 0.812224
-1.7476 0.837137
-1.75309 0.847208
-1.76406 0.852266
-1.78601 0.88293
-1.73663 0.857339
-1.75309 0.842165
-1.77503 0.857339
-1.7037 0.787687
-1.72016 0.832124
-1.75309 0.837137
-1.74211 0.837137
-1.83539 0.888093
-1.87929 0.940554
-1.90672 0.945883
-1.90123 0.945883
-1.86283 0.924658
-1.8299 0.908897
-1.80796 0.893271
-1.74211 0.847208
-1.67627 0.802364
-1.71468 0.827127
-1.76955 0.847208
-1.85734 0.908897
-1.7915 0.88293
-1.8299 0.898465
-1.86283 0.924658
-1.90672 0.951227
-1.89026 0.940554
-1.89575 0.945883
-1.8299 0.903673
-1.94513 0.967349
-1.89026 0.93524
-1.8738 0.924658
-1.92318 0.951227
-1.86831 0.929941
-1.77503 0.877781
-1.70919 0.847208
-1.75309 0.857339
-1.78052 0.872648
-1.80247 0.888093
-1.78052 0.877781
-1.7037 0.812224
-1.71468 0.817176
-1.73663 0.832124
-1.7915 0.847208
-1.74211 0.827127
-1.72016 0.797456
-1.81893 0.857339
-1.76955 0.837137
-1.85185 0.903673
-1.81893 0.893271
-1.82442 0.877781
-1.80247 0.872648
-1.82442 0.88293
-1.86831 0.93524
-1.87929 0.940554
-1.90123 0.951227
-1.9177 0.956586
-1.92318 0.96196
-1.84088 0.914135
-1.86831 0.93524
-1.8738 0.93524
-1.84088 0.914135
-1.87929 0.93524
-1.92318 0.96196
-1.81893 0.903673
-1.84636 0.908897
-1.8738 0.929941
-1.89026 0.940554
-1.82442 0.898465
-1.78052 0.872648
-1.84636 0.924658
-1.84636 0.914135
-1.91221 0.951227
-1.86831 0.929941
-1.8299 0.898465
-1.86831 0.914135
-1.88477 0.919389
-1.90123 0.951227
-1.90123 0.951227
-1.89575 0.940554
-1.88477 0.929941
-1.87929 0.93524
-1.8738 0.93524
-1.9177 0.951227
-1.88477 0.93524
-1.76406 0.862427
-1.79698 0.888093
-1.89026 0.93524
-1.85734 0.914135
-1.77503 0.862427
-1.68724 0.777977
-1.69822 0.802364
-1.79698 0.872648
-1.81344 0.88293
-1.68724 0.807286
-1.8738 0.93524
-1.86831 0.919389
-1.81344 0.872648
-1.74211 0.832124
-1.80796 0.888093
-1.84088 0.898465
-1.78052 0.877781
-1.73663 0.847208
-1.77503 0.86753
-1.84636 0.903673
-1.78601 0.857339
-1.8299 0.893271
-1.90123 0.945883
-1.86831 0.929941
-1.80796 0.893271
-1.78052 0.852266
-1.76406 0.832124
-1.71468 0.837137
-1.7915 0.86753
-1.75857 0.872648
-1.79698 0.877781
-1.83539 0.908897
-1.79698 0.86753
-1.71468 0.807286
-1.84636 0.88293
-1.82442 0.877781
-1.84636 0.903673
-1.7476 0.862427
-1.73114 0.827127
-1.80247 0.872648
-1.76406 0.862427
-1.76406 0.852266
-1.7915 0.888093
-1.85734 0.914135
-1.83539 0.914135
-1.7476 0.847208
-1.7037 0.817176
-1.73114 0.822144
-1.65432 0.773145
-1.7476 0.852266
-1.76406 0.857339
-1.80247 0.893271
-1.73114 0.852266
-1.79698 0.893271
-1.85185 0.924658
-1.80247 0.877781
-1.73114 0.812224
-1.75857 0.837137
-1.73663 0.822144
-1.75857 0.842165
-1.75309 0.852266
-1.76406 0.852266
-1.81344 0.86753
-1.78052 0.847208
-1.79698 0.877781
-1.77503 0.86753
-1.73663 0.817176
-1.75309 0.817176
-1.69822 0.768328
-1.72565 0.758739
-1.78052 0.782824
-1.75309 0.782824
-1.75309 0.782824
-1.76955 0.792564
-1.77503 0.802364
-1.76406 0.827127
-1.67078 0.773145
-1.77503 0.837137
-1.80796 0.857339
-1.73663 0.832124
-1.76955 0.847208
-1.75857 0.86753
-1.81893 0.903673
-1.79698 0.88293
-1.84636 0.914135
-1.89575 0.93524
-1.86283 0.929941
-1.74211 0.842165
-1.8299 0.898465
-1.81344 0.898465
-1.85185 0.908897
-1.82442 0.903673
-1.86831 0.919389
-1.76955 0.877781
-1.8738 0.93524
-1.87929 0.908897
-1.84088 0.893271
-1.85185 0.893271
-1.89575 0.929941
-1.84636 0.919389
-1.8738 0.924658
-1.82442 0.898465
-1.78601 0.888093
-1.78052 0.877781
-1.78601 0.86753
-1.75309 0.852266
-1.72565 0.827127
-1.78052 0.86753
-1.7915 0.877781
-1.76955 0.877781
-1.73663 0.832124
-1.80247 0.852266
-1.8299 0.893271
-1.81893 0.888093
-1.8299 0.88293
-1.75857 0.842165
-1.81344 0.888093
-1.84636 0.914135
-1.9177 0.956586
-1.8299 0.898465
-1.84636 0.893271
-1.76406 0.847208
-1.75309 0.842165
-1.86283 0.919389
-1.84636 0.908897
-1.8738 0.924658
-1.84088 0.903673
-1.83539 0.908897
-1.82442 0.898465
-1.79698 0.872648
-1.84088 0.888093
-1.81893 0.877781
-1.85185 0.908897
-1.87929 0.919389
-1.87929 0.924658
-1.76406 0.852266
-1.76406 0.86753
-1.80247 0.86753
-1.81344 0.862427
-1.78052 0.837137
-1.73663 0.837137
-1.75857 0.857339
-1.83539 0.898465
-1.80247 0.88293
-1.83539 0.908897
-1.82442 0.903673
-1.80796 0.898465
-1.87929 0.93524
-1.92318 0.951227
-1.80796 0.88293
-1.82442 0.893271
-1.81344 0.893271
-1.79698 0.893271
-1.80796 0.888093
-1.85185 0.908897
-1.8738 0.919389
-1.76955 0.857339
-1.82442 0.903673
-1.75309 0.842165
-1.7476 0.847208
-1.80796 0.893271
-1.89575 0.929941
-1.84088 0.908897
-1.80247 0.893271
-1.8738 0.93524
-1.8738 0.914135
-1.84636 0.898465
-1.87929 0.908897
-1.83539 0.893271
-1.85734 0.898465
-1.78601 0.862427
-1.81344 0.893271
-1.81344 0.872648
-1.68176 0.807286
-1.74211 0.842165
-1.72565 0.837137
-1.82442 0.898465
-1.81893 0.888093
-1.90123 0.940554
-1.76406 0.862427
-1.8299 0.893271
-1.86283 0.924658
-1.86831 0.929941
-1.87929 0.929941
-1.86831 0.914135
-1.81344 0.877781
-1.8299 0.893271
-1.76406 0.852266
-1.80796 0.888093
-1.78601 0.872648
-1.81893 0.893271
-1.85185 0.908897
-1.80796 0.88293
-1.83539 0.903673
-1.84088 0.903673
-1.79698 0.872648
-1.80247 0.88293
-1.78052 0.88293
-1.76955 0.842165
-1.74211 0.812224
-1.80247 0.872648
-1.81893 0.86753
-1.84636 0.898465
-1.76955 0.877781
-1.77503 0.86753
-1.78052 0.872648
-1.7476 0.852266
-1.79698 0.898465
-1.8738 0.924658
-1.85734 0.908897
-1.81893 0.877781
-1.72565 0.847208
-1.82442 0.898465
-1.76406 0.86753
-1.80796 0.872648
-1.81893 0.888093
-1.82442 0.908897
-1.83539 0.908897
-1.86283 0.924658
-1.86831 0.929941
-1.86831 0.93524
-1.86831 0.924658
-1.86283 0.914135
-1.84088 0.903673
-1.86283 0.919389
-1.79698 0.877781
-1.7476 0.837137
-1.86831 0.919389
-1.83539 0.903673
-1.7915 0.888093
-1.86831 0.929941
-1.89575 0.945883
-1.91221 0.956586
-1.87929 0.93524
-1.84088 0.914135
-1.82442 0.877781
-1.76406 0.852266
-1.79698 0.832124
-1.78052 0.812224
-1.77503 0.847208
-1.84088 0.888093
-1.75857 0.837137
-1.71468 0.822144
-1.79698 0.88293
-1.77503 0.86753
-1.77503 0.862427
-1.78052 0.872648
-1.76406 0.857339
-1.81893 0.898465
-1.85734 0.919389
-1.84088 0.908897
-1.80796 0.88293
-1.7476 0.842165
-1.84636 0.898465
-1.80247 0.877781
-1.89026 0.940554
-1.8738 0.93524
-1.86283 0.924658
-1.84088 0.919389
-1.7476 0.857339
-1.78052 0.872648
-1.81344 0.903673
-1.8299 0.903673
-1.80796 0.888093
-1.83539 0.903673
-1.81893 0.877781
-1.8738 0.929941
-1.88477 0.919389
-1.90672 0.945883
-1.82442 0.898465
-1.70919 0.822144
-1.79698 0.872648
-1.79698 0.88293
-1.78601 0.872648
-1.73663 0.852266
-1.8299 0.903673
-1.81344 0.877781
-1.84088 0.914135
-1.81344 0.893271
-1.81344 0.898465
-1.77503 0.852266
-1.85185 0.908897
-1.7915 0.862427
-1.78052 0.842165
-1.78601 0.877781
-1.80247 0.88293
-1.8738 0.914135
-1.8738 0.919389
-1.85185 0.898465
-1.78601 0.862427
-1.76406 0.857339
-1.79698 0.888093
-1.81893 0.898465
-1.84088 0.903673
-1.84636 0.903673
-1.84636 0.914135
-1.84636 0.914135
-1.89026 0.940554
-1.88477 0.93524
-1.8299 0.903673
-1.7915 0.872648
-1.7476 0.857339
-1.8299 0.903673
-1.84088 0.903673
-1.8738 0.919389
-1.81893 0.903673
-1.84636 0.914135
-1.88477 0.929941
-1.80247 0.872648
-1.86831 0.924658
-1.87929 0.93524
-1.8299 0.903673
-1.75857 0.852266
-1.77503 0.872648
-1.83539 0.908897
-1.7915 0.888093
-1.73663 0.827127
-1.81344 0.893271
-1.80247 0.86753
-1.80247 0.872648
-1.80796 0.86753
-1.80796 0.86753
-1.75309 0.842165
-1.7915 0.847208
-1.77503 0.852266
-1.81344 0.86753
-1.80796 0.88293
-1.74211 0.852266
-1.78052 0.852266
-1.80247 0.852266
-1.7915 0.86753
-1.83539 0.877781
-1.8299 0.872648
-1.82442 0.893271
-1.83539 0.898465
