-2 1
-1.82442 0.898465
-1.75309 0.857339
-1.75857 0.86753
-1.67078 0.797456
-1.62689 0.763526
-1.65981 0.802364
-1.58848 0.744468
-1.5775 0.74921
-1.61043 0.763526
-1.58299 0.73503
-1.51715 0.66169
-1.50069 0.66616
-1.37449 0.530559
-1.4513 0.538583
-1.4952 0.630815
-1.45679 0.648367
-1.36351 0.583788
-1.40741 0.596433
-1.52263 0.587988
-1.41838 0.52657
-1.46228 0.52657
-1.34705 0.464791
-1.36351 0.502951
-1.34705 0.522596
-1.34156 0.476081
-1.39643 0.538583
-1.33608 0.518637
-1.29218 0.502951
-1.30316 0.435347
-1.37997 0.479875
-1.29218 0.435347
-1.34156 0.50685
-1.39643 0.542617
-1.52812 0.643957
-1.53909 0.648367
-1.5775 0.707076
-1.51166 0.600678
-1.50069 0.592203
-1.48971 0.587988
-1.52263 0.617809
-1.46776 0.604938
-1.46776 0.635181
-1.52812 0.657234
-1.50617 0.600678
-1.46228 0.579603
-1.46228 0.571279
-1.47874 0.575434
-1.48971 0.613504
-1.46228 0.571279
-1.52263 0.558905
-1.53909 0.583788
-1.48422 0.534564
-1.42936 0.542617
-1.369 0.487507
-1.42387 0.487507
-1.37997 0.453636
-1.44582 0.510764
-1.4513 0.461058
-1.41289 0.487507
-1.40192 0.502951
-1.22085 0.399896
-1.27572 0.375976
-1.33059 0.438974
-1.25926 0.399896
-1.28669 0.438974
-1.33608 0.438974
-1.41289 0.435347
-1.47325 0.502951
-1.44582 0.476081
-1.37449 0.491345
-1.40741 0.461058
-1.44033 0.542617
-1.52812 0.587988
-1.52263 0.613504
-1.56104 0.697878
-1.67627 0.792564
-1.58848 0.753967
-1.56653 0.720985
-1.55556 0.716334
-1.43484 0.626465
-1.37997 0.596433
-1.51715 0.643957
-1.48422 0.643957
-1.55007 0.670646
-1.41289 0.575434
-1.40741 0.604938
-1.33059 0.510764
-1.35802 0.438974
-1.3251 0.464791
-1.37449 0.476081
-1.41838 0.563015
-1.41289 0.579603
-1.52263 0.583788
-1.51166 0.579603
-1.50617 0.613504
-1.4513 0.550731
-1.4513 0.587988
-1.47874 0.558905
-1.42936 0.483683
-1.33059 0.453636
-1.27023 0.386137
-1.29218 0.36595
-1.27572 0.403373
-1.35254 0.45734
-1.44582 0.495199
-1.50069 0.534564
-1.50617 0.495199
-1.51715 0.558905
-1.46228 0.567139
-1.35802 0.502951
-1.38546 0.55481
-1.43484 0.575434
-1.41838 0.567139
-1.29767 0.499068
-1.29767 0.449948
-1.41838 0.483683
-1.4952 0.542617
-1.46228 0.550731
-1.50069 0.643957
-1.50069 0.622129
-1.51166 0.617809
-1.50069 0.617809
-1.48971 0.583788
-1.53361 0.575434
-1.52263 0.567139
-1.58848 0.55481
-1.52812 0.571279
-1.4513 0.530559
-1.45679 0.468539
-1.48422 0.483683
-1.41289 0.464791
-1.40741 0.461058
-1.41838 0.435347
-1.4513 0.534564
-1.47874 0.495199
-1.42936 0.464791
-1.37997 0.449948
-1.54458 0.583788
-1.46228 0.499068
-1.34156 0.410373
-1.35802 0.420986
-1.40741 0.446275
-1.33608 0.438974
-1.34156 0.406865
-1.42387 0.476081
-1.369 0.435347
-1.34705 0.449948
-1.25377 0.372619
-1.43484 0.468539
-1.50069 0.483683
-1.43484 0.453636
-1.33608 0.428136
-1.34156 0.420986
-1.40741 0.438974
-1.30316 0.396433
-1.36351 0.386137
-1.41289 0.389554
-1.35254 0.317855
-1.36351 0.320956
-1.33608 0.362639
-1.42387 0.468539
-1.41289 0.50685
-1.34156 0.479875
-1.40741 0.45734
-1.41838 0.510764
-1.33608 0.487507
-1.26475 0.428136
-1.37997 0.518637
-1.35254 0.518637
-1.37997 0.546667
-1.3251 0.495199
-1.34156 0.479875
-1.3251 0.483683
-1.42936 0.534564
-1.33059 0.476081
-1.37997 0.487507
-1.34705 0.50685
-1.53361 0.550731
-1.47325 0.542617
-1.45679 0.50685
-1.46776 0.530559
-1.34156 0.491345
-1.31962 0.472303
-1.43484 0.514693
-1.38546 0.495199
-1.34156 0.403373
-1.28121 0.392986
-1.1989 0.343084
-1.20439 0.346306
-1.31413 0.339878
-1.29767 0.343084
-1.17695 0.305601
-1.18793 0.231824
-1.18244 0.250686
-1.20439 0.273146
-1.17147 0.237138
-1.17695 0.264611
-1.23731 0.343084
-1.26475 0.379348
-1.43484 0.495199
-1.29767 0.461058
-1.38546 0.487507
-1.48971 0.583788
-1.39095 0.563015
-1.39095 0.575434
-1.46776 0.622129
-1.39643 0.596433
-1.44582 0.604938
-1.40741 0.55481
-1.50617 0.579603
-1.39643 0.518637
-1.36351 0.502951
-1.47874 0.550731
-1.48971 0.630815
-1.39095 0.609213
-1.41289 0.600678
-1.47325 0.626465
-1.45679 0.648367
-1.56104 0.711697
-1.55007 0.675147
-1.48971 0.635181
-1.42936 0.626465
-1.37997 0.542617
-1.48971 0.609213
-1.53361 0.657234
-1.40741 0.558905
-1.41838 0.55481
-1.42387 0.550731
-1.41289 0.563015
-1.41289 0.534564
-1.51166 0.596433
-1.4513 0.604938
-1.40192 0.575434
-1.35802 0.542617
-1.46776 0.617809
-1.48971 0.639561
-1.44033 0.571279
-1.43484 0.538583
-1.42936 0.487507
-1.4513 0.550731
-1.43484 0.518637
-1.46228 0.502951
-1.41838 0.406865
-1.40192 0.389554
-1.41289 0.438974
-1.42387 0.424553
-1.44582 0.424553
-1.35254 0.36595
-1.40192 0.389554
-1.38546 0.267441
-1.30316 0.2137
-1.31413 0.198752
-1.35802 0.216244
-1.29767 0.157159
-1.29218 0.163753
-1.33608 0.146472
-1.34156 0.186709
-1.3251 0.237138
-1.36351 0.261796
-1.369 0.253441
-1.34705 0.2137
-1.35254 0.2137
-1.31962 0.208657
-1.35254 0.218803
-1.369 0.234474
-1.43484 0.242512
-1.34705 0.247947
-1.34705 0.231824
-1.36351 0.177346
-1.38546 0.196313
-1.37449 0.2137
-1.34705 0.165981
-1.29767 0.181998
-1.31962 0.226571
-1.29767 0.237138
-1.29218 0.226571
-1.20439 0.152839
-1.19342 0.142302
-1.27023 0.165981
-1.25377 0.186709
-1.23182 0.152839
-1.28669 0.159342
-1.29218 0.146472
-1.369 0.163753
-1.35802 0.181998
-1.46776 0.19389
-1.39643 0.172755
-1.35802 0.179664
-1.4513 0.2137
-1.4513 0.239818
-1.4513 0.242512
-1.33608 0.247947
-1.28669 0.247947
-1.33608 0.247947
-1.41289 0.270286
-1.37997 0.290623
-1.35254 0.296569
-1.33608 0.317855
-1.28121 0.311698
-1.3251 0.33351
-1.30316 0.336686
-1.25377 0.299565
-1.23731 0.290623
-1.28669 0.281817
-1.31962 0.284737
-1.36351 0.314769
-1.34156 0.242512
-1.36351 0.247947
-1.369 0.216244
-1.34705 0.208657
-1.40741 0.203675
-1.29767 0.198752
-1.27023 0.140239
-1.31962 0.111111
-1.25377 0.0902471
-1.27572 0.107483
-1.23731 0.118547
-1.35254 0.124283
-1.37449 0.140239
-1.30316 0.132141
-1.30316 0.140239
-1.33059 0.122356
-1.29767 0.114799
-1.20439 0.103916
-1.26475 0.130154
-1.28121 0.100408
-1.20988 0.058951
-1.27023 0.0406611
-1.31413 0.0452073
-1.30316 0.0602908
-1.31413 0.0499943
-1.31413 0.0563167
-1.28669 0.0463814
-1.24829 0.033285
-1.25926 0.0275496
-1.23731 0.0223562
-1.37449 0.0266464
-1.37449 0.0184423
-1.30316 0.019195
-1.27572 0.0184423
-1.33608 0.0129629
-1.34156 0.00569207
-1.34705 0.00569207
-1.29767 0.0123457
-1.30316 0.0129629
-1.30316 0.0142424
-1.22634 0.0353172
-1.16049 0.0452073
-1.16598 0.0902471
-1.15501 0.0630155
-1.16598 0.0745163
-1.18244 0.0630155
-1.16598 0.0672154
-1.09465 0.103916
-1.18244 0.150702
-1.20439 0.181998
-1.2428 0.208657
-1.31962 0.206158
-1.2428 0.189088
-1.21536 0.13616
-1.1989 0.148579
-1.2428 0.163753
-1.25926 0.191481
-1.24829 0.196313
-1.17147 0.170482
-1.2428 0.181998
-1.29767 0.191481
-1.19342 0.146472
-1.20439 0.128182
-1.30864 0.211171
-1.22085 0.231824
-1.21536 0.247947
-1.22085 0.22919
-1.17695 0.198752
-1.11111 0.159342
-1.02881 0.130154
-1.06173 0.152839
-1.16598 0.150702
-1.1166 0.170482
-1.22634 0.216244
-1.22634 0.184346
-1.25377 0.237138
-1.22085 0.267441
-1.27572 0.296569
-1.22085 0.308642
-1.30316 0.311698
-1.27023 0.253441
-1.42936 0.290623
-1.30316 0.239818
-1.35254 0.239818
-1.28669 0.267441
-1.37997 0.293589
-1.40192 0.324072
-1.30864 0.330349
-1.26475 0.349542
-1.45679 0.36595
-1.37449 0.327203
-1.40192 0.311698
-1.44582 0.339878
-1.42387 0.324072
-1.36351 0.343084
-1.40192 0.33351
-1.48422 0.311698
-1.37997 0.276021
-1.42936 0.276021
-1.42936 0.320956
-1.4513 0.349542
-1.42387 0.311698
-1.41838 0.311698
-1.37449 0.290623
-1.28669 0.261796
-1.26475 0.234474
-1.20988 0.198752
-1.20988 0.19389
-1.27572 0.226571
-1.29218 0.237138
-1.35802 0.267441
-1.27023 0.276021
-1.3251 0.287673
-1.33059 0.327203
-1.3251 0.264611
-1.30864 0.296569
-1.25926 0.273146
-1.34156 0.293589
-1.34705 0.305601
-1.30864 0.343084
-1.30316 0.339878
-1.25377 0.327203
-1.29218 0.308642
-1.33608 0.324072
-1.37997 0.399896
-1.35254 0.392986
-1.27023 0.349542
-1.27572 0.314769
-1.30864 0.293589
-1.3251 0.311698
-1.31962 0.336686
-1.33608 0.296569
-1.40192 0.320956
-1.43484 0.352794
-1.47874 0.406865
-1.47325 0.396433
-1.42936 0.35606
-1.40741 0.410373
-1.38546 0.449948
-1.3251 0.464791
-1.39095 0.446275
-1.38546 0.45734
-1.50069 0.530559
-1.47325 0.542617
-1.44033 0.530559
-1.44582 0.575434
-1.46228 0.583788
-1.4952 0.613504
-1.55007 0.630815
-1.56653 0.66169
-1.55007 0.66169
-1.55556 0.670646
-1.51166 0.652793
-1.56104 0.652793
-1.58299 0.739742
-1.67627 0.773145
-1.53909 0.720985
-1.56104 0.707076
-1.50617 0.670646
-1.48422 0.639561
-1.33608 0.550731
-1.37997 0.522596
-1.48971 0.596433
-1.59945 0.707076
-1.55556 0.697878
-1.48971 0.648367
-1.57202 0.720985
-1.58848 0.763526
-1.56653 0.720985
-1.65432 0.758739
-1.72565 0.812224
-1.70919 0.847208
-1.57202 0.725652
-1.64335 0.792564
-1.64335 0.787687
-1.61591 0.773145
-1.74211 0.827127
-1.72565 0.827127
-1.63237 0.773145
-1.7476 0.847208
-1.65432 0.782824
-1.59945 0.763526
-1.59396 0.763526
-1.67627 0.807286
-1.72016 0.847208
-1.72565 0.817176
-1.78052 0.852266
-1.64883 0.753967
-1.67627 0.763526
-1.61043 0.73503
-1.64335 0.744468
-1.71468 0.787687
-1.63786 0.730333
-1.60494 0.716334
-1.52812 0.711697
-1.58848 0.753967
-1.61591 0.744468
-1.5775 0.730333
-1.59396 0.753967
-1.55007 0.74921
-1.53361 0.725652
-1.5775 0.707076
-1.60494 0.707076
-1.6214 0.688741
-1.56104 0.684194
-1.55556 0.684194
-1.52812 0.66616
-1.46228 0.617809
-1.47325 0.604938
-1.50069 0.596433
-1.47874 0.604938
-1.53909 0.66169
-1.52812 0.652793
-1.58848 0.697878
-1.61591 0.73503
-1.59396 0.707076
-1.63786 0.782824
-1.51715 0.697878
-1.4952 0.688741
-1.48971 0.652793
-1.53361 0.66169
-1.57202 0.693302
-1.61043 0.720985
-1.42936 0.617809
-1.37997 0.600678
-1.4513 0.604938
-1.52812 0.688741
-1.57202 0.711697
-1.53909 0.66169
-1.4952 0.643957
-1.46776 0.600678
-1.42387 0.55481
-1.44582 0.596433
-1.44582 0.613504
-1.47325 0.609213
-1.50617 0.679663
-1.55556 0.693302
-1.55556 0.702469
-1.61591 0.707076
-1.51166 0.688741
-1.60494 0.74921
-1.54458 0.66169
-1.64335 0.739742
-1.52812 0.675147
-1.5775 0.711697
-1.4952 0.670646
-1.4513 0.622129
-1.50617 0.670646
-1.56104 0.725652
-1.59396 0.730333
-1.65981 0.763526
-1.65981 0.768328
-1.60494 0.768328
-1.63237 0.73503
-1.62689 0.74921
-1.52263 0.711697
-1.50069 0.707076
-1.51715 0.693302
-1.58848 0.702469
-1.56104 0.702469
-1.47325 0.617809
-1.56653 0.675147
-1.56653 0.657234
-1.56653 0.639561
-1.48971 0.66616
-1.50069 0.639561
-1.40192 0.592203
-1.38546 0.575434
-1.47874 0.55481
-1.48422 0.514693
-1.46228 0.52657
-1.43484 0.534564
-1.44582 0.502951
-1.42387 0.502951
-1.42936 0.50685
-1.369 0.45734
-1.35254 0.446275
-1.37997 0.431734
-1.35802 0.461058
-1.41289 0.468539
-1.43484 0.479875
-1.51715 0.538583
-1.42387 0.468539
-1.369 0.449948
-1.42387 0.510764
-1.42387 0.52657
-1.39095 0.50685
-1.42387 0.52657
-1.47325 0.514693
-1.51166 0.530559
-1.53361 0.542617
-1.46228 0.510764
-1.36351 0.428136
-1.44582 0.476081
-1.39095 0.413895
-1.31962 0.339878
-1.40192 0.424553
-1.47325 0.472303
-1.4513 0.502951
-1.36351 0.468539
-1.26475 0.420986
-1.33059 0.410373
-1.46228 0.431734
-1.48422 0.461058
-1.36351 0.396433
-1.26475 0.258996
-1.30316 0.261796
-1.29767 0.284737
-1.3251 0.320956
-1.40192 0.424553
-1.22634 0.36595
-1.39643 0.413895
-1.35254 0.403373
-1.39643 0.438974
-1.40741 0.410373
-1.37449 0.375976
-1.40741 0.389554
-1.4513 0.413895
-1.37997 0.369277
-1.41838 0.446275
-1.43484 0.410373
-1.369 0.343084
-1.35802 0.36595
-1.42936 0.446275
-1.47874 0.413895
-1.48422 0.420986
-1.45679 0.410373
-1.369 0.379348
-1.42936 0.424553
-1.40741 0.359342
-1.42936 0.449948
-1.37449 0.464791
-1.48422 0.534564
-1.46228 0.468539
-1.45679 0.461058
-1.52812 0.546667
-1.53909 0.579603
-1.4513 0.479875
-1.41838 0.410373
-1.44033 0.406865
-1.41289 0.413895
-1.37997 0.379348
-1.40741 0.330349
-1.4513 0.359342
-1.38546 0.379348
-1.4513 0.372619
-1.42936 0.372619
-1.44033 0.406865
-1.42936 0.375976
-1.40192 0.343084
-1.36351 0.343084
-1.39643 0.372619
-1.33059 0.352794
-1.40741 0.396433
-1.38546 0.406865
-1.37997 0.406865
-1.369 0.410373
-1.35254 0.382735
-1.4513 0.386137
-1.42387 0.428136
-1.50069 0.483683
-1.53909 0.491345
-1.53909 0.575434
-1.4513 0.55481
-1.46776 0.575434
-1.54458 0.66616
-1.59945 0.730333
-1.63237 0.74921
-1.52263 0.707076
-1.59396 0.716334
-1.61591 0.758739
-1.63786 0.753967
-1.5775 0.73503
-1.55007 0.73503
-1.52812 0.707076
-1.46228 0.635181
-1.52812 0.684194
-1.50617 0.684194
-1.56104 0.739742
-1.53909 0.730333
-1.50617 0.702469
-1.48971 0.693302
-1.58299 0.702469
-1.54458 0.697878
-1.61591 0.768328
-1.67078 0.792564
-1.48422 0.693302
-1.51166 0.66616
-1.55007 0.643957
-1.58848 0.670646
-1.64883 0.739742
-1.55007 0.652793
-1.50069 0.630815
-1.57202 0.675147
-1.48422 0.617809
-1.41289 0.609213
-1.42387 0.604938
-1.53361 0.643957
-1.45679 0.592203
-1.38546 0.567139
-1.36351 0.534564
-1.4952 0.626465
-1.47325 0.579603
-1.43484 0.648367
-1.4513 0.626465
-1.369 0.55481
-1.44033 0.609213
-1.53909 0.679663
-1.53909 0.679663
-1.55556 0.670646
-1.51715 0.657234
-1.64883 0.739742
-1.61043 0.697878
-1.53909 0.702469
-1.56653 0.675147
-1.57202 0.657234
-1.64335 0.702469
-1.53909 0.635181
-1.57202 0.571279
-1.55007 0.55481
-1.52263 0.563015
-1.4513 0.476081
-1.4513 0.438974
-1.46776 0.453636
-1.46228 0.431734
-1.4513 0.45734
-1.33608 0.396433
-1.39095 0.410373
-1.369 0.362639
-1.42936 0.372619
-1.40741 0.314769
-1.38546 0.317855
-1.39643 0.349542
-1.33608 0.36595
-1.33059 0.324072
-1.46228 0.420986
-1.41838 0.399896
-1.369 0.379348
-1.38546 0.392986
-1.39643 0.372619
-1.48971 0.382735
-1.4952 0.472303
-1.4952 0.428136
-1.4513 0.399896
-1.3251 0.399896
-1.39095 0.375976
-1.33608 0.305601
-1.33059 0.302575
-1.31962 0.253441
-1.28121 0.250686
-1.23731 0.284737
-1.37449 0.346306
-1.37997 0.382735
-1.37997 0.36595
-1.40741 0.406865
-1.40192 0.438974
-1.42936 0.446275
-1.44033 0.420986
-1.39095 0.442617
-1.39643 0.438974
-1.46776 0.45734
-1.44033 0.428136
-1.53361 0.435347
-1.43484 0.386137
-1.39095 0.406865
-1.37449 0.389554
-1.47325 0.472303
-1.44582 0.476081
-1.47874 0.464791
-1.47325 0.468539
-1.47325 0.464791
-1.42387 0.428136
-1.369 0.379348
-1.31413 0.375976
-1.33608 0.386137
-1.2428 0.299565
-1.28669 0.293589
-1.30316 0.314769
-1.27023 0.359342
-1.16598 0.284737
-1.2428 0.343084
-1.27572 0.33351
-1.35802 0.346306
-1.369 0.369277
-1.46776 0.396433
-1.42936 0.392986
-1.42387 0.392986
-1.35802 0.392986
-1.30316 0.392986
-1.31413 0.369277
-1.3251 0.379348
-1.36351 0.410373
-1.41289 0.382735
-1.3251 0.386137
-1.369 0.386137
-1.34156 0.386137
-1.3251 0.410373
-1.369 0.386137
-1.47325 0.413895
-1.53361 0.420986
-1.52812 0.352794
-1.35254 0.256211
-1.24829 0.239818
-1.28669 0.267441
-1.25377 0.296569
-1.34705 0.324072
-1.40192 0.352794
-1.47325 0.379348
-1.47874 0.396433
-1.37997 0.36595
-1.41838 0.343084
-1.45679 0.311698
-1.51166 0.36595
-1.45679 0.372619
-1.35802 0.320956
-1.23731 0.264611
-1.35802 0.339878
-1.40741 0.438974
-1.42387 0.417433
-1.41838 0.468539
-1.51715 0.542617
-1.50069 0.550731
-1.50617 0.55481
-1.45679 0.567139
-1.52263 0.534564
-1.39643 0.45734
-1.44582 0.45734
-1.44033 0.546667
-1.38546 0.518637
-1.38546 0.546667
-1.37997 0.530559
-1.39643 0.596433
-1.46776 0.592203
-1.48971 0.622129
-1.50069 0.613504
-1.4952 0.613504
-1.52812 0.626465
-1.55556 0.604938
-1.61591 0.648367
-1.58299 0.617809
-1.46776 0.534564
-1.38546 0.571279
-1.43484 0.575434
-1.39643 0.522596
-1.34156 0.52657
-1.35254 0.428136
-1.43484 0.510764
-1.369 0.499068
-1.39643 0.461058
-1.41838 0.50685
-1.41838 0.510764
-1.46776 0.604938
-1.52812 0.600678
-1.50617 0.643957
-1.48422 0.587988
-1.53361 0.579603
-1.4952 0.592203
-1.45679 0.575434
-1.63237 0.66169
-1.55556 0.617809
-1.47325 0.546667
-1.44033 0.518637
-1.4513 0.52657
-1.44033 0.479875
-1.47874 0.518637
-1.47325 0.510764
-1.40741 0.472303
-1.41838 0.399896
-1.44582 0.424553
-1.52263 0.491345
-1.50617 0.442617
-1.48422 0.468539
-1.41289 0.417433
-1.42387 0.410373
-1.37997 0.417433
-1.41289 0.442617
-1.34156 0.403373
-1.44582 0.403373
-1.48422 0.420986
-1.48422 0.417433
-1.39095 0.349542
-1.44582 0.420986
-1.42936 0.406865
-1.39095 0.413895
-1.37449 0.406865
-1.36351 0.417433
-1.28121 0.413895
-1.35254 0.468539
-1.44033 0.472303
-1.40192 0.45734
-1.33608 0.406865
-1.38546 0.410373
-1.35802 0.375976
-1.28669 0.320956
-1.35254 0.359342
-1.37449 0.305601
-1.29218 0.253441
-1.34156 0.281817
-1.33608 0.296569
-1.3251 0.311698
-1.30316 0.273146
-1.2428 0.264611
-1.34705 0.324072
-1.34705 0.284737
-1.33059 0.327203
-1.33059 0.320956
-1.3251 0.346306
-1.25377 0.302575
-1.30864 0.362639
-1.3251 0.389554
-1.25926 0.33351
-1.18793 0.305601
-1.25926 0.308642
-1.28669 0.299565
-1.29767 0.343084
-1.29767 0.317855
-1.31962 0.386137
-1.36351 0.424553
-1.29767 0.35606
-1.31962 0.35606
-1.3251 0.369277
-1.37449 0.464791
-1.33608 0.476081
-1.42936 0.491345
-1.42387 0.502951
-1.52263 0.613504
-1.48971 0.575434
-1.44582 0.617809
-1.52812 0.66616
-1.55556 0.66169
-1.54458 0.630815
-1.59945 0.675147
-1.58848 0.670646
-1.53909 0.693302
-1.46776 0.617809
-1.39643 0.550731
-1.34705 0.558905
-1.28121 0.487507
-1.27572 0.483683
-1.39095 0.514693
-1.39643 0.567139
-1.48422 0.542617
-1.51166 0.542617
-1.52263 0.567139
-1.48422 0.600678
-1.41838 0.571279
-1.56653 0.670646
-1.56104 0.707076
-1.53909 0.684194
-1.53909 0.711697
-1.52812 0.707076
-1.48422 0.675147
-1.61591 0.730333
-1.61591 0.711697
-1.55556 0.702469
-1.59396 0.688741
-1.67627 0.763526
-1.63786 0.711697
-1.64883 0.763526
-1.55007 0.688741
-1.52812 0.693302
-1.50069 0.652793
-1.51166 0.688741
-1.64883 0.74921
-1.72565 0.802364
-1.62689 0.720985
-1.53909 0.652793
-1.46228 0.563015
-1.48971 0.538583
-1.41289 0.542617
-1.46776 0.600678
-1.56653 0.688741
-1.55007 0.675147
-1.58848 0.739742
-1.50617 0.648367
-1.42936 0.538583
-1.46776 0.648367
-1.50617 0.652793
-1.46228 0.583788
-1.44582 0.592203
-1.39095 0.534564
-1.43484 0.558905
-1.30316 0.534564
-1.4513 0.626465
-1.52812 0.688741
-1.54458 0.688741
-1.54458 0.670646
-1.50069 0.630815
-1.47874 0.622129
-1.45679 0.639561
-1.50617 0.679663
-1.63786 0.773145
-1.59945 0.702469
-1.55556 0.675147
-1.46776 0.609213
-1.47874 0.583788
-1.50069 0.648367
-1.4513 0.596433
-1.46776 0.592203
-1.46228 0.630815
-1.52812 0.622129
-1.46776 0.617809
-1.53909 0.639561
-1.47874 0.670646
-1.52812 0.688741
-1.52263 0.684194
-1.50069 0.670646
-1.53909 0.670646
-1.47325 0.630815
-1.46228 0.604938
-1.51715 0.604938
-1.54458 0.643957
-1.55007 0.617809
-1.58299 0.613504
-1.51715 0.571279
-1.51166 0.542617
-1.46228 0.518637
-1.42936 0.52657
-1.48422 0.522596
-1.4952 0.55481
-1.53909 0.587988
-1.51166 0.596433
-1.48971 0.575434
-1.47874 0.587988
-1.48971 0.592203
-1.50069 0.630815
-1.50069 0.596433
-1.42387 0.50685
-1.44033 0.538583
-1.48971 0.558905
-1.48971 0.583788
-1.45679 0.587988
-1.47874 0.648367
-1.50617 0.613504
-1.4513 0.563015
-1.369 0.546667
-1.42387 0.617809
-1.4513 0.609213
-1.42387 0.563015
-1.44033 0.563015
-1.42936 0.449948
-1.37997 0.410373
-1.34705 0.352794
-1.33059 0.406865
-1.31962 0.461058
-1.29218 0.424553
-1.31962 0.431734
-1.29767 0.420986
-1.27023 0.375976
-1.31962 0.36595
-1.30316 0.375976
-1.30864 0.343084
-1.25377 0.346306
-1.36351 0.369277
-1.39643 0.392986
-1.36351 0.389554
-1.41838 0.389554
-1.45679 0.438974
-1.38546 0.392986
-1.35254 0.369277
-1.42387 0.343084
-1.47325 0.359342
-1.38546 0.339878
-1.31962 0.311698
-1.27023 0.242512
-1.25377 0.239818
-1.37997 0.273146
-1.35254 0.278911
-1.40192 0.352794
-1.44582 0.349542
-1.40741 0.392986
-1.38546 0.399896
-1.39095 0.386137
-1.369 0.396433
-1.3251 0.406865
-1.34156 0.417433
-1.29218 0.479875
-1.26475 0.435347
-1.38546 0.483683
-1.28669 0.464791
-1.38546 0.522596
-1.31962 0.522596
-1.48422 0.643957
-1.56653 0.679663
-1.61591 0.66169
-1.60494 0.697878
-1.53361 0.697878
-1.6214 0.725652
-1.5775 0.697878
-1.59945 0.711697
-1.46776 0.635181
-1.48422 0.635181
-1.52263 0.66169
-1.48971 0.684194
-1.56653 0.725652
-1.58299 0.688741
-1.51715 0.639561
-1.53361 0.688741
-1.42387 0.613504
-1.46228 0.575434
-1.46228 0.558905
-1.39095 0.50685
-1.46228 0.491345
-1.46228 0.546667
-1.44582 0.575434
-1.38546 0.476081
-1.36351 0.45734
-1.36351 0.369277
-1.42387 0.487507
-1.55007 0.542617
-1.53909 0.550731
-1.51166 0.604938
-1.55007 0.596433
-1.57202 0.613504
-1.69273 0.675147
-1.52263 0.558905
-1.45679 0.518637
-1.47874 0.52657
-1.48971 0.575434
-1.44582 0.546667
-1.4513 0.575434
-1.46776 0.522596
-1.4513 0.538583
-1.4513 0.534564
-1.42387 0.431734
-1.47325 0.417433
-1.50069 0.495199
-1.40741 0.449948
-1.40192 0.491345
-1.36351 0.449948
-1.40192 0.438974
-1.58848 0.587988
-1.51166 0.550731
-1.46776 0.534564
-1.44033 0.538583
-1.50617 0.579603
-1.45679 0.587988
-1.46776 0.604938
-1.43484 0.563015
-1.31962 0.479875
-1.34705 0.522596
-1.369 0.55481
-1.46228 0.617809
-1.50617 0.652793
-1.41289 0.575434
-1.41838 0.622129
-1.44582 0.648367
-1.50069 0.622129
-1.5775 0.697878
-1.5775 0.688741
-1.61043 0.716334
-1.53361 0.639561
-1.52263 0.66616
-1.4952 0.613504
-1.47325 0.596433
-1.48971 0.604938
-1.52263 0.579603
-1.45679 0.579603
-1.44033 0.613504
-1.41838 0.579603
-1.369 0.558905
-1.37449 0.518637
-1.35254 0.518637
-1.37449 0.50685
-1.31962 0.495199
-1.44033 0.50685
-1.40192 0.476081
-1.37449 0.491345
-1.47325 0.583788
-1.56653 0.583788
-1.53909 0.617809
-1.52812 0.679663
-1.52812 0.643957
-1.47874 0.617809
-1.51166 0.604938
-1.47874 0.609213
-1.51715 0.679663
-1.52812 0.652793
-1.50617 0.648367
-1.54458 0.604938
-1.52263 0.635181
-1.42387 0.609213
-1.44033 0.522596
-1.37449 0.487507
-1.39643 0.468539
-1.42387 0.542617
-1.50617 0.587988
-1.4952 0.583788
-1.52812 0.596433
-1.61043 0.643957
-1.64335 0.643957
-1.55007 0.604938
-1.51166 0.550731
-1.44582 0.538583
-1.44033 0.563015
-1.44033 0.550731
-1.40192 0.522596
-1.4513 0.579603
-1.51166 0.567139
-1.4952 0.514693
-1.4513 0.491345
-1.43484 0.514693
-1.50069 0.55481
-1.47874 0.499068
-1.46776 0.558905
-1.47325 0.550731
-1.46776 0.571279
-1.4513 0.550731
-1.40741 0.476081
-1.39095 0.472303
-1.34705 0.449948
-1.45679 0.538583
-1.4513 0.550731
-1.44033 0.52657
-1.33608 0.479875
-1.39095 0.464791
-1.41838 0.491345
-1.38546 0.446275
-1.35802 0.472303
-1.37449 0.514693
-1.43484 0.592203
-1.51715 0.630815
-1.52263 0.652793
-1.55556 0.679663
-1.54458 0.657234
-1.53361 0.648367
-1.56653 0.697878
-1.42936 0.592203
-1.52263 0.688741
-1.54458 0.730333
-1.55556 0.688741
-1.55007 0.670646
-1.45679 0.643957
-1.51166 0.657234
-1.51715 0.684194
-1.53909 0.707076
-1.65981 0.792564
-1.61043 0.753967
-1.61043 0.74921
-1.64883 0.753967
-1.64335 0.758739
-1.62689 0.758739
-1.66529 0.792564
-1.59396 0.753967
-1.61591 0.711697
-1.57202 0.697878
-1.50617 0.609213
-1.54458 0.675147
-1.54458 0.670646
-1.56653 0.679663
-1.54458 0.648367
-1.52263 0.652793
-1.61043 0.652793
-1.58848 0.675147
-1.61043 0.697878
-1.57202 0.648367
-1.55007 0.675147
-1.44033 0.558905
-1.53361 0.630815
-1.56653 0.648367
-1.58299 0.675147
-1.59396 0.684194
-1.56104 0.657234
-1.58848 0.675147
-1.52263 0.630815
-1.54458 0.648367
-1.42387 0.550731
-1.51715 0.600678
-1.39095 0.538583
-1.52263 0.592203
-1.46776 0.558905
-1.4952 0.587988
-1.41838 0.52657
-1.4952 0.50685
-1.369 0.420986
-1.53361 0.518637
-1.48422 0.499068
-1.56653 0.550731
-1.51166 0.487507
-1.55556 0.50685
-1.56104 0.483683
-1.46776 0.461058
-1.41838 0.468539
-1.41289 0.50685
-1.51166 0.563015
-1.4952 0.546667
-1.54458 0.55481
-1.50617 0.52657
-1.44582 0.571279
-1.37449 0.502951
-1.41289 0.542617
-1.41838 0.571279
-1.38546 0.52657
-1.40741 0.575434
-1.42936 0.600678
-1.5775 0.675147
-1.55007 0.670646
-1.58848 0.697878
-1.54458 0.675147
-1.53361 0.684194
-1.50617 0.652793
-1.50617 0.639561
-1.51166 0.626465
-1.55007 0.648367
-1.52812 0.613504
-1.40192 0.538583
-1.42387 0.52657
-1.39643 0.491345
-1.44582 0.550731
-1.47325 0.502951
-1.46776 0.587988
-1.34156 0.499068
-1.42936 0.613504
-1.53361 0.679663
-1.61591 0.758739
-1.57202 0.74921
-1.65432 0.787687
-1.59945 0.773145
-1.5775 0.697878
-1.55007 0.688741
-1.53361 0.675147
-1.56104 0.679663
-1.60494 0.73503
-1.52812 0.679663
-1.59396 0.730333
-1.62689 0.702469
-1.59945 0.720985
-1.61591 0.74921
-1.67627 0.792564
-1.61043 0.739742
-1.62689 0.758739
-1.52263 0.711697
-1.57202 0.73503
-1.56653 0.720985
-1.58299 0.702469
-1.54458 0.679663
-1.48971 0.652793
-1.57202 0.657234
-1.56653 0.66169
-1.53909 0.670646
-1.48422 0.648367
-1.46228 0.617809
-1.47325 0.635181
-1.34156 0.495199
-1.34705 0.510764
-1.33608 0.487507
-1.42387 0.571279
-1.40741 0.592203
-1.41289 0.583788
-1.44582 0.604938
-1.38546 0.571279
-1.45679 0.571279
-1.46228 0.571279
-1.40741 0.491345
-1.44582 0.453636
-1.4952 0.476081
-1.4513 0.438974
-1.48422 0.464791
-1.4513 0.510764
-1.48971 0.596433
-1.4952 0.617809
-1.30864 0.495199
-1.38546 0.604938
-1.47874 0.592203
-1.34705 0.487507
-1.41838 0.510764
-1.51715 0.617809
-1.47325 0.558905
-1.48422 0.583788
-1.4513 0.613504
-1.43484 0.604938
-1.4513 0.604938
-1.48971 0.626465
-1.50069 0.592203
-1.53909 0.622129
-1.61043 0.684194
-1.67627 0.739742
-1.63786 0.725652
-1.59945 0.697878
-1.57202 0.657234
-1.53361 0.609213
-1.44033 0.52657
-1.46776 0.55481
-1.59945 0.657234
-1.62689 0.652793
-1.53909 0.630815
-1.50069 0.579603
-1.40192 0.550731
-1.43484 0.522596
-1.46228 0.571279
-1.36351 0.487507
-1.4513 0.510764
-1.46776 0.592203
-1.56653 0.66169
-1.56104 0.648367
-1.58848 0.648367
-1.4952 0.639561
-1.43484 0.613504
-1.40192 0.648367
-1.47325 0.684194
-1.57202 0.702469
-1.47874 0.648367
-1.48422 0.630815
-1.37449 0.50685
-1.39643 0.522596
-1.40741 0.491345
-1.34156 0.396433
-1.31962 0.403373
-1.37449 0.428136
-1.29218 0.352794
-1.369 0.382735
-1.3251 0.410373
-1.35802 0.461058
-1.29218 0.420986
-1.29218 0.417433
-1.47325 0.546667
-1.44033 0.514693
-1.46776 0.510764
-1.40192 0.50685
-1.41838 0.499068
-1.33059 0.464791
-1.30864 0.417433
-1.36351 0.476081
-1.37997 0.510764
-1.34156 0.464791
-1.40741 0.522596
-1.4513 0.583788
-1.44033 0.622129
-1.45679 0.626465
-1.47325 0.648367
-1.58299 0.688741
-1.53909 0.684194
-1.63786 0.739742
-1.48971 0.643957
-1.63237 0.688741
-1.64335 0.725652
-1.7037 0.730333
-1.51166 0.648367
-1.41289 0.546667
-1.41289 0.530559
-1.41289 0.491345
-1.47325 0.550731
-1.46776 0.52657
-1.37449 0.413895
-1.34156 0.382735
-1.40192 0.362639
-1.43484 0.382735
-1.27572 0.330349
-1.30864 0.399896
-1.35254 0.446275
-1.28669 0.382735
-1.30316 0.413895
-1.26475 0.396433
-1.33059 0.36595
-1.3251 0.403373
-1.29218 0.382735
-1.31962 0.392986
-1.2428 0.369277
-1.14403 0.311698
-1.33059 0.428136
-1.35254 0.468539
-1.37997 0.491345
-1.369 0.502951
-1.33608 0.461058
-1.33608 0.483683
-1.44033 0.546667
-1.40192 0.518637
-1.42387 0.514693
-1.4513 0.522596
-1.4513 0.571279
-1.27572 0.483683
-1.31962 0.495199
-1.38546 0.499068
-1.39643 0.472303
-1.41838 0.499068
-1.36351 0.446275
-1.29767 0.396433
-1.30864 0.35606
-1.39643 0.396433
-1.43484 0.438974
-1.4952 0.502951
-1.45679 0.431734
-1.35802 0.399896
-1.34156 0.375976
-1.35802 0.379348
-1.3251 0.389554
-1.30316 0.389554
-1.40192 0.413895
-1.42936 0.424553
-1.40192 0.442617
-1.40192 0.472303
-1.47325 0.499068
-1.48422 0.542617
-1.47874 0.514693
-1.41838 0.50685
-1.40741 0.510764
-1.42387 0.567139
-1.44033 0.55481
-1.42936 0.546667
-1.48422 0.575434
-1.43484 0.563015
-1.34705 0.499068
-1.30316 0.476081
-1.3251 0.483683
-1.44033 0.510764
-1.29767 0.446275
-1.33608 0.417433
-1.27572 0.413895
-1.30864 0.424553
-1.29767 0.453636
-1.36351 0.424553
-1.35802 0.420986
-1.41289 0.449948
-1.37997 0.438974
-1.30864 0.392986
-1.36351 0.435347
-1.33608 0.435347
-1.31962 0.362639
-1.34705 0.327203
-1.33059 0.293589
-1.31962 0.223967
-1.29767 0.237138
-1.36351 0.256211
-1.35254 0.264611
-1.35254 0.239818
-1.28669 0.191481
-1.30316 0.203675
-1.23731 0.203675
-1.22085 0.19389
-1.18793 0.186709
-1.1989 0.2137
-1.28121 0.22919
-1.24829 0.250686
-1.25377 0.250686
-1.28121 0.270286
-1.25377 0.234474
-1.24829 0.242512
-1.19342 0.191481
-1.11111 0.191481
-1.14403 0.22919
-1.14952 0.198752
-1.17147 0.189088
-1.21536 0.177346
-1.16049 0.177346
-1.22085 0.186709
-1.31413 0.154992
-1.35254 0.146472
-1.29218 0.177346
-1.23731 0.140239
-1.28669 0.168224
-1.28669 0.168224
-1.27572 0.13616
-1.20988 0.120444
-1.17147 0.128182
-1.28121 0.124283
-1.30316 0.165981
-1.22634 0.165981
-1.31413 0.142302
-1.29767 0.120444
-1.40741 0.170482
-1.38546 0.13616
-1.28121 0.116666
-1.30316 0.103916
-1.22085 0.080628
-1.28669 0.0715507
-1.33059 0.080628
-1.29218 0.0644004
-1.26475 0.0630155
-1.28669 0.0760216
-1.33608 0.0700906
-1.39643 0.0644004
-1.33608 0.0512286
-1.29767 0.0374096
-1.30864 0.0363559
-1.34156 0.0499943
-1.36351 0.0406611
-1.38546 0.058951
-1.33059 0.0644004
-1.35802 0.0658003
-1.29218 0.0537426
-1.31962 0.0563167
-1.1989 0.0745163
-1.24829 0.0760216
-1.17147 0.0837741
-1.18244 0.0969609
-1.27572 0.103916
-1.27023 0.114799
-1.28669 0.142302
-1.25377 0.122356
-1.29218 0.103916
-1.27023 0.0790775
-1.31962 0.0952599
-1.33059 0.0902471
-1.21536 0.102154
-1.369 0.124283
-1.37449 0.148579
-1.39643 0.120444
-1.31413 0.102154
-1.39643 0.0886063
-1.39643 0.080628
-1.37449 0.100408
-1.33059 0.114799
-1.41289 0.103916
-1.31413 0.0935739
-1.28669 0.107483
-1.27023 0.0869805
-1.29218 0.0935739
-1.3251 0.091903
-1.3251 0.116666
-1.34156 0.172755
-1.21536 0.142302
-1.17147 0.16154
-1.29767 0.19389
-1.21536 0.16154
-1.33059 0.177346
-1.29767 0.175043
-1.29767 0.179664
-1.29218 0.19389
-1.35802 0.201206
-1.37449 0.198752
-1.31413 0.196313
-1.38546 0.203675
-1.41838 0.242512
-1.40741 0.247947
-1.42387 0.234474
-1.34705 0.273146
-1.46228 0.293589
-1.51715 0.336686
-1.48971 0.327203
-1.33059 0.247947
-1.42387 0.247947
-1.33059 0.256211
-1.35802 0.223967
-1.36351 0.239818
-1.30316 0.237138
-1.35802 0.237138
-1.369 0.250686
-1.30864 0.276021
-1.37997 0.305601
-1.42936 0.339878
-1.39095 0.290623
-1.37997 0.308642
-1.30316 0.299565
-1.40192 0.330349
-1.41289 0.352794
-1.41289 0.379348
-1.41838 0.352794
-1.39095 0.317855
-1.40192 0.339878
-1.48971 0.343084
-1.55556 0.35606
-1.53909 0.33351
-1.46228 0.375976
-1.41838 0.308642
-1.369 0.270286
-1.29767 0.221377
-1.25377 0.201206
-1.31962 0.154992
-1.27572 0.170482
-1.30864 0.159342
-1.3251 0.186709
-1.42936 0.203675
-1.40192 0.2137
-1.35254 0.196313
-1.40741 0.242512
-1.44033 0.221377
-1.4952 0.226571
-1.48422 0.216244
-1.42387 0.250686
-1.40192 0.231824
-1.40741 0.261796
-1.4952 0.330349
-1.44582 0.324072
-1.41838 0.270286
-1.4513 0.196313
-1.47325 0.234474
-1.53909 0.245222
-1.48422 0.237138
-1.34705 0.203675
-1.40741 0.203675
-1.369 0.172755
-1.3251 0.124283
-1.34156 0.114799
-1.28669 0.150702
-1.3251 0.189088
-1.30864 0.179664
-1.31962 0.216244
-1.34156 0.218803
-1.2428 0.175043
-1.35254 0.189088
-1.33608 0.201206
-1.27572 0.177346
-1.25377 0.184346
-1.31962 0.221377
-1.369 0.247947
-1.38546 0.287673
-1.33059 0.290623
-1.37997 0.339878
-1.35802 0.352794
-1.44033 0.449948
-1.40192 0.449948
-1.48422 0.495199
-1.47325 0.45734
-1.45679 0.428136
-1.58299 0.45734
-1.52263 0.476081
-1.45679 0.50685
-1.50069 0.464791
-1.58299 0.502951
-1.5775 0.50685
-1.45679 0.446275
-1.41289 0.453636
-1.42387 0.420986
-1.44033 0.379348
-1.4513 0.403373
-1.35254 0.33351
-1.28121 0.281817
-1.35802 0.308642
-1.369 0.293589
-1.30864 0.258996
-1.34156 0.305601
-1.29218 0.278911
-1.29767 0.284737
-1.24829 0.278911
-1.29218 0.305601
-1.27023 0.330349
-1.25926 0.36595
-1.31413 0.403373
-1.41838 0.442617
-1.369 0.431734
-1.38546 0.464791
-1.28121 0.382735
-1.41289 0.435347
-1.37997 0.483683
-1.43484 0.45734
-1.3251 0.435347
-1.34705 0.461058
-1.37997 0.472303
-1.41838 0.502951
-1.41289 0.499068
-1.35254 0.499068
-1.35802 0.483683
-1.35802 0.487507
-1.35254 0.476081
-1.38546 0.558905
-1.41289 0.52657
-1.41838 0.518637
-1.37449 0.487507
-1.37997 0.530559
-1.41289 0.530559
-1.53361 0.613504
-1.51715 0.563015
-1.55556 0.546667
-1.53909 0.571279
-1.48971 0.518637
-1.51166 0.583788
-1.6214 0.643957
-1.50617 0.575434
-1.53361 0.563015
-1.51166 0.596433
-1.52812 0.613504
-1.42936 0.542617
-1.44582 0.609213
-1.46776 0.66169
-1.55007 0.670646
-1.51715 0.648367
-1.47874 0.643957
-1.45679 0.626465
-1.42936 0.563015
-1.4952 0.579603
-1.54458 0.567139
-1.52812 0.575434
-1.56653 0.583788
-1.60494 0.609213
-1.55007 0.622129
-1.53361 0.635181
-1.61043 0.725652
-1.53361 0.657234
-1.47874 0.635181
-1.46776 0.592203
-1.46776 0.600678
-1.45679 0.626465
-1.44033 0.579603
-1.47325 0.571279
-1.50617 0.604938
-1.51715 0.600678
-1.54458 0.613504
-1.50617 0.587988
-1.51715 0.592203
-1.5775 0.657234
-1.51166 0.609213
-1.51166 0.622129
-1.52263 0.626465
-1.59396 0.66169
-1.61591 0.693302
-1.55007 0.684194
-1.39643 0.55481
-1.47325 0.648367
-1.56653 0.679663
-1.40741 0.609213
-1.39643 0.510764
-1.4513 0.534564
-1.41838 0.546667
-1.38546 0.534564
-1.43484 0.546667
-1.39643 0.567139
-1.46776 0.530559
-1.369 0.453636
-1.44582 0.495199
-1.33608 0.410373
-1.37449 0.487507
-1.38546 0.487507
-1.39095 0.483683
-1.35254 0.491345
-1.35802 0.534564
-1.33059 0.534564
-1.369 0.558905
-1.46776 0.609213
-1.50069 0.630815
-1.50069 0.684194
-1.54458 0.670646
-1.50617 0.657234
-1.46776 0.558905
-1.43484 0.558905
-1.51166 0.617809
-1.42936 0.583788
-1.55556 0.670646
-1.47874 0.626465
-1.40741 0.542617
-1.38546 0.534564
-1.46228 0.587988
-1.46228 0.583788
-1.37449 0.522596
-1.43484 0.495199
-1.39095 0.495199
-1.44033 0.52657
-1.41289 0.472303
-1.43484 0.472303
-1.40741 0.518637
-1.39643 0.50685
-1.42387 0.476081
-1.44582 0.50685
-1.46228 0.563015
-1.48422 0.546667
-1.40192 0.495199
-1.4513 0.567139
-1.39643 0.567139
-1.36351 0.558905
-1.53909 0.66616
-1.6214 0.725652
-1.65432 0.725652
-1.60494 0.716334
-1.53361 0.622129
-1.41838 0.530559
-1.4952 0.558905
-1.57202 0.635181
-1.46228 0.575434
-1.42936 0.550731
-1.46228 0.558905
-1.42936 0.538583
-1.44033 0.495199
-1.37449 0.442617
-1.42936 0.468539
-1.50069 0.510764
-1.46228 0.518637
-1.51166 0.567139
-1.52263 0.534564
-1.59945 0.567139
-1.51166 0.522596
-1.48971 0.514693
-1.54458 0.563015
-1.55556 0.514693
-1.43484 0.468539
-1.41289 0.413895
-1.31413 0.349542
-1.34705 0.330349
-1.40192 0.382735
-1.37997 0.406865
-1.42387 0.369277
-1.38546 0.389554
-1.43484 0.413895
-1.40192 0.382735
-1.31413 0.349542
-1.38546 0.417433
-1.35802 0.389554
-1.39643 0.453636
-1.47325 0.479875
-1.50617 0.514693
-1.41289 0.468539
-1.42936 0.491345
-1.41289 0.55481
-1.39643 0.487507
-1.28121 0.428136
-1.41289 0.428136
-1.47325 0.487507
-1.39643 0.442617
-1.31962 0.396433
-1.35254 0.438974
-1.37997 0.442617
-1.40192 0.468539
-1.40192 0.518637
-1.43484 0.558905
-1.4952 0.635181
-1.53361 0.670646
-1.51166 0.635181
-1.56653 0.670646
-1.64335 0.720985
-1.64335 0.74921
-1.58848 0.753967
-1.56653 0.702469
-1.55007 0.675147
-1.55007 0.702469
-1.58848 0.720985
-1.46776 0.652793
-1.54458 0.66616
-1.59945 0.697878
-1.48971 0.635181
-1.47325 0.613504
-1.41838 0.52657
-1.30316 0.435347
-1.33059 0.424553
-1.41289 0.502951
-1.48422 0.438974
-1.40192 0.396433
-1.37997 0.382735
-1.47874 0.396433
-1.44033 0.396433
-1.46228 0.417433
-1.4513 0.406865
-1.3251 0.396433
-1.33608 0.33351
-1.38546 0.36595
-1.39643 0.343084
-1.34156 0.33351
-1.42387 0.346306
-1.3251 0.362639
-1.38546 0.396433
-1.51715 0.487507
-1.5775 0.522596
-1.40192 0.375976
-1.31962 0.379348
-1.42936 0.472303
-1.39643 0.417433
-1.38546 0.431734
-1.37997 0.464791
-1.41838 0.510764
-1.33059 0.468539
-1.30864 0.420986
-1.4513 0.495199
-1.46776 0.534564
-1.44033 0.514693
-1.39643 0.472303
-1.42387 0.546667
-1.55556 0.596433
-1.52263 0.613504
-1.55007 0.609213
-1.41289 0.550731
-1.40192 0.530559
-1.53361 0.626465
-1.53909 0.66169
-1.54458 0.652793
-1.53909 0.652793
-1.47874 0.622129
-1.46776 0.587988
-1.46776 0.596433
-1.52812 0.613504
-1.53361 0.635181
-1.55007 0.622129
-1.44582 0.563015
-1.50617 0.592203
-1.58848 0.66169
-1.56104 0.66169
-1.5775 0.684194
-1.61591 0.679663
-1.58299 0.697878
-1.58299 0.693302
-1.59396 0.66616
-1.4513 0.609213
-1.39643 0.55481
-1.39643 0.575434
-1.43484 0.626465
-1.46228 0.617809
-1.51166 0.630815
-1.44582 0.567139
-1.52812 0.648367
-1.50069 0.657234
-1.47325 0.622129
-1.56653 0.697878
-1.67627 0.74921
-1.64335 0.730333
-1.56653 0.675147
-1.59945 0.720985
-1.54458 0.697878
-1.47325 0.613504
-1.46776 0.592203
-1.44582 0.587988
-1.4513 0.55481
-1.40192 0.514693
-1.29218 0.476081
-1.42387 0.522596
-1.46228 0.534564
-1.42387 0.495199
-1.37997 0.45734
-1.28121 0.413895
-1.30864 0.413895
-1.43484 0.558905
-1.43484 0.571279
-1.50069 0.66169
-1.56653 0.711697
-1.61043 0.684194
-1.59396 0.643957
-1.55007 0.66169
-1.46228 0.55481
-1.34705 0.487507
-1.34156 0.514693
-1.46228 0.550731
-1.37449 0.468539
-1.4513 0.514693
-1.369 0.522596
-1.40192 0.530559
-1.48971 0.583788
-1.47325 0.587988
-1.47325 0.567139
-1.48971 0.55481
-1.40741 0.514693
-1.34156 0.442617
-1.26475 0.413895
-1.30864 0.428136
-1.4513 0.491345
-1.40192 0.491345
-1.40741 0.45734
-1.45679 0.442617
-1.48971 0.442617
-1.55007 0.45734
-1.48422 0.464791
-1.40741 0.403373
-1.37997 0.403373
-1.41838 0.413895
-1.36351 0.438974
-1.33608 0.431734
-1.38546 0.45734
-1.28669 0.468539
-1.48422 0.596433
-1.45679 0.575434
-1.47325 0.592203
-1.43484 0.575434
-1.48971 0.604938
-1.59945 0.693302
-1.53361 0.648367
-1.59396 0.657234
-1.52263 0.609213
-1.50069 0.648367
-1.50069 0.630815
-1.40192 0.571279
-1.35802 0.538583
-1.44582 0.558905
-1.46228 0.534564
-1.48971 0.592203
-1.45679 0.534564
-1.44033 0.542617
-1.4513 0.550731
-1.44582 0.514693
-1.53361 0.514693
-1.44582 0.420986
-1.53909 0.453636
-1.55007 0.413895
-1.52812 0.396433
-1.50617 0.442617
-1.48971 0.468539
-1.37997 0.406865
-1.369 0.420986
-1.369 0.406865
-1.39095 0.327203
-1.35802 0.284737
-1.31962 0.245222
-1.37997 0.293589
-1.38546 0.287673
-1.36351 0.242512
-1.37449 0.2137
-1.44033 0.273146
-1.4513 0.305601
-1.35254 0.308642
-1.39643 0.35606
-1.26475 0.317855
-1.41838 0.369277
-1.37997 0.330349
-1.369 0.33351
-1.40741 0.453636
-1.29767 0.382735
-1.35254 0.379348
-1.30316 0.406865
-1.38546 0.472303
-1.50069 0.567139
-1.47325 0.575434
-1.48422 0.546667
-1.46776 0.55481
-1.48971 0.546667
-1.40192 0.514693
-1.37449 0.499068
-1.38546 0.392986
-1.27023 0.352794
-1.20439 0.299565
-1.22085 0.278911
-1.28121 0.336686
-1.31962 0.35606
-1.27572 0.33351
-1.28669 0.320956
-1.22085 0.324072
-1.37449 0.410373
-1.43484 0.403373
-1.37997 0.389554
-1.31962 0.343084
-1.33608 0.396433
-1.46776 0.382735
-1.51166 0.406865
-1.41289 0.35606
-1.46228 0.375976
-1.37997 0.311698
-1.25377 0.261796
-1.34156 0.302575
-1.37449 0.339878
-1.40741 0.327203
-1.41838 0.281817
-1.42936 0.284737
-1.42936 0.320956
-1.48422 0.324072
-1.44582 0.352794
-1.48971 0.438974
-1.43484 0.396433
-1.40741 0.417433
-1.40192 0.386137
-1.43484 0.389554
-1.46228 0.472303
-1.36351 0.420986
-1.46228 0.435347
-1.51166 0.424553
-1.48971 0.382735
-1.51166 0.406865
-1.40741 0.386137
-1.43484 0.379348
-1.44033 0.369277
-1.37997 0.343084
-1.18793 0.320956
-1.33608 0.343084
-1.39643 0.352794
-1.34156 0.352794
-1.29218 0.314769
-1.39643 0.406865
-1.40741 0.406865
-1.29767 0.372619
-1.39095 0.403373
-1.33059 0.424553
-1.48971 0.567139
-1.51715 0.604938
-1.44582 0.563015
-1.369 0.483683
-1.42387 0.510764
-1.4513 0.518637
-1.40741 0.410373
-1.34705 0.413895
-1.27023 0.314769
-1.18244 0.290623
-1.25377 0.317855
-1.31962 0.352794
-1.27572 0.372619
-1.29767 0.352794
-1.3251 0.396433
-1.29218 0.396433
-1.17695 0.349542
-1.22085 0.346306
-1.31962 0.386137
-1.35802 0.442617
-1.369 0.472303
-1.33059 0.45734
-1.28669 0.446275
-1.34156 0.461058
-1.35254 0.464791
-1.39095 0.542617
-1.38546 0.558905
-1.35254 0.487507
-1.29218 0.483683
-1.46776 0.518637
-1.42387 0.45734
-1.4513 0.499068
-1.4513 0.487507
-1.42936 0.483683
-1.45679 0.476081
-1.35254 0.522596
-1.39095 0.575434
-1.36351 0.542617
-1.34705 0.514693
-1.41289 0.558905
-1.42936 0.538583
-1.36351 0.510764
-1.39643 0.530559
-1.47325 0.55481
-1.57202 0.587988
-1.44033 0.502951
-1.42387 0.45734
-1.39095 0.45734
-1.45679 0.502951
-1.46228 0.50685
-1.37449 0.472303
-1.39095 0.510764
-1.39643 0.468539
-1.42936 0.518637
-1.46776 0.579603
-1.50069 0.542617
-1.52812 0.518637
-1.53361 0.542617
-1.43484 0.50685
-1.44033 0.542617
-1.41289 0.479875
-1.35802 0.50685
-1.39095 0.476081
-1.46228 0.534564
-1.41838 0.530559
-1.48422 0.622129
-1.42936 0.604938
-1.47874 0.609213
-1.42387 0.575434
-1.46776 0.652793
-1.46228 0.617809
-1.50069 0.635181
-1.48422 0.604938
-1.41838 0.518637
-1.369 0.510764
-1.369 0.518637
-1.39643 0.510764
-1.38546 0.514693
-1.47874 0.571279
-1.50617 0.583788
-1.37997 0.522596
-1.31413 0.403373
-1.33059 0.403373
-1.31962 0.413895
-1.25926 0.36595
-1.34156 0.45734
-1.41838 0.483683
-1.33059 0.413895
-1.2428 0.375976
-1.40192 0.495199
-1.43484 0.502951
-1.38546 0.491345
-1.33059 0.510764
-1.3251 0.468539
-1.43484 0.579603
-1.46228 0.587988
-1.51166 0.626465
-1.38546 0.542617
-1.39095 0.583788
-1.34705 0.514693
-1.47874 0.563015
-1.51166 0.596433
-1.45679 0.52657
-1.46776 0.563015
-1.48422 0.550731
-1.46776 0.518637
-1.4513 0.514693
-1.369 0.446275
-1.30864 0.453636
-1.34156 0.479875
-1.44033 0.571279
-1.47325 0.587988
-1.54458 0.617809
-1.52812 0.670646
-1.61591 0.684194
-1.67078 0.707076
-1.60494 0.635181
-1.61043 0.579603
-1.63786 0.596433
-1.59945 0.579603
-1.43484 0.50685
-1.51715 0.487507
-1.51715 0.495199
-1.38546 0.453636
-1.46228 0.491345
-1.45679 0.50685
-1.51166 0.495199
-1.369 0.431734
-1.43484 0.424553
-1.39095 0.413895
-1.34705 0.372619
-1.37997 0.379348
-1.40192 0.392986
-1.39643 0.372619
-1.42936 0.359342
-1.39095 0.369277
-1.35802 0.336686
-1.37997 0.308642
-1.30316 0.311698
-1.18244 0.299565
-1.27572 0.35606
-1.3251 0.369277
-1.34705 0.417433
-1.36351 0.431734
-1.41289 0.472303
-1.40192 0.542617
-1.34156 0.518637
-1.47325 0.558905
-1.47874 0.542617
-1.41838 0.52657
-1.35802 0.491345
-1.40192 0.522596
-1.4513 0.550731
-1.4952 0.546667
-1.39643 0.45734
-1.36351 0.461058
-1.39095 0.534564
-1.42936 0.558905
-1.46776 0.550731
-1.51166 0.52657
-1.52263 0.579603
-1.53909 0.550731
-1.51715 0.50685
-1.42387 0.453636
-1.40741 0.461058
-1.39643 0.442617
-1.34156 0.453636
-1.37449 0.499068
-1.39643 0.499068
-1.42387 0.550731
-1.42936 0.518637
-1.47874 0.617809
-1.369 0.546667
-1.44582 0.609213
-1.50069 0.630815
-1.41838 0.575434
-1.42387 0.583788
-1.55556 0.670646
-1.55007 0.702469
-1.47325 0.684194
-1.53909 0.684194
-1.50069 0.684194
-1.64335 0.753967
-1.63786 0.753967
-1.61591 0.720985
-1.64883 0.730333
-1.61043 0.720985
-1.60494 0.753967
-1.62689 0.768328
-1.68724 0.812224
-1.69273 0.807286
-1.64883 0.782824
-1.70919 0.827127
-1.65981 0.797456
-1.64883 0.787687
-1.63786 0.753967
-1.58299 0.697878
-1.58299 0.697878
-1.5775 0.739742
-1.73114 0.817176
-1.66529 0.792564
-1.6214 0.763526
-1.65432 0.787687
-1.67078 0.768328
-1.67078 0.758739
-1.63237 0.792564
-1.68176 0.792564
-1.72016 0.777977
-1.69273 0.768328
-1.53361 0.648367
-1.53361 0.652793
-1.56104 0.688741
-1.6214 0.758739
-1.5775 0.720985
-1.48971 0.66616
-1.56104 0.670646
-1.60494 0.711697
-1.59396 0.720985
-1.65432 0.792564
-1.62689 0.763526
-1.62689 0.773145
-1.5775 0.725652
-1.55556 0.702469
-1.59945 0.711697
-1.55007 0.684194
-1.56104 0.697878
-1.53361 0.66616
-1.47874 0.609213
-1.56653 0.639561
-1.44033 0.583788
-1.4513 0.575434
-1.40192 0.518637
-1.52812 0.630815
-1.51166 0.630815
-1.56653 0.670646
-1.63786 0.730333
-1.67078 0.777977
-1.61043 0.739742
-1.5775 0.697878
-1.58299 0.670646
-1.58848 0.670646
-1.57202 0.626465
-1.44582 0.558905
-1.44582 0.643957
-1.55007 0.697878
-1.56653 0.730333
-1.56653 0.725652
-1.69822 0.807286
-1.66529 0.802364
-1.58848 0.74921
-1.58299 0.73503
-1.52812 0.693302
-1.58848 0.758739
-1.61043 0.763526
-1.62689 0.782824
-1.64335 0.777977
-1.57202 0.73503
-1.48971 0.688741
-1.50069 0.66169
-1.46776 0.626465
-1.50069 0.600678
-1.48971 0.592203
-1.50617 0.639561
-1.50617 0.643957
-1.52812 0.679663
-1.51166 0.670646
-1.41838 0.613504
-1.41838 0.600678
-1.47874 0.617809
-1.46228 0.592203
-1.46228 0.575434
-1.42387 0.596433
-1.48422 0.613504
-1.39095 0.571279
-1.45679 0.567139
-1.46776 0.613504
-1.42936 0.596433
-1.50069 0.609213
-1.55556 0.648367
-1.63237 0.697878
-1.64335 0.725652
-1.72016 0.782824
-1.54458 0.688741
-1.53361 0.675147
-1.53361 0.657234
-1.58299 0.617809
-1.55007 0.622129
-1.53909 0.648367
-1.4952 0.643957
-1.47874 0.626465
-1.48422 0.630815
-1.52263 0.626465
-1.56104 0.613504
-1.50617 0.55481
-1.46228 0.550731
-1.44033 0.622129
-1.56104 0.697878
-1.42387 0.579603
-1.41838 0.571279
-1.50069 0.626465
-1.39095 0.567139
-1.47325 0.587988
-1.51166 0.639561
-1.51715 0.622129
-1.50069 0.617809
-1.50617 0.679663
-1.46776 0.670646
-1.51166 0.657234
-1.46228 0.600678
-1.53909 0.648367
-1.54458 0.635181
-1.59945 0.684194
-1.51715 0.600678
-1.50069 0.630815
-1.50069 0.622129
-1.61043 0.688741
-1.59945 0.670646
-1.59945 0.688741
-1.59945 0.697878
-1.53361 0.648367
-1.44582 0.592203
-1.44582 0.571279
-1.46776 0.518637
-1.42387 0.487507
-1.42936 0.563015
-1.58299 0.639561
-1.58848 0.684194
-1.54458 0.670646
-1.53909 0.66169
-1.56653 0.652793
-1.5775 0.725652
-1.61591 0.73503
-1.63237 0.744468
-1.52812 0.679663
-1.55007 0.684194
-1.58848 0.730333
-1.52263 0.697878
-1.4513 0.617809
-1.50617 0.66169
-1.55007 0.66169
-1.51715 0.66169
-1.46228 0.609213
-1.42936 0.596433
-1.4513 0.596433
-1.51166 0.639561
-1.51715 0.66169
-1.52263 0.688741
-1.44582 0.592203
-1.42936 0.583788
-1.47874 0.626465
-1.50617 0.657234
-1.46228 0.652793
-1.61043 0.730333
-1.57202 0.716334
-1.60494 0.758739
-1.61043 0.763526
-1.67627 0.797456
-1.65981 0.797456
-1.60494 0.753967
-1.64883 0.753967
-1.61043 0.725652
-1.61591 0.758739
-1.50069 0.702469
-1.53361 0.725652
-1.57202 0.688741
-1.48971 0.643957
-1.4952 0.643957
-1.47325 0.630815
-1.51715 0.652793
-1.42936 0.587988
-1.46776 0.592203
-1.47325 0.613504
-1.44033 0.571279
-1.48422 0.587988
-1.52263 0.635181
-1.53909 0.652793
-1.50069 0.617809
-1.46776 0.609213
-1.53361 0.688741
-1.48971 0.66169
-1.4513 0.652793
-1.40192 0.592203
-1.47874 0.635181
-1.50617 0.66169
-1.51166 0.66169
-1.47874 0.626465
-1.4513 0.587988
-1.48422 0.571279
-1.52263 0.613504
-1.51715 0.571279
-1.52263 0.604938
-1.52812 0.630815
-1.59945 0.66616
-1.58848 0.693302
-1.61591 0.697878
-1.61591 0.725652
-1.50617 0.688741
-1.51715 0.679663
-1.50617 0.702469
-1.59945 0.739742
-1.50069 0.697878
-1.62689 0.768328
-1.64335 0.787687
-1.65432 0.777977
-1.58848 0.725652
-1.57202 0.711697
-1.56104 0.702469
-1.50069 0.609213
-1.50069 0.630815
-1.47874 0.609213
-1.5775 0.725652
-1.50069 0.652793
-1.51166 0.66616
-1.56653 0.693302
-1.59945 0.693302
-1.53361 0.648367
-1.47874 0.609213
-1.30864 0.491345
-1.41289 0.476081
-1.33608 0.386137
-1.33059 0.36595
-1.25377 0.339878
-1.1989 0.330349
-1.25926 0.372619
-1.33059 0.420986
-1.36351 0.420986
-1.369 0.372619
-1.30864 0.372619
-1.27572 0.349542
-1.369 0.346306
-1.40741 0.359342
-1.31962 0.346306
-1.369 0.33351
-1.35802 0.386137
-1.35802 0.375976
-1.45679 0.406865
-1.44582 0.389554
-1.47325 0.403373
-1.48971 0.375976
-1.35254 0.372619
-1.369 0.468539
-1.44582 0.464791
-1.48971 0.487507
-1.44033 0.420986
-1.47874 0.453636
-1.40192 0.468539
-1.31413 0.396433
-1.40192 0.413895
-1.48422 0.438974
-1.41838 0.406865
-1.42936 0.431734
-1.4952 0.449948
-1.53909 0.461058
-1.53361 0.461058
-1.46228 0.438974
-1.41838 0.45734
-1.42936 0.431734
-1.43484 0.431734
-1.40192 0.461058
-1.40741 0.424553
-1.37449 0.417433
-1.34156 0.372619
-1.39095 0.420986
-1.44033 0.389554
-1.4513 0.362639
-1.42387 0.410373
-1.46776 0.369277
-1.46228 0.399896
-1.4952 0.420986
-1.45679 0.461058
-1.43484 0.461058
-1.38546 0.413895
-1.40192 0.396433
-1.39643 0.435347
-1.45679 0.424553
-1.46228 0.438974
-1.40741 0.424553
-1.34705 0.396433
-1.29218 0.330349
-1.29218 0.317855
-1.35254 0.293589
-1.35254 0.299565
-1.35254 0.278911
-1.30864 0.287673
-1.25926 0.231824
-1.22085 0.184346
-1.31413 0.2137
-1.20439 0.168224
-1.27023 0.208657
-1.33608 0.264611
-1.27572 0.270286
-1.16598 0.2137
-1.28121 0.216244
-1.29767 0.245222
-1.22634 0.216244
-1.26475 0.239818
-1.38546 0.234474
-1.31962 0.226571
-1.34156 0.159342
-1.28121 0.134143
-1.2428 0.142302
-1.2428 0.152839
-1.30864 0.196313
-1.2428 0.142302
-1.23731 0.111111
-1.14952 0.150702
-1.11111 0.144379
-1.15501 0.13616
-1.2428 0.13616
-1.24829 0.118547
-1.18793 0.103916
-1.20988 0.118547
-1.22634 0.134143
-1.26475 0.165981
-1.28669 0.189088
-1.29218 0.163753
-1.23182 0.150702
-1.22634 0.128182
-1.22634 0.122356
-1.24829 0.148579
-1.26475 0.152839
-1.23182 0.150702
-1.30864 0.181998
-1.19342 0.191481
-1.28121 0.256211
-1.31413 0.218803
-1.35254 0.198752
-1.23731 0.211171
-1.29767 0.231824
-1.31962 0.196313
-1.28669 0.181998
-1.23182 0.170482
-1.25377 0.223967
-1.369 0.239818
-1.40741 0.234474
-1.35802 0.203675
-1.35802 0.234474
-1.36351 0.256211
-1.33608 0.299565
-1.369 0.270286
-1.30864 0.299565
-1.34705 0.305601
-1.33608 0.352794
-1.30316 0.36595
-1.4513 0.461058
-1.52812 0.514693
-1.47874 0.52657
-1.46776 0.530559
-1.4952 0.518637
-1.52263 0.542617
-1.51166 0.50685
-1.47874 0.453636
-1.50617 0.483683
-1.52263 0.491345
-1.48971 0.499068
-1.42387 0.468539
-1.40741 0.431734
-1.46776 0.449948
-1.48971 0.438974
-1.50069 0.453636
-1.51166 0.495199
-1.59945 0.522596
-1.56653 0.571279
-1.47874 0.571279
-1.4952 0.546667
-1.51715 0.55481
-1.46776 0.546667
-1.48971 0.546667
-1.31962 0.464791
-1.42936 0.483683
-1.46228 0.518637
-1.42936 0.530559
-1.41289 0.522596
-1.38546 0.424553
-1.34156 0.435347
-1.35802 0.417433
-1.34156 0.420986
-1.43484 0.420986
-1.50617 0.50685
-1.4513 0.483683
-1.38546 0.424553
-1.41289 0.417433
-1.37997 0.399896
-1.30316 0.330349
-1.33059 0.314769
-1.31962 0.330349
-1.31413 0.302575
-1.30316 0.270286
-1.21536 0.239818
-1.29218 0.308642
-1.30316 0.308642
-1.23731 0.327203
-1.30864 0.33351
-1.25377 0.287673
-1.17147 0.308642
-1.2428 0.261796
-1.20439 0.290623
-1.35802 0.302575
-1.27023 0.273146
-1.25926 0.305601
-1.22634 0.273146
-1.28121 0.311698
-1.25926 0.330349
-1.2428 0.293589
-1.35802 0.379348
-1.3251 0.36595
-1.41838 0.396433
-1.33059 0.369277
-1.35802 0.327203
-1.26475 0.278911
-1.41289 0.359342
-1.41289 0.420986
-1.35802 0.389554
-1.34705 0.369277
-1.35802 0.375976
-1.3251 0.399896
-1.35254 0.424553
-1.29767 0.392986
-1.37997 0.446275
-1.35254 0.424553
-1.26475 0.413895
-1.34705 0.479875
-1.369 0.487507
-1.44582 0.495199
-1.48422 0.558905
-1.55007 0.600678
-1.59396 0.652793
-1.58299 0.66169
-1.59945 0.679663
-1.5775 0.657234
-1.48422 0.600678
-1.53909 0.630815
-1.52263 0.657234
-1.60494 0.725652
-1.54458 0.675147
-1.65432 0.753967
-1.61043 0.730333
-1.66529 0.763526
-1.69273 0.787687
-1.64335 0.787687
-1.61591 0.744468
-1.64335 0.739742
-1.53361 0.648367
-1.53361 0.635181
-1.50069 0.600678
-1.50617 0.604938
-1.60494 0.702469
-1.57202 0.716334
-1.57202 0.753967
-1.58848 0.73503
-1.58299 0.730333
-1.59396 0.730333
-1.6214 0.744468
-1.69822 0.807286
-1.71468 0.812224
-1.7476 0.837137
-1.65432 0.782824
-1.65981 0.792564
-1.61043 0.758739
-1.54458 0.693302
-1.55007 0.688741
-1.50069 0.66616
-1.52263 0.66169
-1.52812 0.571279
-1.44582 0.542617
-1.41289 0.495199
-1.40192 0.563015
-1.33059 0.542617
-1.38546 0.579603
-1.35802 0.567139
-1.39095 0.587988
-1.4952 0.617809
-1.41838 0.583788
-1.54458 0.579603
-1.50617 0.575434
-1.50069 0.575434
-1.37449 0.514693
-1.35802 0.538583
-1.42387 0.550731
-1.52263 0.626465
-1.40192 0.575434
-1.46228 0.613504
-1.46228 0.604938
-1.47874 0.617809
-1.48971 0.626465
-1.59945 0.716334
-1.53909 0.711697
-1.5775 0.73503
-1.58299 0.730333
-1.55007 0.720985
-1.63237 0.739742
-1.60494 0.730333
-1.50069 0.684194
-1.55556 0.675147
-1.51715 0.657234
-1.59396 0.725652
-1.60494 0.763526
-1.59396 0.768328
-1.64335 0.792564
-1.61043 0.773145
-1.53361 0.707076
-1.59396 0.670646
-1.57202 0.702469
-1.63237 0.74921
-1.59945 0.753967
-1.58848 0.753967
-1.52263 0.697878
-1.51715 0.670646
-1.41289 0.592203
-1.43484 0.609213
-1.50617 0.657234
-1.55556 0.639561
-1.53909 0.626465
-1.59945 0.702469
-1.54458 0.648367
-1.56653 0.66169
-1.55007 0.648367
-1.53909 0.643957
-1.50069 0.613504
-1.47874 0.609213
-1.52812 0.617809
-1.51715 0.652793
-1.4513 0.604938
-1.37449 0.609213
-1.41289 0.604938
-1.369 0.609213
-1.34705 0.522596
-1.50069 0.630815
-1.47874 0.622129
-1.61591 0.725652
-1.53361 0.679663
-1.59396 0.702469
-1.61043 0.720985
-1.55007 0.707076
-1.55556 0.725652
-1.61591 0.74921
-1.59945 0.725652
-1.53909 0.66616
-1.56653 0.648367
-1.47874 0.626465
-1.59396 0.684194
-1.51166 0.639561
-1.51166 0.613504
-1.52812 0.617809
-1.44582 0.579603
-1.53361 0.648367
-1.6214 0.711697
-1.65432 0.711697
-1.61043 0.74921
-1.60494 0.702469
-1.52812 0.635181
-1.53909 0.648367
-1.48971 0.697878
-1.53909 0.66616
-1.53361 0.643957
-1.5775 0.679663
-1.59945 0.697878
-1.45679 0.571279
-1.4513 0.563015
-1.52263 0.617809
-1.52263 0.600678
-1.48971 0.563015
-1.51166 0.571279
-1.46228 0.567139
-1.41838 0.567139
-1.40192 0.522596
-1.53361 0.626465
-1.52263 0.530559
-1.50617 0.514693
-1.50069 0.514693
-1.39643 0.446275
-1.34705 0.431734
-1.42387 0.461058
-1.31413 0.428136
-1.369 0.424553
-1.43484 0.479875
-1.40741 0.406865
-1.37449 0.399896
-1.30316 0.399896
-1.27572 0.349542
-1.26475 0.352794
-1.27023 0.33351
-1.33059 0.336686
-1.28121 0.284737
-1.41289 0.281817
-1.50069 0.359342
-1.46776 0.382735
-1.369 0.293589
-1.369 0.276021
-1.37997 0.267441
-1.40192 0.221377
-1.3251 0.239818
-1.33059 0.237138
-1.25926 0.22919
-1.369 0.302575
-1.34156 0.270286
-1.38546 0.284737
-1.39095 0.261796
-1.39095 0.261796
-1.34705 0.264611
-1.33608 0.267441
-1.42387 0.261796
-1.41838 0.293589
-1.46776 0.247947
-1.40192 0.221377
-1.38546 0.226571
-1.369 0.247947
-1.35254 0.247947
-1.31962 0.273146
-1.28121 0.284737
-1.34156 0.281817
-1.25377 0.276021
-1.40192 0.314769
-1.41289 0.314769
-1.39095 0.276021
-1.44033 0.261796
-1.37997 0.22919
-1.28121 0.231824
-1.34156 0.2137
-1.26475 0.2137
-1.3251 0.170482
-1.369 0.211171
-1.25377 0.184346
-1.1989 0.163753
-1.17147 0.128182
-1.1989 0.16154
-1.2428 0.175043
-1.14403 0.154992
-1.17695 0.128182
-1.23182 0.13616
-1.23182 0.126225
-1.17695 0.130154
-1.15501 0.118547
-1.17695 0.126225
-1.14403 0.142302
-1.25377 0.128182
-1.369 0.152839
-1.3251 0.168224
-1.28121 0.191481
-1.3251 0.221377
-1.30316 0.242512
-1.30316 0.208657
-1.28669 0.196313
-1.35802 0.261796
-1.369 0.339878
-1.31413 0.362639
-1.50617 0.435347
-1.47874 0.449948
-1.34705 0.343084
-1.47874 0.336686
-1.46228 0.273146
-1.34705 0.245222
-1.28669 0.2137
-1.29767 0.157159
-1.35802 0.191481
-1.29218 0.203675
-1.40741 0.247947
-1.37449 0.237138
-1.34705 0.218803
-1.35254 0.270286
-1.34705 0.239818
-1.21536 0.293589
-1.369 0.359342
-1.28669 0.339878
-1.37997 0.369277
-1.28121 0.305601
-1.29218 0.317855
-1.28669 0.346306
-1.35254 0.339878
-1.40741 0.438974
-1.47874 0.546667
-1.47874 0.542617
-1.40741 0.52657
-1.40741 0.538583
-1.39095 0.487507
-1.46776 0.52657
-1.48971 0.55481
-1.46776 0.530559
-1.43484 0.542617
-1.43484 0.502951
-1.37997 0.468539
-1.45679 0.542617
-1.42387 0.567139
-1.47325 0.617809
-1.4513 0.55481
-1.46228 0.609213
-1.38546 0.534564
-1.40741 0.491345
-1.41838 0.530559
-1.46776 0.542617
-1.50069 0.546667
-1.4952 0.55481
-1.50617 0.604938
-1.44033 0.567139
-1.39095 0.522596
-1.44582 0.52657
-1.46776 0.522596
-1.369 0.52657
-1.37997 0.518637
-1.44033 0.52657
-1.48422 0.571279
-1.47874 0.538583
-1.46228 0.567139
-1.43484 0.583788
-1.47325 0.587988
-1.4513 0.617809
-1.55007 0.688741
-1.57202 0.693302
-1.48422 0.639561
-1.47874 0.693302
-1.50069 0.657234
-1.48971 0.617809
-1.55007 0.66169
-1.51715 0.652793
-1.48422 0.630815
-1.56104 0.693302
-1.51715 0.725652
-1.59945 0.753967
-1.66529 0.763526
-1.61591 0.725652
-1.58299 0.688741
-1.41838 0.571279
-1.40192 0.534564
-1.36351 0.510764
-1.43484 0.530559
-1.53909 0.626465
-1.50617 0.596433
-1.56653 0.604938
-1.54458 0.604938
-1.37449 0.522596
-1.42387 0.571279
-1.53909 0.643957
-1.50069 0.604938
-1.55007 0.630815
-1.42936 0.567139
-1.44582 0.575434
-1.41289 0.55481
-1.45679 0.622129
-1.35254 0.522596
-1.31413 0.499068
-1.38546 0.50685
-1.39643 0.514693
-1.34156 0.453636
-1.35254 0.442617
-1.35802 0.399896
-1.29767 0.438974
-1.31962 0.410373
-1.33059 0.339878
-1.39643 0.375976
-1.28121 0.379348
-1.27572 0.320956
-1.28669 0.293589
-1.22085 0.276021
-1.24829 0.317855
-1.40741 0.375976
-1.41289 0.410373
-1.29218 0.320956
-1.23731 0.346306
-1.30316 0.346306
-1.37449 0.372619
-1.39643 0.379348
-1.28669 0.386137
-1.31962 0.399896
-1.44033 0.491345
-1.44582 0.510764
-1.46228 0.571279
-1.50617 0.648367
-1.44033 0.635181
-1.51715 0.693302
-1.59945 0.697878
-1.46776 0.583788
-1.42387 0.563015
-1.31962 0.534564
-1.40192 0.626465
-1.40192 0.635181
-1.45679 0.643957
-1.48422 0.639561
-1.61043 0.739742
-1.4513 0.622129
-1.50069 0.648367
-1.4952 0.630815
-1.53361 0.626465
-1.39095 0.579603
-1.4513 0.609213
-1.37449 0.55481
-1.42387 0.546667
-1.41838 0.55481
-1.47874 0.563015
-1.38546 0.550731
-1.39095 0.534564
-1.33608 0.50685
-1.39643 0.567139
-1.30864 0.479875
-1.42387 0.538583
-1.40192 0.491345
-1.3251 0.45734
-1.40741 0.530559
-1.42387 0.491345
-1.47325 0.461058
-1.42387 0.446275
-1.46776 0.453636
-1.40741 0.453636
-1.37997 0.399896
-1.27572 0.339878
-1.25377 0.336686
-1.28121 0.327203
-1.35254 0.396433
-1.35254 0.410373
-1.39643 0.479875
-1.43484 0.499068
-1.41838 0.502951
-1.47325 0.563015
-1.42936 0.534564
-1.46776 0.575434
-1.4513 0.546667
-1.48971 0.538583
-1.52263 0.571279
-1.48971 0.596433
-1.50069 0.558905
-1.54458 0.609213
-1.47325 0.592203
-1.46228 0.55481
-1.55007 0.575434
-1.51166 0.55481
-1.42936 0.518637
-1.33059 0.424553
-1.41838 0.428136
-1.31413 0.396433
-1.43484 0.483683
-1.42936 0.510764
-1.4513 0.538583
-1.48971 0.558905
-1.51166 0.550731
-1.52263 0.639561
-1.62689 0.684194
-1.6214 0.73503
-1.55007 0.66169
-1.47874 0.635181
-1.46776 0.604938
-1.59396 0.643957
-1.5775 0.693302
-1.61043 0.675147
-1.51715 0.626465
-1.47874 0.630815
-1.37449 0.542617
-1.41838 0.587988
-1.37997 0.534564
-1.51715 0.617809
-1.41838 0.567139
-1.53909 0.617809
-1.52812 0.652793
-1.42387 0.583788
-1.47874 0.587988
-1.42387 0.567139
-1.36351 0.542617
-1.48971 0.622129
-1.45679 0.639561
-1.41289 0.609213
-1.48422 0.613504
-1.47325 0.579603
-1.47874 0.538583
-1.45679 0.510764
-1.45679 0.52657
-1.58299 0.575434
-1.57202 0.604938
-1.56104 0.587988
-1.46776 0.575434
-1.53909 0.622129
-1.58299 0.648367
-1.56104 0.626465
-1.56104 0.609213
-1.54458 0.630815
-1.45679 0.596433
-1.52263 0.626465
-1.51715 0.643957
-1.50617 0.643957
-1.45679 0.609213
-1.35254 0.542617
-1.3251 0.55481
-1.31962 0.534564
-1.43484 0.583788
-1.52263 0.626465
-1.39643 0.546667
-1.45679 0.592203
-1.46776 0.571279
-1.52812 0.571279
-1.50069 0.587988
-1.51715 0.604938
-1.47325 0.639561
-1.53909 0.66169
-1.52263 0.643957
-1.51166 0.622129
-1.52812 0.626465
-1.54458 0.697878
-1.47874 0.652793
-1.52263 0.66169
-1.50069 0.630815
-1.3251 0.510764
-1.44033 0.579603
-1.41838 0.542617
-1.4952 0.546667
-1.45679 0.510764
-1.38546 0.464791
-1.41838 0.45734
-1.39643 0.424553
-1.30864 0.424553
-1.24829 0.449948
-1.33608 0.413895
-1.37449 0.396433
-1.33059 0.372619
-1.33059 0.369277
-1.39643 0.382735
-1.40741 0.403373
-1.28121 0.382735
-1.35802 0.420986
-1.31413 0.413895
-1.35802 0.424553
-1.40192 0.487507
-1.41838 0.534564
-1.48971 0.600678
-1.46776 0.604938
-1.59945 0.716334
-1.47325 0.66616
-1.58299 0.66616
-1.40741 0.583788
-1.4513 0.546667
-1.44582 0.50685
-1.4513 0.530559
-1.35802 0.479875
-1.34705 0.479875
-1.40741 0.491345
-1.35802 0.428136
-1.3251 0.424553
-1.33059 0.420986
-1.45679 0.468539
-1.52812 0.534564
-1.48971 0.438974
-1.47325 0.502951
-1.38546 0.403373
-1.31962 0.461058
-1.37449 0.50685
-1.35254 0.530559
-1.35802 0.487507
-1.34156 0.510764
-1.39643 0.50685
-1.46776 0.50685
-1.47325 0.510764
-1.46228 0.502951
-1.42387 0.534564
-1.46228 0.563015
-1.48971 0.534564
-1.37997 0.468539
-1.37449 0.483683
-1.28669 0.442617
-1.34156 0.406865
-1.41838 0.435347
-1.40192 0.491345
-1.42387 0.558905
-1.46228 0.613504
-1.41838 0.518637
-1.41289 0.510764
-1.34156 0.514693
-1.39643 0.55481
-1.38546 0.583788
-1.4952 0.587988
-1.51715 0.587988
-1.42387 0.530559
-1.43484 0.522596
-1.40192 0.538583
-1.48422 0.579603
-1.50069 0.563015
-1.53909 0.563015
-1.50069 0.563015
-1.50617 0.592203
-1.37997 0.538583
-1.39643 0.522596
-1.3251 0.487507
-1.38546 0.563015
-1.47325 0.596433
-1.5775 0.670646
-1.53361 0.66169
-1.51166 0.617809
-1.45679 0.583788
-1.38546 0.534564
-1.31413 0.52657
-1.34156 0.52657
-1.41289 0.530559
-1.42387 0.50685
-1.44582 0.534564
-1.50069 0.567139
-1.50069 0.575434
-1.50617 0.534564
-1.45679 0.518637
-1.39643 0.483683
-1.44582 0.550731
-1.50069 0.609213
-1.55007 0.652793
-1.55556 0.670646
-1.62689 0.702469
-1.50069 0.575434
-1.52263 0.583788
-1.46228 0.587988
-1.45679 0.587988
-1.51715 0.613504
-1.50617 0.563015
-1.48422 0.530559
-1.43484 0.518637
-1.37997 0.518637
-1.50069 0.643957
-1.52812 0.635181
-1.50069 0.66169
-1.58848 0.707076
-1.59396 0.688741
-1.67627 0.758739
-1.63237 0.73503
-1.68724 0.773145
-1.63786 0.716334
-1.56653 0.711697
-1.56653 0.730333
-1.55556 0.73503
-1.50617 0.635181
-1.45679 0.579603
-1.4513 0.542617
-1.39643 0.563015
-1.30864 0.538583
-1.47325 0.600678
-1.47874 0.626465
-1.52812 0.684194
-1.53909 0.693302
-1.4952 0.657234
-1.41838 0.635181
-1.51166 0.697878
-1.42387 0.613504
-1.46776 0.639561
-1.44582 0.592203
-1.46776 0.613504
-1.51715 0.630815
-1.39095 0.583788
-1.44582 0.609213
-1.41289 0.558905
-1.44582 0.567139
-1.48971 0.587988
-1.52812 0.604938
-1.47874 0.587988
-1.41289 0.522596
-1.52263 0.571279
-1.51715 0.626465
-1.57202 0.609213
-1.55007 0.579603
-1.53361 0.575434
-1.52812 0.530559
-1.50069 0.579603
-1.46228 0.592203
-1.47325 0.522596
-1.42387 0.550731
-1.43484 0.538583
-1.54458 0.596433
-1.4952 0.579603
-1.40741 0.546667
-1.40741 0.52657
-1.38546 0.461058
-1.39643 0.461058
-1.46776 0.546667
-1.45679 0.534564
-1.51166 0.613504
-1.50069 0.55481
-1.44582 0.579603
-1.4513 0.550731
-1.45679 0.538583
-1.46776 0.558905
-1.51166 0.635181
-1.47325 0.648367
-1.45679 0.643957
-1.50617 0.630815
-1.53361 0.697878
-1.52263 0.643957
-1.59945 0.711697
-1.63786 0.725652
-1.5775 0.609213
-1.55007 0.617809
-1.53909 0.617809
-1.53909 0.648367
-1.53361 0.652793
-1.41838 0.538583
-1.37449 0.491345
-1.37449 0.514693
-1.44582 0.613504
-1.37449 0.52657
-1.42936 0.587988
-1.42387 0.587988
-1.42387 0.546667
-1.44033 0.558905
-1.44582 0.567139
-1.37449 0.464791
-1.29218 0.386137
-1.23182 0.396433
-1.31962 0.420986
-1.24829 0.392986
-1.39095 0.491345
-1.35254 0.45734
-1.33059 0.375976
-1.2428 0.413895
-1.3251 0.431734
-1.31413 0.442617
-1.22634 0.396433
-1.36351 0.491345
-1.44582 0.55481
-1.35802 0.50685
-1.39095 0.50685
-1.45679 0.502951
-1.51166 0.510764
-1.45679 0.499068
-1.369 0.479875
-1.369 0.476081
-1.41289 0.530559
-1.43484 0.518637
-1.369 0.514693
-1.48422 0.571279
-1.5775 0.630815
-1.56104 0.600678
-1.57202 0.630815
-1.52812 0.604938
-1.51715 0.604938
-1.53909 0.626465
-1.51715 0.579603
-1.44033 0.502951
-1.39095 0.438974
-1.33608 0.359342
-1.29767 0.317855
-1.30316 0.317855
-1.29218 0.339878
-1.26475 0.296569
-1.369 0.36595
-1.37449 0.343084
-1.34705 0.311698
-1.39095 0.372619
-1.35802 0.362639
-1.46228 0.403373
-1.46228 0.438974
-1.43484 0.464791
-1.35254 0.461058
-1.44582 0.495199
-1.43484 0.522596
-1.45679 0.55481
-1.43484 0.563015
-1.34705 0.550731
-1.42936 0.558905
-1.41289 0.518637
-1.42387 0.530559
-1.48971 0.613504
-1.54458 0.730333
-1.67078 0.782824
-1.61591 0.787687
-1.58299 0.744468
-1.61591 0.777977
-1.64335 0.782824
-1.59945 0.758739
-1.54458 0.711697
-1.59945 0.725652
-1.55007 0.702469
-1.57202 0.693302
-1.64883 0.773145
-1.59396 0.74921
-1.65432 0.768328
-1.61043 0.720985
-1.60494 0.66169
-1.55007 0.583788
-1.47874 0.550731
-1.62689 0.657234
-1.55556 0.613504
-1.63237 0.684194
-1.55007 0.639561
-1.4952 0.626465
-1.44582 0.596433
-1.47325 0.617809
-1.53909 0.652793
-1.53361 0.670646
-1.53909 0.617809
-1.47325 0.600678
-1.42387 0.613504
-1.47874 0.652793
-1.60494 0.693302
-1.7037 0.787687
-1.76955 0.822144
-1.63786 0.782824
-1.69822 0.827127
-1.61043 0.763526
-1.63786 0.758739
-1.52812 0.657234
-1.57202 0.66616
-1.48971 0.587988
-1.42387 0.558905
-1.43484 0.522596
-1.44582 0.530559
-1.41838 0.502951
-1.46776 0.571279
-1.46776 0.558905
-1.369 0.514693
-1.38546 0.50685
-1.34156 0.45734
-1.39643 0.483683
-1.36351 0.476081
-1.44033 0.563015
-1.36351 0.510764
-1.26475 0.479875
-1.3251 0.45734
-1.29218 0.413895
-1.42936 0.518637
-1.50617 0.592203
-1.43484 0.542617
-1.34705 0.499068
-1.35802 0.483683
-1.40192 0.491345
-1.41289 0.575434
-1.40741 0.522596
-1.29218 0.428136
-1.41838 0.546667
-1.369 0.52657
-1.43484 0.630815
-1.52263 0.66169
-1.6214 0.693302
-1.59945 0.66169
-1.44582 0.52657
-1.38546 0.514693
-1.46776 0.571279
-1.41289 0.546667
-1.46776 0.571279
-1.35802 0.464791
-1.28669 0.449948
-1.25926 0.410373
-1.23731 0.389554
-1.24829 0.379348
-1.31962 0.375976
-1.39643 0.410373
-1.30864 0.382735
-1.40741 0.396433
-1.35254 0.386137
-1.46228 0.472303
-1.44033 0.487507
-1.46776 0.514693
-1.54458 0.538583
-1.51715 0.542617
-1.55556 0.596433
-1.64335 0.579603
-1.61043 0.575434
-1.58848 0.567139
-1.52263 0.538583
-1.53361 0.483683
-1.52263 0.495199
-1.53361 0.55481
-1.47325 0.518637
-1.42936 0.534564
-1.44582 0.563015
-1.5775 0.630815
-1.51715 0.639561
-1.54458 0.643957
-1.48971 0.600678
-1.45679 0.550731
-1.50617 0.558905
-1.45679 0.495199
-1.52263 0.596433
-1.51715 0.592203
-1.43484 0.604938
-1.56104 0.675147
-1.53909 0.679663
-1.6214 0.744468
-1.55007 0.657234
-1.58299 0.679663
-1.53909 0.697878
-1.44582 0.600678
-1.41838 0.575434
-1.44033 0.617809
-1.52263 0.693302
-1.55007 0.702469
-1.50617 0.648367
-1.4952 0.626465
-1.59396 0.697878
-1.56653 0.679663
-1.60494 0.716334
-1.59396 0.739742
-1.61591 0.758739
-1.51166 0.688741
-1.53909 0.66169
-1.53909 0.66616
-1.6214 0.74921
-1.66529 0.739742
-1.61043 0.73503
-1.62689 0.725652
-1.52263 0.66169
-1.4952 0.639561
-1.58848 0.670646
-1.41838 0.567139
-1.51166 0.635181
-1.53361 0.675147
-1.46228 0.604938
-1.43484 0.55481
-1.43484 0.600678
-1.56104 0.679663
-1.50617 0.639561
-1.50069 0.675147
-1.4952 0.66169
-1.44582 0.592203
-1.50069 0.635181
-1.51166 0.648367
-1.48422 0.613504
-1.46228 0.600678
-1.33608 0.522596
-1.46776 0.542617
-1.37997 0.438974
-1.34156 0.464791
-1.35802 0.479875
-1.36351 0.461058
-1.39095 0.468539
-1.35802 0.438974
-1.38546 0.464791
-1.44582 0.538583
-1.43484 0.495199
-1.42387 0.468539
-1.35254 0.424553
-1.35254 0.399896
-1.31413 0.406865
-1.27572 0.386137
-1.34156 0.352794
-1.39643 0.399896
-1.38546 0.399896
-1.34705 0.324072
-1.37449 0.369277
-1.39643 0.369277
-1.34156 0.352794
-1.30316 0.327203
-1.30864 0.362639
-1.27572 0.324072
-1.33059 0.372619
-1.29767 0.314769
-1.33059 0.386137
-1.35254 0.406865
-1.35802 0.36595
-1.43484 0.403373
-1.4952 0.476081
-1.4513 0.502951
-1.46228 0.435347
-1.39095 0.36595
-1.33608 0.317855
-1.34156 0.35606
-1.33608 0.399896
-1.3251 0.386137
-1.29218 0.413895
-1.34156 0.438974
-1.369 0.438974
-1.39643 0.510764
-1.35802 0.502951
-1.4513 0.558905
-1.40741 0.534564
-1.35802 0.453636
-1.25926 0.410373
-1.1989 0.435347
-1.30864 0.487507
-1.40192 0.52657
-1.31413 0.491345
-1.42936 0.50685
-1.40192 0.479875
-1.40192 0.476081
-1.33059 0.417433
-1.28669 0.386137
-1.29767 0.349542
-1.35802 0.336686
-1.30316 0.324072
-1.26475 0.320956
-1.27023 0.256211
-1.25377 0.267441
-1.27572 0.276021
-1.23731 0.239818
-1.2428 0.242512
-1.33608 0.250686
-1.35254 0.299565
-1.34156 0.290623
-1.33608 0.296569
-1.3251 0.324072
-1.34156 0.36595
-1.35254 0.386137
-1.39643 0.369277
-1.40192 0.320956
-1.43484 0.311698
-1.39643 0.278911
-1.42936 0.330349
-1.34156 0.311698
-1.34705 0.362639
-1.4513 0.446275
-1.37997 0.435347
-1.42387 0.417433
-1.41838 0.449948
-1.42936 0.461058
-1.53909 0.499068
-1.46776 0.461058
-1.46776 0.431734
-1.47325 0.446275
-1.53361 0.50685
-1.51166 0.428136
-1.43484 0.428136
-1.38546 0.392986
-1.46776 0.435347
-1.44582 0.461058
-1.39095 0.410373
-1.47874 0.392986
-1.51715 0.396433
-1.42387 0.403373
-1.37449 0.35606
-1.44033 0.389554
-1.47325 0.399896
-1.47874 0.372619
-1.41838 0.320956
-1.42387 0.35606
-1.40741 0.33351
-1.46776 0.362639
-1.48422 0.468539
-1.52263 0.45734
-1.50069 0.483683
-1.36351 0.476081
-1.35254 0.461058
-1.38546 0.468539
-1.44582 0.420986
-1.37997 0.431734
-1.35254 0.449948
-1.3251 0.499068
-1.29218 0.449948
-1.31962 0.461058
-1.27572 0.420986
-1.25926 0.464791
-1.37997 0.546667
-1.35802 0.542617
-1.50617 0.604938
-1.48422 0.600678
-1.52263 0.626465
-1.58299 0.684194
-1.4952 0.679663
-1.52263 0.66616
-1.46776 0.567139
-1.47325 0.563015
-1.46228 0.518637
-1.46776 0.510764
-1.42387 0.587988
-1.42387 0.596433
-1.46776 0.571279
-1.48422 0.579603
-1.48422 0.626465
-1.47874 0.600678
-1.56104 0.679663
-1.60494 0.679663
-1.44033 0.630815
-1.50617 0.688741
-1.58848 0.711697
-1.61043 0.758739
-1.47874 0.652793
-1.45679 0.604938
-1.42387 0.630815
-1.53361 0.66616
-1.4513 0.604938
-1.54458 0.675147
-1.53909 0.679663
-1.52812 0.679663
-1.47874 0.622129
-1.40741 0.613504
-1.48422 0.609213
-1.60494 0.684194
-1.58848 0.693302
-1.60494 0.693302
-1.52812 0.630815
-1.48422 0.596433
-1.44582 0.50685
-1.44582 0.542617
-1.47325 0.514693
-1.33059 0.442617
-1.41838 0.542617
-1.45679 0.487507
-1.47874 0.499068
-1.37997 0.476081
-1.39095 0.45734
-1.42936 0.476081
-1.41289 0.461058
-1.38546 0.428136
-1.44582 0.483683
-1.52263 0.546667
-1.58299 0.534564
-1.55007 0.542617
-1.46228 0.479875
-1.45679 0.472303
-1.47325 0.579603
-1.53361 0.635181
-1.53909 0.679663
-1.48422 0.630815
-1.53909 0.688741
-1.52263 0.657234
-1.48971 0.635181
-1.51166 0.697878
-1.53361 0.716334
-1.61043 0.753967
-1.56653 0.702469
-1.54458 0.679663
-1.52812 0.66616
-1.54458 0.684194
-1.59945 0.702469
-1.6214 0.702469
-1.54458 0.652793
-1.57202 0.657234
-1.5775 0.707076
-1.56653 0.684194
-1.67078 0.711697
-1.61591 0.688741
-1.56653 0.679663
-1.48971 0.617809
-1.48971 0.626465
-1.47325 0.604938
-1.42387 0.546667
-1.46776 0.592203
-1.54458 0.66616
-1.51715 0.639561
-1.59945 0.679663
-1.48422 0.639561
-1.47325 0.613504
-1.369 0.495199
-1.34705 0.464791
-1.48422 0.546667
-1.48971 0.592203
-1.53361 0.657234
-1.57202 0.716334
-1.4513 0.613504
-1.51715 0.679663
-1.47325 0.688741
-1.56104 0.725652
-1.50069 0.684194
-1.40192 0.596433
-1.50617 0.697878
-1.45679 0.652793
-1.58299 0.707076
-1.48971 0.626465
-1.48971 0.587988
-1.40741 0.542617
-1.39095 0.52657
-1.4513 0.563015
-1.44582 0.558905
-1.35802 0.499068
-1.33608 0.449948
-1.35254 0.476081
-1.42387 0.499068
-1.4513 0.567139
-1.34156 0.522596
-1.41838 0.424553
-1.46776 0.499068
-1.369 0.487507
-1.36351 0.428136
-1.39643 0.45734
-1.42936 0.410373
-1.42387 0.446275
-1.44582 0.476081
-1.4513 0.510764
-1.50069 0.522596
-1.50617 0.518637
-1.39643 0.495199
-1.27023 0.431734
-1.29767 0.413895
-1.39095 0.428136
-1.39095 0.468539
-1.35802 0.464791
-1.37449 0.428136
-1.33608 0.413895
-1.41289 0.431734
-1.44582 0.438974
-1.37997 0.410373
-1.29767 0.369277
-1.22085 0.273146
-1.17147 0.287673
-1.29218 0.336686
-1.33059 0.375976
-1.3251 0.438974
-1.43484 0.491345
-1.40192 0.438974
-1.41289 0.479875
-1.34156 0.510764
-1.44033 0.567139
-1.44582 0.575434
-1.50617 0.600678
-1.51715 0.635181
-1.35802 0.461058
-1.29767 0.406865
-1.31413 0.386137
-1.27023 0.389554
-1.39643 0.453636
-1.31962 0.428136
-1.31413 0.428136
-1.30316 0.449948
-1.37449 0.435347
-1.47325 0.502951
-1.45679 0.55481
-1.58848 0.579603
-1.52263 0.583788
-1.50069 0.587988
-1.57202 0.630815
-1.48971 0.622129
-1.52812 0.604938
-1.55007 0.596433
-1.44582 0.538583
-1.47325 0.579603
-1.42387 0.567139
-1.4952 0.626465
-1.4513 0.587988
-1.47325 0.600678
-1.55556 0.652793
-1.53361 0.702469
-1.54458 0.711697
-1.4513 0.617809
-1.50069 0.639561
-1.50617 0.635181
-1.4952 0.609213
-1.40192 0.575434
-1.37449 0.550731
-1.25377 0.499068
-1.31413 0.491345
-1.37449 0.546667
-1.40741 0.495199
-1.40192 0.514693
-1.47874 0.495199
-1.50069 0.55481
-1.47874 0.592203
-1.54458 0.652793
-1.41838 0.550731
-1.44582 0.538583
-1.46228 0.550731
-1.50617 0.600678
-1.51166 0.596433
-1.42387 0.55481
-1.38546 0.538583
-1.48422 0.563015
-1.37997 0.530559
-1.43484 0.546667
-1.45679 0.596433
-1.42387 0.575434
-1.40741 0.542617
-1.41838 0.52657
-1.41838 0.510764
-1.48422 0.55481
-1.61591 0.648367
-1.58299 0.679663
-1.53361 0.622129
-1.51715 0.604938
-1.48422 0.609213
-1.4952 0.546667
-1.57202 0.613504
-1.55007 0.609213
-1.51715 0.622129
-1.46228 0.596433
-1.44033 0.596433
-1.46228 0.579603
-1.4513 0.587988
-1.4513 0.563015
-1.43484 0.558905
-1.41289 0.563015
-1.39095 0.534564
-1.36351 0.514693
-1.40192 0.530559
-1.34156 0.483683
-1.28121 0.476081
-1.369 0.468539
-1.33059 0.476081
-1.31413 0.476081
-1.33608 0.472303
-1.4513 0.522596
-1.42936 0.514693
-1.41289 0.518637
-1.50617 0.592203
-1.53361 0.630815
-1.51166 0.609213
-1.51166 0.652793
-1.41289 0.587988
-1.40192 0.592203
-1.3251 0.514693
-1.51166 0.571279
-1.50069 0.575434
-1.47325 0.550731
-1.35802 0.538583
-1.45679 0.567139
-1.37997 0.542617
-1.35802 0.518637
-1.40741 0.600678
-1.40192 0.55481
-1.36351 0.563015
-1.41289 0.613504
-1.41289 0.600678
-1.52263 0.707076
-1.53909 0.707076
-1.46228 0.66616
-1.47874 0.617809
-1.52263 0.630815
-1.52812 0.643957
-1.48422 0.630815
-1.39643 0.546667
-1.3251 0.464791
-1.3251 0.479875
-1.24829 0.438974
-1.26475 0.413895
-1.31962 0.420986
-1.42936 0.479875
-1.46776 0.487507
-1.44582 0.534564
-1.40741 0.518637
-1.48422 0.567139
-1.4513 0.530559
-1.42387 0.546667
-1.37449 0.52657
-1.48971 0.587988
-1.40741 0.514693
-1.47874 0.55481
-1.47325 0.538583
-1.46228 0.52657
-1.45679 0.55481
-1.52812 0.579603
-1.50617 0.546667
-1.45679 0.522596
-1.46228 0.518637
-1.42936 0.479875
-1.48971 0.558905
-1.48422 0.546667
-1.46228 0.571279
-1.4513 0.563015
-1.47325 0.596433
-1.45679 0.592203
-1.50617 0.630815
-1.4513 0.579603
-1.44582 0.558905
-1.54458 0.587988
-1.41838 0.542617
-1.40741 0.587988
-1.44033 0.613504
-1.41838 0.575434
-1.42387 0.558905
-1.42387 0.583788
-1.42936 0.571279
-1.55007 0.675147
-1.60494 0.684194
-1.64335 0.725652
-1.55007 0.702469
-1.55556 0.707076
-1.54458 0.643957
-1.46228 0.609213
-1.43484 0.538583
-1.45679 0.550731
-1.48422 0.613504
-1.52263 0.648367
-1.48422 0.583788
-1.48422 0.626465
-1.53909 0.635181
-1.58848 0.688741
-1.57202 0.66169
-1.51166 0.688741
-1.48971 0.635181
-1.50069 0.652793
-1.4513 0.626465
-1.44582 0.592203
-1.47325 0.643957
-1.37449 0.575434
-1.41289 0.550731
-1.44033 0.558905
-1.42387 0.571279
-1.47874 0.579603
-1.43484 0.596433
-1.43484 0.579603
-1.42387 0.534564
-1.4513 0.542617
-1.38546 0.50685
-1.41289 0.510764
-1.46228 0.50685
-1.40741 0.483683
-1.42936 0.417433
-1.38546 0.406865
-1.37449 0.372619
-1.38546 0.438974
-1.37449 0.464791
-1.29767 0.369277
-1.28669 0.336686
-1.31413 0.372619
-1.3251 0.431734
-1.36351 0.461058
-1.40192 0.453636
-1.4513 0.468539
-1.45679 0.464791
-1.40741 0.449948
-1.46776 0.420986
-1.42387 0.417433
-1.41289 0.410373
-1.37449 0.375976
-1.42936 0.446275
-1.33608 0.420986
-1.35254 0.468539
-1.3251 0.424553
-1.2428 0.396433
-1.37997 0.442617
-1.38546 0.406865
-1.46228 0.502951
-1.4513 0.45734
-1.42387 0.449948
-1.4513 0.424553
-1.42936 0.487507
-1.40741 0.472303
-1.35254 0.417433
-1.30316 0.410373
-1.39095 0.403373
-1.40192 0.435347
-1.41838 0.413895
-1.33059 0.410373
-1.35254 0.403373
-1.35802 0.464791
-1.30316 0.442617
-1.44033 0.483683
-1.40741 0.45734
-1.37449 0.420986
-1.42387 0.446275
-1.48971 0.502951
-1.42387 0.468539
-1.37997 0.413895
-1.30864 0.410373
-1.42936 0.417433
-1.47874 0.435347
-1.4952 0.424553
-1.42387 0.428136
-1.41289 0.45734
-1.41289 0.428136
-1.46228 0.483683
-1.38546 0.428136
-1.44582 0.476081
-1.4513 0.522596
-1.4952 0.587988
-1.47325 0.592203
-1.51166 0.613504
-1.51715 0.626465
-1.53909 0.675147
-1.53361 0.688741
-1.54458 0.716334
-1.53909 0.684194
-1.58299 0.697878
-1.54458 0.652793
-1.41289 0.579603
-1.41838 0.600678
-1.43484 0.604938
-1.47874 0.626465
-1.54458 0.66169
-1.50069 0.630815
-1.54458 0.643957
-1.56104 0.679663
-1.52263 0.711697
-1.59945 0.739742
-1.6214 0.73503
-1.55007 0.684194
-1.52263 0.702469
-1.50617 0.697878
-1.56104 0.697878
-1.47325 0.652793
-1.48422 0.652793
-1.44033 0.639561
-1.47325 0.648367
-1.53361 0.643957
-1.47325 0.592203
-1.40741 0.558905
-1.36351 0.522596
-1.30316 0.45734
-1.31413 0.453636
-1.33608 0.45734
-1.41289 0.472303
-1.33059 0.410373
-1.40192 0.476081
-1.30316 0.495199
-1.35802 0.495199
-1.43484 0.510764
-1.33608 0.472303
-1.42936 0.502951
-1.40741 0.50685
-1.42387 0.530559
-1.40192 0.542617
-1.44582 0.518637
-1.38546 0.476081
-1.369 0.464791
-1.369 0.446275
-1.29767 0.435347
-1.38546 0.55481
-1.47325 0.583788
-1.57202 0.630815
-1.51715 0.604938
-1.46228 0.571279
-1.43484 0.487507
-1.29767 0.420986
-1.29767 0.379348
-1.25926 0.36595
-1.26475 0.276021
-1.29218 0.372619
-1.35254 0.324072
-1.28121 0.343084
-1.20988 0.308642
-1.27572 0.314769
-1.23731 0.22919
-1.28121 0.203675
-1.29767 0.191481
-1.23731 0.175043
-1.38546 0.198752
-1.3251 0.218803
-1.45679 0.267441
-1.46776 0.234474
-1.48422 0.261796
-1.44033 0.305601
-1.43484 0.410373
-1.50069 0.424553
-1.47874 0.424553
-1.44033 0.424553
-1.41838 0.346306
-1.39095 0.386137
-1.51715 0.449948
-1.54458 0.499068
-1.41289 0.446275
-1.39095 0.428136
-1.39095 0.468539
-1.40741 0.518637
-1.42936 0.587988
-1.34156 0.558905
-1.42936 0.609213
-1.46228 0.596433
-1.44582 0.604938
-1.46776 0.600678
-1.46228 0.630815
-1.50069 0.596433
-1.52263 0.617809
-1.56653 0.643957
-1.52263 0.626465
-1.51715 0.622129
-1.52263 0.643957
-1.5775 0.670646
-1.52263 0.630815
-1.4952 0.630815
-1.56653 0.648367
-1.48422 0.626465
-1.54458 0.670646
-1.62689 0.744468
-1.53361 0.675147
-1.58299 0.684194
-1.54458 0.675147
-1.39095 0.583788
-1.48422 0.622129
-1.50069 0.622129
-1.58299 0.66169
-1.57202 0.702469
-1.59945 0.716334
-1.56104 0.670646
-1.44582 0.592203
-1.4513 0.592203
-1.39643 0.538583
-1.38546 0.546667
-1.40192 0.468539
-1.41289 0.52657
-1.31962 0.399896
-1.29218 0.424553
-1.29218 0.399896
-1.43484 0.446275
-1.47325 0.495199
-1.45679 0.491345
-1.39643 0.476081
-1.43484 0.518637
-1.51715 0.534564
-1.42936 0.563015
-1.44582 0.575434
-1.47874 0.587988
-1.42387 0.587988
-1.35254 0.575434
-1.36351 0.522596
-1.369 0.502951
-1.4513 0.587988
-1.42387 0.571279
-1.39643 0.546667
-1.45679 0.604938
-1.37997 0.514693
-1.44033 0.622129
-1.37449 0.575434
-1.45679 0.622129
-1.54458 0.648367
-1.51166 0.630815
-1.45679 0.596433
-1.4952 0.613504
-1.45679 0.587988
-1.47874 0.571279
-1.56104 0.575434
-1.62689 0.604938
-1.5775 0.592203
-1.4952 0.579603
-1.52812 0.657234
-1.52263 0.648367
-1.60494 0.702469
-1.52812 0.643957
-1.53909 0.66169
-1.57202 0.66169
-1.53361 0.613504
-1.55007 0.648367
-1.52263 0.635181
-1.44033 0.571279
-1.51715 0.609213
-1.4952 0.675147
-1.48422 0.657234
-1.61043 0.768328
-1.65432 0.777977
-1.51715 0.66616
-1.55007 0.693302
-1.60494 0.739742
-1.61591 0.730333
-1.59396 0.688741
-1.67078 0.753967
-1.57202 0.711697
-1.52812 0.688741
-1.4952 0.648367
-1.60494 0.688741
-1.6214 0.725652
-1.54458 0.670646
-1.50069 0.626465
-1.4952 0.66169
-1.38546 0.583788
-1.37997 0.50685
-1.34156 0.435347
-1.31962 0.476081
-1.31962 0.522596
-1.42936 0.542617
-1.36351 0.522596
-1.45679 0.571279
-1.46776 0.563015
-1.48422 0.538583
-1.47874 0.550731
-1.50069 0.546667
-1.48422 0.476081
-1.4513 0.449948
-1.47325 0.446275
-1.48422 0.45734
-1.48422 0.449948
-1.48422 0.435347
-1.55556 0.468539
-1.61043 0.563015
-1.58848 0.550731
-1.48422 0.479875
-1.46228 0.413895
-1.48422 0.410373
-1.34705 0.302575
-1.31962 0.261796
-1.3251 0.270286
-1.31962 0.287673
-1.27023 0.231824
-1.34156 0.267441
-1.28669 0.203675
-1.29218 0.163753
-1.1989 0.146472
-1.22085 0.116666
-1.19342 0.148579
-1.30316 0.154992
-1.1989 0.148579
-1.28121 0.177346
-1.31413 0.19389
-1.34156 0.203675
-1.3251 0.208657
-1.39095 0.189088
-1.26475 0.181998
-1.28669 0.223967
-1.25926 0.226571
-1.369 0.218803
-1.33608 0.201206
-1.31413 0.19389
-1.25377 0.189088
-1.27023 0.165981
-1.26475 0.163753
-1.20988 0.134143
-1.20988 0.114799
-1.18244 0.105692
-1.16598 0.098677
-1.13306 0.077542
-1.08368 0.0322914
-1.1166 0.019195
-1.10562 0.00844685
-1.1166 0.0199627
-1.18244 0.0149048
-1.18244 0.0231841
-1.21536 0.0199627
-1.25377 0.0512286
-1.17147 0.098677
-1.22085 0.080628
-1.2428 0.0644004
-1.29218 0.107483
-1.3251 0.122356
-1.28121 0.126225
-1.27572 0.105692
-1.34156 0.132141
-1.29767 0.098677
-1.29218 0.0935739
-1.29767 0.0715507
-1.18793 0.0463814
-1.1989 0.0644004
-1.13306 0.0602908
-1.16598 0.0487749
-1.17147 0.0322914
-1.17695 0.0475707
-1.22085 0.0658003
-1.18793 0.0616456
-1.27023 0.0275496
-1.28121 0.0487749
-1.26475 0.0440482
-1.31413 0.0745163
-1.39643 0.0672154
-1.37997 0.0745163
-1.36351 0.0686454
-1.24829 0.0563167
-1.22085 0.0487749
-1.29767 0.0602908
-1.30864 0.0821935
-1.35254 0.134143
-1.35802 0.120444
-1.34705 0.126225
-1.36351 0.152839
-1.22634 0.157159
-1.18244 0.154992
-1.23731 0.103916
-1.26475 0.10929
-1.25926 0.132141
-1.1166 0.080628
-1.13306 0.0790775
-1.20988 0.10929
-1.17695 0.138192
-1.20988 0.124283
-1.27023 0.154992
-1.3251 0.175043
-1.26475 0.175043
-1.35802 0.206158
-1.31962 0.206158
-1.28669 0.201206
-1.27572 0.234474
-1.38546 0.226571
-1.37997 0.163753
-1.37449 0.181998
-1.39643 0.203675
-1.39095 0.19389
-1.29218 0.170482
-1.26475 0.184346
-1.39095 0.218803
-1.369 0.221377
-1.34705 0.216244
-1.31962 0.191481
-1.2428 0.150702
-1.29218 0.16154
-1.21536 0.118547
-1.18793 0.144379
-1.12757 0.142302
-1.18244 0.203675
-1.24829 0.226571
-1.18793 0.245222
-1.23182 0.276021
-1.36351 0.311698
-1.28669 0.276021
-1.39643 0.36595
-1.46776 0.372619
-1.40741 0.305601
-1.34705 0.330349
-1.33608 0.314769
-1.27572 0.250686
-1.33608 0.290623
-1.33608 0.276021
-1.24829 0.245222
-1.30316 0.237138
-1.34156 0.22919
-1.23182 0.221377
-1.16049 0.267441
-1.25926 0.278911
-1.18793 0.234474
-1.16049 0.226571
-1.30864 0.239818
-1.3251 0.206158
-1.30316 0.179664
-1.31413 0.16154
-1.23731 0.175043
-1.22085 0.154992
-1.13306 0.144379
-1.2428 0.201206
-1.23182 0.208657
-1.22634 0.19389
-1.25926 0.150702
-1.28121 0.191481
-1.27572 0.186709
-1.27023 0.186709
-1.14403 0.138192
-1.30864 0.154992
-1.28121 0.128182
-1.27023 0.0902471
-1.28121 0.0952599
-1.22634 0.111111
-1.23182 0.150702
-1.17147 0.144379
-1.27572 0.154992
-1.25926 0.128182
-1.18793 0.112948
-1.20988 0.114799
-1.27023 0.146472
-1.21536 0.128182
-1.2428 0.134143
-1.29767 0.175043
-1.29218 0.206158
-1.28121 0.242512
-1.39095 0.287673
-1.37449 0.245222
-1.30316 0.276021
-1.31413 0.256211
-1.3251 0.226571
-1.35254 0.223967
-1.38546 0.261796
-1.4513 0.308642
-1.46228 0.330349
-1.46776 0.35606
-1.50069 0.346306
-1.52263 0.343084
-1.46228 0.320956
-1.41838 0.299565
-1.41838 0.276021
-1.39095 0.302575
-1.31962 0.296569
-1.34156 0.406865
-1.35254 0.399896
-1.44582 0.413895
-1.4513 0.438974
-1.40192 0.403373
-1.56104 0.464791
-1.50617 0.483683
-1.40741 0.45734
-1.47874 0.472303
-1.47874 0.438974
-1.36351 0.403373
-1.48971 0.502951
-1.41838 0.479875
-1.37449 0.461058
-1.34156 0.453636
-1.39643 0.472303
-1.34156 0.472303
-1.369 0.453636
-1.41289 0.468539
-1.39095 0.499068
-1.3251 0.413895
-1.40192 0.442617
-1.369 0.449948
-1.37997 0.438974
-1.35254 0.424553
-1.33608 0.468539
-1.27572 0.399896
-1.36351 0.461058
-1.40192 0.495199
-1.46228 0.499068
-1.46776 0.583788
-1.43484 0.518637
-1.44582 0.479875
-1.51166 0.479875
-1.50069 0.468539
-1.51715 0.546667
-1.54458 0.499068
-1.52263 0.530559
-1.48971 0.522596
-1.4952 0.534564
-1.51715 0.55481
-1.52263 0.592203
-1.47325 0.563015
-1.40192 0.510764
-1.46776 0.567139
-1.4513 0.538583
-1.39095 0.522596
-1.50069 0.550731
-1.53361 0.546667
-1.47325 0.542617
-1.46228 0.575434
-1.50069 0.542617
-1.47325 0.502951
-1.44582 0.518637
-1.44582 0.461058
-1.37997 0.461058
-1.50617 0.50685
-1.40741 0.424553
-1.44582 0.375976
-1.42936 0.369277
-1.39095 0.386137
-1.37449 0.386137
-1.28669 0.330349
-1.35802 0.389554
-1.39643 0.435347
-1.51166 0.502951
-1.51166 0.55481
-1.47874 0.571279
-1.41289 0.514693
-1.48971 0.518637
-1.56104 0.596433
-1.45679 0.514693
-1.46228 0.530559
-1.44582 0.491345
-1.39643 0.406865
-1.39643 0.379348
-1.47874 0.382735
-1.44582 0.372619
-1.46228 0.389554
-1.41289 0.389554
-1.39095 0.453636
-1.39643 0.435347
-1.40741 0.413895
-1.38546 0.392986
-1.33059 0.389554
-1.29218 0.396433
-1.31413 0.362639
-1.2428 0.362639
-1.31962 0.396433
-1.28121 0.413895
-1.28669 0.320956
-1.34705 0.270286
-1.27023 0.245222
-1.41289 0.264611
-1.44033 0.253441
-1.4513 0.305601
-1.39643 0.250686
-1.37997 0.218803
-1.38546 0.242512
-1.24829 0.206158
-1.28669 0.223967
-1.29767 0.208657
-1.2428 0.206158
-1.34156 0.19389
-1.29218 0.181998
-1.28121 0.189088
-1.23731 0.208657
-1.27023 0.198752
-1.30316 0.231824
-1.3251 0.253441
-1.39095 0.258996
-1.31962 0.270286
-1.3251 0.314769
-1.43484 0.33351
-1.41838 0.369277
-1.43484 0.35606
-1.34705 0.320956
-1.28669 0.317855
-1.34156 0.320956
-1.28669 0.2137
-1.29218 0.189088
-1.29767 0.196313
-1.3251 0.231824
-1.3251 0.270286
-1.45679 0.293589
-1.46776 0.273146
-1.42387 0.296569
-1.46228 0.270286
-1.33059 0.239818
-1.44582 0.198752
-1.39095 0.242512
-1.43484 0.196313
-1.45679 0.221377
-1.36351 0.221377
-1.35802 0.242512
-1.45679 0.278911
-1.43484 0.278911
-1.55007 0.293589
-1.47325 0.273146
-1.44582 0.324072
-1.51166 0.339878
-1.40741 0.311698
-1.38546 0.302575
-1.30864 0.218803
-1.22634 0.203675
-1.30316 0.186709
-1.25926 0.206158
-1.28121 0.175043
-1.24829 0.150702
-1.1989 0.091903
-1.20439 0.0672154
-1.26475 0.0745163
-1.25926 0.0644004
-1.27023 0.0487749
-1.27023 0.058951
-1.2428 0.0790775
-1.28669 0.073026
-1.33608 0.0616456
-1.42387 0.0902471
-1.369 0.0869805
-1.28669 0.0760216
-1.39643 0.140239
-1.26475 0.0821935
-1.27572 0.105692
-1.33608 0.150702
-1.35802 0.150702
-1.3251 0.144379
-1.20988 0.122356
-1.30864 0.116666
-1.28121 0.138192
-1.30316 0.0902471
-1.35254 0.091903
-1.36351 0.0837741
-1.34156 0.107483
-1.39643 0.091903
-1.31962 0.0902471
-1.24829 0.0440482
-1.34156 0.0417751
-1.31962 0.0475707
-1.25377 0.0463814
-1.35802 0.0248852
-1.39643 0.0129629
-1.31962 0.0184423
-1.3251 0.0129629
-1.23182 0.0207455
-1.28669 0.0322914
-1.26475 0.0248852
-1.23182 0.0395622
-1.22634 0.0512286
-1.23731 0.0644004
-1.3251 0.0902471
-1.34156 0.0935739
-1.24829 0.0869805
-1.23731 0.0902471
-1.2428 0.0837741
-1.21536 0.0658003
-1.22085 0.0969609
-1.25926 0.114799
-1.26475 0.159342
-1.15501 0.073026
-1.24829 0.098677
-1.2428 0.0886063
-1.30316 0.122356
-1.27023 0.114799
-1.29218 0.111111
-1.22085 0.0745163
-1.24829 0.0969609
-1.22634 0.0686454
-1.16049 0.0686454
-1.16598 0.0644004
-1.25926 0.111111
-1.19342 0.0969609
-1.22085 0.120444
-1.24829 0.116666
-1.1989 0.114799
-1.1989 0.126225
-1.31413 0.148579
-1.33059 0.16154
-1.39095 0.144379
-1.34705 0.150702
-1.27572 0.148579
-1.30316 0.237138
-1.29767 0.270286
-1.44033 0.35606
-1.51166 0.362639
-1.4952 0.314769
-1.46776 0.267441
-1.38546 0.314769
-1.46228 0.336686
-1.34705 0.290623
-1.41838 0.270286
-1.51715 0.33351
-1.40192 0.264611
-1.45679 0.290623
-1.43484 0.267441
-1.4513 0.258996
-1.50069 0.221377
-1.50617 0.218803
-1.44582 0.203675
-1.44582 0.196313
-1.4513 0.201206
-1.44582 0.2137
-1.40741 0.163753
-1.50069 0.179664
-1.4513 0.19389
-1.34156 0.189088
-1.35802 0.175043
-1.27023 0.146472
-1.33608 0.157159
-1.42387 0.211171
-1.40192 0.177346
-1.36351 0.150702
-1.35254 0.148579
-1.31413 0.126225
-1.34705 0.128182
-1.33608 0.098677
-1.34705 0.0644004
-1.3251 0.0869805
-1.369 0.114799
-1.36351 0.0630155
-1.37449 0.0429041
-1.31962 0.0417751
-1.3251 0.0452073
-1.31413 0.0576263
-1.29218 0.0499943
-1.30864 0.0499943
-1.34705 0.0630155
-1.29767 0.0658003
-1.31413 0.0715507
-1.28121 0.116666
-1.30316 0.13616
-1.30864 0.124283
-1.28669 0.132141
-1.30316 0.122356
-1.33608 0.152839
-1.28121 0.191481
-1.36351 0.208657
-1.37997 0.221377
-1.29218 0.22919
-1.33608 0.208657
-1.28669 0.250686
-1.39095 0.314769
-1.34705 0.359342
-1.31413 0.346306
-1.39095 0.369277
-1.35254 0.403373
-1.37997 0.379348
-1.44033 0.403373
-1.43484 0.36595
-1.41838 0.339878
-1.48422 0.339878
-1.42936 0.36595
-1.39643 0.339878
-1.41289 0.349542
-1.52812 0.35606
-1.38546 0.293589
-1.46228 0.359342
-1.47874 0.375976
-1.37997 0.330349
-1.35802 0.339878
-1.37449 0.352794
-1.31413 0.302575
-1.3251 0.320956
-1.3251 0.369277
-1.39643 0.382735
-1.44033 0.392986
-1.40741 0.410373
-1.40192 0.392986
-1.46776 0.449948
-1.42936 0.399896
-1.34705 0.386137
-1.29218 0.375976
-1.28669 0.33351
-1.22634 0.343084
-1.21536 0.311698
-1.31413 0.339878
-1.33608 0.336686
-1.41838 0.372619
-1.39643 0.359342
-1.36351 0.35606
-1.37997 0.327203
-1.33608 0.324072
-1.28669 0.264611
-1.20439 0.226571
-1.29767 0.287673
-1.2428 0.296569
-1.38546 0.327203
-1.40741 0.33351
-1.41289 0.336686
-1.33608 0.327203
-1.33608 0.317855
-1.369 0.346306
-1.36351 0.339878
-1.34156 0.330349
-1.39643 0.399896
-1.35802 0.349542
-1.33608 0.413895
-1.30864 0.369277
-1.38546 0.317855
-1.42387 0.389554
-1.41289 0.346306
-1.42936 0.399896
-1.37997 0.382735
-1.31962 0.352794
-1.29218 0.359342
-1.37449 0.399896
-1.31962 0.35606
-1.23731 0.346306
-1.35254 0.386137
-1.22085 0.320956
-1.29218 0.346306
-1.24829 0.372619
-1.36351 0.349542
-1.43484 0.417433
-1.42936 0.464791
-1.46228 0.542617
-1.43484 0.534564
-1.55007 0.583788
-1.59945 0.643957
-1.52812 0.587988
-1.52263 0.613504
-1.44582 0.583788
-1.55007 0.679663
-1.59945 0.697878
-1.65432 0.753967
-1.56104 0.675147
-1.52812 0.675147
-1.47874 0.643957
-1.46228 0.66169
-1.58299 0.702469
-1.4952 0.630815
-1.55007 0.630815
-1.50069 0.596433
-1.46228 0.567139
-1.44033 0.558905
-1.53909 0.571279
-1.55556 0.546667
-1.53909 0.604938
-1.55007 0.575434
-1.48971 0.542617
-1.50069 0.571279
-1.53361 0.583788
-1.52263 0.579603
-1.50617 0.563015
-1.50617 0.622129
-1.59396 0.702469
-1.62689 0.711697
-1.55556 0.693302
-1.55007 0.711697
-1.50069 0.652793
-1.4513 0.635181
-1.44582 0.583788
-1.46228 0.592203
-1.42387 0.600678
-1.44582 0.579603
-1.41838 0.542617
-1.39095 0.558905
-1.40192 0.530559
-1.34156 0.479875
-1.40192 0.502951
-1.53909 0.592203
-1.50069 0.579603
-1.46228 0.530559
-1.51166 0.563015
-1.5775 0.630815
-1.52263 0.639561
-1.61591 0.670646
-1.57202 0.66616
-1.42387 0.534564
-1.37997 0.479875
-1.37997 0.487507
-1.4513 0.579603
-1.42936 0.622129
-1.42387 0.587988
-1.47325 0.630815
-1.51166 0.567139
-1.46228 0.52657
-1.40192 0.442617
-1.42936 0.491345
-1.34156 0.476081
-1.43484 0.510764
-1.39095 0.491345
