-2 1
-1.82442 0.898465
-1.78601 0.88293
-1.76955 0.862427
-1.7037 0.822144
-1.67627 0.797456
-1.68176 0.817176
-1.61043 0.74921
-1.59396 0.763526
-1.63237 0.782824
-1.62689 0.768328
-1.59396 0.725652
-1.54458 0.693302
-1.44033 0.592203
-1.56653 0.648367
-1.65981 0.753967
-1.54458 0.711697
-1.42387 0.622129
-1.46228 0.622129
-1.54458 0.587988
-1.46776 0.563015
-1.55556 0.583788
-1.47874 0.55481
-1.48422 0.567139
-1.47325 0.538583
-1.44033 0.514693
-1.47874 0.575434
-1.35802 0.522596
-1.30864 0.464791
-1.30316 0.428136
-1.37997 0.522596
-1.37997 0.502951
-1.42387 0.52657
-1.42936 0.546667
-1.56104 0.679663
-1.59396 0.688741
-1.59945 0.702469
-1.56104 0.648367
-1.55556 0.652793
-1.54458 0.66616
-1.59396 0.707076
-1.58848 0.725652
-1.58299 0.777977
-1.63237 0.787687
-1.64335 0.768328
-1.58299 0.730333
-1.55007 0.697878
-1.53909 0.702469
-1.56104 0.707076
-1.52263 0.675147
-1.58848 0.66616
-1.61591 0.697878
-1.60494 0.711697
-1.5775 0.697878
-1.50617 0.635181
-1.55007 0.652793
-1.51715 0.604938
-1.5775 0.707076
-1.55007 0.688741
-1.4952 0.66169
-1.55007 0.66616
-1.3251 0.546667
-1.35802 0.538583
-1.4952 0.639561
-1.43484 0.567139
-1.45679 0.600678
-1.48422 0.571279
-1.52812 0.613504
-1.55007 0.66616
-1.56653 0.652793
-1.56653 0.716334
-1.55007 0.670646
-1.60494 0.725652
-1.67078 0.782824
-1.65432 0.787687
-1.67627 0.812224
-1.76406 0.847208
-1.65432 0.787687
-1.64335 0.792564
-1.64883 0.792564
-1.58299 0.753967
-1.48971 0.702469
-1.58299 0.730333
-1.55556 0.720985
-1.58299 0.702469
-1.46776 0.596433
-1.45679 0.600678
-1.42387 0.542617
-1.40741 0.522596
-1.37997 0.52657
-1.4513 0.502951
-1.50069 0.542617
-1.44033 0.491345
-1.50069 0.530559
-1.50617 0.550731
-1.47874 0.563015
-1.43484 0.542617
-1.44582 0.55481
-1.50069 0.596433
-1.55007 0.617809
-1.52263 0.626465
-1.4513 0.52657
-1.369 0.487507
-1.42936 0.55481
-1.51715 0.587988
-1.56653 0.587988
-1.58299 0.657234
-1.60494 0.617809
-1.57202 0.596433
-1.53909 0.609213
-1.4513 0.575434
-1.47325 0.587988
-1.50069 0.587988
-1.48971 0.514693
-1.34156 0.52657
-1.31413 0.476081
-1.48422 0.609213
-1.55556 0.684194
-1.56653 0.697878
-1.61591 0.744468
-1.5775 0.73503
-1.59945 0.730333
-1.58848 0.725652
-1.59945 0.716334
-1.56653 0.711697
-1.58299 0.74921
-1.67627 0.782824
-1.60494 0.74921
-1.64883 0.758739
-1.55007 0.66616
-1.56653 0.648367
-1.54458 0.66616
-1.59945 0.711697
-1.57202 0.684194
-1.58299 0.716334
-1.61591 0.739742
-1.56653 0.702469
-1.53361 0.675147
-1.64883 0.720985
-1.58299 0.688741
-1.51166 0.657234
-1.47874 0.643957
-1.58848 0.711697
-1.51715 0.643957
-1.56104 0.679663
-1.64883 0.725652
-1.65432 0.744468
-1.58848 0.711697
-1.52263 0.720985
-1.63237 0.777977
-1.67627 0.782824
-1.55007 0.725652
-1.48422 0.675147
-1.55556 0.716334
-1.64335 0.768328
-1.53909 0.716334
-1.59396 0.739742
-1.6214 0.725652
-1.56104 0.66169
-1.58299 0.688741
-1.50069 0.648367
-1.55007 0.684194
-1.51715 0.66169
-1.4952 0.679663
-1.63237 0.720985
-1.65432 0.768328
-1.56104 0.720985
-1.47874 0.635181
-1.54458 0.688741
-1.48971 0.635181
-1.53361 0.626465
-1.51715 0.652793
-1.46776 0.613504
-1.50617 0.604938
-1.47874 0.622129
-1.44033 0.617809
-1.51166 0.648367
-1.46228 0.630815
-1.56653 0.693302
-1.56104 0.657234
-1.57202 0.639561
-1.55556 0.622129
-1.38546 0.558905
-1.38546 0.534564
-1.53361 0.639561
-1.47874 0.639561
-1.48971 0.675147
-1.43484 0.652793
-1.369 0.596433
-1.40192 0.604938
-1.52812 0.684194
-1.58299 0.73503
-1.52812 0.693302
-1.47874 0.652793
-1.50617 0.648367
-1.50069 0.657234
-1.4513 0.652793
-1.56653 0.744468
-1.61043 0.730333
-1.57202 0.707076
-1.67078 0.74921
-1.50617 0.688741
-1.54458 0.711697
-1.67078 0.787687
-1.53909 0.702469
-1.51715 0.702469
-1.53361 0.675147
-1.47325 0.635181
-1.48422 0.648367
-1.50069 0.622129
-1.59396 0.630815
-1.4513 0.546667
-1.40741 0.534564
-1.53909 0.609213
-1.56653 0.693302
-1.44582 0.66169
-1.44582 0.609213
-1.46228 0.622129
-1.48422 0.675147
-1.59396 0.763526
-1.59945 0.720985
-1.53361 0.679663
-1.44582 0.630815
-1.42936 0.587988
-1.53909 0.688741
-1.60494 0.725652
-1.55007 0.693302
-1.53361 0.66169
-1.52812 0.613504
-1.52812 0.630815
-1.47874 0.575434
-1.56104 0.626465
-1.50617 0.596433
-1.43484 0.534564
-1.40192 0.542617
-1.48422 0.592203
-1.51715 0.622129
-1.44582 0.583788
-1.46776 0.583788
-1.46228 0.534564
-1.4952 0.596433
-1.50617 0.563015
-1.50617 0.571279
-1.51715 0.550731
-1.50617 0.579603
-1.45679 0.55481
-1.45679 0.510764
-1.50617 0.530559
-1.37997 0.453636
-1.48422 0.442617
-1.45679 0.428136
-1.40741 0.382735
-1.44582 0.379348
-1.42387 0.372619
-1.39095 0.327203
-1.39643 0.362639
-1.39643 0.324072
-1.369 0.362639
-1.38546 0.399896
-1.41289 0.35606
-1.39095 0.33351
-1.369 0.311698
-1.37997 0.324072
-1.38546 0.311698
-1.40192 0.375976
-1.42387 0.372619
-1.45679 0.435347
-1.41838 0.396433
-1.42936 0.410373
-1.40192 0.382735
-1.45679 0.372619
-1.41289 0.359342
-1.41289 0.327203
-1.36351 0.330349
-1.37449 0.379348
-1.41289 0.396433
-1.4513 0.389554
-1.34156 0.339878
-1.37449 0.330349
-1.39643 0.352794
-1.41289 0.311698
-1.39095 0.287673
-1.40192 0.273146
-1.44033 0.299565
-1.50617 0.330349
-1.52263 0.336686
-1.53361 0.346306
-1.48422 0.339878
-1.46228 0.308642
-1.46228 0.258996
-1.47325 0.278911
-1.46228 0.270286
-1.40192 0.264611
-1.30864 0.234474
-1.36351 0.253441
-1.35254 0.302575
-1.34705 0.264611
-1.35254 0.221377
-1.33608 0.245222
-1.25926 0.216244
-1.23182 0.201206
-1.34156 0.177346
-1.29218 0.165981
-1.27572 0.122356
-1.28669 0.165981
-1.33608 0.226571
-1.3251 0.216244
-1.3251 0.2137
-1.33059 0.198752
-1.35802 0.216244
-1.40741 0.270286
-1.40741 0.330349
-1.37449 0.336686
-1.30316 0.330349
-1.35802 0.359342
-1.29767 0.392986
-1.31962 0.396433
-1.37449 0.438974
-1.42387 0.449948
-1.48971 0.483683
-1.44033 0.472303
-1.46776 0.479875
-1.47874 0.534564
-1.45679 0.514693
-1.40741 0.442617
-1.51166 0.50685
-1.58848 0.567139
-1.48422 0.495199
-1.51715 0.499068
-1.44582 0.446275
-1.45679 0.514693
-1.48971 0.52657
-1.46228 0.542617
-1.52263 0.596433
-1.51715 0.575434
-1.45679 0.534564
-1.44582 0.487507
-1.54458 0.546667
-1.4513 0.495199
-1.39643 0.464791
-1.41838 0.550731
-1.47325 0.579603
-1.46776 0.546667
-1.57202 0.652793
-1.55556 0.66169
-1.59945 0.66169
-1.53361 0.675147
-1.46228 0.626465
-1.42936 0.617809
-1.41838 0.596433
-1.39643 0.571279
-1.40741 0.613504
-1.42936 0.592203
-1.41289 0.550731
-1.37449 0.514693
-1.37997 0.546667
-1.35254 0.510764
-1.4513 0.563015
-1.41838 0.522596
-1.45679 0.522596
-1.41838 0.50685
-1.47325 0.575434
-1.55556 0.622129
-1.61043 0.648367
-1.50069 0.558905
-1.39095 0.52657
-1.43484 0.50685
-1.37449 0.522596
-1.35254 0.464791
-1.34705 0.453636
-1.41838 0.487507
-1.41289 0.499068
-1.46228 0.499068
-1.39095 0.468539
-1.39095 0.403373
-1.35254 0.36595
-1.20988 0.327203
-1.1989 0.372619
-1.39643 0.438974
-1.44033 0.495199
-1.43484 0.499068
-1.55556 0.495199
-1.55556 0.579603
-1.4513 0.514693
-1.48422 0.546667
-1.46228 0.538583
-1.47325 0.550731
-1.52263 0.538583
-1.56104 0.592203
-1.46776 0.546667
-1.50069 0.483683
-1.46228 0.45734
-1.52263 0.534564
-1.48971 0.550731
-1.46228 0.613504
-1.47874 0.652793
-1.5775 0.697878
-1.57202 0.697878
-1.58299 0.648367
-1.59396 0.711697
-1.56653 0.648367
-1.48971 0.592203
-1.51166 0.596433
-1.61043 0.684194
-1.55007 0.670646
-1.59396 0.675147
-1.59396 0.702469
-1.61043 0.711697
-1.5775 0.711697
-1.57202 0.688741
-1.55556 0.652793
-1.55556 0.648367
-1.56653 0.600678
-1.48422 0.563015
-1.42936 0.491345
-1.33059 0.438974
-1.31413 0.392986
-1.39095 0.389554
-1.33059 0.406865
-1.39643 0.472303
-1.44033 0.514693
-1.40192 0.479875
-1.34705 0.45734
-1.31962 0.399896
-1.40192 0.442617
-1.46776 0.453636
-1.4513 0.491345
-1.46776 0.558905
-1.42387 0.495199
-1.53361 0.579603
-1.56104 0.613504
-1.59945 0.675147
-1.56104 0.648367
-1.44582 0.542617
-1.42387 0.502951
-1.44033 0.55481
-1.48971 0.613504
-1.50617 0.617809
-1.46776 0.587988
-1.4952 0.635181
-1.53361 0.648367
-1.58848 0.702469
-1.56653 0.670646
-1.53909 0.635181
-1.53909 0.643957
-1.54458 0.679663
-1.42387 0.626465
-1.50069 0.643957
-1.50069 0.639561
-1.6214 0.725652
-1.65981 0.768328
-1.62689 0.730333
-1.59945 0.688741
-1.58848 0.679663
-1.5775 0.707076
-1.59396 0.693302
-1.66529 0.773145
-1.66529 0.777977
-1.63237 0.739742
-1.60494 0.744468
-1.62689 0.725652
-1.67627 0.802364
-1.78052 0.872648
-1.6214 0.763526
-1.6214 0.744468
-1.56104 0.711697
-1.54458 0.693302
-1.39643 0.622129
-1.46228 0.648367
-1.59396 0.720985
-1.67627 0.782824
-1.64883 0.797456
-1.59945 0.758739
-1.68724 0.817176
-1.63786 0.802364
-1.63786 0.782824
-1.69822 0.837137
-1.80247 0.88293
-1.76406 0.877781
-1.62689 0.758739
-1.67078 0.807286
-1.66529 0.797456
-1.62689 0.777977
-1.75309 0.832124
-1.73663 0.832124
-1.64335 0.777977
-1.75857 0.852266
-1.67627 0.797456
-1.62689 0.782824
-1.62689 0.787687
-1.69273 0.817176
-1.72565 0.852266
-1.73663 0.827127
-1.79698 0.877781
-1.67078 0.782824
-1.70919 0.792564
-1.64883 0.768328
-1.69273 0.797456
-1.77503 0.847208
-1.66529 0.777977
-1.64335 0.753967
-1.58299 0.758739
-1.63786 0.797456
-1.64335 0.777977
-1.63237 0.782824
-1.65432 0.802364
-1.59945 0.787687
-1.54458 0.730333
-1.59945 0.720985
-1.59396 0.716334
-1.63237 0.716334
-1.58299 0.707076
-1.59396 0.720985
-1.57202 0.716334
-1.50069 0.639561
-1.50617 0.630815
-1.54458 0.617809
-1.53909 0.652793
-1.55007 0.693302
-1.57202 0.697878
-1.6214 0.711697
-1.68176 0.782824
-1.66529 0.763526
-1.68724 0.797456
-1.56104 0.702469
-1.55007 0.716334
-1.53361 0.693302
-1.56653 0.688741
-1.61591 0.744468
-1.63786 0.730333
-1.51715 0.66169
-1.46776 0.643957
-1.54458 0.66169
-1.5775 0.720985
-1.61591 0.73503
-1.52812 0.66169
-1.48422 0.66169
-1.46776 0.622129
-1.46228 0.592203
-1.53361 0.643957
-1.53361 0.675147
-1.57202 0.675147
-1.56653 0.697878
-1.55556 0.66616
-1.57202 0.725652
-1.61591 0.720985
-1.54458 0.679663
-1.59945 0.711697
-1.53909 0.657234
-1.63786 0.707076
-1.52812 0.648367
-1.55556 0.652793
-1.46776 0.657234
-1.45679 0.609213
-1.52263 0.679663
-1.58848 0.716334
-1.60494 0.730333
-1.69273 0.797456
-1.69273 0.807286
-1.61043 0.758739
-1.63786 0.739742
-1.66529 0.777977
-1.56104 0.720985
-1.52812 0.720985
-1.55556 0.711697
-1.61043 0.720985
-1.61043 0.725652
-1.51166 0.643957
-1.61043 0.702469
-1.58299 0.670646
-1.59396 0.66616
-1.53361 0.684194
-1.53361 0.66169
-1.46776 0.652793
-1.46228 0.617809
-1.53909 0.587988
-1.50069 0.546667
-1.48422 0.550731
-1.45679 0.55481
-1.46228 0.52657
-1.44033 0.550731
-1.42936 0.550731
-1.40192 0.50685
-1.37449 0.542617
-1.42936 0.534564
-1.37997 0.563015
-1.4952 0.688741
-1.50617 0.684194
-1.64883 0.797456
-1.63237 0.753967
-1.65981 0.792564
-1.75857 0.857339
-1.72016 0.837137
-1.67078 0.807286
-1.62689 0.777977
-1.62689 0.768328
-1.68176 0.822144
-1.69822 0.832124
-1.61591 0.797456
-1.55556 0.711697
-1.62689 0.782824
-1.59945 0.744468
-1.48971 0.617809
-1.48971 0.613504
-1.62689 0.707076
-1.55007 0.657234
-1.46228 0.643957
-1.41289 0.604938
-1.50069 0.630815
-1.52263 0.626465
-1.53361 0.635181
-1.51166 0.617809
-1.42387 0.464791
-1.34705 0.449948
-1.41289 0.45734
-1.44033 0.518637
-1.54458 0.622129
-1.37997 0.530559
-1.52812 0.609213
-1.46776 0.592203
-1.52812 0.613504
-1.57202 0.617809
-1.52263 0.617809
-1.55007 0.643957
-1.57202 0.675147
-1.53361 0.643957
-1.53909 0.648367
-1.50069 0.609213
-1.51166 0.609213
-1.53909 0.626465
-1.58848 0.639561
-1.67078 0.702469
-1.67078 0.711697
-1.62689 0.720985
-1.57202 0.711697
-1.61591 0.730333
-1.59396 0.688741
-1.60494 0.707076
-1.56653 0.693302
-1.62689 0.730333
-1.55556 0.697878
-1.53909 0.657234
-1.58299 0.652793
-1.59945 0.702469
-1.48422 0.626465
-1.47874 0.596433
-1.48422 0.600678
-1.39643 0.542617
-1.40192 0.479875
-1.35802 0.45734
-1.51166 0.575434
-1.52812 0.567139
-1.47325 0.534564
-1.37997 0.461058
-1.38546 0.499068
-1.40192 0.522596
-1.39095 0.45734
-1.35254 0.449948
-1.42387 0.530559
-1.38546 0.538583
-1.45679 0.579603
-1.4952 0.643957
-1.52263 0.693302
-1.58299 0.753967
-1.52812 0.711697
-1.64335 0.744468
-1.59945 0.744468
-1.61043 0.744468
-1.67627 0.777977
-1.69822 0.807286
-1.58299 0.73503
-1.53361 0.716334
-1.58299 0.711697
-1.63786 0.782824
-1.64883 0.773145
-1.57202 0.763526
-1.67627 0.822144
-1.68176 0.822144
-1.7037 0.822144
-1.68176 0.812224
-1.60494 0.768328
-1.5775 0.730333
-1.51166 0.675147
-1.53909 0.697878
-1.55007 0.702469
-1.59945 0.758739
-1.60494 0.768328
-1.54458 0.720985
-1.55556 0.739742
-1.63237 0.753967
-1.59945 0.73503
-1.63786 0.777977
-1.68724 0.807286
-1.56104 0.730333
-1.55007 0.688741
-1.57202 0.670646
-1.63786 0.716334
-1.69273 0.74921
-1.59396 0.679663
-1.56653 0.670646
-1.62689 0.697878
-1.53909 0.643957
-1.44582 0.626465
-1.4513 0.617809
-1.53361 0.643957
-1.47325 0.600678
-1.41289 0.587988
-1.35802 0.55481
-1.53909 0.697878
-1.51166 0.66616
-1.47874 0.688741
-1.46228 0.675147
-1.38546 0.609213
-1.53909 0.711697
-1.63786 0.768328
-1.64883 0.773145
-1.65981 0.802364
-1.58299 0.730333
-1.73114 0.852266
-1.68724 0.807286
-1.58848 0.744468
-1.6214 0.730333
-1.67627 0.74921
-1.70919 0.773145
-1.61043 0.739742
-1.65432 0.773145
-1.56653 0.684194
-1.59945 0.688741
-1.4952 0.635181
-1.52263 0.622129
-1.53909 0.675147
-1.4952 0.639561
-1.56104 0.648367
-1.45679 0.643957
-1.57202 0.711697
-1.5775 0.716334
-1.63237 0.707076
-1.50617 0.679663
-1.50617 0.684194
-1.60494 0.763526
-1.55556 0.716334
-1.46228 0.648367
-1.58299 0.720985
-1.60494 0.720985
-1.5775 0.707076
-1.59945 0.753967
-1.59396 0.739742
-1.66529 0.763526
-1.69822 0.768328
-1.66529 0.758739
-1.55556 0.693302
-1.46776 0.622129
-1.52263 0.622129
-1.44582 0.563015
-1.42387 0.558905
-1.4513 0.538583
-1.40741 0.495199
-1.42936 0.587988
-1.53909 0.622129
-1.51166 0.613504
-1.52263 0.604938
-1.51715 0.604938
-1.55556 0.66616
-1.59396 0.697878
-1.58848 0.697878
-1.4952 0.635181
-1.53361 0.675147
-1.59945 0.711697
-1.58299 0.670646
-1.67078 0.730333
-1.59945 0.688741
-1.53361 0.622129
-1.50617 0.600678
-1.58848 0.707076
-1.6214 0.688741
-1.6214 0.679663
-1.56104 0.635181
-1.5775 0.639561
-1.56104 0.609213
-1.53909 0.609213
-1.42387 0.596433
-1.44582 0.639561
-1.37997 0.583788
-1.44033 0.579603
-1.52263 0.613504
-1.40192 0.587988
-1.34156 0.538583
-1.40741 0.522596
-1.47874 0.579603
-1.46776 0.567139
-1.51166 0.571279
-1.5775 0.639561
-1.54458 0.688741
-1.55007 0.596433
-1.48422 0.542617
-1.46776 0.518637
-1.41838 0.442617
-1.42936 0.435347
-1.45679 0.396433
-1.50617 0.413895
-1.39095 0.406865
-1.43484 0.453636
-1.42936 0.483683
-1.369 0.487507
-1.33059 0.483683
-1.47874 0.550731
-1.54458 0.604938
-1.55007 0.558905
-1.50069 0.534564
-1.4513 0.468539
-1.46228 0.514693
-1.48422 0.534564
-1.47874 0.542617
-1.52812 0.542617
-1.64335 0.635181
-1.59945 0.635181
-1.61591 0.643957
-1.63237 0.652793
-1.65981 0.648367
-1.72016 0.675147
-1.63786 0.675147
-1.55007 0.66616
-1.45679 0.579603
-1.54458 0.604938
-1.52812 0.613504
-1.57202 0.613504
-1.57202 0.639561
-1.63237 0.693302
-1.52263 0.626465
-1.58848 0.66169
-1.50617 0.643957
-1.59396 0.643957
-1.50617 0.583788
-1.55556 0.575434
-1.50617 0.622129
-1.54458 0.652793
-1.4952 0.626465
-1.41838 0.579603
-1.48971 0.639561
-1.4952 0.583788
-1.48422 0.604938
-1.44033 0.563015
-1.46776 0.635181
-1.55556 0.679663
-1.55556 0.684194
-1.63237 0.73503
-1.61043 0.711697
-1.58299 0.74921
-1.55007 0.697878
-1.57202 0.697878
-1.48971 0.66169
-1.45679 0.652793
-1.38546 0.571279
-1.47874 0.648367
-1.51166 0.648367
-1.48422 0.613504
-1.53909 0.66169
-1.54458 0.679663
-1.54458 0.675147
-1.62689 0.725652
-1.61043 0.753967
-1.5775 0.702469
-1.58299 0.684194
-1.53361 0.679663
-1.55007 0.697878
-1.70919 0.782824
-1.61591 0.73503
-1.60494 0.697878
-1.52812 0.657234
-1.5775 0.693302
-1.51166 0.622129
-1.52812 0.66169
-1.57202 0.720985
-1.53361 0.707076
-1.56104 0.679663
-1.56653 0.711697
-1.65432 0.74921
-1.63786 0.763526
-1.68724 0.777977
-1.53909 0.66169
-1.55007 0.66169
-1.55007 0.643957
-1.48971 0.613504
-1.41289 0.538583
-1.52812 0.563015
-1.59945 0.613504
-1.56653 0.643957
-1.4952 0.617809
-1.53909 0.679663
-1.52812 0.66616
-1.48422 0.626465
-1.43484 0.592203
-1.50617 0.670646
-1.41838 0.617809
-1.46228 0.626465
-1.59396 0.73503
-1.56653 0.684194
-1.51715 0.66169
-1.59396 0.725652
-1.55556 0.688741
-1.50069 0.684194
-1.57202 0.688741
-1.63237 0.753967
-1.55007 0.675147
-1.50617 0.66169
-1.53909 0.684194
-1.4952 0.643957
-1.52263 0.657234
-1.52263 0.688741
-1.56653 0.707076
-1.59945 0.73503
-1.63786 0.758739
-1.57202 0.716334
-1.59396 0.725652
-1.55007 0.693302
-1.60494 0.707076
-1.61043 0.679663
-1.53361 0.679663
-1.56104 0.702469
-1.62689 0.707076
-1.57202 0.635181
-1.5775 0.609213
-1.50069 0.592203
-1.53909 0.643957
-1.59945 0.697878
-1.6214 0.670646
-1.65981 0.739742
-1.6214 0.753967
-1.61591 0.777977
-1.57202 0.73503
-1.64335 0.753967
-1.5775 0.739742
-1.65981 0.753967
-1.52812 0.626465
-1.4952 0.639561
-1.56104 0.711697
-1.56653 0.707076
-1.5775 0.73503
-1.65432 0.792564
-1.67078 0.777977
-1.64883 0.777977
-1.5775 0.73503
-1.55556 0.697878
-1.52263 0.693302
-1.44033 0.635181
-1.46228 0.675147
-1.61591 0.753967
-1.61591 0.758739
-1.65981 0.792564
-1.6214 0.74921
-1.7037 0.817176
-1.68176 0.773145
-1.56653 0.693302
-1.6214 0.744468
-1.61591 0.711697
-1.54458 0.66169
-1.50617 0.66169
-1.46776 0.66169
-1.47325 0.670646
-1.67627 0.782824
-1.68176 0.773145
-1.61591 0.74921
-1.62689 0.744468
-1.7476 0.847208
-1.71468 0.797456
-1.69822 0.812224
-1.59396 0.730333
-1.59396 0.74921
-1.53909 0.697878
-1.5775 0.739742
-1.69822 0.797456
-1.76406 0.842165
-1.64883 0.739742
-1.59396 0.720985
-1.4952 0.652793
-1.50069 0.604938
-1.46228 0.596433
-1.54458 0.626465
-1.64335 0.702469
-1.61591 0.679663
-1.59945 0.693302
-1.51715 0.675147
-1.45679 0.604938
-1.50617 0.679663
-1.56104 0.711697
-1.51166 0.648367
-1.50617 0.639561
-1.51715 0.604938
-1.52263 0.613504
-1.40741 0.604938
-1.4952 0.679663
-1.53909 0.711697
-1.5775 0.720985
-1.6214 0.702469
-1.56653 0.657234
-1.53361 0.670646
-1.52812 0.675147
-1.58848 0.725652
-1.68176 0.807286
-1.6214 0.758739
-1.63786 0.716334
-1.57202 0.679663
-1.56653 0.657234
-1.61591 0.711697
-1.51715 0.643957
-1.52812 0.592203
-1.51166 0.583788
-1.56653 0.563015
-1.50617 0.579603
-1.59396 0.609213
-1.52812 0.587988
-1.50617 0.52657
-1.45679 0.479875
-1.4513 0.491345
-1.52812 0.50685
-1.44582 0.449948
-1.369 0.428136
-1.45679 0.514693
-1.45679 0.499068
-1.52812 0.538583
-1.54458 0.538583
-1.47874 0.530559
-1.56104 0.563015
-1.55007 0.542617
-1.58299 0.592203
-1.56653 0.604938
-1.59945 0.652793
-1.65432 0.697878
-1.65432 0.697878
-1.61591 0.688741
-1.52263 0.670646
-1.52812 0.652793
-1.53361 0.652793
-1.60494 0.711697
-1.5775 0.707076
-1.53361 0.684194
-1.53909 0.66169
-1.6214 0.720985
-1.6214 0.73503
-1.65981 0.777977
-1.63237 0.73503
-1.57202 0.693302
-1.53361 0.639561
-1.55556 0.688741
-1.52263 0.613504
-1.47325 0.542617
-1.46228 0.587988
-1.52812 0.55481
-1.46228 0.510764
-1.40741 0.472303
-1.34156 0.491345
-1.36351 0.476081
-1.36351 0.438974
-1.33059 0.476081
-1.29767 0.435347
-1.30864 0.410373
-1.37449 0.461058
-1.33059 0.442617
-1.33059 0.449948
-1.28121 0.442617
-1.38546 0.442617
-1.45679 0.483683
-1.40741 0.464791
-1.50069 0.530559
-1.51715 0.571279
-1.46776 0.491345
-1.47325 0.468539
-1.53909 0.502951
-1.64883 0.575434
-1.51166 0.538583
-1.40741 0.461058
-1.37449 0.45734
-1.34156 0.45734
-1.40741 0.442617
-1.39643 0.449948
-1.41838 0.472303
-1.44033 0.499068
-1.42936 0.499068
-1.39643 0.50685
-1.40192 0.438974
-1.39643 0.435347
-1.33608 0.449948
-1.35254 0.392986
-1.30864 0.424553
-1.30864 0.417433
-1.33608 0.45734
-1.23182 0.396433
-1.37449 0.499068
-1.28121 0.417433
-1.42936 0.563015
-1.41838 0.558905
-1.41289 0.50685
-1.41289 0.563015
-1.369 0.52657
-1.4952 0.567139
-1.4513 0.530559
-1.51166 0.587988
-1.42387 0.587988
-1.4513 0.613504
-1.56653 0.675147
-1.51715 0.626465
-1.52263 0.613504
-1.52263 0.613504
-1.55007 0.657234
-1.58848 0.711697
-1.47874 0.675147
-1.55556 0.675147
-1.55007 0.648367
-1.4513 0.575434
-1.46228 0.55481
-1.53361 0.604938
-1.52812 0.609213
-1.48971 0.596433
-1.53909 0.622129
-1.57202 0.670646
-1.63786 0.697878
-1.68176 0.797456
-1.60494 0.753967
-1.58848 0.763526
-1.61043 0.763526
-1.7037 0.817176
-1.73114 0.837137
-1.58299 0.753967
-1.55556 0.711697
-1.56104 0.697878
-1.56104 0.702469
-1.53361 0.702469
-1.5775 0.720985
-1.58848 0.702469
-1.56653 0.670646
-1.51166 0.648367
-1.46228 0.592203
-1.53909 0.609213
-1.5775 0.670646
-1.48971 0.622129
-1.53361 0.675147
-1.47325 0.66616
-1.57202 0.744468
-1.84088 0.919389
-1.68724 0.812224
-1.65432 0.777977
-1.67078 0.773145
-1.63786 0.702469
-1.55007 0.643957
-1.55556 0.657234
-1.51166 0.639561
-1.41289 0.579603
-1.41289 0.546667
-1.37997 0.592203
-1.48422 0.622129
-1.56653 0.684194
-1.44582 0.626465
-1.45679 0.643957
-1.52812 0.670646
-1.50617 0.622129
-1.56104 0.670646
-1.53909 0.630815
-1.60494 0.670646
-1.53909 0.583788
-1.52263 0.600678
-1.47325 0.558905
-1.41838 0.55481
-1.48971 0.622129
-1.52812 0.670646
-1.54458 0.675147
-1.51715 0.702469
-1.50069 0.657234
-1.41838 0.600678
-1.41289 0.550731
-1.37997 0.530559
-1.369 0.45734
-1.35802 0.472303
-1.42387 0.495199
-1.42387 0.50685
-1.39643 0.483683
-1.47874 0.52657
-1.56653 0.567139
-1.52263 0.609213
-1.52263 0.652793
-1.52812 0.635181
-1.50069 0.575434
-1.52812 0.587988
-1.51715 0.600678
-1.52812 0.630815
-1.59396 0.693302
-1.53909 0.626465
-1.5775 0.617809
-1.53361 0.635181
-1.45679 0.639561
-1.48422 0.613504
-1.46228 0.596433
-1.52263 0.630815
-1.53361 0.66616
-1.55007 0.711697
-1.63786 0.730333
-1.62689 0.744468
-1.67627 0.768328
-1.73114 0.792564
-1.68176 0.768328
-1.63237 0.684194
-1.52812 0.592203
-1.55007 0.600678
-1.55007 0.604938
-1.4952 0.617809
-1.51166 0.66169
-1.54458 0.643957
-1.5775 0.66169
-1.52812 0.657234
-1.57202 0.725652
-1.62689 0.792564
-1.65981 0.802364
-1.69273 0.832124
-1.67078 0.782824
-1.63237 0.753967
-1.6214 0.763526
-1.59945 0.720985
-1.60494 0.753967
-1.56104 0.716334
-1.64883 0.768328
-1.64335 0.758739
-1.59945 0.73503
-1.44033 0.635181
-1.46228 0.613504
-1.4513 0.600678
-1.39643 0.55481
-1.39643 0.575434
-1.40192 0.55481
-1.46228 0.622129
-1.53361 0.688741
-1.54458 0.684194
-1.58299 0.702469
-1.58848 0.744468
-1.61043 0.739742
-1.67078 0.777977
-1.4952 0.66169
-1.61043 0.74921
-1.59945 0.773145
-1.56104 0.707076
-1.60494 0.725652
-1.51166 0.697878
-1.60494 0.739742
-1.58299 0.744468
-1.55556 0.707076
-1.68724 0.802364
-1.63237 0.768328
-1.6214 0.763526
-1.64883 0.730333
-1.62689 0.716334
-1.58848 0.716334
-1.60494 0.720985
-1.53909 0.707076
-1.61591 0.73503
-1.60494 0.74921
-1.52263 0.66169
-1.59396 0.702469
-1.58299 0.702469
-1.61043 0.652793
-1.6214 0.626465
-1.52263 0.604938
-1.58848 0.613504
-1.61591 0.66616
-1.62689 0.716334
-1.64335 0.711697
-1.59945 0.73503
-1.50617 0.652793
-1.60494 0.716334
-1.64883 0.744468
-1.66529 0.777977
-1.64335 0.753967
-1.60494 0.73503
-1.65432 0.782824
-1.61591 0.74921
-1.63786 0.74921
-1.51715 0.688741
-1.63786 0.73503
-1.51715 0.657234
-1.59396 0.716334
-1.52812 0.66169
-1.50617 0.657234
-1.46228 0.600678
-1.58299 0.648367
-1.48971 0.579603
-1.64883 0.693302
-1.56653 0.652793
-1.63237 0.66169
-1.58299 0.679663
-1.62689 0.725652
-1.64883 0.739742
-1.60494 0.711697
-1.55556 0.675147
-1.54458 0.657234
-1.59396 0.670646
-1.52812 0.630815
-1.61591 0.675147
-1.52812 0.600678
-1.50617 0.648367
-1.46776 0.583788
-1.53361 0.587988
-1.54458 0.550731
-1.41289 0.487507
-1.44582 0.55481
-1.46228 0.571279
-1.56104 0.639561
-1.55007 0.657234
-1.58299 0.702469
-1.60494 0.73503
-1.61043 0.739742
-1.5775 0.675147
-1.6214 0.697878
-1.60494 0.66616
-1.64335 0.707076
-1.62689 0.693302
-1.52812 0.648367
-1.55556 0.630815
-1.52263 0.604938
-1.59396 0.675147
-1.64883 0.688741
-1.59945 0.711697
-1.47325 0.626465
-1.47325 0.643957
-1.53909 0.670646
-1.59945 0.725652
-1.59396 0.730333
-1.64335 0.763526
-1.59396 0.744468
-1.53909 0.688741
-1.53361 0.675147
-1.51166 0.693302
-1.58299 0.702469
-1.63786 0.753967
-1.55007 0.720985
-1.60494 0.763526
-1.62689 0.702469
-1.60494 0.720985
-1.62689 0.768328
-1.66529 0.777977
-1.66529 0.787687
-1.65981 0.773145
-1.60494 0.782824
-1.63786 0.782824
-1.61043 0.758739
-1.64883 0.763526
-1.65981 0.787687
-1.54458 0.707076
-1.67627 0.74921
-1.65981 0.739742
-1.59945 0.716334
-1.52263 0.675147
-1.4952 0.630815
-1.52263 0.657234
-1.40741 0.550731
-1.43484 0.592203
-1.44582 0.617809
-1.48971 0.639561
-1.45679 0.630815
-1.44033 0.613504
-1.53909 0.702469
-1.52263 0.697878
-1.5775 0.720985
-1.56653 0.73503
-1.4952 0.670646
-1.59396 0.716334
-1.6214 0.697878
-1.63237 0.739742
-1.64335 0.73503
-1.57202 0.707076
-1.6214 0.768328
-1.58848 0.725652
-1.4513 0.604938
-1.52263 0.639561
-1.59945 0.697878
-1.51715 0.583788
-1.56104 0.648367
-1.61591 0.697878
-1.58299 0.635181
-1.50069 0.630815
-1.50069 0.635181
-1.48422 0.609213
-1.48971 0.622129
-1.50069 0.613504
-1.52263 0.600678
-1.53909 0.639561
-1.57202 0.66169
-1.63237 0.716334
-1.56104 0.617809
-1.51715 0.630815
-1.48422 0.571279
-1.42387 0.487507
-1.37997 0.435347
-1.44582 0.446275
-1.52812 0.50685
-1.53909 0.530559
-1.48971 0.52657
-1.50069 0.563015
-1.40192 0.571279
-1.44582 0.575434
-1.53361 0.622129
-1.47874 0.617809
-1.54458 0.648367
-1.4952 0.635181
-1.56653 0.697878
-1.52812 0.648367
-1.54458 0.639561
-1.47325 0.617809
-1.43484 0.571279
-1.37449 0.587988
-1.369 0.592203
-1.53361 0.670646
-1.48971 0.670646
-1.51715 0.66616
-1.47325 0.600678
-1.50617 0.613504
-1.51715 0.604938
-1.42936 0.499068
-1.44582 0.530559
-1.46228 0.522596
-1.38546 0.461058
-1.48422 0.502951
-1.42936 0.534564
-1.45679 0.55481
-1.37997 0.483683
-1.43484 0.499068
-1.53361 0.622129
-1.46776 0.530559
-1.44582 0.530559
-1.37997 0.502951
-1.39643 0.50685
-1.37449 0.52657
-1.39095 0.52657
-1.4952 0.639561
-1.50617 0.639561
-1.51166 0.648367
-1.53361 0.648367
-1.50617 0.639561
-1.48971 0.622129
-1.4952 0.635181
-1.48971 0.639561
-1.60494 0.707076
-1.55556 0.684194
-1.67627 0.693302
-1.52263 0.617809
-1.64883 0.670646
-1.68724 0.725652
-1.71468 0.716334
-1.55556 0.657234
-1.40741 0.522596
-1.41289 0.479875
-1.37997 0.45734
-1.47874 0.449948
-1.41289 0.453636
-1.36351 0.406865
-1.30316 0.386137
-1.36351 0.389554
-1.4513 0.406865
-1.31413 0.372619
-1.38546 0.476081
-1.43484 0.479875
-1.27023 0.392986
-1.30316 0.369277
-1.27023 0.35606
-1.33608 0.352794
-1.29218 0.392986
-1.31413 0.35606
-1.3251 0.317855
-1.31962 0.308642
-1.22085 0.250686
-1.31962 0.299565
-1.28669 0.287673
-1.29767 0.287673
-1.27572 0.296569
-1.30864 0.290623
-1.28121 0.278911
-1.39095 0.296569
-1.37997 0.320956
-1.369 0.296569
-1.369 0.299565
-1.29767 0.270286
-1.16598 0.221377
-1.15501 0.206158
-1.22085 0.245222
-1.27572 0.273146
-1.34156 0.290623
-1.35254 0.343084
-1.34156 0.302575
-1.39643 0.339878
-1.4952 0.389554
-1.55007 0.399896
-1.56653 0.461058
-1.47325 0.372619
-1.51166 0.428136
-1.4513 0.403373
-1.51166 0.464791
-1.50617 0.403373
-1.44582 0.352794
-1.52812 0.308642
-1.55007 0.346306
-1.48422 0.352794
-1.4513 0.392986
-1.48422 0.410373
-1.53361 0.399896
-1.55007 0.417433
-1.51715 0.45734
-1.44582 0.410373
-1.38546 0.379348
-1.42387 0.453636
-1.38546 0.435347
-1.42387 0.382735
-1.34705 0.375976
-1.33608 0.403373
-1.33608 0.428136
-1.31413 0.389554
-1.44033 0.449948
-1.369 0.461058
-1.41289 0.483683
-1.31413 0.446275
-1.36351 0.487507
-1.33608 0.464791
-1.39095 0.410373
-1.40741 0.420986
-1.43484 0.406865
-1.44033 0.442617
-1.39095 0.424553
-1.45679 0.487507
-1.36351 0.45734
-1.41289 0.461058
-1.39095 0.449948
-1.35802 0.435347
-1.34156 0.449948
-1.39643 0.453636
-1.46776 0.464791
-1.39643 0.468539
-1.46228 0.514693
-1.40741 0.538583
-1.47874 0.546667
-1.42936 0.550731
-1.44582 0.630815
-1.48971 0.626465
-1.53361 0.648367
-1.53909 0.639561
-1.48971 0.643957
-1.48422 0.626465
-1.55007 0.648367
-1.47874 0.600678
-1.48971 0.622129
-1.41838 0.571279
-1.42936 0.609213
-1.47325 0.643957
-1.41289 0.558905
-1.42387 0.50685
-1.44582 0.542617
-1.40192 0.546667
-1.4513 0.563015
-1.48971 0.546667
-1.51715 0.558905
-1.42936 0.542617
-1.35802 0.495199
-1.36351 0.476081
-1.35802 0.479875
-1.42387 0.483683
-1.43484 0.449948
-1.41289 0.431734
-1.4952 0.45734
-1.48422 0.546667
-1.39643 0.491345
-1.53909 0.613504
-1.48971 0.571279
-1.5775 0.635181
-1.55007 0.670646
-1.41289 0.579603
-1.48422 0.600678
-1.4513 0.592203
-1.52263 0.635181
-1.52263 0.657234
-1.54458 0.684194
-1.50069 0.679663
-1.52812 0.639561
-1.51715 0.604938
-1.53909 0.679663
-1.56653 0.693302
-1.57202 0.707076
-1.57202 0.73503
-1.59945 0.758739
-1.64883 0.782824
-1.67627 0.787687
-1.59945 0.758739
-1.61591 0.758739
-1.59396 0.753967
-1.65981 0.74921
-1.47874 0.66616
-1.59396 0.73503
-1.52812 0.670646
-1.46776 0.609213
-1.44033 0.613504
-1.47874 0.592203
-1.41838 0.530559
-1.47874 0.567139
-1.46776 0.546667
-1.50069 0.495199
-1.47874 0.522596
-1.44033 0.468539
-1.44582 0.522596
-1.53361 0.563015
-1.45679 0.518637
-1.39643 0.45734
-1.36351 0.435347
-1.44582 0.522596
-1.43484 0.483683
-1.4513 0.502951
-1.4513 0.55481
-1.44582 0.546667
-1.46776 0.579603
-1.40741 0.55481
-1.39643 0.50685
-1.45679 0.55481
-1.47325 0.609213
-1.4952 0.613504
-1.52812 0.635181
-1.48971 0.617809
-1.51715 0.66616
-1.64335 0.744468
-1.6214 0.707076
-1.68176 0.792564
-1.60494 0.763526
-1.56653 0.711697
-1.59945 0.711697
-1.53909 0.684194
-1.53909 0.675147
-1.54458 0.684194
-1.54458 0.702469
-1.67078 0.787687
-1.72565 0.837137
-1.64883 0.792564
-1.65432 0.807286
-1.73114 0.832124
-1.75309 0.852266
-1.65432 0.782824
-1.55007 0.725652
-1.59396 0.753967
-1.51715 0.707076
-1.56653 0.693302
-1.52812 0.684194
-1.4513 0.626465
-1.50069 0.635181
-1.55007 0.609213
-1.4513 0.538583
-1.52263 0.639561
-1.57202 0.702469
-1.44033 0.592203
-1.46228 0.622129
-1.40192 0.571279
-1.4513 0.567139
-1.48422 0.613504
-1.48422 0.613504
-1.47325 0.587988
-1.48422 0.571279
-1.45679 0.630815
-1.58848 0.716334
-1.68176 0.744468
-1.65432 0.744468
-1.55007 0.730333
-1.55007 0.702469
-1.52812 0.693302
-1.52263 0.643957
-1.50617 0.626465
-1.56653 0.630815
-1.48971 0.617809
-1.52812 0.675147
-1.59396 0.744468
-1.66529 0.787687
-1.60494 0.758739
-1.51715 0.670646
-1.59945 0.753967
-1.61043 0.758739
-1.63237 0.773145
-1.61591 0.753967
-1.61591 0.744468
-1.53909 0.626465
-1.47325 0.583788
-1.56104 0.648367
-1.46776 0.587988
-1.52263 0.613504
-1.54458 0.604938
-1.58299 0.693302
-1.63786 0.730333
-1.64335 0.720985
-1.53361 0.635181
-1.58299 0.609213
-1.57202 0.596433
-1.52812 0.558905
-1.55556 0.600678
-1.54458 0.596433
-1.51715 0.587988
-1.48971 0.617809
-1.55556 0.630815
-1.43484 0.567139
-1.43484 0.571279
-1.52263 0.613504
-1.61043 0.707076
-1.50617 0.66616
-1.48971 0.648367
-1.56104 0.73503
-1.63786 0.763526
-1.60494 0.739742
-1.5775 0.693302
-1.55556 0.66616
-1.58299 0.688741
-1.59945 0.744468
-1.55007 0.702469
-1.64335 0.792564
-1.62689 0.744468
-1.63237 0.768328
-1.70919 0.777977
-1.62689 0.702469
-1.53361 0.679663
-1.52263 0.679663
-1.60494 0.74921
-1.60494 0.739742
-1.53909 0.702469
-1.55556 0.702469
-1.57202 0.657234
-1.55556 0.648367
-1.58848 0.66616
-1.52812 0.617809
-1.47874 0.592203
-1.45679 0.546667
-1.51166 0.567139
-1.48971 0.587988
-1.48971 0.617809
-1.46228 0.575434
-1.4952 0.575434
-1.50069 0.630815
-1.48971 0.596433
-1.47325 0.613504
-1.46228 0.639561
-1.52263 0.66616
-1.57202 0.688741
-1.52263 0.66169
-1.59945 0.693302
-1.53909 0.66169
-1.55556 0.643957
-1.54458 0.675147
-1.55556 0.639561
-1.48422 0.617809
-1.53909 0.657234
-1.51166 0.639561
-1.54458 0.635181
-1.6214 0.702469
-1.56104 0.66616
-1.56104 0.643957
-1.52263 0.66616
-1.52812 0.639561
-1.50069 0.626465
-1.58848 0.575434
-1.51715 0.518637
-1.41838 0.499068
-1.44033 0.538583
-1.52263 0.622129
-1.61043 0.648367
-1.53909 0.617809
-1.53909 0.609213
-1.52263 0.643957
-1.48971 0.518637
-1.53909 0.592203
-1.5775 0.604938
-1.52263 0.571279
-1.52263 0.587988
-1.53909 0.579603
-1.51715 0.558905
-1.46228 0.579603
-1.50617 0.592203
-1.43484 0.542617
-1.51715 0.546667
-1.50069 0.530559
-1.47325 0.518637
-1.39095 0.495199
-1.369 0.435347
-1.50069 0.514693
-1.54458 0.487507
-1.4952 0.534564
-1.51715 0.534564
-1.48422 0.558905
-1.47325 0.596433
-1.46228 0.609213
-1.57202 0.707076
-1.50069 0.635181
-1.4513 0.558905
-1.40192 0.495199
-1.4513 0.567139
-1.43484 0.592203
-1.40192 0.550731
-1.45679 0.592203
-1.55556 0.635181
-1.55007 0.617809
-1.6214 0.675147
-1.58299 0.652793
-1.56104 0.630815
-1.6214 0.679663
-1.51166 0.622129
-1.54458 0.648367
-1.58299 0.652793
-1.59396 0.639561
-1.58848 0.652793
-1.51715 0.622129
-1.43484 0.558905
-1.50069 0.579603
-1.50617 0.55481
-1.34156 0.487507
-1.33059 0.435347
-1.42936 0.479875
-1.42387 0.514693
-1.4513 0.479875
-1.48422 0.491345
-1.42936 0.499068
-1.51166 0.499068
-1.45679 0.45734
-1.44033 0.438974
-1.36351 0.403373
-1.43484 0.461058
-1.45679 0.495199
-1.52263 0.558905
-1.45679 0.510764
-1.41838 0.52657
-1.37449 0.428136
-1.38546 0.413895
-1.4513 0.442617
-1.39095 0.413895
-1.39643 0.438974
-1.42936 0.468539
-1.38546 0.472303
-1.38546 0.431734
-1.33059 0.438974
-1.42936 0.50685
-1.3251 0.45734
-1.37449 0.491345
-1.35254 0.50685
-1.34705 0.479875
-1.369 0.518637
-1.47325 0.579603
-1.4952 0.583788
-1.47325 0.534564
-1.54458 0.538583
-1.53909 0.518637
-1.55007 0.542617
-1.55556 0.495199
-1.55007 0.538583
-1.47325 0.491345
-1.47325 0.442617
-1.46228 0.417433
-1.47874 0.410373
-1.44033 0.479875
-1.46776 0.487507
-1.40192 0.435347
-1.42936 0.417433
-1.44033 0.449948
-1.35802 0.446275
-1.48422 0.483683
-1.59396 0.534564
-1.59945 0.502951
-1.56653 0.468539
-1.51715 0.438974
-1.39643 0.379348
-1.46776 0.424553
-1.55556 0.476081
-1.44582 0.420986
-1.37449 0.406865
-1.39643 0.420986
-1.33059 0.386137
-1.34705 0.375976
-1.3251 0.375976
-1.44582 0.431734
-1.45679 0.403373
-1.46228 0.417433
-1.50617 0.45734
-1.48971 0.495199
-1.4952 0.487507
-1.52812 0.487507
-1.44582 0.502951
-1.47874 0.468539
-1.48422 0.413895
-1.41838 0.330349
-1.40192 0.320956
-1.33059 0.264611
-1.37449 0.302575
-1.39643 0.278911
-1.39095 0.330349
-1.42936 0.314769
-1.37449 0.264611
-1.40192 0.270286
-1.31413 0.237138
-1.33608 0.250686
-1.39643 0.256211
-1.37997 0.264611
-1.46776 0.296569
-1.4952 0.311698
-1.52812 0.299565
-1.50617 0.276021
-1.51166 0.302575
-1.4952 0.258996
-1.4952 0.261796
-1.37997 0.237138
-1.50069 0.305601
-1.51166 0.281817
-1.42387 0.267441
-1.39095 0.179664
-1.43484 0.2137
-1.36351 0.208657
-1.369 0.165981
-1.36351 0.168224
-1.45679 0.239818
-1.46228 0.284737
-1.51166 0.293589
-1.48422 0.242512
-1.50069 0.22919
-1.55007 0.226571
-1.52263 0.189088
-1.4513 0.216244
-1.47325 0.186709
-1.42387 0.189088
-1.41838 0.186709
-1.40192 0.159342
-1.31962 0.154992
-1.40741 0.177346
-1.46776 0.223967
-1.41289 0.223967
-1.4513 0.226571
-1.43484 0.22919
-1.36351 0.234474
-1.41289 0.330349
-1.46228 0.36595
-1.53361 0.399896
-1.47874 0.36595
-1.4952 0.352794
-1.48971 0.369277
-1.51166 0.379348
-1.50617 0.417433
-1.44582 0.359342
-1.35254 0.346306
-1.36351 0.317855
-1.35254 0.299565
-1.38546 0.314769
-1.31962 0.339878
-1.45679 0.399896
-1.44033 0.431734
-1.55007 0.413895
-1.59396 0.468539
-1.58848 0.438974
-1.46776 0.424553
-1.31962 0.36595
-1.34705 0.349542
-1.37449 0.308642
-1.37449 0.278911
-1.33608 0.253441
-1.3251 0.216244
-1.30864 0.216244
-1.28669 0.223967
-1.43484 0.299565
-1.52263 0.336686
-1.44582 0.314769
-1.35254 0.278911
-1.35254 0.270286
-1.39643 0.317855
-1.35802 0.406865
-1.44033 0.438974
-1.39643 0.435347
-1.36351 0.449948
-1.41289 0.518637
-1.46776 0.622129
-1.51715 0.630815
-1.53361 0.617809
-1.47874 0.583788
-1.4513 0.579603
-1.40741 0.571279
-1.43484 0.575434
-1.50069 0.609213
-1.50617 0.592203
-1.44582 0.518637
-1.44582 0.546667
-1.51715 0.617809
-1.53909 0.648367
-1.55556 0.600678
-1.58848 0.600678
-1.55556 0.617809
-1.55007 0.626465
-1.54458 0.622129
-1.44582 0.600678
-1.42936 0.575434
-1.43484 0.592203
-1.51166 0.622129
-1.53909 0.626465
-1.56104 0.592203
-1.51166 0.579603
-1.57202 0.604938
-1.51715 0.558905
-1.50617 0.550731
-1.65981 0.635181
-1.68176 0.617809
-1.65432 0.613504
-1.53909 0.563015
-1.60494 0.613504
-1.54458 0.617809
-1.50069 0.592203
-1.52263 0.592203
-1.57202 0.630815
-1.51166 0.600678
-1.4513 0.510764
-1.31962 0.483683
-1.45679 0.550731
-1.47874 0.600678
-1.45679 0.510764
-1.40741 0.428136
-1.28121 0.406865
-1.31413 0.410373
-1.46228 0.592203
-1.48422 0.626465
-1.51166 0.688741
-1.62689 0.758739
-1.67078 0.768328
-1.65981 0.753967
-1.64335 0.725652
-1.58299 0.626465
-1.42936 0.546667
-1.34156 0.52657
-1.48422 0.596433
-1.42936 0.563015
-1.47325 0.587988
-1.41289 0.583788
-1.40741 0.596433
-1.50617 0.66169
-1.50617 0.66616
-1.56104 0.697878
-1.59945 0.679663
-1.55556 0.657234
-1.42936 0.567139
-1.3251 0.468539
-1.37997 0.468539
-1.50069 0.563015
-1.4513 0.538583
-1.47325 0.538583
-1.48971 0.583788
-1.52812 0.546667
-1.55556 0.550731
-1.53361 0.587988
-1.50617 0.542617
-1.47874 0.510764
-1.51166 0.50685
-1.42387 0.502951
-1.44582 0.55481
-1.51166 0.635181
-1.4513 0.609213
-1.62689 0.730333
-1.60494 0.697878
-1.56653 0.675147
-1.51166 0.613504
-1.5775 0.657234
-1.64883 0.73503
-1.50617 0.652793
-1.65981 0.725652
-1.58299 0.657234
-1.57202 0.697878
-1.57202 0.711697
-1.4952 0.66616
-1.4513 0.626465
-1.55007 0.635181
-1.55007 0.635181
-1.5775 0.657234
-1.52263 0.622129
-1.51715 0.648367
-1.56104 0.66616
-1.57202 0.702469
-1.63786 0.720985
-1.52263 0.635181
-1.64883 0.739742
-1.68724 0.739742
-1.64883 0.725652
-1.65432 0.707076
-1.65432 0.697878
-1.55007 0.622129
-1.52812 0.639561
-1.50069 0.622129
-1.4952 0.600678
-1.52263 0.657234
-1.51166 0.617809
-1.4952 0.657234
-1.51715 0.622129
-1.50069 0.600678
-1.57202 0.604938
-1.64883 0.630815
-1.60494 0.643957
-1.52263 0.657234
-1.55007 0.675147
-1.45679 0.670646
-1.57202 0.730333
-1.5775 0.73503
-1.55007 0.679663
-1.52812 0.684194
-1.48971 0.66169
-1.55007 0.648367
-1.54458 0.652793
-1.56104 0.643957
-1.59396 0.707076
-1.52263 0.626465
-1.54458 0.66616
-1.4952 0.684194
-1.61591 0.74921
-1.58848 0.758739
-1.58299 0.711697
-1.58299 0.684194
-1.52812 0.639561
-1.4513 0.55481
-1.46228 0.563015
-1.4952 0.579603
-1.50069 0.550731
-1.40192 0.499068
-1.39643 0.476081
-1.3251 0.428136
-1.47874 0.52657
-1.50617 0.534564
-1.47874 0.514693
-1.38546 0.45734
-1.37449 0.428136
-1.52263 0.495199
-1.61043 0.630815
-1.53361 0.587988
-1.57202 0.558905
-1.50617 0.514693
-1.42387 0.413895
-1.46776 0.435347
-1.51166 0.453636
-1.50069 0.479875
-1.45679 0.442617
-1.52263 0.476081
-1.54458 0.45734
-1.57202 0.495199
-1.48971 0.530559
-1.51715 0.55481
-1.45679 0.52657
-1.41838 0.495199
-1.40741 0.476081
-1.47874 0.499068
-1.44033 0.55481
-1.40192 0.542617
-1.48422 0.596433
-1.50069 0.55481
-1.51166 0.510764
-1.58299 0.550731
-1.52812 0.514693
-1.53909 0.522596
-1.57202 0.514693
-1.52263 0.449948
-1.34705 0.446275
-1.48971 0.514693
-1.56104 0.55481
-1.51715 0.563015
-1.51715 0.579603
-1.61043 0.635181
-1.55556 0.613504
-1.46228 0.563015
-1.48971 0.563015
-1.47874 0.575434
-1.58848 0.697878
-1.60494 0.707076
-1.54458 0.684194
-1.48422 0.617809
-1.52263 0.675147
-1.58848 0.684194
-1.55556 0.592203
-1.43484 0.52657
-1.33059 0.464791
-1.30864 0.410373
-1.37449 0.453636
-1.39643 0.487507
-1.39095 0.483683
-1.34156 0.468539
-1.369 0.449948
-1.369 0.472303
-1.27023 0.35606
-1.3251 0.359342
-1.41289 0.410373
-1.41838 0.417433
-1.42936 0.442617
-1.43484 0.431734
-1.43484 0.417433
-1.40741 0.417433
-1.41289 0.499068
-1.46776 0.530559
-1.4513 0.55481
-1.39643 0.502951
-1.33608 0.487507
-1.57202 0.648367
-1.51715 0.622129
-1.56653 0.679663
-1.54458 0.617809
-1.50617 0.583788
-1.48422 0.571279
-1.40741 0.558905
-1.41838 0.514693
-1.41838 0.495199
-1.33608 0.502951
-1.37997 0.534564
-1.41838 0.518637
-1.40192 0.55481
-1.51166 0.604938
-1.53361 0.617809
-1.5775 0.600678
-1.42387 0.499068
-1.44033 0.487507
-1.4513 0.446275
-1.50617 0.479875
-1.48422 0.464791
-1.52263 0.495199
-1.48971 0.530559
-1.46228 0.55481
-1.47325 0.546667
-1.45679 0.518637
-1.47325 0.563015
-1.43484 0.55481
-1.46776 0.563015
-1.47325 0.550731
-1.47874 0.575434
-1.46776 0.542617
-1.4513 0.567139
-1.46776 0.522596
-1.52263 0.583788
-1.46228 0.518637
-1.47874 0.534564
-1.41838 0.542617
-1.48422 0.55481
-1.39643 0.518637
-1.46776 0.592203
-1.46776 0.596433
-1.50069 0.613504
-1.52812 0.600678
-1.44582 0.518637
-1.39095 0.510764
-1.39095 0.52657
-1.41838 0.575434
-1.48422 0.587988
-1.55556 0.643957
-1.57202 0.639561
-1.47325 0.613504
-1.41838 0.55481
-1.4952 0.617809
-1.50617 0.639561
-1.46776 0.600678
-1.51715 0.600678
-1.58299 0.639561
-1.51715 0.626465
-1.369 0.550731
-1.50069 0.643957
-1.6214 0.711697
-1.56104 0.66616
-1.52812 0.693302
-1.48422 0.630815
-1.57202 0.697878
-1.58299 0.720985
-1.64335 0.758739
-1.55007 0.711697
-1.56104 0.720985
-1.50069 0.675147
-1.66529 0.744468
-1.65432 0.744468
-1.57202 0.639561
-1.53909 0.635181
-1.55556 0.609213
-1.54458 0.613504
-1.55556 0.643957
-1.48422 0.571279
-1.4513 0.575434
-1.42387 0.567139
-1.4952 0.635181
-1.51166 0.609213
-1.56653 0.613504
-1.56104 0.675147
-1.63237 0.693302
-1.67627 0.707076
-1.62689 0.657234
-1.64883 0.604938
-1.66529 0.609213
-1.64335 0.600678
-1.4952 0.546667
-1.57202 0.538583
-1.51715 0.546667
-1.45679 0.52657
-1.50617 0.571279
-1.55007 0.617809
-1.57202 0.622129
-1.48971 0.575434
-1.51166 0.583788
-1.54458 0.613504
-1.48422 0.575434
-1.42387 0.522596
-1.50069 0.563015
-1.48422 0.534564
-1.51166 0.575434
-1.53361 0.626465
-1.53909 0.609213
-1.56653 0.617809
-1.50069 0.587988
-1.40741 0.567139
-1.51715 0.643957
-1.55556 0.604938
-1.59396 0.66616
-1.53909 0.639561
-1.54458 0.613504
-1.5775 0.684194
-1.50069 0.684194
-1.5775 0.66616
-1.61043 0.707076
-1.58848 0.711697
-1.59945 0.702469
-1.63237 0.744468
-1.69822 0.832124
-1.72565 0.822144
-1.61043 0.782824
-1.6214 0.773145
-1.62689 0.744468
-1.62689 0.73503
-1.64335 0.758739
-1.6214 0.711697
-1.60494 0.711697
-1.59396 0.688741
-1.56653 0.679663
-1.50069 0.635181
-1.50069 0.675147
-1.56653 0.730333
-1.53909 0.725652
-1.55007 0.702469
-1.51166 0.657234
-1.53361 0.675147
-1.50617 0.630815
-1.52812 0.684194
-1.45679 0.600678
-1.48422 0.648367
-1.52263 0.643957
-1.52812 0.630815
-1.45679 0.626465
-1.59945 0.693302
-1.62689 0.74921
-1.52263 0.707076
-1.57202 0.707076
-1.5775 0.74921
-1.70919 0.822144
-1.69273 0.817176
-1.69273 0.807286
-1.72565 0.852266
-1.66529 0.802364
-1.65432 0.792564
-1.64335 0.777977
-1.69273 0.812224
-1.65432 0.753967
-1.6214 0.753967
-1.7037 0.822144
-1.67627 0.807286
-1.65432 0.797456
-1.63237 0.74921
-1.60494 0.707076
-1.61591 0.725652
-1.59396 0.73503
-1.73114 0.807286
-1.64335 0.773145
-1.64335 0.773145
-1.68176 0.802364
-1.68724 0.797456
-1.68724 0.787687
-1.63786 0.802364
-1.7037 0.822144
-1.75857 0.857339
-1.72565 0.837137
-1.62689 0.763526
-1.59396 0.730333
-1.57202 0.716334
-1.5775 0.725652
-1.56653 0.730333
-1.4952 0.639561
-1.53909 0.635181
-1.58299 0.675147
-1.56104 0.613504
-1.61591 0.626465
-1.54458 0.613504
-1.56104 0.652793
-1.53361 0.639561
-1.53361 0.592203
-1.53361 0.52657
-1.50617 0.530559
-1.51715 0.567139
-1.47325 0.563015
-1.42936 0.546667
-1.51166 0.534564
-1.37997 0.438974
-1.35254 0.435347
-1.31962 0.417433
-1.44582 0.50685
-1.45679 0.50685
-1.44582 0.499068
-1.53909 0.510764
-1.61591 0.567139
-1.58848 0.571279
-1.56653 0.518637
-1.53909 0.483683
-1.54458 0.50685
-1.53361 0.464791
-1.40192 0.413895
-1.36351 0.461058
-1.51166 0.522596
-1.50069 0.567139
-1.56104 0.575434
-1.63237 0.617809
-1.51166 0.626465
-1.46228 0.596433
-1.50069 0.626465
-1.52812 0.679663
-1.52263 0.679663
-1.47874 0.657234
-1.4952 0.652793
-1.53361 0.652793
-1.47325 0.622129
-1.42387 0.613504
-1.44582 0.563015
-1.42387 0.550731
-1.45679 0.538583
-1.46228 0.579603
-1.46776 0.579603
-1.44033 0.563015
-1.39095 0.55481
-1.40741 0.499068
-1.40192 0.45734
-1.34705 0.442617
-1.37449 0.413895
-1.33608 0.410373
-1.30864 0.362639
-1.25377 0.396433
-1.33059 0.406865
-1.30864 0.386137
-1.3251 0.349542
-1.28121 0.346306
-1.27023 0.317855
-1.35802 0.33351
-1.31962 0.324072
-1.30864 0.346306
-1.40192 0.386137
-1.47325 0.413895
-1.36351 0.461058
-1.41289 0.530559
-1.39095 0.530559
-1.47874 0.571279
-1.46776 0.50685
-1.46228 0.495199
-1.37449 0.464791
-1.35802 0.446275
-1.35254 0.442617
-1.38546 0.392986
-1.41838 0.372619
-1.37997 0.359342
-1.369 0.379348
-1.34705 0.435347
-1.46228 0.491345
-1.37449 0.449948
-1.41289 0.491345
-1.46776 0.542617
-1.43484 0.538583
-1.51166 0.575434
-1.53909 0.567139
-1.56653 0.583788
-1.53909 0.55481
-1.47874 0.558905
-1.44582 0.510764
-1.47874 0.530559
-1.43484 0.487507
-1.51166 0.522596
-1.55556 0.522596
-1.5775 0.518637
-1.44582 0.530559
-1.50069 0.575434
-1.52263 0.550731
-1.57202 0.613504
-1.57202 0.613504
-1.59396 0.630815
-1.55556 0.609213
-1.48971 0.609213
-1.41838 0.571279
-1.44033 0.55481
-1.47874 0.575434
-1.43484 0.518637
-1.47325 0.571279
-1.53361 0.571279
-1.54458 0.626465
-1.46776 0.546667
-1.52263 0.587988
-1.51166 0.592203
-1.52812 0.635181
-1.53361 0.575434
-1.4952 0.583788
-1.42387 0.538583
-1.42936 0.542617
-1.52263 0.613504
-1.46776 0.626465
-1.46228 0.604938
-1.52812 0.652793
-1.53909 0.639561
-1.50617 0.626465
-1.48971 0.648367
-1.46228 0.587988
-1.52812 0.66169
-1.60494 0.670646
-1.58299 0.697878
-1.5775 0.716334
-1.52812 0.657234
-1.50069 0.630815
-1.54458 0.679663
-1.55007 0.675147
-1.50069 0.66169
-1.56104 0.684194
-1.59396 0.707076
-1.57202 0.739742
-1.62689 0.758739
-1.68176 0.802364
-1.72016 0.842165
-1.67078 0.802364
-1.69822 0.777977
-1.63237 0.73503
-1.61591 0.758739
-1.52263 0.711697
-1.5775 0.758739
-1.61591 0.730333
-1.55556 0.679663
-1.57202 0.693302
-1.52263 0.670646
-1.5775 0.697878
-1.52263 0.643957
-1.52812 0.635181
-1.50069 0.635181
-1.47325 0.587988
-1.4952 0.596433
-1.56104 0.66616
-1.57202 0.697878
-1.53909 0.639561
-1.50617 0.630815
-1.5775 0.702469
-1.52263 0.697878
-1.47874 0.66616
-1.40741 0.596433
-1.47325 0.639561
-1.50617 0.66169
-1.52263 0.648367
-1.48422 0.635181
-1.47874 0.592203
-1.51166 0.583788
-1.50069 0.579603
-1.51715 0.575434
-1.53909 0.600678
-1.53361 0.622129
-1.55556 0.630815
-1.52263 0.657234
-1.59945 0.688741
-1.64335 0.744468
-1.58848 0.739742
-1.57202 0.716334
-1.57202 0.744468
-1.65981 0.787687
-1.57202 0.739742
-1.65981 0.792564
-1.63786 0.787687
-1.66529 0.787687
-1.58848 0.720985
-1.58299 0.720985
-1.59396 0.725652
-1.53361 0.635181
-1.52812 0.643957
-1.52263 0.635181
-1.61043 0.744468
-1.51715 0.66169
-1.52812 0.670646
-1.60494 0.720985
-1.6214 0.725652
-1.56653 0.707076
-1.52812 0.697878
-1.40741 0.587988
-1.50069 0.587988
-1.42387 0.518637
-1.42387 0.52657
-1.40192 0.518637
-1.38546 0.487507
-1.43484 0.522596
-1.4513 0.558905
-1.4952 0.579603
-1.48971 0.567139
-1.42936 0.546667
-1.46228 0.55481
-1.51715 0.571279
-1.51715 0.583788
-1.42936 0.55481
-1.51715 0.592203
-1.53909 0.635181
-1.52812 0.583788
-1.58299 0.600678
-1.57202 0.575434
-1.56653 0.563015
-1.59945 0.45734
-1.47874 0.442617
-1.46776 0.495199
-1.52812 0.518637
-1.57202 0.542617
-1.47325 0.449948
-1.53361 0.502951
-1.43484 0.487507
-1.39095 0.464791
-1.46228 0.55481
-1.59945 0.707076
-1.6214 0.693302
-1.58299 0.684194
-1.60494 0.688741
-1.58848 0.66616
-1.58848 0.670646
-1.55556 0.66169
-1.52812 0.679663
-1.56104 0.688741
-1.5775 0.675147
-1.56104 0.626465
-1.48971 0.596433
-1.43484 0.550731
-1.4513 0.587988
-1.46776 0.626465
-1.50617 0.592203
-1.53361 0.587988
-1.51166 0.600678
-1.48422 0.600678
-1.48422 0.579603
-1.51715 0.635181
-1.56653 0.725652
-1.52812 0.670646
-1.50069 0.643957
-1.4952 0.630815
-1.50617 0.639561
-1.59945 0.702469
-1.55007 0.707076
-1.53909 0.657234
-1.46776 0.630815
-1.48422 0.643957
-1.44033 0.604938
-1.45679 0.546667
-1.42387 0.596433
-1.50069 0.630815
-1.55556 0.626465
-1.48971 0.571279
-1.47874 0.550731
-1.52812 0.575434
-1.36351 0.491345
-1.4513 0.571279
-1.45679 0.596433
-1.42936 0.583788
-1.40741 0.575434
-1.46228 0.604938
-1.40741 0.468539
-1.34156 0.413895
-1.40192 0.399896
-1.50069 0.495199
-1.47325 0.483683
-1.4952 0.558905
-1.53909 0.617809
-1.4952 0.617809
-1.46228 0.604938
-1.51715 0.639561
-1.52812 0.66616
-1.53361 0.675147
-1.59945 0.697878
-1.48422 0.643957
-1.55007 0.66616
-1.63237 0.725652
-1.59396 0.679663
-1.53909 0.626465
-1.54458 0.66616
-1.58299 0.684194
-1.55556 0.679663
-1.52263 0.670646
-1.63237 0.711697
-1.55556 0.626465
-1.56104 0.648367
-1.56104 0.622129
-1.53909 0.542617
-1.46228 0.50685
-1.44582 0.446275
-1.51715 0.502951
-1.42936 0.435347
-1.43484 0.435347
-1.44033 0.406865
-1.52263 0.476081
-1.42387 0.476081
-1.48422 0.499068
-1.50069 0.518637
-1.4513 0.499068
-1.46228 0.514693
-1.4952 0.50685
-1.55007 0.50685
-1.53361 0.583788
-1.50617 0.592203
-1.51166 0.563015
-1.44033 0.502951
-1.42387 0.50685
-1.46228 0.499068
-1.39095 0.479875
-1.41838 0.487507
-1.4513 0.510764
-1.4513 0.472303
-1.46776 0.487507
-1.50069 0.546667
-1.46776 0.546667
-1.51166 0.567139
-1.52263 0.558905
-1.52263 0.600678
-1.51715 0.55481
-1.4952 0.530559
-1.53361 0.600678
-1.58299 0.587988
-1.51715 0.596433
-1.4952 0.592203
-1.42387 0.538583
-1.47325 0.522596
-1.55007 0.575434
-1.52812 0.579603
-1.55007 0.600678
-1.64883 0.630815
-1.59945 0.626465
-1.51166 0.587988
-1.56653 0.643957
-1.6214 0.639561
-1.51715 0.679663
-1.56104 0.66169
-1.45679 0.622129
-1.51715 0.639561
-1.59396 0.707076
-1.60494 0.73503
-1.53909 0.66169
-1.4513 0.604938
-1.50617 0.630815
-1.53361 0.639561
-1.50069 0.596433
-1.55556 0.670646
-1.57202 0.716334
-1.63237 0.725652
-1.56104 0.697878
-1.59396 0.716334
-1.59396 0.684194
-1.51715 0.643957
-1.52812 0.639561
-1.4952 0.604938
-1.47325 0.587988
-1.44582 0.491345
-1.39643 0.449948
-1.36351 0.487507
-1.47325 0.464791
-1.3251 0.396433
-1.35802 0.375976
-1.34156 0.389554
-1.26475 0.349542
-1.37997 0.343084
-1.28669 0.296569
-1.42387 0.349542
-1.34156 0.352794
-1.34156 0.308642
-1.39643 0.296569
-1.33608 0.299565
-1.33608 0.320956
-1.31413 0.273146
-1.33608 0.308642
-1.369 0.311698
-1.46228 0.349542
-1.40741 0.359342
-1.4952 0.36595
-1.44582 0.399896
-1.4952 0.449948
-1.54458 0.499068
-1.43484 0.476081
-1.47325 0.546667
-1.52263 0.563015
-1.47874 0.510764
-1.53361 0.52657
-1.4513 0.510764
-1.46776 0.52657
-1.48971 0.583788
-1.42936 0.583788
-1.48971 0.635181
-1.52263 0.657234
-1.5775 0.648367
-1.6214 0.688741
-1.67627 0.744468
-1.63786 0.702469
-1.6214 0.73503
-1.67078 0.758739
-1.63786 0.753967
-1.56104 0.670646
-1.60494 0.702469
-1.56104 0.693302
-1.68724 0.777977
-1.61591 0.744468
-1.7476 0.832124
-1.67078 0.782824
-1.67078 0.782824
-1.70919 0.817176
-1.67627 0.773145
-1.59396 0.716334
-1.62689 0.758739
-1.55007 0.720985
-1.59945 0.730333
-1.59396 0.716334
-1.56104 0.693302
-1.64883 0.739742
-1.61591 0.758739
-1.63237 0.792564
-1.64883 0.777977
-1.64883 0.777977
-1.65981 0.792564
-1.64883 0.777977
-1.72016 0.847208
-1.72565 0.837137
-1.76955 0.852266
-1.68724 0.812224
-1.67078 0.802364
-1.63786 0.782824
-1.60494 0.739742
-1.63786 0.74921
-1.56104 0.720985
-1.65981 0.773145
-1.62689 0.697878
-1.56653 0.657234
-1.57202 0.693302
-1.56104 0.622129
-1.41289 0.50685
-1.44582 0.563015
-1.41838 0.546667
-1.44033 0.55481
-1.52812 0.522596
-1.42936 0.479875
-1.48422 0.461058
-1.45679 0.453636
-1.39643 0.35606
-1.30316 0.296569
-1.3251 0.343084
-1.35254 0.327203
-1.42387 0.417433
-1.33059 0.372619
-1.36351 0.349542
-1.41289 0.327203
-1.40192 0.35606
-1.39643 0.330349
-1.52812 0.330349
-1.40192 0.339878
-1.44033 0.336686
-1.48422 0.290623
-1.4513 0.296569
-1.48422 0.273146
-1.45679 0.278911
-1.35254 0.253441
-1.44033 0.261796
-1.40741 0.245222
-1.46776 0.250686
-1.41289 0.237138
-1.44582 0.208657
-1.47325 0.223967
-1.4513 0.203675
-1.369 0.154992
-1.41838 0.157159
-1.35802 0.144379
-1.39095 0.152839
-1.41838 0.181998
-1.39095 0.203675
-1.47325 0.242512
-1.51166 0.258996
-1.4513 0.22919
-1.51715 0.270286
-1.4952 0.256211
-1.58299 0.299565
-1.51715 0.339878
-1.55007 0.372619
-1.53909 0.386137
-1.58299 0.403373
-1.5775 0.392986
-1.61043 0.399896
-1.52812 0.352794
-1.50069 0.352794
-1.46776 0.305601
-1.37997 0.33351
-1.39643 0.302575
-1.34705 0.33351
-1.37997 0.369277
-1.30864 0.379348
-1.31962 0.346306
-1.45679 0.369277
-1.45679 0.317855
-1.54458 0.372619
-1.45679 0.406865
-1.52812 0.424553
-1.53361 0.417433
-1.43484 0.336686
-1.41289 0.392986
-1.47325 0.424553
-1.52812 0.435347
-1.45679 0.379348
-1.51715 0.406865
-1.47874 0.375976
-1.54458 0.403373
-1.50069 0.339878
-1.48971 0.33351
-1.46228 0.293589
-1.45679 0.308642
-1.50617 0.369277
-1.57202 0.396433
-1.56653 0.372619
-1.54458 0.386137
-1.61591 0.375976
-1.51166 0.382735
-1.51166 0.386137
-1.48422 0.446275
-1.45679 0.403373
-1.47874 0.399896
-1.51715 0.438974
-1.46776 0.453636
-1.38546 0.417433
-1.42387 0.372619
-1.42387 0.424553
-1.46228 0.518637
-1.47874 0.502951
-1.44582 0.518637
-1.40192 0.530559
-1.37997 0.468539
-1.37449 0.502951
-1.48971 0.50685
-1.56104 0.546667
-1.55556 0.571279
-1.59396 0.635181
-1.43484 0.518637
-1.4513 0.502951
-1.54458 0.530559
-1.48422 0.542617
-1.55007 0.587988
-1.55556 0.583788
-1.44033 0.563015
-1.40741 0.542617
-1.40192 0.563015
-1.40192 0.567139
-1.41289 0.558905
-1.47874 0.587988
-1.4952 0.626465
-1.38546 0.575434
-1.53909 0.630815
-1.55007 0.630815
-1.5775 0.697878
-1.48971 0.657234
-1.51715 0.684194
-1.55007 0.693302
-1.52812 0.66616
-1.52263 0.711697
-1.55007 0.707076
-1.54458 0.693302
-1.62689 0.74921
-1.61591 0.758739
-1.61591 0.773145
-1.61043 0.773145
-1.57202 0.697878
-1.56653 0.725652
-1.58848 0.702469
-1.64883 0.725652
-1.65432 0.792564
-1.72016 0.807286
-1.68724 0.773145
-1.58299 0.684194
-1.64883 0.739742
-1.63237 0.725652
-1.58848 0.688741
-1.51715 0.622129
-1.61591 0.675147
-1.52812 0.66169
-1.62689 0.720985
-1.5775 0.707076
-1.61043 0.720985
-1.64335 0.707076
-1.5775 0.66616
-1.56653 0.707076
-1.59945 0.66616
-1.61043 0.693302
-1.64883 0.73503
-1.69822 0.782824
-1.52812 0.639561
-1.48971 0.600678
-1.44033 0.579603
-1.43484 0.575434
-1.46776 0.558905
-1.41289 0.55481
-1.41838 0.495199
-1.46228 0.530559
-1.47874 0.479875
-1.369 0.449948
-1.37997 0.424553
-1.44582 0.453636
-1.34156 0.352794
-1.44033 0.420986
-1.46776 0.487507
-1.45679 0.472303
-1.4513 0.461058
-1.55556 0.522596
-1.52812 0.50685
-1.4952 0.499068
-1.50617 0.52657
-1.56653 0.579603
-1.56653 0.579603
-1.4513 0.50685
-1.55556 0.600678
-1.56104 0.604938
-1.43484 0.567139
-1.52812 0.635181
-1.55007 0.657234
-1.44033 0.587988
-1.42936 0.546667
-1.45679 0.522596
-1.45679 0.52657
-1.52263 0.55481
-1.58299 0.600678
-1.54458 0.587988
-1.4952 0.592203
-1.51715 0.622129
-1.53909 0.613504
-1.47874 0.635181
-1.56104 0.66169
-1.4952 0.66616
-1.58299 0.720985
-1.55007 0.707076
-1.54458 0.707076
-1.50069 0.66616
-1.54458 0.652793
-1.59396 0.720985
-1.64335 0.74921
-1.68724 0.802364
-1.59396 0.73503
-1.51166 0.657234
-1.45679 0.622129
-1.57202 0.688741
-1.59945 0.702469
-1.64335 0.720985
-1.63237 0.725652
-1.61043 0.720985
-1.54458 0.622129
-1.5775 0.66616
-1.50617 0.66616
-1.53909 0.697878
-1.56653 0.679663
-1.55556 0.688741
-1.54458 0.720985
-1.61043 0.74921
-1.62689 0.773145
-1.67078 0.797456
-1.65432 0.792564
-1.64335 0.763526
-1.61043 0.720985
-1.52812 0.684194
-1.48422 0.66169
-1.53909 0.697878
-1.54458 0.684194
-1.41838 0.613504
-1.4952 0.688741
-1.60494 0.730333
-1.62689 0.739742
-1.59945 0.725652
-1.59945 0.758739
-1.57202 0.730333
-1.55007 0.688741
-1.52263 0.675147
-1.62689 0.739742
-1.6214 0.763526
-1.53361 0.730333
-1.55556 0.739742
-1.56653 0.684194
-1.56104 0.702469
-1.62689 0.739742
-1.59396 0.716334
-1.54458 0.697878
-1.65432 0.768328
-1.56653 0.739742
-1.62689 0.777977
-1.67078 0.763526
-1.62689 0.730333
-1.61043 0.702469
-1.45679 0.600678
-1.44582 0.575434
-1.44033 0.592203
-1.53361 0.613504
-1.61043 0.697878
-1.56104 0.652793
-1.59945 0.670646
-1.59396 0.643957
-1.41838 0.550731
-1.41289 0.538583
-1.53361 0.592203
-1.46776 0.550731
-1.48971 0.550731
-1.40192 0.518637
-1.45679 0.575434
-1.50069 0.546667
-1.46776 0.538583
-1.39095 0.50685
-1.40741 0.50685
-1.4513 0.567139
-1.41838 0.563015
-1.41289 0.542617
-1.39643 0.522596
-1.44582 0.538583
-1.37997 0.558905
-1.40192 0.542617
-1.42936 0.538583
-1.45679 0.50685
-1.43484 0.52657
-1.38546 0.476081
-1.36351 0.406865
-1.30864 0.461058
-1.34705 0.45734
-1.44582 0.45734
-1.41289 0.468539
-1.26475 0.379348
-1.23182 0.352794
-1.28121 0.349542
-1.369 0.372619
-1.46228 0.449948
-1.40741 0.431734
-1.34705 0.449948
-1.4513 0.530559
-1.51166 0.52657
-1.55007 0.563015
-1.50617 0.522596
-1.37997 0.464791
-1.39095 0.495199
-1.41289 0.491345
-1.369 0.36595
-1.369 0.389554
-1.27023 0.403373
-1.34705 0.449948
-1.44033 0.499068
-1.44582 0.502951
-1.44582 0.464791
-1.48971 0.491345
-1.31962 0.349542
-1.37449 0.396433
-1.33608 0.375976
-1.38546 0.375976
-1.28121 0.36595
-1.34705 0.442617
-1.29218 0.386137
-1.33608 0.396433
-1.3251 0.399896
-1.35254 0.372619
-1.28669 0.346306
-1.29767 0.33351
-1.28669 0.343084
-1.33608 0.336686
-1.22085 0.278911
-1.30316 0.317855
-1.31962 0.324072
-1.35802 0.330349
-1.41289 0.375976
-1.38546 0.375976
-1.51715 0.449948
-1.46776 0.446275
-1.50069 0.461058
-1.4952 0.442617
-1.47325 0.431734
-1.33059 0.389554
-1.35254 0.453636
-1.36351 0.442617
-1.4513 0.464791
-1.44582 0.518637
-1.41289 0.483683
-1.50069 0.502951
-1.48971 0.472303
-1.47874 0.495199
-1.50069 0.522596
-1.51715 0.550731
-1.42387 0.538583
-1.48422 0.600678
-1.47874 0.579603
-1.44582 0.596433
-1.48971 0.567139
-1.55556 0.55481
-1.46776 0.510764
-1.48422 0.514693
-1.51715 0.563015
-1.4952 0.472303
-1.39095 0.438974
-1.27023 0.359342
-1.36351 0.431734
-1.28121 0.417433
-1.40192 0.491345
-1.42936 0.499068
-1.52263 0.567139
-1.57202 0.550731
-1.53361 0.567139
-1.53909 0.592203
-1.61591 0.684194
-1.61591 0.679663
-1.52812 0.626465
-1.43484 0.567139
-1.50069 0.600678
-1.59945 0.643957
-1.57202 0.657234
-1.57202 0.643957
-1.54458 0.675147
-1.50069 0.648367
-1.39643 0.571279
-1.47325 0.604938
-1.46776 0.558905
-1.56653 0.66169
-1.48971 0.635181
-1.56653 0.707076
-1.61043 0.73503
-1.56653 0.716334
-1.58848 0.744468
-1.53909 0.684194
-1.40741 0.604938
-1.53909 0.702469
-1.53909 0.693302
-1.48422 0.670646
-1.51166 0.711697
-1.50617 0.693302
-1.50617 0.66616
-1.50069 0.648367
-1.46776 0.643957
-1.63237 0.768328
-1.65432 0.787687
-1.64883 0.777977
-1.63786 0.782824
-1.67627 0.812224
-1.69273 0.807286
-1.65981 0.768328
-1.62689 0.763526
-1.65981 0.763526
-1.58848 0.716334
-1.61043 0.720985
-1.56653 0.707076
-1.55007 0.707076
-1.51715 0.652793
-1.40192 0.534564
-1.35802 0.464791
-1.29218 0.399896
-1.36351 0.438974
-1.47874 0.479875
-1.38546 0.410373
-1.42387 0.491345
-1.42936 0.52657
-1.4952 0.550731
-1.4952 0.571279
-1.47874 0.630815
-1.47325 0.643957
-1.5775 0.684194
-1.59396 0.652793
-1.5775 0.622129
-1.56104 0.604938
-1.55556 0.604938
-1.51715 0.622129
-1.55007 0.613504
-1.52812 0.600678
-1.39643 0.502951
-1.52263 0.567139
-1.53361 0.579603
-1.50069 0.546667
-1.4952 0.626465
-1.47325 0.613504
-1.46776 0.579603
-1.42387 0.567139
-1.44033 0.55481
-1.46228 0.596433
-1.48422 0.587988
-1.47874 0.518637
-1.41838 0.487507
-1.44582 0.534564
-1.47874 0.567139
-1.4952 0.613504
-1.51166 0.635181
-1.55556 0.688741
-1.5775 0.697878
-1.5775 0.720985
-1.65432 0.782824
-1.60494 0.763526
-1.65432 0.768328
-1.64335 0.773145
-1.69273 0.802364
-1.58848 0.758739
-1.63786 0.730333
-1.4952 0.66169
-1.52263 0.66169
-1.5775 0.693302
-1.55007 0.66616
-1.46228 0.587988
-1.38546 0.579603
-1.58299 0.66616
-1.47874 0.583788
-1.41838 0.530559
-1.47874 0.592203
-1.6214 0.702469
-1.67078 0.753967
-1.67078 0.716334
-1.65981 0.73503
-1.53361 0.652793
-1.48422 0.648367
-1.48422 0.635181
-1.40741 0.604938
-1.50069 0.648367
-1.46228 0.643957
-1.46776 0.639561
-1.55556 0.66616
-1.62689 0.716334
-1.6214 0.716334
-1.57202 0.693302
-1.64883 0.768328
-1.64883 0.744468
-1.53909 0.670646
-1.52263 0.679663
-1.47325 0.652793
-1.54458 0.66169
-1.6214 0.716334
-1.56104 0.707076
-1.56104 0.684194
-1.60494 0.730333
-1.53909 0.639561
-1.53361 0.626465
-1.43484 0.600678
-1.4513 0.579603
-1.4513 0.626465
-1.52812 0.635181
-1.53361 0.657234
-1.52263 0.66169
-1.4513 0.613504
-1.4952 0.648367
-1.57202 0.693302
-1.53361 0.670646
-1.54458 0.675147
-1.55007 0.643957
-1.59396 0.697878
-1.47325 0.613504
-1.42387 0.630815
-1.36351 0.575434
-1.42936 0.587988
-1.51715 0.609213
-1.5775 0.626465
-1.5775 0.626465
-1.50069 0.567139
-1.44582 0.542617
-1.37449 0.476081
-1.24829 0.403373
-1.22634 0.403373
-1.34705 0.45734
-1.36351 0.479875
-1.45679 0.587988
-1.57202 0.635181
-1.58299 0.657234
-1.65981 0.707076
-1.62689 0.702469
-1.60494 0.711697
-1.59396 0.693302
-1.68176 0.707076
-1.67627 0.725652
-1.64883 0.720985
-1.68176 0.744468
-1.59396 0.675147
-1.5775 0.684194
-1.53361 0.66169
-1.52263 0.679663
-1.5775 0.675147
-1.59396 0.684194
-1.60494 0.66616
-1.54458 0.652793
-1.47325 0.639561
-1.54458 0.675147
-1.53361 0.643957
-1.52812 0.626465
-1.57202 0.622129
-1.4952 0.563015
-1.57202 0.604938
-1.6214 0.693302
-1.66529 0.684194
-1.65981 0.652793
-1.5775 0.657234
-1.57202 0.688741
-1.56653 0.73503
-1.51166 0.652793
-1.47874 0.604938
-1.46776 0.592203
-1.48971 0.643957
-1.38546 0.571279
-1.51715 0.652793
-1.51715 0.66616
-1.58848 0.693302
-1.59945 0.730333
-1.61591 0.725652
-1.54458 0.702469
-1.5775 0.73503
-1.55007 0.675147
-1.53909 0.679663
-1.48971 0.622129
-1.51715 0.652793
-1.56104 0.675147
-1.41838 0.609213
-1.51166 0.626465
-1.50069 0.600678
-1.53909 0.630815
-1.54458 0.639561
-1.6214 0.697878
-1.54458 0.657234
-1.47874 0.587988
-1.55556 0.652793
-1.59396 0.675147
-1.63237 0.688741
-1.62689 0.679663
-1.62689 0.679663
-1.6214 0.725652
-1.59396 0.720985
-1.5775 0.74921
-1.60494 0.758739
-1.63237 0.773145
-1.65981 0.777977
-1.65432 0.768328
-1.58848 0.725652
-1.55556 0.66616
-1.54458 0.643957
-1.54458 0.639561
-1.55556 0.670646
-1.62689 0.688741
-1.58299 0.622129
-1.58299 0.626465
-1.6214 0.675147
-1.59945 0.679663
-1.56653 0.66616
-1.52812 0.657234
-1.55007 0.707076
-1.61591 0.782824
-1.60494 0.758739
-1.58848 0.739742
-1.5775 0.702469
-1.56104 0.730333
-1.55007 0.688741
-1.5775 0.711697
-1.63237 0.739742
-1.58299 0.630815
-1.58299 0.639561
-1.56653 0.643957
-1.53361 0.630815
-1.57202 0.693302
-1.47325 0.587988
-1.46228 0.579603
-1.52263 0.639561
-1.50069 0.66616
-1.39095 0.530559
-1.42936 0.558905
-1.43484 0.52657
-1.40741 0.495199
-1.34156 0.461058
-1.36351 0.438974
-1.34705 0.431734
-1.31962 0.424553
-1.34705 0.510764
-1.39095 0.476081
-1.30864 0.449948
-1.40741 0.487507
-1.37997 0.435347
-1.33059 0.386137
-1.27572 0.410373
-1.37449 0.468539
-1.31413 0.438974
-1.18793 0.403373
-1.34156 0.491345
-1.42387 0.567139
-1.41838 0.538583
-1.41289 0.530559
-1.44582 0.530559
-1.53361 0.587988
-1.48422 0.575434
-1.47874 0.600678
-1.50069 0.630815
-1.54458 0.652793
-1.52812 0.626465
-1.52812 0.635181
-1.61591 0.702469
-1.66529 0.753967
-1.68724 0.768328
-1.68724 0.787687
-1.62689 0.744468
-1.64883 0.782824
-1.67078 0.797456
-1.65981 0.744468
-1.59945 0.730333
-1.51166 0.66616
-1.50617 0.652793
-1.47874 0.635181
-1.4952 0.635181
-1.53909 0.702469
-1.52263 0.670646
-1.55556 0.697878
-1.6214 0.711697
-1.59396 0.711697
-1.58848 0.73503
-1.56104 0.702469
-1.65432 0.768328
-1.65981 0.758739
-1.64335 0.74921
-1.59396 0.753967
-1.67627 0.812224
-1.63237 0.763526
-1.58299 0.730333
-1.55007 0.725652
-1.46228 0.670646
-1.54458 0.648367
-1.50069 0.583788
-1.45679 0.575434
-1.46776 0.592203
-1.55556 0.679663
-1.68176 0.782824
-1.60494 0.773145
-1.5775 0.725652
-1.61591 0.773145
-1.64335 0.782824
-1.61591 0.773145
-1.59945 0.753967
-1.63786 0.74921
-1.56653 0.716334
-1.6214 0.730333
-1.64883 0.782824
-1.62689 0.768328
-1.68176 0.782824
-1.64335 0.758739
-1.63237 0.702469
-1.58299 0.635181
-1.54458 0.609213
-1.68176 0.679663
-1.6214 0.66169
-1.68176 0.697878
-1.59396 0.66616
-1.51715 0.635181
-1.48422 0.626465
-1.50069 0.643957
-1.59396 0.702469
-1.5775 0.702469
-1.58299 0.66169
-1.48971 0.609213
-1.46228 0.622129
-1.51166 0.652793
-1.61043 0.66169
-1.7037 0.753967
-1.73114 0.768328
-1.63237 0.739742
-1.71468 0.822144
-1.63237 0.744468
-1.67627 0.773145
-1.61043 0.730333
-1.68724 0.773145
-1.55007 0.684194
-1.60494 0.744468
-1.59945 0.675147
-1.53909 0.679663
-1.50069 0.670646
-1.52812 0.697878
-1.59396 0.773145
-1.55007 0.716334
-1.58299 0.758739
-1.55556 0.702469
-1.59396 0.693302
-1.51715 0.643957
-1.62689 0.725652
-1.55556 0.693302
-1.44033 0.596433
-1.50069 0.657234
-1.42387 0.558905
-1.47874 0.604938
-1.52812 0.675147
-1.50617 0.622129
-1.42387 0.575434
-1.46228 0.575434
-1.44582 0.579603
-1.47325 0.596433
-1.52812 0.542617
-1.44033 0.530559
-1.50617 0.567139
-1.42387 0.558905
-1.48422 0.563015
-1.57202 0.604938
-1.61043 0.604938
-1.61591 0.579603
-1.48422 0.495199
-1.48971 0.518637
-1.50069 0.558905
-1.44582 0.538583
-1.52263 0.546667
-1.42936 0.479875
-1.42936 0.510764
-1.42387 0.487507
-1.39095 0.472303
-1.45679 0.472303
-1.44582 0.417433
-1.50069 0.483683
-1.42387 0.45734
-1.43484 0.382735
-1.40741 0.36595
-1.46776 0.428136
-1.51715 0.483683
-1.59945 0.592203
-1.58848 0.575434
-1.61043 0.592203
-1.55556 0.55481
-1.64883 0.567139
-1.60494 0.534564
-1.55007 0.491345
-1.4952 0.476081
-1.47325 0.487507
-1.48422 0.538583
-1.53361 0.546667
-1.42936 0.491345
-1.44582 0.518637
-1.46228 0.502951
-1.52263 0.510764
-1.52812 0.550731
-1.52263 0.563015
-1.4513 0.510764
-1.45679 0.491345
-1.47325 0.491345
-1.4513 0.424553
-1.47325 0.483683
-1.55007 0.502951
-1.47325 0.495199
-1.50617 0.491345
-1.44033 0.472303
-1.50069 0.449948
-1.50069 0.461058
-1.50069 0.468539
-1.48422 0.472303
-1.40192 0.431734
-1.37997 0.399896
-1.30316 0.420986
-1.36351 0.472303
-1.39095 0.495199
-1.35254 0.468539
-1.35254 0.483683
-1.4513 0.530559
-1.41838 0.534564
-1.46228 0.55481
-1.48971 0.592203
-1.48971 0.592203
-1.46776 0.609213
-1.47325 0.558905
-1.53361 0.579603
-1.55556 0.66616
-1.64335 0.675147
-1.58848 0.652793
-1.57202 0.66616
-1.51715 0.657234
-1.55007 0.657234
-1.59945 0.630815
-1.48422 0.596433
-1.61591 0.702469
-1.6214 0.716334
-1.53361 0.643957
-1.53909 0.613504
-1.53361 0.630815
-1.61043 0.643957
-1.52812 0.626465
-1.51715 0.630815
-1.46776 0.596433
-1.43484 0.579603
-1.47325 0.558905
-1.47325 0.550731
-1.47325 0.550731
-1.44033 0.534564
-1.27572 0.424553
-1.4513 0.468539
-1.37449 0.396433
-1.35802 0.420986
-1.39095 0.424553
-1.34705 0.339878
-1.38546 0.339878
-1.33608 0.343084
-1.34156 0.346306
-1.40192 0.403373
-1.39643 0.428136
-1.41289 0.403373
-1.34156 0.372619
-1.38546 0.320956
-1.30864 0.311698
-1.31962 0.339878
-1.34156 0.308642
-1.36351 0.311698
-1.37997 0.320956
-1.34705 0.281817
-1.36351 0.302575
-1.33608 0.290623
-1.29218 0.281817
-1.28121 0.231824
-1.25926 0.218803
-1.30864 0.234474
-1.34705 0.2137
-1.29767 0.239818
-1.31413 0.237138
-1.38546 0.250686
-1.33059 0.184346
-1.39643 0.168224
-1.34705 0.146472
-1.33059 0.208657
-1.369 0.186709
-1.31413 0.154992
-1.29218 0.19389
-1.20439 0.203675
-1.18793 0.189088
-1.25377 0.130154
-1.23731 0.128182
-1.27023 0.107483
-1.28669 0.13616
-1.29218 0.138192
-1.33608 0.138192
-1.35254 0.159342
-1.27023 0.146472
-1.21536 0.122356
-1.23182 0.0869805
-1.20988 0.0686454
-1.30864 0.091903
-1.33059 0.102154
-1.28669 0.103916
-1.30864 0.098677
-1.31962 0.102154
-1.29767 0.077542
-1.26475 0.0790775
-1.17695 0.077542
-1.18793 0.0672154
-1.25377 0.0902471
-1.26475 0.098677
-1.2428 0.0837741
-1.2428 0.0745163
-1.20988 0.0700906
-1.16049 0.0395622
-1.23182 0.0294012
-1.20439 0.00700172
-1.22634 0.00844685
-1.18244 0.0162746
-1.27572 0.0223562
-1.28669 0.0294012
-1.2428 0.0177047
-1.2428 0.031313
-1.27023 0.0223562
-1.30316 0.0199627
-1.31962 0.0184423
-1.36351 0.019195
-1.29767 0.0100275
-1.31962 0.00180829
-1.29767 4.70419e-05
-1.27572 0.00795008
-1.34705 0.00655012
-1.25377 0.00137174
-1.31962 4.70419e-05
-1.34705 0.00347922
-1.369 0.00117605
-1.369 0.00415662
-1.30316 0.00895866
-1.29218 0.00347922
-1.3251 0.00257602
-1.29218 9.22021e-05
-1.28669 1.88168e-06
-1.28121 1.69351e-05
-1.28669 0.00117605
-1.35802 0.00611357
-1.33608 0.00286203
-1.31413 0.00230505
-1.35802 0.00204915
-1.44582 0.0111565
-1.39643 0.00844685
-1.29218 0.0117435
-1.31413 0.0215433
-1.28121 0.00844685
-1.28121 0.0117435
-1.3251 0.0353172
-1.30316 0.0266464
-1.31413 0.0257583
-1.28121 0.0169821
-1.33059 0.0240271
-1.28669 0.0169821
-1.28121 0.0111565
-1.22634 0.0384784
-1.1989 0.0512286
-1.27572 0.0576263
-1.38546 0.0417751
-1.31413 0.0322914
-1.30864 0.0248852
-1.25377 0.0240271
-1.23182 0.0303496
-1.25377 0.0487749
-1.28121 0.0837741
-1.37449 0.0658003
-1.40192 0.0700906
-1.39643 0.073026
-1.41838 0.0700906
-1.27023 0.0550221
-1.29218 0.0429041
-1.31962 0.0353172
-1.3251 0.033285
-1.34705 0.0303496
-1.33059 0.0429041
-1.27023 0.0487749
-1.28669 0.0630155
-1.34156 0.080628
-1.28121 0.058951
-1.28121 0.0499943
-1.2428 0.0374096
-1.28121 0.0257583
-1.29767 0.0576263
-1.29767 0.0760216
-1.38546 0.0550221
-1.41289 0.0644004
-1.30864 0.0602908
-1.369 0.0550221
-1.39643 0.0550221
-1.37449 0.0463814
-1.3251 0.0524781
-1.3251 0.058951
-1.35254 0.0395622
-1.43484 0.0162746
-1.30316 0.0100275
-1.33059 0.00948553
-1.33059 0.0162746
-1.34705 0.0123457
-1.3251 0.0199627
-1.29218 0.00895866
-1.37449 0.00611357
-1.42387 0.00451791
-1.44033 0.0149048
-1.41289 0.00655012
-1.43484 0.00569207
-1.42387 0.00795008
-1.369 0.0117435
-1.41289 0.00795008
-1.47874 0.0342936
-1.41289 0.0135951
-1.44582 0.031313
-1.42387 0.0240271
-1.46776 0.0117435
-1.41838 0.00286203
-1.46776 0.00895866
-1.40192 0.00415662
-1.34705 0.00795008
-1.26475 0.0123457
-1.31413 0.0240271
-1.35254 0.00700172
-1.369 0.0031631
-1.31413 4.70419e-05
-1.33608 9.22021e-05
-1.3251 0.000679285
-1.34156 0.00381039
-1.41289 0.00948553
-1.40192 0.00347922
-1.369 0.00286203
-1.41289 9.22021e-05
-1.40741 4.70419e-05
-1.39643 0.000423377
-1.38546 0.000423377
-1.42936 0.000227683
-1.39643 0.00158249
-1.3251 0.000995407
-1.28121 0.000423377
-1.24829 4.70419e-05
-1.25926 0.0100275
-1.3251 0.00895866
-1.37449 0.00489424
-1.34156 0.00204915
-1.41289 0.0031631
-1.4513 0.00569207
-1.45679 0.00415662
-1.46776 0.00489424
-1.45679 0.00257602
-1.43484 0.00611357
-1.41838 0.00117605
-1.34156 0.00230505
-1.28669 0.00569207
-1.28121 0.0031631
-1.35802 0.0207455
-1.39095 0.0184423
-1.41289 0.019195
-1.45679 0.0184423
-1.39643 0.0117435
-1.42387 0.00655012
-1.41289 0.00415662
-1.34705 0.00895866
-1.42936 0.0215433
-1.34705 0.0215433
-1.36351 0.0550221
-1.44033 0.0537426
-1.28121 0.0395622
-1.31413 0.0760216
-1.31413 0.0700906
-1.34156 0.0853698
-1.31962 0.098677
-1.23731 0.0902471
-1.34156 0.148579
-1.2428 0.157159
-1.30864 0.132141
-1.31962 0.128182
-1.35254 0.132141
-1.25926 0.111111
-1.29218 0.112948
-1.38546 0.13616
-1.40741 0.142302
-1.28121 0.098677
-1.27572 0.100408
-1.28669 0.10929
-1.34705 0.112948
-1.29767 0.130154
-1.13855 0.142302
-1.22634 0.138192
-1.3251 0.148579
-1.29767 0.181998
-1.2428 0.150702
-1.24829 0.144379
-1.33059 0.138192
-1.35254 0.208657
-1.34156 0.237138
-1.37997 0.218803
-1.47874 0.22919
-1.51166 0.2137
-1.41838 0.234474
-1.34705 0.261796
-1.45679 0.299565
-1.4952 0.339878
-1.47325 0.317855
-1.46776 0.379348
-1.40741 0.392986
-1.40741 0.453636
-1.4513 0.449948
-1.42936 0.431734
-1.45679 0.479875
-1.369 0.389554
-1.28669 0.314769
-1.33059 0.278911
-1.40192 0.327203
-1.39643 0.299565
-1.39643 0.343084
-1.44582 0.392986
-1.40741 0.375976
-1.4513 0.45734
-1.37449 0.479875
-1.47325 0.538583
-1.51715 0.55481
-1.54458 0.487507
-1.54458 0.530559
-1.42387 0.446275
-1.38546 0.417433
-1.37449 0.379348
-1.29218 0.372619
-1.44033 0.431734
-1.38546 0.417433
-1.39643 0.435347
-1.42936 0.487507
-1.47874 0.522596
-1.5775 0.609213
-1.52812 0.626465
-1.64883 0.635181
-1.61043 0.639561
-1.58848 0.679663
-1.58848 0.643957
-1.54458 0.643957
-1.58848 0.66616
-1.58299 0.648367
-1.48422 0.622129
-1.50617 0.652793
-1.47874 0.622129
-1.50069 0.66169
-1.46228 0.626465
-1.50617 0.657234
-1.61043 0.679663
-1.55007 0.670646
-1.56104 0.679663
-1.42936 0.604938
-1.51715 0.635181
-1.56653 0.592203
-1.5775 0.604938
-1.4952 0.542617
-1.44582 0.55481
-1.31413 0.461058
-1.30316 0.359342
-1.31962 0.382735
-1.37449 0.336686
-1.33059 0.336686
-1.36351 0.336686
-1.44033 0.446275
-1.47325 0.55481
-1.55007 0.604938
-1.44033 0.534564
-1.40741 0.479875
-1.47325 0.52657
-1.57202 0.639561
-1.58848 0.635181
-1.48971 0.583788
-1.50069 0.626465
-1.55556 0.630815
-1.47325 0.604938
-1.53361 0.652793
-1.55556 0.684194
-1.53909 0.639561
-1.47874 0.583788
-1.45679 0.546667
-1.46228 0.546667
-1.55556 0.604938
-1.59396 0.643957
-1.61591 0.657234
-1.61043 0.702469
-1.59945 0.730333
-1.53361 0.675147
-1.56653 0.657234
-1.64883 0.711697
-1.67078 0.744468
-1.63786 0.711697
-1.58848 0.66169
-1.4952 0.604938
-1.46776 0.592203
-1.48422 0.643957
-1.4952 0.648367
-1.52263 0.643957
-1.44582 0.609213
-1.52812 0.630815
-1.43484 0.613504
-1.50617 0.688741
-1.46228 0.635181
-1.46776 0.670646
-1.55007 0.675147
-1.48971 0.630815
-1.44582 0.604938
-1.43484 0.575434
-1.47874 0.604938
-1.47325 0.600678
-1.45679 0.587988
-1.53361 0.648367
-1.58299 0.688741
-1.5775 0.693302
-1.62689 0.744468
-1.50617 0.679663
-1.51166 0.675147
-1.44582 0.617809
-1.58299 0.66169
-1.61591 0.711697
-1.58299 0.688741
-1.40741 0.635181
-1.51166 0.648367
-1.4952 0.657234
-1.48971 0.626465
-1.50069 0.679663
-1.47874 0.587988
-1.40741 0.538583
-1.44582 0.522596
-1.43484 0.538583
-1.50617 0.587988
-1.47874 0.518637
-1.4513 0.45734
-1.46776 0.438974
-1.47325 0.438974
-1.4513 0.424553
-1.39095 0.431734
-1.30864 0.446275
-1.31413 0.479875
-1.37997 0.55481
-1.29218 0.483683
-1.28669 0.453636
-1.30864 0.438974
-1.37997 0.499068
-1.47874 0.52657
-1.46776 0.546667
-1.48422 0.579603
-1.50617 0.592203
-1.47325 0.546667
-1.38546 0.550731
-1.29218 0.50685
-1.47325 0.609213
-1.41838 0.567139
-1.50617 0.592203
-1.4952 0.575434
-1.51166 0.575434
-1.50617 0.604938
-1.55007 0.604938
-1.4952 0.579603
-1.48422 0.592203
-1.47874 0.563015
-1.4513 0.52657
-1.4952 0.563015
-1.4952 0.563015
-1.53361 0.600678
-1.51715 0.583788
-1.50617 0.558905
-1.43484 0.514693
-1.47325 0.571279
-1.41838 0.546667
-1.43484 0.55481
-1.55007 0.592203
-1.42387 0.546667
-1.41838 0.592203
-1.47325 0.635181
-1.44033 0.583788
-1.43484 0.550731
-1.42936 0.571279
-1.42936 0.571279
-1.52812 0.626465
-1.59945 0.657234
-1.64335 0.725652
-1.54458 0.697878
-1.59396 0.725652
-1.57202 0.66169
-1.50069 0.635181
-1.45679 0.550731
-1.51715 0.587988
-1.51166 0.635181
-1.56653 0.675147
-1.56653 0.639561
-1.51715 0.657234
-1.54458 0.643957
-1.59396 0.693302
-1.59396 0.670646
-1.54458 0.707076
-1.57202 0.711697
-1.55556 0.697878
-1.53361 0.66616
-1.56104 0.675147
-1.53909 0.675147
-1.47325 0.630815
-1.47325 0.587988
-1.4952 0.592203
-1.50617 0.609213
-1.52812 0.622129
-1.48422 0.626465
-1.48971 0.609213
-1.47325 0.567139
-1.51166 0.579603
-1.46228 0.575434
-1.51166 0.592203
-1.53909 0.592203
-1.52812 0.563015
-1.53361 0.510764
-1.47325 0.514693
-1.43484 0.464791
-1.47874 0.542617
-1.50617 0.530559
-1.41838 0.453636
-1.34156 0.386137
-1.38546 0.389554
-1.35254 0.431734
-1.35254 0.435347
-1.33608 0.435347
-1.44033 0.50685
-1.47874 0.510764
-1.40192 0.52657
-1.46228 0.617809
-1.50617 0.639561
-1.47325 0.626465
-1.48422 0.587988
-1.50617 0.648367
-1.39643 0.571279
-1.45679 0.604938
-1.40741 0.542617
-1.36351 0.563015
-1.44033 0.567139
-1.42387 0.538583
-1.45679 0.567139
-1.48971 0.52657
-1.52812 0.538583
-1.59396 0.563015
-1.52812 0.55481
-1.4952 0.587988
-1.38546 0.50685
-1.35802 0.52657
-1.45679 0.55481
-1.53361 0.609213
-1.52263 0.600678
-1.42387 0.571279
-1.4513 0.558905
-1.52263 0.630815
-1.50069 0.657234
-1.61043 0.688741
-1.59945 0.702469
-1.59945 0.688741
-1.58848 0.725652
-1.68176 0.758739
-1.61591 0.73503
-1.5775 0.684194
-1.47874 0.648367
-1.57202 0.679663
-1.59945 0.684194
-1.63786 0.693302
-1.59945 0.657234
-1.61043 0.675147
-1.57202 0.675147
-1.59396 0.702469
-1.58848 0.716334
-1.63786 0.753967
-1.69822 0.797456
-1.68724 0.797456
-1.60494 0.744468
-1.66529 0.792564
-1.66529 0.777977
-1.66529 0.782824
-1.64335 0.763526
-1.62689 0.763526
-1.65981 0.763526
-1.67627 0.74921
-1.63237 0.730333
-1.50069 0.66616
-1.47874 0.657234
-1.47325 0.657234
-1.50617 0.66169
-1.60494 0.684194
-1.58848 0.679663
-1.59945 0.66169
-1.59945 0.707076
-1.58299 0.730333
-1.6214 0.744468
-1.65432 0.758739
-1.58848 0.697878
-1.55007 0.711697
-1.52812 0.711697
-1.59396 0.739742
-1.56104 0.711697
-1.53909 0.711697
-1.51715 0.697878
-1.53909 0.711697
-1.56104 0.711697
-1.51166 0.675147
-1.45679 0.639561
-1.43484 0.613504
-1.34705 0.538583
-1.37997 0.538583
-1.40741 0.550731
-1.48971 0.604938
-1.41289 0.530559
-1.51166 0.592203
-1.43484 0.622129
-1.48422 0.613504
-1.55007 0.679663
-1.48971 0.639561
-1.56653 0.679663
-1.52263 0.630815
-1.52812 0.670646
-1.52263 0.693302
-1.55007 0.66616
-1.48971 0.648367
-1.47325 0.626465
-1.51715 0.626465
-1.41838 0.596433
-1.5775 0.73503
-1.62689 0.720985
-1.69273 0.782824
-1.65432 0.797456
-1.61591 0.711697
-1.50617 0.635181
-1.40741 0.583788
-1.35254 0.538583
-1.3251 0.50685
-1.30864 0.45734
-1.41838 0.550731
-1.43484 0.483683
-1.41838 0.442617
-1.37997 0.428136
-1.42387 0.420986
-1.31413 0.352794
-1.34705 0.396433
-1.369 0.375976
-1.30316 0.330349
-1.39095 0.296569
-1.3251 0.293589
-1.42387 0.375976
-1.46228 0.420986
-1.48422 0.487507
-1.39095 0.417433
-1.46776 0.483683
-1.44582 0.487507
-1.48422 0.52657
-1.43484 0.514693
-1.42936 0.464791
-1.44582 0.542617
-1.53361 0.583788
-1.5775 0.630815
-1.52812 0.604938
-1.61591 0.643957
-1.61043 0.675147
-1.5775 0.648367
-1.51715 0.626465
-1.50617 0.583788
-1.54458 0.617809
-1.56104 0.643957
-1.54458 0.639561
-1.51715 0.626465
-1.51166 0.592203
-1.52812 0.604938
-1.51166 0.579603
-1.54458 0.592203
-1.52263 0.613504
-1.51166 0.630815
-1.56104 0.670646
-1.61591 0.744468
-1.59396 0.730333
-1.58848 0.725652
-1.63237 0.753967
-1.61043 0.758739
-1.71468 0.837137
-1.72016 0.837137
-1.68724 0.817176
-1.68176 0.797456
-1.71468 0.832124
-1.55556 0.739742
-1.61591 0.773145
-1.61591 0.777977
-1.65432 0.777977
-1.69273 0.817176
-1.70919 0.832124
-1.6214 0.782824
-1.51715 0.670646
-1.52812 0.688741
-1.50617 0.648367
-1.53361 0.675147
-1.4952 0.626465
-1.53909 0.66169
-1.41838 0.534564
-1.45679 0.583788
-1.48971 0.609213
-1.5775 0.652793
-1.63237 0.688741
-1.55007 0.652793
-1.52263 0.635181
-1.51715 0.635181
-1.61043 0.675147
-1.56653 0.688741
-1.5775 0.675147
-1.59945 0.670646
-1.58848 0.679663
-1.48971 0.66169
-1.50069 0.600678
-1.45679 0.55481
-1.54458 0.652793
-1.54458 0.643957
-1.51166 0.639561
-1.53361 0.675147
-1.47325 0.596433
-1.55556 0.720985
-1.4513 0.635181
-1.56653 0.697878
-1.61043 0.73503
-1.64335 0.777977
-1.63786 0.758739
-1.59945 0.74921
-1.56653 0.707076
-1.58299 0.707076
-1.7037 0.787687
-1.75309 0.827127
-1.72016 0.797456
-1.63786 0.773145
-1.71468 0.837137
-1.75309 0.857339
-1.75857 0.862427
-1.68176 0.787687
-1.69822 0.777977
-1.67078 0.763526
-1.61043 0.679663
-1.59945 0.652793
-1.5775 0.626465
-1.48971 0.563015
-1.51715 0.592203
-1.51166 0.652793
-1.48971 0.635181
-1.61043 0.768328
-1.65981 0.74921
-1.58848 0.670646
-1.58848 0.707076
-1.65981 0.753967
-1.61043 0.725652
-1.61591 0.697878
-1.71468 0.787687
-1.60494 0.725652
-1.56104 0.707076
-1.53909 0.679663
-1.65432 0.74921
-1.67078 0.74921
-1.60494 0.716334
-1.55007 0.66169
-1.58299 0.716334
-1.4952 0.675147
-1.48971 0.643957
-1.42387 0.52657
-1.40741 0.550731
-1.4513 0.622129
-1.51166 0.635181
-1.47874 0.635181
-1.51715 0.622129
-1.53361 0.639561
-1.50617 0.630815
-1.53361 0.688741
-1.5775 0.702469
-1.58299 0.679663
-1.51166 0.622129
-1.56104 0.648367
-1.61043 0.720985
-1.59945 0.679663
-1.59396 0.643957
-1.57202 0.596433
-1.5775 0.596433
-1.58848 0.571279
-1.58848 0.558905
-1.59945 0.52657
-1.56104 0.534564
-1.48422 0.483683
-1.44033 0.417433
-1.41838 0.399896
-1.45679 0.431734
-1.46228 0.410373
-1.48971 0.510764
-1.46228 0.413895
-1.47874 0.406865
-1.39643 0.389554
-1.41838 0.442617
-1.35254 0.449948
-1.37997 0.417433
-1.35254 0.446275
-1.40192 0.534564
-1.48422 0.604938
-1.53361 0.66616
-1.47325 0.630815
-1.48422 0.635181
-1.46776 0.583788
-1.39643 0.546667
-1.40192 0.530559
-1.53909 0.583788
-1.58848 0.587988
-1.52812 0.596433
-1.50617 0.596433
-1.4513 0.563015
-1.53909 0.558905
-1.47325 0.518637
-1.43484 0.510764
-1.36351 0.514693
-1.37449 0.476081
-1.30864 0.479875
-1.28669 0.461058
-1.30864 0.417433
-1.28121 0.424553
-1.33608 0.476081
-1.44033 0.518637
-1.53909 0.571279
-1.53909 0.592203
-1.51715 0.522596
-1.44033 0.546667
-1.48971 0.587988
-1.5775 0.688741
-1.56104 0.711697
-1.68724 0.773145
-1.59396 0.716334
-1.58299 0.716334
-1.60494 0.720985
-1.59945 0.697878
-1.57202 0.679663
-1.56104 0.657234
-1.52812 0.592203
-1.52812 0.571279
-1.39095 0.514693
-1.41289 0.514693
-1.39095 0.530559
-1.369 0.514693
-1.46776 0.563015
-1.44033 0.542617
-1.55007 0.583788
-1.44033 0.604938
-1.51166 0.66616
-1.54458 0.693302
-1.59396 0.711697
-1.6214 0.763526
-1.64883 0.782824
-1.58848 0.720985
-1.50617 0.688741
-1.53361 0.66616
-1.5775 0.684194
-1.59945 0.684194
-1.57202 0.693302
-1.60494 0.702469
-1.67078 0.739742
-1.52263 0.66616
-1.45679 0.617809
-1.55007 0.643957
-1.53909 0.66169
-1.50069 0.648367
-1.35254 0.583788
-1.41289 0.604938
-1.50069 0.592203
-1.46228 0.55481
-1.52812 0.613504
-1.50617 0.622129
-1.55007 0.66169
-1.54458 0.675147
-1.56104 0.707076
-1.52812 0.693302
-1.46228 0.592203
-1.48422 0.600678
-1.58848 0.617809
-1.52263 0.563015
-1.55007 0.583788
-1.53909 0.575434
-1.56104 0.587988
-1.52812 0.592203
-1.46776 0.575434
-1.54458 0.626465
-1.58848 0.66169
-1.57202 0.652793
-1.53909 0.630815
-1.56104 0.630815
-1.55556 0.609213
-1.52812 0.571279
-1.56653 0.587988
-1.44582 0.52657
-1.47325 0.542617
-1.50617 0.579603
-1.4513 0.613504
-1.47874 0.670646
-1.59945 0.725652
-1.55007 0.730333
-1.62689 0.763526
-1.72016 0.832124
-1.67078 0.797456
-1.64883 0.73503
-1.63237 0.725652
-1.62689 0.725652
-1.62689 0.725652
-1.60494 0.711697
-1.50617 0.622129
-1.51715 0.617809
-1.56104 0.630815
-1.47874 0.567139
-1.46776 0.579603
-1.53361 0.643957
-1.53361 0.643957
-1.56653 0.707076
-1.59945 0.675147
-1.58299 0.679663
-1.56653 0.684194
-1.5775 0.684194
-1.54458 0.679663
-1.52263 0.643957
-1.45679 0.639561
-1.63237 0.716334
-1.63786 0.744468
-1.58299 0.66169
-1.59945 0.643957
-1.55556 0.648367
-1.5775 0.604938
-1.55556 0.575434
-1.39095 0.518637
-1.47325 0.583788
-1.50617 0.550731
-1.46228 0.518637
-1.4513 0.491345
-1.35254 0.428136
-1.36351 0.446275
-1.33059 0.389554
-1.39095 0.403373
-1.40192 0.424553
-1.37997 0.406865
-1.42936 0.435347
-1.44033 0.476081
-1.47325 0.510764
-1.48422 0.499068
-1.52263 0.476081
-1.4952 0.438974
-1.46776 0.431734
-1.50617 0.464791
-1.47325 0.491345
-1.40741 0.476081
-1.39095 0.45734
-1.38546 0.442617
-1.42936 0.417433
-1.42387 0.417433
-1.45679 0.487507
-1.45679 0.453636
-1.4952 0.461058
-1.52812 0.563015
-1.48971 0.550731
-1.42936 0.45734
-1.51166 0.476081
-1.47874 0.417433
-1.42387 0.403373
-1.40741 0.359342
-1.46228 0.396433
-1.38546 0.431734
-1.47325 0.468539
-1.55556 0.491345
-1.50069 0.499068
-1.59945 0.550731
-1.55556 0.604938
-1.52812 0.635181
-1.54458 0.697878
-1.58299 0.716334
-1.52263 0.693302
-1.60494 0.730333
-1.58848 0.744468
-1.54458 0.707076
-1.53361 0.725652
-1.65981 0.763526
-1.54458 0.711697
-1.56104 0.725652
-1.57202 0.73503
-1.56653 0.702469
-1.50069 0.639561
-1.59945 0.670646
-1.52263 0.626465
-1.51715 0.592203
-1.50617 0.558905
-1.4513 0.575434
-1.41838 0.550731
-1.46776 0.596433
-1.52263 0.630815
-1.46776 0.567139
-1.47325 0.55481
-1.40192 0.483683
-1.39095 0.499068
-1.42387 0.502951
-1.40192 0.514693
-1.47874 0.626465
-1.55556 0.617809
-1.58848 0.684194
-1.58299 0.697878
-1.55556 0.670646
-1.53909 0.657234
-1.55556 0.670646
-1.48971 0.613504
-1.47874 0.587988
-1.56104 0.670646
-1.48971 0.630815
-1.48422 0.575434
-1.53909 0.613504
-1.58299 0.617809
-1.52263 0.583788
-1.4952 0.575434
-1.51166 0.575434
-1.44582 0.563015
-1.43484 0.563015
-1.4513 0.567139
-1.43484 0.630815
-1.4952 0.635181
-1.40192 0.592203
-1.4513 0.575434
-1.50069 0.550731
-1.55007 0.66169
-1.61043 0.679663
-1.47325 0.550731
-1.51166 0.604938
-1.51715 0.613504
-1.61043 0.657234
-1.61043 0.675147
-1.55556 0.643957
-1.51715 0.643957
-1.55007 0.66616
-1.63237 0.753967
-1.58848 0.725652
-1.60494 0.702469
-1.56653 0.675147
-1.51166 0.622129
-1.52263 0.657234
-1.58299 0.697878
-1.5775 0.707076
-1.60494 0.702469
-1.55007 0.670646
-1.55007 0.675147
-1.50069 0.609213
-1.50069 0.609213
-1.48422 0.596433
-1.44582 0.558905
-1.41838 0.52657
-1.46776 0.499068
-1.39095 0.495199
-1.42936 0.502951
-1.50069 0.571279
-1.50617 0.55481
-1.47325 0.530559
-1.43484 0.522596
-1.61043 0.635181
-1.62689 0.617809
-1.59945 0.579603
-1.45679 0.530559
-1.42936 0.491345
-1.44582 0.530559
-1.39095 0.518637
-1.44582 0.50685
-1.51166 0.542617
-1.46776 0.510764
-1.60494 0.613504
-1.56653 0.587988
-1.52263 0.55481
-1.46228 0.596433
-1.51166 0.583788
-1.47874 0.579603
-1.51166 0.613504
-1.48971 0.518637
-1.48971 0.550731
-1.53909 0.600678
-1.57202 0.626465
-1.52263 0.622129
-1.57202 0.670646
-1.47325 0.639561
-1.42387 0.613504
-1.52263 0.648367
-1.48422 0.639561
-1.51166 0.613504
-1.45679 0.622129
-1.4513 0.563015
-1.46776 0.626465
-1.54458 0.643957
-1.63237 0.684194
-1.56104 0.626465
-1.58299 0.630815
-1.47874 0.579603
-1.56104 0.652793
-1.52812 0.657234
-1.58299 0.702469
-1.64883 0.720985
-1.56104 0.684194
-1.55007 0.697878
-1.63237 0.768328
-1.5775 0.730333
-1.67627 0.73503
-1.60494 0.675147
-1.61591 0.670646
-1.57202 0.652793
-1.52812 0.639561
-1.63237 0.693302
-1.61591 0.66169
-1.52263 0.617809
-1.53361 0.622129
-1.5775 0.684194
-1.6214 0.711697
-1.52263 0.670646
-1.43484 0.604938
-1.53909 0.635181
-1.55007 0.697878
-1.61043 0.73503
-1.63237 0.763526
-1.5775 0.702469
-1.60494 0.739742
-1.5775 0.679663
-1.59396 0.753967
-1.78052 0.857339
-1.68724 0.787687
-1.61591 0.763526
-1.72016 0.832124
-1.63237 0.773145
-1.61591 0.777977
-1.60494 0.773145
-1.72016 0.822144
-1.64883 0.797456
-1.5775 0.697878
-1.66529 0.763526
-1.55556 0.711697
-1.57202 0.725652
-1.62689 0.739742
-1.53361 0.697878
-1.6214 0.739742
-1.69822 0.827127
-1.67078 0.768328
-1.58848 0.73503
-1.64883 0.773145
-1.60494 0.720985
-1.61591 0.753967
-1.63786 0.753967
-1.69822 0.782824
-1.65432 0.802364
-1.67627 0.768328
-1.56653 0.725652
-1.62689 0.74921
-1.53909 0.66616
-1.54458 0.652793
-1.51166 0.679663
-1.47874 0.66616
-1.55556 0.730333
-1.55007 0.684194
-1.51166 0.675147
-1.52812 0.702469
-1.5775 0.758739
-1.58299 0.758739
-1.58299 0.716334
-1.63786 0.74921
-1.59945 0.693302
-1.48971 0.652793
-1.55007 0.725652
-1.64883 0.763526
-1.63786 0.758739
-1.62689 0.725652
-1.61591 0.730333
-1.50617 0.622129
-1.48971 0.657234
-1.56104 0.648367
-1.46776 0.567139
-1.46776 0.639561
-1.53361 0.670646
-1.48422 0.592203
-1.42936 0.567139
-1.47874 0.579603
-1.52812 0.592203
-1.51166 0.575434
-1.59396 0.613504
-1.53361 0.626465
-1.6214 0.635181
-1.59396 0.613504
-1.47874 0.55481
-1.45679 0.546667
-1.40741 0.52657
-1.51166 0.600678
-1.56104 0.635181
-1.56653 0.626465
-1.48422 0.550731
-1.44582 0.52657
-1.51166 0.571279
-1.42936 0.52657
-1.52812 0.587988
-1.6214 0.648367
-1.48971 0.600678
-1.53909 0.587988
-1.55556 0.630815
-1.50617 0.613504
-1.48422 0.596433
-1.56653 0.622129
-1.55007 0.613504
-1.51715 0.609213
-1.52812 0.639561
-1.54458 0.711697
-1.50617 0.670646
-1.64335 0.773145
-1.56653 0.707076
-1.54458 0.711697
-1.61043 0.720985
-1.51166 0.66169
-1.58299 0.684194
-1.65432 0.74921
-1.63786 0.720985
-1.56653 0.643957
-1.58299 0.66169
-1.53909 0.648367
-1.46776 0.583788
-1.46776 0.587988
-1.45679 0.55481
-1.42387 0.613504
-1.4513 0.600678
-1.44582 0.522596
-1.40741 0.563015
-1.46776 0.639561
-1.50069 0.630815
-1.44033 0.558905
-1.47325 0.592203
-1.51166 0.66169
-1.53361 0.675147
-1.46776 0.609213
-1.52263 0.596433
-1.42936 0.538583
-1.39095 0.476081
-1.42387 0.52657
-1.41289 0.575434
-1.39643 0.558905
-1.44582 0.558905
-1.39095 0.530559
-1.46228 0.487507
-1.50069 0.472303
-1.41838 0.50685
-1.40192 0.534564
-1.44033 0.52657
-1.53361 0.575434
-1.43484 0.538583
-1.48971 0.558905
-1.50617 0.534564
-1.43484 0.479875
-1.40741 0.50685
-1.4513 0.530559
-1.44033 0.522596
-1.43484 0.510764
-1.44033 0.502951
-1.45679 0.468539
-1.44033 0.438974
-1.43484 0.476081
-1.53361 0.491345
-1.44582 0.487507
-1.4952 0.522596
-1.54458 0.617809
-1.52812 0.643957
-1.56104 0.66169
-1.48971 0.609213
-1.4513 0.534564
-1.42936 0.514693
-1.42387 0.510764
-1.50617 0.613504
-1.50617 0.600678
-1.5775 0.617809
-1.52263 0.592203
-1.53909 0.670646
-1.55007 0.66616
-1.48422 0.648367
-1.51166 0.688741
-1.4952 0.648367
-1.46776 0.643957
-1.47325 0.635181
-1.50617 0.639561
-1.4952 0.622129
-1.5775 0.648367
-1.52812 0.596433
-1.46228 0.542617
-1.51166 0.575434
-1.4952 0.583788
-1.53361 0.600678
-1.41289 0.530559
-1.4513 0.502951
-1.41289 0.510764
-1.48971 0.567139
-1.51715 0.583788
-1.48971 0.563015
-1.46776 0.534564
-1.47325 0.571279
-1.50069 0.600678
-1.53909 0.579603
-1.55007 0.609213
-1.59945 0.652793
-1.50617 0.592203
-1.4513 0.550731
-1.40192 0.550731
-1.48971 0.567139
-1.51166 0.575434
-1.51715 0.592203
-1.50069 0.592203
-1.41289 0.538583
-1.34705 0.483683
-1.30316 0.476081
-1.39095 0.502951
-1.34705 0.45734
-1.31413 0.453636
-1.38546 0.468539
-1.27572 0.45734
-1.35254 0.453636
-1.3251 0.431734
-1.47874 0.571279
-1.56104 0.609213
-1.51715 0.592203
-1.45679 0.52657
-1.47874 0.550731
-1.55007 0.630815
-1.56653 0.711697
-1.55007 0.730333
-1.61043 0.74921
-1.5775 0.744468
-1.68176 0.807286
-1.71468 0.817176
-1.79698 0.888093
-1.65981 0.782824
-1.60494 0.73503
-1.51166 0.670646
-1.4952 0.66169
-1.64335 0.739742
-1.57202 0.688741
-1.59945 0.679663
-1.59396 0.670646
-1.51715 0.592203
-1.47874 0.571279
-1.55556 0.583788
-1.56653 0.579603
-1.55556 0.613504
-1.58848 0.609213
-1.57202 0.592203
-1.58299 0.635181
-1.61043 0.66169
-1.64883 0.657234
-1.63237 0.652793
-1.56653 0.648367
-1.62689 0.697878
-1.63237 0.707076
-1.56653 0.693302
-1.5775 0.73503
-1.53361 0.693302
-1.46776 0.643957
-1.47325 0.596433
-1.51166 0.630815
-1.4952 0.679663
-1.51715 0.679663
-1.45679 0.583788
-1.41838 0.596433
-1.51166 0.604938
-1.41289 0.522596
-1.42936 0.522596
-1.50617 0.563015
-1.47325 0.546667
-1.46228 0.499068
-1.48422 0.495199
-1.48422 0.534564
-1.4952 0.583788
-1.58299 0.643957
-1.56104 0.617809
-1.45679 0.52657
-1.43484 0.538583
-1.41289 0.502951
-1.44582 0.52657
-1.46776 0.52657
-1.44033 0.538583
-1.48971 0.643957
-1.50617 0.567139
-1.47874 0.55481
-1.44582 0.491345
-1.47325 0.534564
-1.35254 0.50685
-1.47874 0.596433
-1.47325 0.587988
