-2 1
-1.85734 0.919389
-1.85185 0.924658
-1.81344 0.872648
-1.70919 0.802364
-1.63237 0.74921
-1.68724 0.787687
-1.63786 0.777977
-1.69822 0.792564
-1.71468 0.812224
-1.76955 0.827127
-1.74211 0.827127
-1.77503 0.862427
-1.74211 0.852266
-1.68724 0.812224
-1.72565 0.862427
-1.73663 0.837137
-1.69822 0.812224
-1.71468 0.812224
-1.70919 0.807286
-1.71468 0.807286
-1.74211 0.842165
-1.80796 0.877781
-1.80247 0.893271
-1.76955 0.857339
-1.78052 0.857339
-1.70919 0.787687
-1.68176 0.802364
-1.62689 0.768328
-1.69822 0.787687
-1.7037 0.787687
-1.72565 0.807286
-1.70919 0.822144
-1.76955 0.842165
-1.75309 0.842165
-1.68176 0.782824
-1.64883 0.753967
-1.74211 0.827127
-1.67627 0.802364
-1.70919 0.802364
-1.68724 0.787687
-1.69273 0.777977
-1.67078 0.768328
-1.65432 0.787687
-1.69273 0.817176
-1.78052 0.872648
-1.73114 0.832124
-1.78052 0.862427
-1.73663 0.862427
-1.7476 0.837137
-1.73114 0.852266
-1.69822 0.832124
-1.69273 0.807286
-1.72016 0.837137
-1.7915 0.893271
-1.78601 0.88293
-1.84088 0.903673
-1.86283 0.924658
-1.82442 0.893271
-1.74211 0.842165
-1.80796 0.862427
-1.77503 0.827127
-1.74211 0.832124
-1.75309 0.822144
-1.71468 0.832124
-1.7476 0.807286
-1.73114 0.827127
-1.75309 0.852266
-1.76955 0.877781
-1.75857 0.847208
-1.78052 0.847208
-1.7037 0.797456
-1.76406 0.862427
-1.70919 0.842165
-1.67627 0.812224
-1.74211 0.847208
-1.7476 0.852266
-1.68176 0.827127
-1.68176 0.802364
-1.69822 0.807286
-1.72016 0.822144
-1.65981 0.797456
-1.61043 0.725652
-1.50617 0.648367
-1.64335 0.768328
-1.59396 0.73503
-1.67627 0.802364
-1.65432 0.777977
-1.71468 0.817176
-1.73663 0.832124
-1.75309 0.86753
-1.70919 0.832124
-1.73663 0.837137
-1.75857 0.857339
-1.78601 0.872648
-1.78601 0.86753
-1.78601 0.877781
-1.78052 0.862427
-1.80796 0.88293
-1.7915 0.888093
-1.78601 0.86753
-1.74211 0.817176
-1.61043 0.730333
-1.63237 0.720985
-1.71468 0.782824
-1.59945 0.711697
-1.56653 0.639561
-1.62689 0.675147
-1.59396 0.688741
-1.63237 0.739742
-1.6214 0.768328
-1.63237 0.768328
-1.72565 0.842165
-1.61591 0.720985
-1.64335 0.739742
-1.63786 0.744468
-1.5775 0.697878
-1.66529 0.787687
-1.65432 0.787687
-1.67078 0.777977
-1.61043 0.679663
-1.67627 0.739742
-1.70919 0.763526
-1.74211 0.782824
-1.76406 0.842165
-1.67627 0.777977
-1.59945 0.739742
-1.69273 0.777977
-1.70919 0.832124
-1.70919 0.822144
-1.78601 0.872648
-1.71468 0.827127
-1.70919 0.812224
-1.75309 0.842165
-1.77503 0.862427
-1.7915 0.86753
-1.75857 0.862427
-1.73663 0.812224
-1.72016 0.837137
-1.57202 0.768328
-1.64883 0.763526
-1.63786 0.773145
-1.67627 0.777977
-1.72016 0.817176
-1.75309 0.852266
-1.75857 0.847208
-1.76406 0.862427
-1.80247 0.893271
-1.76406 0.872648
-1.81344 0.888093
-1.8299 0.893271
-1.80796 0.893271
-1.69273 0.827127
-1.69822 0.837137
-1.64335 0.792564
-1.73114 0.857339
-1.77503 0.88293
-1.74211 0.86753
-1.69822 0.802364
-1.72565 0.792564
-1.65432 0.74921
-1.61591 0.707076
-1.58299 0.720985
-1.55007 0.697878
-1.58299 0.720985
-1.58299 0.697878
-1.61591 0.707076
-1.59396 0.758739
-1.72016 0.812224
-1.62689 0.773145
-1.63786 0.773145
-1.52812 0.693302
-1.57202 0.670646
-1.69273 0.74921
-1.73114 0.797456
-1.68176 0.753967
-1.69822 0.777977
-1.66529 0.739742
-1.68724 0.73503
-1.63786 0.725652
-1.63786 0.753967
-1.69822 0.744468
-1.7037 0.753967
-1.66529 0.679663
-1.65981 0.707076
-1.61043 0.711697
-1.65432 0.716334
-1.63786 0.773145
-1.61591 0.725652
-1.64883 0.763526
-1.64335 0.74921
-1.73114 0.822144
-1.76406 0.86753
-1.71468 0.822144
-1.6214 0.739742
-1.73114 0.827127
-1.66529 0.802364
-1.69273 0.807286
-1.73663 0.857339
-1.63237 0.758739
-1.58848 0.739742
-1.50617 0.697878
-1.60494 0.74921
-1.63786 0.777977
-1.67627 0.797456
-1.7037 0.802364
-1.69822 0.797456
-1.75309 0.852266
-1.75857 0.86753
-1.7476 0.852266
-1.7915 0.877781
-1.77503 0.862427
-1.75309 0.857339
-1.70919 0.822144
-1.67627 0.777977
-1.70919 0.763526
-1.59945 0.684194
-1.5775 0.66169
-1.59945 0.679663
-1.5775 0.66169
-1.58299 0.679663
-1.61043 0.73503
-1.59945 0.693302
-1.54458 0.657234
-1.60494 0.688741
-1.67078 0.744468
-1.69822 0.773145
-1.72016 0.807286
-1.68724 0.807286
-1.63786 0.74921
-1.67078 0.777977
-1.69822 0.797456
-1.68176 0.787687
-1.71468 0.832124
-1.67078 0.777977
-1.66529 0.777977
-1.65981 0.739742
-1.6214 0.744468
-1.63237 0.777977
-1.68176 0.787687
-1.63786 0.753967
-1.70919 0.807286
-1.7476 0.807286
-1.72565 0.827127
-1.66529 0.807286
-1.72565 0.832124
-1.65432 0.73503
-1.61591 0.753967
-1.67078 0.763526
-1.72565 0.827127
-1.69822 0.822144
-1.7476 0.857339
-1.70919 0.837137
-1.73114 0.862427
-1.73663 0.827127
-1.69273 0.812224
-1.65981 0.802364
-1.67078 0.777977
-1.68724 0.768328
-1.67627 0.782824
-1.68176 0.802364
-1.69273 0.817176
-1.73114 0.832124
-1.73663 0.837137
-1.72016 0.817176
-1.66529 0.797456
-1.72016 0.792564
-1.79698 0.857339
-1.7037 0.837137
-1.58848 0.763526
-1.67627 0.822144
-1.64883 0.782824
-1.73114 0.807286
-1.71468 0.807286
-1.69273 0.777977
-1.68724 0.753967
-1.6214 0.725652
-1.65432 0.679663
-1.55007 0.617809
-1.4513 0.55481
-1.54458 0.55481
-1.5775 0.592203
-1.59396 0.609213
-1.63237 0.609213
-1.63237 0.546667
-1.58848 0.538583
-1.52812 0.514693
-1.60494 0.563015
-1.59396 0.600678
-1.59945 0.617809
-1.56104 0.600678
-1.57202 0.592203
-1.59396 0.613504
-1.64883 0.66169
-1.61043 0.643957
-1.67627 0.697878
-1.66529 0.702469
-1.75309 0.792564
-1.75857 0.812224
-1.72016 0.812224
-1.74211 0.832124
-1.84088 0.893271
-1.82442 0.898465
-1.81893 0.898465
-1.78601 0.86753
-1.78052 0.862427
-1.7476 0.837137
-1.78601 0.852266
-1.74211 0.802364
-1.65432 0.702469
-1.61043 0.702469
-1.6214 0.739742
-1.61591 0.758739
-1.61591 0.763526
-1.68176 0.787687
-1.66529 0.773145
-1.64335 0.730333
-1.65981 0.744468
-1.5775 0.684194
-1.68724 0.707076
-1.65981 0.702469
-1.61043 0.630815
-1.59396 0.630815
-1.56653 0.596433
-1.56653 0.583788
-1.50069 0.502951
-1.52812 0.522596
-1.55556 0.558905
-1.61591 0.583788
-1.58299 0.514693
-1.54458 0.499068
-1.56653 0.499068
-1.54458 0.461058
-1.54458 0.406865
-1.55007 0.420986
-1.53909 0.472303
-1.5775 0.495199
-1.56653 0.495199
-1.61591 0.510764
-1.59945 0.461058
-1.58299 0.491345
-1.63237 0.534564
-1.68176 0.50685
-1.60494 0.491345
-1.67078 0.510764
-1.62689 0.45734
-1.59945 0.417433
-1.60494 0.369277
-1.51715 0.382735
-1.56104 0.403373
-1.50617 0.417433
-1.51166 0.410373
-1.55007 0.424553
-1.61591 0.449948
-1.55556 0.446275
-1.48971 0.410373
-1.53909 0.453636
-1.44582 0.399896
-1.40192 0.420986
-1.50069 0.45734
-1.47874 0.386137
-1.48422 0.399896
-1.58848 0.417433
-1.53909 0.389554
-1.54458 0.403373
-1.55007 0.438974
-1.6214 0.483683
-1.59396 0.479875
-1.57202 0.499068
-1.59396 0.542617
-1.6214 0.563015
-1.61043 0.579603
-1.55556 0.55481
-1.56653 0.571279
-1.46228 0.575434
-1.51715 0.604938
-1.48971 0.626465
-1.53909 0.688741
-1.55007 0.643957
-1.69273 0.758739
-1.65981 0.768328
-1.67627 0.763526
-1.5775 0.693302
-1.6214 0.720985
-1.69822 0.773145
-1.69822 0.787687
-1.67078 0.782824
-1.7476 0.837137
-1.75309 0.847208
-1.75309 0.852266
-1.68176 0.827127
-1.61591 0.768328
-1.62689 0.763526
-1.61043 0.763526
-1.71468 0.832124
-1.67627 0.787687
-1.61043 0.753967
-1.58299 0.697878
-1.59396 0.684194
-1.53909 0.684194
-1.59396 0.744468
-1.65432 0.763526
-1.65432 0.758739
-1.68176 0.768328
-1.65981 0.753967
-1.59396 0.753967
-1.69273 0.807286
-1.75309 0.842165
-1.79698 0.862427
-1.78052 0.857339
-1.80796 0.88293
-1.7476 0.86753
-1.82442 0.903673
-1.77503 0.88293
-1.83539 0.898465
-1.69822 0.777977
-1.61043 0.753967
-1.56653 0.744468
-1.67627 0.797456
-1.67078 0.777977
-1.69273 0.797456
-1.64335 0.782824
-1.60494 0.720985
-1.57202 0.720985
-1.6214 0.74921
-1.58299 0.758739
-1.61043 0.777977
-1.59396 0.768328
-1.68176 0.792564
-1.57202 0.675147
-1.59396 0.707076
-1.69822 0.744468
-1.67078 0.725652
-1.67078 0.758739
-1.66529 0.73503
-1.63786 0.711697
-1.64883 0.697878
-1.59945 0.688741
-1.7037 0.720985
-1.65432 0.693302
-1.67078 0.707076
-1.63786 0.688741
-1.65432 0.716334
-1.5775 0.702469
-1.59396 0.697878
-1.74211 0.725652
-1.72565 0.725652
-1.7037 0.697878
-1.72565 0.73503
-1.78601 0.758739
-1.7476 0.73503
-1.76406 0.720985
-1.7476 0.711697
-1.64335 0.66616
-1.58299 0.626465
-1.59945 0.648367
-1.61043 0.657234
-1.53909 0.630815
-1.60494 0.648367
-1.59396 0.626465
-1.64335 0.648367
-1.59396 0.635181
-1.4513 0.55481
-1.48422 0.592203
-1.53909 0.630815
-1.51715 0.626465
-1.56653 0.648367
-1.58848 0.693302
-1.58848 0.711697
-1.53909 0.697878
-1.64335 0.74921
-1.66529 0.74921
-1.68176 0.777977
-1.61043 0.74921
-1.53361 0.702469
-1.53909 0.66616
-1.52812 0.635181
-1.54458 0.613504
-1.51166 0.575434
-1.52812 0.609213
-1.47874 0.600678
-1.53909 0.617809
-1.5775 0.675147
-1.65432 0.707076
-1.65981 0.702469
-1.61591 0.670646
-1.67078 0.720985
-1.72565 0.763526
-1.75857 0.817176
-1.60494 0.716334
-1.50617 0.657234
-1.52812 0.617809
-1.45679 0.596433
-1.53909 0.587988
-1.67078 0.66169
-1.67078 0.679663
-1.68724 0.707076
-1.63786 0.679663
-1.5775 0.579603
-1.61043 0.613504
-1.58299 0.652793
-1.61043 0.630815
-1.57202 0.613504
-1.63786 0.716334
-1.68176 0.763526
-1.67078 0.773145
-1.58848 0.711697
-1.65981 0.768328
-1.65981 0.773145
-1.65432 0.792564
-1.68176 0.773145
-1.71468 0.812224
-1.76406 0.842165
-1.73114 0.812224
-1.75309 0.827127
-1.68176 0.782824
-1.68176 0.792564
-1.67078 0.812224
-1.67078 0.807286
-1.7915 0.888093
-1.80247 0.86753
-1.65981 0.782824
-1.65432 0.807286
-1.69273 0.807286
-1.70919 0.822144
-1.79698 0.872648
-1.71468 0.822144
-1.72016 0.817176
-1.72565 0.827127
-1.70919 0.812224
-1.72565 0.847208
-1.73663 0.837137
-1.69822 0.807286
-1.68724 0.812224
-1.62689 0.773145
-1.64335 0.763526
-1.73663 0.792564
-1.67078 0.753967
-1.67078 0.739742
-1.73663 0.797456
-1.76955 0.827127
-1.78052 0.827127
-1.61591 0.758739
-1.61591 0.720985
-1.63237 0.753967
-1.7037 0.792564
-1.66529 0.802364
-1.68724 0.763526
-1.61591 0.725652
-1.69822 0.74921
-1.63237 0.711697
-1.68724 0.777977
-1.67078 0.787687
-1.69273 0.768328
-1.61591 0.739742
-1.65432 0.763526
-1.58299 0.730333
-1.64335 0.758739
-1.60494 0.758739
-1.64335 0.787687
-1.66529 0.817176
-1.61591 0.777977
-1.58848 0.730333
-1.69273 0.827127
-1.76955 0.872648
-1.80247 0.898465
-1.74211 0.847208
-1.76406 0.86753
-1.76955 0.872648
-1.76955 0.862427
-1.73114 0.842165
-1.78052 0.88293
-1.75857 0.872648
-1.69822 0.827127
-1.65981 0.787687
-1.63237 0.74921
-1.69822 0.768328
-1.53361 0.688741
-1.61043 0.720985
-1.59945 0.697878
-1.67078 0.753967
-1.59945 0.716334
-1.65432 0.725652
-1.67078 0.768328
-1.73114 0.777977
-1.69822 0.744468
-1.65981 0.730333
-1.7037 0.753967
-1.7037 0.763526
-1.59945 0.720985
-1.56653 0.702469
-1.65432 0.777977
-1.74211 0.817176
-1.67078 0.802364
-1.72565 0.832124
-1.69273 0.812224
-1.7915 0.872648
-1.68724 0.817176
-1.67078 0.812224
-1.7037 0.837137
-1.76406 0.872648
-1.7037 0.822144
-1.70919 0.817176
-1.72565 0.842165
-1.76406 0.857339
-1.68724 0.807286
-1.70919 0.802364
-1.65432 0.768328
-1.59945 0.716334
-1.65432 0.73503
-1.68724 0.744468
-1.68724 0.777977
-1.64335 0.73503
-1.68176 0.725652
-1.73114 0.758739
-1.7476 0.812224
-1.66529 0.763526
-1.66529 0.74921
-1.72016 0.787687
-1.71468 0.827127
-1.65432 0.773145
-1.76406 0.837137
-1.72016 0.807286
-1.68176 0.807286
-1.65432 0.782824
-1.62689 0.74921
-1.63786 0.74921
-1.64883 0.744468
-1.70919 0.792564
-1.70919 0.812224
-1.75309 0.857339
-1.7037 0.827127
-1.81893 0.893271
-1.75857 0.862427
-1.79698 0.888093
-1.76955 0.86753
-1.76955 0.827127
-1.77503 0.872648
-1.78052 0.88293
-1.69273 0.822144
-1.79698 0.862427
-1.74211 0.802364
-1.59945 0.768328
-1.57202 0.74921
-1.58848 0.720985
-1.53361 0.688741
-1.58848 0.697878
-1.6214 0.730333
-1.57202 0.66616
-1.60494 0.693302
-1.52263 0.643957
-1.59945 0.66616
-1.55556 0.604938
-1.56104 0.626465
-1.63237 0.679663
-1.52263 0.630815
-1.54458 0.630815
-1.50069 0.648367
-1.53361 0.639561
-1.53909 0.558905
-1.53909 0.542617
-1.61043 0.626465
-1.61591 0.609213
-1.6214 0.613504
-1.59945 0.622129
-1.59945 0.648367
-1.58848 0.670646
-1.61043 0.707076
-1.64883 0.725652
-1.63786 0.744468
-1.61043 0.758739
-1.66529 0.782824
-1.56104 0.697878
-1.54458 0.716334
-1.56653 0.697878
-1.47874 0.600678
-1.56104 0.648367
-1.5775 0.657234
-1.68176 0.702469
-1.53361 0.600678
-1.55007 0.622129
-1.56653 0.643957
-1.50617 0.648367
-1.52812 0.657234
-1.63237 0.725652
-1.59396 0.675147
-1.65981 0.739742
-1.63237 0.730333
-1.57202 0.66616
-1.69273 0.74921
-1.55007 0.693302
-1.56104 0.670646
-1.56104 0.684194
-1.64335 0.707076
-1.68724 0.792564
-1.59396 0.73503
-1.59396 0.744468
-1.62689 0.768328
-1.61591 0.716334
-1.67078 0.74921
-1.67627 0.763526
-1.62689 0.744468
-1.58848 0.730333
-1.61043 0.720985
-1.63786 0.763526
-1.7037 0.782824
-1.65432 0.697878
-1.63786 0.675147
-1.55556 0.609213
-1.52263 0.587988
-1.53909 0.622129
-1.54458 0.639561
-1.57202 0.652793
-1.61591 0.652793
-1.63786 0.643957
-1.50617 0.571279
-1.43484 0.538583
-1.56653 0.600678
-1.58848 0.635181
-1.59945 0.643957
-1.55556 0.66169
-1.62689 0.711697
-1.60494 0.670646
-1.6214 0.684194
-1.59945 0.66169
-1.62689 0.688741
-1.70919 0.730333
-1.64883 0.684194
-1.61591 0.697878
-1.63237 0.711697
-1.59945 0.697878
-1.63237 0.74921
-1.64883 0.763526
-1.72016 0.812224
-1.73663 0.792564
-1.68176 0.763526
-1.7915 0.852266
-1.84636 0.914135
-1.83539 0.914135
-1.80247 0.88293
-1.77503 0.877781
-1.78052 0.872648
-1.80247 0.86753
-1.78052 0.86753
-1.84088 0.893271
-1.81344 0.877781
-1.72016 0.817176
-1.76955 0.847208
-1.75309 0.862427
-1.68724 0.817176
-1.72565 0.787687
-1.67078 0.744468
-1.64335 0.758739
-1.61043 0.707076
-1.65981 0.758739
-1.65981 0.777977
-1.60494 0.768328
-1.63237 0.758739
-1.72016 0.817176
-1.74211 0.807286
-1.61591 0.688741
-1.61043 0.679663
-1.53909 0.652793
-1.63237 0.711697
-1.54458 0.66616
-1.56653 0.684194
-1.56653 0.688741
-1.59945 0.711697
-1.5775 0.697878
-1.58299 0.697878
-1.5775 0.66169
-1.58299 0.693302
-1.64335 0.707076
-1.59396 0.670646
-1.57202 0.648367
-1.61591 0.675147
-1.6214 0.720985
-1.59945 0.702469
-1.55007 0.639561
-1.53361 0.657234
-1.53361 0.675147
-1.62689 0.763526
-1.72565 0.807286
-1.69273 0.822144
-1.75309 0.86753
-1.72016 0.852266
-1.73114 0.837137
-1.61591 0.773145
-1.57202 0.707076
-1.60494 0.744468
-1.65432 0.792564
-1.69822 0.758739
-1.69273 0.787687
-1.7037 0.787687
-1.67627 0.773145
-1.7476 0.817176
-1.75857 0.837137
-1.75857 0.847208
-1.81893 0.903673
-1.75309 0.877781
-1.78601 0.888093
-1.80796 0.893271
-1.81344 0.852266
-1.72016 0.817176
-1.71468 0.817176
-1.80247 0.877781
-1.77503 0.842165
-1.7476 0.857339
-1.75857 0.842165
-1.76955 0.852266
-1.72565 0.842165
-1.7037 0.812224
-1.65432 0.763526
-1.67627 0.807286
-1.74211 0.822144
-1.68724 0.807286
-1.67627 0.817176
-1.72565 0.822144
-1.68724 0.812224
-1.77503 0.862427
-1.78601 0.857339
-1.8299 0.914135
-1.85185 0.924658
-1.7915 0.88293
-1.76406 0.862427
-1.78052 0.872648
-1.78601 0.877781
-1.7476 0.857339
-1.68724 0.822144
-1.6214 0.773145
-1.69822 0.792564
-1.64883 0.753967
-1.70919 0.792564
-1.72016 0.812224
-1.7476 0.842165
-1.72016 0.832124
-1.76955 0.872648
-1.68724 0.802364
-1.7037 0.827127
-1.7037 0.832124
-1.65432 0.802364
-1.61591 0.773145
-1.7037 0.807286
-1.77503 0.86753
-1.72565 0.847208
-1.73114 0.847208
-1.69273 0.817176
-1.69273 0.812224
-1.7037 0.827127
-1.7037 0.827127
-1.73114 0.827127
-1.67078 0.792564
-1.70919 0.827127
-1.76955 0.872648
-1.80247 0.888093
-1.73114 0.852266
-1.72016 0.847208
-1.74211 0.857339
-1.7476 0.842165
-1.69273 0.802364
-1.71468 0.842165
-1.7915 0.877781
-1.76406 0.837137
-1.76406 0.827127
-1.64883 0.758739
-1.58299 0.739742
-1.58848 0.730333
-1.63237 0.773145
-1.7037 0.802364
-1.7476 0.847208
-1.73114 0.852266
-1.76955 0.862427
-1.76955 0.862427
-1.72016 0.842165
-1.75309 0.862427
-1.67627 0.812224
-1.73663 0.827127
-1.73114 0.827127
-1.76955 0.86753
-1.7476 0.862427
-1.70919 0.842165
-1.73663 0.827127
-1.7476 0.822144
-1.73114 0.817176
-1.77503 0.862427
-1.76406 0.857339
-1.81893 0.898465
-1.78052 0.877781
-1.81893 0.898465
-1.82442 0.908897
-1.78601 0.872648
-1.84636 0.919389
-1.78052 0.872648
-1.64883 0.792564
-1.68724 0.802364
-1.6214 0.768328
-1.65981 0.777977
-1.67627 0.758739
-1.67627 0.782824
-1.73114 0.837137
-1.7915 0.877781
-1.7476 0.847208
-1.7476 0.852266
-1.69273 0.812224
-1.61591 0.773145
-1.58299 0.739742
-1.60494 0.763526
-1.67078 0.782824
-1.61591 0.763526
-1.72565 0.768328
-1.73663 0.797456
-1.77503 0.827127
-1.72016 0.797456
-1.7915 0.832124
-1.78601 0.832124
-1.71468 0.802364
-1.70919 0.787687
-1.73663 0.817176
-1.86831 0.929941
-1.79698 0.893271
-1.78052 0.877781
-1.72016 0.837137
-1.69273 0.827127
-1.68176 0.822144
-1.65432 0.777977
-1.65432 0.758739
-1.73663 0.807286
-1.70919 0.812224
-1.78601 0.862427
-1.76955 0.837137
-1.70919 0.792564
-1.69273 0.817176
-1.5775 0.744468
-1.65432 0.792564
-1.65432 0.777977
-1.71468 0.802364
-1.67078 0.763526
-1.7037 0.787687
-1.71468 0.739742
-1.59396 0.697878
-1.55007 0.675147
-1.59396 0.707076
-1.51166 0.652793
-1.51166 0.592203
-1.55556 0.652793
-1.5775 0.66169
-1.52263 0.639561
-1.50069 0.600678
-1.57202 0.635181
-1.61591 0.643957
-1.54458 0.592203
-1.52263 0.575434
-1.53361 0.55481
-1.59396 0.575434
-1.56104 0.630815
-1.5775 0.630815
-1.61591 0.688741
-1.65981 0.707076
-1.57202 0.66169
-1.64335 0.716334
-1.68176 0.763526
-1.68724 0.763526
-1.71468 0.827127
-1.69822 0.817176
-1.69273 0.812224
-1.72016 0.832124
-1.68724 0.787687
-1.68724 0.787687
-1.66529 0.787687
-1.71468 0.827127
-1.73114 0.827127
-1.80247 0.857339
-1.73114 0.832124
-1.74211 0.852266
-1.68176 0.807286
-1.75857 0.832124
-1.71468 0.817176
-1.75309 0.832124
-1.81893 0.877781
-1.79698 0.88293
-1.75857 0.852266
-1.75309 0.842165
-1.73114 0.827127
-1.76406 0.872648
-1.7476 0.827127
-1.65432 0.787687
-1.69273 0.792564
-1.71468 0.797456
-1.66529 0.787687
-1.7037 0.768328
-1.7037 0.792564
-1.69822 0.817176
-1.70919 0.802364
-1.54458 0.688741
-1.58848 0.702469
-1.56104 0.688741
-1.62689 0.739742
-1.70919 0.782824
-1.67627 0.739742
-1.73114 0.827127
-1.67627 0.773145
-1.64335 0.758739
-1.61043 0.688741
-1.61043 0.693302
-1.65981 0.679663
-1.59945 0.635181
-1.67078 0.711697
-1.62689 0.693302
-1.67627 0.744468
-1.67627 0.773145
-1.72016 0.807286
-1.70919 0.802364
-1.6214 0.711697
-1.64883 0.758739
-1.60494 0.679663
-1.61043 0.716334
-1.67078 0.773145
-1.72016 0.802364
-1.70919 0.768328
-1.7037 0.777977
-1.74211 0.797456
-1.69822 0.782824
-1.68724 0.753967
-1.63786 0.753967
-1.64335 0.702469
-1.75857 0.773145
-1.73663 0.768328
-1.72016 0.777977
-1.65432 0.768328
-1.73663 0.837137
-1.68724 0.797456
-1.69822 0.792564
-1.58299 0.739742
-1.63786 0.777977
-1.68724 0.797456
-1.64335 0.739742
-1.60494 0.758739
-1.4952 0.657234
-1.5775 0.693302
-1.5775 0.684194
-1.60494 0.697878
-1.60494 0.693302
-1.64883 0.684194
-1.65432 0.702469
-1.6214 0.711697
-1.56653 0.684194
-1.53909 0.66616
-1.55556 0.693302
-1.55556 0.693302
-1.59945 0.730333
-1.60494 0.707076
-1.69822 0.768328
-1.69273 0.773145
-1.70919 0.807286
-1.67078 0.768328
-1.74211 0.852266
-1.69273 0.832124
-1.77503 0.862427
-1.68724 0.807286
-1.73663 0.832124
-1.73663 0.842165
-1.78601 0.852266
-1.69273 0.797456
-1.74211 0.842165
-1.72565 0.822144
-1.82442 0.893271
-1.83539 0.914135
-1.76406 0.872648
-1.70919 0.822144
-1.75857 0.852266
-1.66529 0.802364
-1.67627 0.802364
-1.79698 0.872648
-1.78052 0.86753
-1.72565 0.842165
-1.73663 0.832124
-1.73114 0.832124
-1.76406 0.857339
-1.85734 0.908897
-1.78052 0.857339
-1.74211 0.832124
-1.63786 0.782824
-1.73663 0.832124
-1.66529 0.807286
-1.59945 0.773145
-1.72565 0.827127
-1.74211 0.847208
-1.69822 0.802364
-1.76955 0.852266
-1.84088 0.88293
-1.77503 0.86753
-1.73663 0.847208
-1.7037 0.822144
-1.59396 0.73503
-1.59396 0.684194
-1.59945 0.675147
-1.64335 0.711697
-1.66529 0.758739
-1.75309 0.822144
-1.78052 0.857339
-1.76406 0.832124
-1.63786 0.768328
-1.64335 0.768328
-1.68724 0.773145
-1.75309 0.862427
-1.72016 0.837137
-1.68724 0.807286
-1.65981 0.777977
-1.68176 0.792564
-1.65432 0.763526
-1.67627 0.782824
-1.7037 0.817176
-1.69822 0.787687
-1.64335 0.763526
-1.54458 0.720985
-1.59945 0.725652
-1.56653 0.707076
-1.58299 0.630815
-1.48422 0.596433
-1.54458 0.688741
-1.62689 0.753967
-1.68176 0.792564
-1.59945 0.744468
-1.71468 0.822144
-1.69273 0.807286
-1.66529 0.787687
-1.7476 0.837137
-1.78601 0.857339
-1.72565 0.822144
-1.78601 0.86753
-1.78601 0.86753
-1.78052 0.872648
-1.80247 0.88293
-1.73114 0.837137
-1.73114 0.842165
-1.76955 0.852266
-1.81893 0.888093
-1.81344 0.877781
-1.78601 0.857339
-1.76406 0.857339
-1.73663 0.817176
-1.69273 0.768328
-1.67078 0.768328
-1.72565 0.802364
-1.61591 0.782824
-1.60494 0.768328
-1.69822 0.817176
-1.81344 0.877781
-1.7476 0.857339
-1.78601 0.842165
-1.78601 0.832124
-1.66529 0.792564
-1.71468 0.817176
-1.73114 0.812224
-1.70919 0.792564
-1.75309 0.852266
-1.70919 0.822144
-1.69822 0.797456
-1.67627 0.782824
-1.66529 0.73503
-1.69273 0.792564
-1.6214 0.753967
-1.72565 0.807286
-1.72565 0.802364
-1.7476 0.852266
-1.72016 0.817176
-1.66529 0.787687
-1.67627 0.812224
-1.7476 0.837137
-1.76406 0.817176
-1.73663 0.812224
-1.69822 0.787687
-1.69822 0.773145
-1.64883 0.739742
-1.70919 0.782824
-1.68176 0.777977
-1.63786 0.763526
-1.61043 0.73503
-1.68724 0.802364
-1.76406 0.842165
-1.76406 0.842165
-1.72016 0.812224
-1.70919 0.797456
-1.65432 0.777977
-1.67078 0.797456
-1.59945 0.720985
-1.61043 0.657234
-1.58299 0.693302
-1.6214 0.720985
-1.57202 0.697878
-1.6214 0.739742
-1.66529 0.753967
-1.67078 0.768328
-1.64883 0.725652
-1.62689 0.702469
-1.56104 0.652793
-1.60494 0.679663
-1.60494 0.66616
-1.61591 0.693302
-1.65981 0.697878
-1.6214 0.652793
-1.58848 0.609213
-1.57202 0.626465
-1.50617 0.604938
-1.53909 0.622129
-1.65432 0.657234
-1.6214 0.657234
-1.69273 0.711697
-1.65432 0.697878
-1.65432 0.725652
-1.67627 0.73503
-1.5775 0.66169
-1.61043 0.716334
-1.59396 0.688741
-1.59945 0.688741
-1.63786 0.74921
-1.69822 0.787687
-1.68724 0.782824
-1.69273 0.802364
-1.67627 0.782824
-1.58299 0.716334
-1.5775 0.725652
-1.67627 0.773145
-1.65432 0.74921
-1.75857 0.812224
-1.7476 0.817176
-1.65432 0.777977
-1.62689 0.758739
-1.63786 0.763526
-1.67078 0.797456
-1.65981 0.802364
-1.74211 0.837137
-1.7915 0.86753
-1.86831 0.924658
-1.78601 0.86753
-1.86831 0.898465
-1.75857 0.862427
-1.76406 0.852266
-1.7476 0.812224
-1.73663 0.802364
-1.77503 0.802364
-1.75309 0.832124
-1.73114 0.827127
-1.78601 0.877781
-1.8299 0.903673
-1.85185 0.919389
-1.89026 0.945883
-1.86831 0.924658
-1.84088 0.908897
-1.80796 0.898465
-1.7476 0.842165
-1.67078 0.797456
-1.73663 0.807286
-1.69822 0.822144
-1.78052 0.862427
-1.70919 0.807286
-1.60494 0.744468
-1.64883 0.797456
-1.59945 0.730333
-1.5775 0.693302
-1.72016 0.807286
-1.78052 0.847208
-1.77503 0.832124
-1.73114 0.792564
-1.72565 0.797456
-1.71468 0.758739
-1.7037 0.753967
-1.74211 0.787687
-1.6214 0.730333
-1.58848 0.66616
-1.56104 0.66169
-1.58299 0.635181
-1.6214 0.630815
-1.58299 0.639561
-1.62689 0.635181
-1.58299 0.579603
-1.65432 0.604938
-1.62689 0.587988
-1.61591 0.600678
-1.61591 0.592203
-1.74211 0.643957
-1.62689 0.592203
-1.51166 0.538583
-1.4952 0.495199
-1.50617 0.487507
-1.41838 0.431734
-1.44033 0.438974
-1.39643 0.413895
-1.47874 0.483683
-1.61591 0.617809
-1.58848 0.626465
-1.65432 0.670646
-1.73114 0.711697
-1.69273 0.688741
-1.56653 0.66616
-1.62689 0.720985
-1.67627 0.758739
-1.69273 0.777977
-1.62689 0.730333
-1.70919 0.758739
-1.7037 0.753967
-1.71468 0.792564
-1.73663 0.802364
-1.64335 0.763526
-1.63237 0.763526
-1.59396 0.73503
-1.65432 0.797456
-1.64883 0.782824
-1.66529 0.792564
-1.74211 0.827127
-1.71468 0.832124
-1.65981 0.782824
-1.63786 0.792564
-1.73114 0.827127
-1.61043 0.773145
-1.64883 0.768328
-1.63237 0.739742
-1.64883 0.730333
-1.72565 0.797456
-1.70919 0.812224
-1.72565 0.832124
-1.66529 0.812224
-1.66529 0.807286
-1.7037 0.817176
-1.76955 0.847208
-1.81344 0.877781
-1.80247 0.872648
-1.67078 0.782824
-1.68724 0.725652
-1.68176 0.73503
-1.71468 0.716334
-1.7037 0.744468
-1.65981 0.716334
-1.61591 0.702469
-1.66529 0.782824
-1.65432 0.773145
-1.65981 0.74921
-1.68176 0.763526
-1.72016 0.792564
-1.7476 0.822144
-1.73114 0.812224
-1.69822 0.787687
-1.71468 0.817176
-1.68176 0.787687
-1.68724 0.777977
-1.72016 0.787687
-1.72016 0.817176
-1.80247 0.837137
-1.78052 0.862427
-1.76406 0.852266
-1.63786 0.768328
-1.58299 0.730333
-1.60494 0.739742
-1.68724 0.744468
-1.6214 0.744468
-1.72016 0.812224
-1.74211 0.832124
-1.7037 0.797456
-1.63786 0.74921
-1.67627 0.787687
-1.6214 0.74921
-1.6214 0.753967
-1.71468 0.817176
-1.73663 0.832124
-1.77503 0.847208
-1.75857 0.862427
-1.82442 0.86753
-1.73114 0.842165
-1.68724 0.792564
-1.77503 0.862427
-1.70919 0.817176
-1.68724 0.792564
-1.66529 0.782824
-1.62689 0.739742
-1.61591 0.744468
-1.65981 0.777977
-1.73663 0.817176
-1.73114 0.802364
-1.73663 0.763526
-1.65432 0.744468
-1.57202 0.670646
-1.57202 0.697878
-1.55556 0.725652
-1.59945 0.74921
-1.62689 0.792564
-1.67078 0.792564
-1.68724 0.787687
-1.70919 0.812224
-1.7037 0.807286
-1.77503 0.862427
-1.81893 0.893271
-1.76406 0.847208
-1.76955 0.852266
-1.77503 0.86753
-1.78052 0.862427
-1.80247 0.872648
-1.79698 0.88293
-1.73663 0.852266
-1.7476 0.857339
-1.78052 0.88293
-1.81344 0.888093
-1.82442 0.903673
-1.82442 0.893271
-1.80247 0.888093
-1.71468 0.842165
-1.69273 0.802364
-1.60494 0.768328
-1.65432 0.753967
-1.69822 0.827127
-1.68724 0.797456
-1.67627 0.812224
-1.69822 0.763526
-1.65432 0.744468
-1.66529 0.763526
-1.65432 0.744468
-1.61591 0.679663
-1.64883 0.720985
-1.58848 0.702469
-1.5775 0.657234
-1.57202 0.587988
-1.55556 0.630815
-1.71468 0.744468
-1.67078 0.730333
-1.71468 0.753967
-1.72565 0.777977
-1.78052 0.812224
-1.7476 0.773145
-1.63237 0.711697
-1.66529 0.73503
-1.72016 0.768328
-1.64883 0.697878
-1.64335 0.702469
-1.59945 0.66616
-1.62689 0.73503
-1.72016 0.807286
-1.72016 0.792564
-1.76955 0.862427
-1.74211 0.857339
-1.72016 0.817176
-1.67627 0.787687
-1.69822 0.822144
-1.63237 0.782824
-1.72016 0.817176
-1.59396 0.763526
-1.67078 0.787687
-1.69273 0.812224
-1.73663 0.852266
-1.69822 0.827127
-1.65432 0.797456
-1.63786 0.777977
-1.76955 0.86753
-1.72016 0.842165
-1.68176 0.812224
-1.78601 0.877781
-1.7915 0.86753
-1.76955 0.862427
-1.86283 0.914135
-1.78052 0.877781
-1.74211 0.827127
-1.73663 0.832124
-1.75309 0.837137
-1.80247 0.888093
-1.69273 0.832124
-1.80247 0.888093
-1.80796 0.893271
-1.75309 0.86753
-1.7037 0.817176
-1.72016 0.812224
-1.69273 0.773145
-1.72565 0.837137
-1.61043 0.768328
-1.63786 0.777977
-1.69273 0.802364
-1.75857 0.857339
-1.66529 0.807286
-1.7476 0.857339
-1.78052 0.862427
-1.80796 0.893271
-1.77503 0.872648
-1.69822 0.822144
-1.69822 0.797456
-1.63786 0.763526
-1.62689 0.787687
-1.61591 0.73503
-1.63237 0.753967
-1.61043 0.74921
-1.73663 0.832124
-1.7476 0.857339
-1.76406 0.817176
-1.74211 0.837137
-1.71468 0.807286
-1.75309 0.862427
-1.76406 0.86753
-1.68176 0.802364
-1.67627 0.812224
-1.64883 0.782824
-1.5775 0.725652
-1.58299 0.74921
-1.60494 0.74921
-1.61043 0.73503
-1.65981 0.74921
-1.66529 0.716334
-1.64883 0.707076
-1.70919 0.74921
-1.66529 0.73503
-1.69273 0.739742
-1.67627 0.753967
-1.67627 0.725652
-1.64883 0.702469
-1.60494 0.66616
-1.65432 0.679663
-1.59396 0.697878
-1.64883 0.763526
-1.64335 0.763526
-1.61043 0.758739
-1.62689 0.782824
-1.70919 0.817176
-1.76406 0.852266
-1.76955 0.86753
-1.67078 0.817176
-1.71468 0.817176
-1.74211 0.847208
-1.74211 0.832124
-1.70919 0.807286
-1.70919 0.782824
-1.77503 0.817176
-1.68724 0.768328
-1.65981 0.758739
-1.71468 0.797456
-1.73663 0.827127
-1.74211 0.832124
-1.7037 0.827127
-1.68724 0.812224
-1.7476 0.842165
-1.72565 0.817176
-1.7476 0.837137
-1.80796 0.86753
-1.76955 0.842165
-1.7915 0.862427
-1.76406 0.852266
-1.7037 0.777977
-1.69822 0.777977
-1.63237 0.768328
-1.65432 0.797456
-1.71468 0.822144
-1.66529 0.802364
-1.7037 0.822144
-1.74211 0.807286
-1.69273 0.787687
-1.56104 0.697878
-1.64883 0.787687
-1.68724 0.777977
-1.63786 0.773145
-1.73663 0.842165
-1.7037 0.822144
-1.79698 0.877781
-1.73663 0.852266
-1.75857 0.857339
-1.7476 0.862427
-1.69822 0.812224
-1.72016 0.827127
-1.7915 0.877781
-1.7915 0.872648
-1.69273 0.832124
-1.74211 0.822144
-1.75309 0.847208
-1.68724 0.787687
-1.70919 0.730333
-1.63786 0.716334
-1.65981 0.773145
-1.58299 0.688741
-1.63237 0.688741
-1.60494 0.630815
-1.59945 0.648367
-1.60494 0.675147
-1.61043 0.688741
-1.61591 0.702469
-1.67627 0.707076
-1.66529 0.725652
-1.73114 0.74921
-1.64883 0.74921
-1.63786 0.702469
-1.61043 0.675147
-1.59396 0.670646
-1.64883 0.711697
-1.62689 0.753967
-1.65432 0.773145
-1.58848 0.725652
-1.66529 0.768328
-1.69273 0.768328
-1.65432 0.758739
-1.64883 0.730333
-1.65981 0.744468
-1.70919 0.792564
-1.78052 0.837137
-1.67078 0.768328
-1.62689 0.744468
-1.67627 0.802364
-1.67627 0.787687
-1.61591 0.74921
-1.61591 0.744468
-1.61591 0.763526
-1.72565 0.797456
-1.68724 0.797456
-1.66529 0.787687
-1.72565 0.812224
-1.70919 0.822144
-1.69273 0.797456
-1.70919 0.812224
-1.70919 0.822144
-1.65432 0.792564
-1.67078 0.777977
-1.61043 0.74921
-1.60494 0.707076
-1.5775 0.697878
-1.58299 0.702469
-1.63786 0.725652
-1.60494 0.707076
-1.58299 0.66169
-1.61043 0.684194
-1.67627 0.693302
-1.59945 0.730333
-1.70919 0.773145
-1.72565 0.812224
-1.78052 0.857339
-1.65981 0.763526
-1.64335 0.725652
-1.67078 0.782824
-1.7476 0.822144
-1.73663 0.832124
-1.7915 0.872648
-1.80796 0.88293
-1.7476 0.842165
-1.67627 0.802364
-1.65432 0.768328
-1.68724 0.763526
-1.74211 0.782824
-1.70919 0.782824
-1.65432 0.782824
-1.63237 0.758739
-1.61591 0.782824
-1.67078 0.802364
-1.63237 0.768328
-1.56653 0.730333
-1.53909 0.679663
-1.58299 0.707076
-1.60494 0.711697
-1.59396 0.693302
-1.59945 0.716334
-1.64335 0.763526
-1.76406 0.827127
-1.75857 0.822144
-1.75309 0.812224
-1.71468 0.802364
-1.72016 0.792564
-1.6214 0.74921
-1.68724 0.73503
-1.65432 0.73503
-1.63786 0.716334
-1.58299 0.693302
-1.64335 0.725652
-1.67078 0.763526
-1.74211 0.847208
-1.74211 0.852266
-1.7476 0.857339
-1.73663 0.847208
-1.79698 0.872648
-1.7037 0.807286
-1.62689 0.744468
-1.67078 0.773145
-1.63237 0.716334
-1.6214 0.74921
-1.66529 0.74921
-1.69273 0.773145
-1.7037 0.782824
-1.64335 0.763526
-1.6214 0.675147
-1.63237 0.716334
-1.55556 0.693302
-1.56653 0.707076
-1.65981 0.797456
-1.73663 0.842165
-1.68724 0.817176
-1.65432 0.807286
-1.70919 0.802364
-1.73114 0.817176
-1.70919 0.807286
-1.69822 0.822144
-1.66529 0.792564
-1.68176 0.817176
-1.61043 0.768328
-1.64883 0.768328
-1.63237 0.725652
-1.61043 0.707076
-1.62689 0.670646
-1.59945 0.693302
-1.58299 0.744468
-1.69822 0.802364
-1.73663 0.787687
-1.80247 0.842165
-1.72565 0.763526
-1.69273 0.777977
-1.71468 0.777977
-1.72016 0.758739
-1.63786 0.73503
-1.5775 0.730333
-1.56104 0.725652
-1.68724 0.73503
-1.69273 0.753967
-1.68724 0.763526
-1.69273 0.773145
-1.53361 0.670646
-1.61043 0.720985
-1.61043 0.707076
-1.64883 0.73503
-1.61043 0.720985
-1.68724 0.753967
-1.66529 0.753967
-1.65981 0.753967
-1.58848 0.716334
-1.68176 0.777977
-1.76955 0.857339
-1.7476 0.847208
-1.67627 0.802364
-1.63237 0.763526
-1.64335 0.763526
-1.71468 0.812224
-1.67627 0.773145
-1.7037 0.763526
-1.65432 0.74921
-1.59396 0.730333
-1.63237 0.763526
-1.67078 0.797456
-1.6214 0.730333
-1.5775 0.693302
-1.52263 0.679663
-1.52812 0.688741
-1.54458 0.66616
-1.64335 0.73503
-1.59396 0.702469
-1.68724 0.744468
-1.67078 0.763526
-1.65981 0.753967
-1.67627 0.758739
-1.69273 0.792564
-1.76955 0.857339
-1.65432 0.782824
-1.58299 0.744468
-1.61043 0.74921
-1.55556 0.716334
-1.59396 0.730333
-1.62689 0.73503
-1.63237 0.753967
-1.66529 0.763526
-1.68176 0.768328
-1.73114 0.773145
-1.64335 0.768328
-1.59396 0.720985
-1.72565 0.812224
-1.69822 0.807286
-1.76955 0.857339
-1.71468 0.832124
-1.65432 0.807286
-1.63786 0.768328
-1.67627 0.802364
-1.76955 0.857339
-1.75857 0.857339
-1.71468 0.802364
-1.80247 0.877781
-1.78601 0.862427
-1.67627 0.758739
-1.61043 0.739742
-1.67078 0.753967
-1.62689 0.725652
-1.61591 0.697878
-1.62689 0.744468
-1.67627 0.792564
-1.65981 0.777977
-1.69273 0.802364
-1.64335 0.777977
-1.68724 0.817176
-1.75309 0.847208
-1.67627 0.802364
-1.67627 0.817176
-1.62689 0.768328
-1.70919 0.802364
-1.7476 0.852266
-1.67627 0.787687
-1.67627 0.777977
-1.67078 0.773145
-1.64883 0.758739
-1.7037 0.807286
-1.67078 0.792564
-1.68176 0.797456
-1.60494 0.753967
-1.60494 0.763526
-1.64335 0.758739
-1.68724 0.812224
-1.65432 0.797456
-1.68176 0.802364
-1.63786 0.782824
-1.67078 0.802364
-1.74211 0.837137
-1.67627 0.797456
-1.73114 0.847208
-1.72016 0.837137
-1.75309 0.842165
-1.67078 0.787687
-1.69822 0.822144
-1.7476 0.86753
-1.74211 0.837137
-1.78052 0.852266
-1.81893 0.88293
-1.70919 0.812224
-1.7037 0.807286
-1.71468 0.817176
-1.70919 0.832124
-1.72016 0.827127
-1.69822 0.807286
-1.71468 0.817176
-1.74211 0.842165
-1.77503 0.852266
-1.71468 0.837137
-1.73114 0.827127
-1.7037 0.802364
-1.67078 0.812224
-1.6214 0.782824
-1.70919 0.787687
-1.7037 0.792564
-1.71468 0.787687
-1.68724 0.782824
-1.65981 0.753967
-1.64335 0.763526
-1.68176 0.787687
-1.70919 0.797456
-1.67627 0.807286
-1.67627 0.812224
-1.7476 0.862427
-1.75309 0.857339
-1.73663 0.837137
-1.82442 0.88293
-1.71468 0.827127
-1.77503 0.86753
-1.75857 0.86753
-1.80796 0.888093
-1.90123 0.951227
-1.83539 0.908897
-1.73114 0.837137
-1.73663 0.847208
-1.76406 0.857339
-1.7476 0.847208
-1.68176 0.797456
-1.72565 0.837137
-1.73663 0.852266
-1.84636 0.908897
-1.76406 0.86753
-1.64335 0.787687
-1.65981 0.763526
-1.7037 0.787687
-1.59945 0.744468
-1.63786 0.782824
-1.64335 0.787687
-1.73663 0.847208
-1.7037 0.827127
-1.75857 0.842165
-1.68176 0.758739
-1.67627 0.753967
-1.63786 0.763526
-1.55556 0.707076
-1.56653 0.702469
-1.56104 0.725652
-1.55007 0.720985
-1.53909 0.707076
-1.53909 0.688741
-1.63786 0.777977
-1.76955 0.852266
-1.73114 0.827127
-1.74211 0.862427
-1.65981 0.817176
-1.6214 0.787687
-1.71468 0.827127
-1.60494 0.777977
-1.64335 0.744468
-1.71468 0.773145
-1.68724 0.758739
-1.69273 0.777977
-1.68176 0.768328
-1.68176 0.782824
-1.63237 0.730333
-1.61043 0.73503
-1.65981 0.74921
-1.64883 0.73503
-1.61043 0.763526
-1.68176 0.812224
-1.62689 0.768328
-1.67627 0.773145
-1.69822 0.73503
-1.69822 0.758739
-1.71468 0.807286
-1.61043 0.744468
-1.63786 0.773145
-1.64335 0.773145
-1.65432 0.763526
-1.72016 0.802364
-1.7037 0.787687
-1.64883 0.773145
-1.73114 0.847208
-1.65981 0.792564
-1.77503 0.877781
-1.7037 0.812224
-1.73663 0.852266
-1.74211 0.847208
-1.69273 0.802364
-1.70919 0.822144
-1.77503 0.832124
-1.76406 0.832124
-1.63786 0.773145
-1.73114 0.807286
-1.7037 0.807286
-1.68176 0.792564
-1.73663 0.817176
-1.7037 0.832124
-1.67078 0.812224
-1.65981 0.802364
-1.68176 0.802364
-1.72565 0.812224
-1.71468 0.792564
-1.79698 0.842165
-1.7037 0.812224
-1.58848 0.744468
-1.66529 0.787687
-1.69273 0.812224
-1.64883 0.787687
-1.7476 0.822144
-1.65981 0.792564
-1.64883 0.787687
-1.75309 0.822144
-1.80796 0.862427
-1.75309 0.852266
-1.73114 0.837137
-1.64335 0.782824
-1.69822 0.812224
-1.68724 0.802364
-1.72565 0.822144
-1.78052 0.847208
-1.73663 0.837137
-1.76955 0.857339
-1.76955 0.847208
-1.76955 0.847208
-1.75857 0.847208
-1.75857 0.862427
-1.84636 0.914135
-1.7915 0.888093
-1.81344 0.893271
-1.80247 0.88293
-1.7037 0.822144
-1.69822 0.817176
-1.69822 0.768328
-1.66529 0.802364
-1.67627 0.768328
-1.65981 0.763526
-1.64335 0.720985
-1.75309 0.773145
-1.74211 0.768328
-1.63786 0.74921
-1.65981 0.744468
-1.71468 0.773145
-1.64883 0.716334
-1.58848 0.711697
-1.6214 0.716334
-1.66529 0.758739
-1.58299 0.725652
-1.63237 0.787687
-1.69273 0.777977
-1.61591 0.753967
-1.55556 0.679663
-1.5775 0.693302
-1.61043 0.725652
-1.72016 0.812224
-1.73114 0.837137
-1.72016 0.837137
-1.75309 0.847208
-1.73114 0.847208
-1.75857 0.857339
-1.79698 0.893271
-1.72016 0.842165
-1.70919 0.827127
-1.79698 0.88293
-1.7915 0.888093
-1.76406 0.832124
-1.7476 0.817176
-1.7037 0.797456
-1.68176 0.782824
-1.7037 0.827127
-1.69822 0.807286
-1.71468 0.847208
-1.66529 0.802364
-1.82442 0.908897
-1.76406 0.857339
-1.72016 0.807286
-1.67627 0.782824
-1.61591 0.74921
-1.5775 0.688741
-1.69273 0.744468
-1.68724 0.787687
-1.65432 0.768328
-1.61591 0.725652
-1.48971 0.66169
-1.54458 0.679663
-1.61043 0.739742
-1.68176 0.763526
-1.63786 0.768328
-1.69822 0.782824
-1.72016 0.787687
-1.70919 0.792564
-1.7476 0.822144
-1.75309 0.822144
-1.77503 0.837137
-1.78601 0.827127
-1.74211 0.802364
-1.72016 0.787687
-1.63237 0.688741
-1.72565 0.758739
-1.72565 0.807286
-1.70919 0.817176
-1.75309 0.847208
-1.68724 0.797456
-1.72016 0.807286
-1.65981 0.787687
-1.65981 0.744468
-1.69822 0.792564
-1.71468 0.812224
-1.66529 0.787687
-1.68176 0.758739
-1.64335 0.716334
-1.68176 0.720985
-1.76955 0.797456
-1.73663 0.74921
-1.69273 0.782824
-1.72016 0.739742
-1.74211 0.74921
-1.73663 0.744468
-1.67078 0.74921
-1.66529 0.739742
-1.7037 0.730333
-1.7476 0.758739
-1.63237 0.688741
-1.59945 0.652793
-1.65432 0.697878
-1.64335 0.670646
-1.67078 0.688741
-1.55007 0.639561
-1.63237 0.679663
-1.52812 0.657234
-1.51166 0.675147
-1.51166 0.643957
-1.57202 0.679663
-1.62689 0.697878
-1.68724 0.792564
-1.73114 0.822144
-1.72565 0.837137
-1.75857 0.852266
-1.67627 0.782824
-1.67627 0.773145
-1.62689 0.744468
-1.5775 0.720985
-1.67627 0.787687
-1.69822 0.822144
-1.77503 0.86753
-1.71468 0.832124
-1.70919 0.817176
-1.78601 0.872648
-1.73663 0.847208
-1.80796 0.877781
-1.76406 0.842165
-1.73663 0.837137
-1.83539 0.903673
-1.72016 0.852266
-1.76955 0.86753
-1.69273 0.812224
-1.69822 0.827127
-1.75857 0.832124
-1.74211 0.857339
-1.78601 0.872648
-1.68724 0.807286
-1.69822 0.797456
-1.70919 0.822144
-1.71468 0.797456
-1.61591 0.758739
-1.75857 0.852266
-1.78601 0.852266
-1.7915 0.86753
-1.81344 0.893271
-1.76955 0.857339
-1.77503 0.86753
-1.74211 0.852266
-1.68724 0.827127
-1.78052 0.872648
-1.68176 0.802364
-1.68724 0.787687
-1.68724 0.787687
-1.65432 0.782824
-1.70919 0.832124
-1.71468 0.797456
-1.70919 0.792564
-1.78601 0.852266
-1.71468 0.817176
-1.74211 0.852266
-1.68176 0.812224
-1.73114 0.817176
-1.7037 0.837137
-1.78601 0.872648
-1.7037 0.807286
-1.76955 0.837137
-1.74211 0.837137
-1.69822 0.822144
-1.69822 0.832124
-1.73114 0.842165
-1.78052 0.847208
-1.71468 0.792564
-1.73663 0.792564
-1.76955 0.847208
-1.65981 0.763526
-1.70919 0.802364
-1.61591 0.73503
-1.70919 0.768328
-1.69822 0.758739
-1.73663 0.777977
-1.76955 0.792564
-1.70919 0.773145
-1.61043 0.670646
-1.62689 0.643957
-1.65981 0.702469
-1.67627 0.711697
-1.64883 0.763526
-1.61591 0.753967
-1.7476 0.842165
-1.64883 0.782824
-1.63237 0.758739
-1.67627 0.807286
-1.63237 0.782824
-1.60494 0.758739
-1.59945 0.763526
-1.61591 0.74921
-1.61043 0.739742
-1.63786 0.758739
-1.69822 0.768328
-1.73663 0.837137
-1.8299 0.872648
-1.82442 0.877781
-1.7915 0.86753
-1.8738 0.93524
-1.84088 0.908897
-1.78601 0.877781
-1.69273 0.812224
-1.74211 0.837137
-1.7476 0.827127
-1.72016 0.792564
-1.68176 0.725652
-1.65981 0.725652
-1.68724 0.758739
-1.65432 0.773145
-1.7037 0.812224
-1.73663 0.827127
-1.70919 0.787687
-1.67078 0.782824
-1.67627 0.753967
-1.61591 0.688741
-1.67078 0.702469
-1.68176 0.74921
-1.57202 0.716334
-1.5775 0.702469
-1.64335 0.73503
-1.67078 0.773145
-1.64883 0.744468
-1.58299 0.684194
-1.54458 0.711697
-1.59945 0.73503
-1.61591 0.73503
-1.57202 0.679663
-1.62689 0.711697
-1.67078 0.758739
-1.59945 0.711697
-1.55556 0.688741
-1.56653 0.693302
-1.57202 0.688741
-1.65432 0.739742
-1.65981 0.773145
-1.73114 0.817176
-1.75309 0.842165
-1.75857 0.857339
-1.74211 0.817176
-1.75857 0.817176
-1.64335 0.73503
-1.7037 0.782824
-1.69273 0.777977
-1.68724 0.74921
-1.61043 0.725652
-1.64883 0.753967
-1.64335 0.768328
-1.65432 0.777977
-1.64335 0.792564
-1.60494 0.768328
-1.6214 0.763526
-1.68724 0.807286
-1.72016 0.792564
-1.72565 0.842165
-1.68724 0.817176
-1.67078 0.753967
-1.61043 0.753967
-1.70919 0.792564
-1.73663 0.822144
-1.7476 0.857339
-1.73663 0.852266
-1.65432 0.787687
-1.66529 0.807286
-1.65981 0.787687
-1.63786 0.773145
-1.63786 0.773145
-1.65981 0.768328
-1.7037 0.763526
-1.67627 0.716334
-1.60494 0.688741
-1.61591 0.679663
-1.59945 0.648367
-1.55007 0.600678
-1.60494 0.670646
-1.65432 0.66616
-1.58848 0.657234
-1.62689 0.670646
-1.69273 0.730333
-1.59945 0.711697
-1.61043 0.716334
-1.63237 0.716334
-1.60494 0.711697
-1.67078 0.763526
-1.63237 0.773145
-1.7476 0.852266
-1.69273 0.802364
-1.71468 0.827127
-1.69822 0.802364
-1.76955 0.852266
-1.76406 0.852266
-1.7476 0.872648
-1.76406 0.86753
-1.70919 0.832124
-1.59396 0.773145
-1.60494 0.702469
-1.62689 0.679663
-1.6214 0.702469
-1.68176 0.725652
-1.61043 0.716334
-1.61043 0.73503
-1.5775 0.670646
-1.57202 0.675147
-1.56104 0.684194
-1.61591 0.758739
-1.65432 0.763526
-1.73114 0.837137
-1.7476 0.862427
-1.66529 0.792564
-1.70919 0.802364
-1.64883 0.744468
-1.64335 0.744468
-1.58299 0.730333
-1.69273 0.802364
-1.72016 0.763526
-1.72016 0.812224
-1.69273 0.768328
-1.73663 0.817176
-1.7476 0.837137
-1.76406 0.832124
-1.72565 0.792564
-1.72565 0.797456
-1.69273 0.782824
-1.75309 0.792564
-1.70919 0.787687
-1.67078 0.782824
-1.64335 0.763526
-1.62689 0.74921
-1.68176 0.802364
-1.78052 0.852266
-1.68176 0.777977
-1.7037 0.807286
-1.73663 0.817176
-1.75309 0.852266
-1.73114 0.817176
-1.7037 0.802364
-1.69273 0.797456
-1.72565 0.812224
-1.7476 0.857339
-1.73663 0.857339
-1.78052 0.862427
-1.73663 0.857339
-1.74211 0.842165
-1.68724 0.797456
-1.67627 0.807286
-1.72565 0.827127
-1.73114 0.852266
-1.69822 0.842165
-1.66529 0.812224
-1.77503 0.872648
-1.85734 0.903673
-1.81344 0.88293
-1.73663 0.837137
-1.64883 0.807286
-1.64883 0.792564
-1.68176 0.807286
-1.64883 0.792564
-1.74211 0.857339
-1.76955 0.86753
-1.75857 0.847208
-1.7915 0.88293
-1.75857 0.857339
-1.67078 0.792564
-1.72565 0.827127
-1.65981 0.777977
-1.69273 0.782824
-1.64335 0.777977
-1.63237 0.777977
-1.68176 0.802364
-1.76955 0.862427
-1.74211 0.852266
-1.73663 0.812224
-1.7476 0.842165
-1.74211 0.837137
-1.72016 0.827127
-1.63786 0.720985
-1.60494 0.702469
-1.63786 0.768328
-1.65981 0.782824
-1.69273 0.768328
-1.68724 0.787687
-1.75309 0.847208
-1.75309 0.847208
-1.80796 0.877781
-1.80247 0.893271
-1.74211 0.862427
-1.76406 0.86753
-1.66529 0.787687
-1.55007 0.688741
-1.63237 0.744468
-1.68724 0.777977
-1.7037 0.773145
-1.73114 0.768328
-1.65432 0.753967
-1.72016 0.797456
-1.71468 0.827127
-1.78601 0.837137
-1.65432 0.777977
-1.61043 0.725652
-1.61591 0.73503
-1.58299 0.707076
-1.60494 0.74921
-1.61591 0.73503
-1.68176 0.817176
-1.72565 0.817176
-1.71468 0.832124
-1.71468 0.822144
-1.70919 0.812224
-1.7037 0.773145
-1.66529 0.744468
-1.64335 0.716334
-1.5775 0.725652
-1.64335 0.702469
-1.6214 0.74921
-1.75857 0.857339
-1.7915 0.86753
-1.68724 0.797456
-1.67078 0.787687
-1.78052 0.852266
-1.76955 0.847208
-1.7037 0.822144
-1.64883 0.758739
-1.71468 0.787687
-1.70919 0.782824
-1.68176 0.797456
-1.73114 0.822144
-1.68176 0.777977
-1.65981 0.787687
-1.64335 0.787687
-1.69822 0.812224
-1.72565 0.817176
-1.78601 0.872648
-1.78601 0.877781
-1.80796 0.888093
-1.75309 0.872648
-1.66529 0.792564
-1.68724 0.812224
-1.7037 0.817176
-1.67078 0.773145
-1.65432 0.782824
-1.58848 0.716334
-1.65981 0.73503
-1.67627 0.716334
-1.73114 0.753967
-1.67627 0.763526
-1.63237 0.716334
-1.58299 0.675147
-1.57202 0.675147
-1.58299 0.725652
-1.6214 0.730333
-1.62689 0.725652
-1.60494 0.730333
-1.59945 0.702469
-1.64883 0.739742
-1.70919 0.773145
-1.68176 0.739742
-1.59945 0.720985
-1.59945 0.720985
-1.68724 0.792564
-1.7037 0.792564
-1.70919 0.792564
-1.78601 0.86753
-1.73663 0.842165
-1.78052 0.872648
-1.70919 0.812224
-1.56104 0.730333
-1.58848 0.744468
-1.58848 0.684194
-1.65432 0.773145
-1.7037 0.807286
-1.72565 0.852266
-1.73114 0.837137
-1.72016 0.827127
-1.7915 0.877781
-1.7915 0.888093
-1.82442 0.903673
-1.81344 0.893271
-1.79698 0.862427
-1.76406 0.857339
-1.84088 0.914135
-1.80796 0.888093
-1.73114 0.832124
-1.76406 0.857339
-1.7915 0.88293
-1.81344 0.898465
-1.8299 0.903673
-1.75857 0.837137
-1.73114 0.812224
-1.7037 0.797456
-1.80247 0.877781
-1.80796 0.88293
-1.78601 0.812224
-1.71468 0.787687
-1.63237 0.744468
-1.72016 0.787687
-1.67627 0.792564
-1.67078 0.792564
-1.61591 0.753967
-1.74211 0.837137
-1.81893 0.888093
-1.75309 0.852266
-1.7037 0.817176
-1.69822 0.792564
-1.65981 0.773145
-1.64335 0.787687
-1.56104 0.73503
-1.65981 0.777977
-1.65981 0.792564
-1.53909 0.679663
-1.50617 0.639561
-1.53361 0.639561
-1.4952 0.639561
-1.58299 0.702469
-1.64883 0.777977
-1.72016 0.832124
-1.68724 0.807286
-1.73663 0.852266
-1.7476 0.857339
-1.68724 0.792564
-1.66529 0.787687
-1.64335 0.768328
-1.5775 0.725652
-1.55556 0.66169
-1.59396 0.697878
-1.63237 0.768328
-1.69822 0.812224
-1.74211 0.812224
-1.7037 0.782824
-1.67078 0.782824
-1.72565 0.812224
-1.63237 0.74921
-1.64335 0.773145
-1.67627 0.787687
-1.64883 0.787687
-1.74211 0.857339
-1.7476 0.862427
-1.67078 0.792564
-1.69273 0.787687
-1.68176 0.807286
-1.68724 0.817176
-1.7915 0.862427
-1.81893 0.893271
-1.75857 0.842165
-1.76955 0.86753
-1.71468 0.827127
-1.70919 0.802364
-1.72016 0.773145
-1.75309 0.847208
-1.67627 0.797456
-1.5775 0.753967
-1.64335 0.792564
-1.68724 0.802364
-1.69822 0.787687
-1.62689 0.73503
-1.59945 0.716334
-1.51166 0.684194
-1.68176 0.763526
-1.7037 0.817176
-1.73114 0.822144
-1.65981 0.768328
-1.7037 0.817176
-1.67078 0.782824
-1.68724 0.792564
-1.66529 0.787687
-1.69273 0.768328
-1.68176 0.792564
-1.69273 0.807286
-1.69273 0.812224
-1.65432 0.787687
-1.63237 0.758739
-1.7037 0.812224
-1.70919 0.792564
-1.58299 0.730333
-1.57202 0.744468
-1.69822 0.777977
-1.69822 0.822144
-1.71468 0.817176
-1.65432 0.792564
-1.72565 0.822144
-1.69822 0.807286
-1.67078 0.787687
-1.68176 0.807286
-1.7037 0.827127
-1.72565 0.832124
-1.69822 0.817176
-1.65981 0.782824
-1.78052 0.862427
-1.74211 0.837137
-1.7037 0.807286
-1.72016 0.812224
-1.71468 0.817176
-1.64335 0.782824
-1.56653 0.711697
-1.65432 0.768328
-1.62689 0.74921
-1.69273 0.782824
-1.63786 0.782824
-1.59396 0.730333
-1.72016 0.777977
-1.67627 0.773145
-1.64335 0.763526
-1.69273 0.807286
-1.73663 0.837137
-1.73114 0.832124
-1.67078 0.787687
-1.79698 0.847208
-1.73114 0.842165
-1.76955 0.872648
-1.78052 0.872648
-1.67627 0.812224
-1.68724 0.782824
-1.77503 0.817176
-1.65432 0.782824
-1.59945 0.73503
-1.5775 0.66616
-1.59945 0.702469
-1.60494 0.716334
-1.5775 0.707076
-1.58848 0.716334
-1.63237 0.74921
-1.68176 0.773145
-1.66529 0.739742
-1.68176 0.744468
-1.69273 0.777977
-1.68724 0.773145
-1.68176 0.768328
-1.65981 0.730333
-1.59945 0.639561
-1.6214 0.66616
-1.58848 0.66169
-1.66529 0.730333
-1.62689 0.679663
-1.67078 0.763526
-1.72565 0.758739
-1.71468 0.74921
-1.71468 0.758739
-1.7476 0.792564
-1.7037 0.797456
-1.63786 0.773145
-1.55556 0.702469
-1.51715 0.635181
-1.56104 0.675147
-1.51715 0.693302
-1.59945 0.753967
-1.65981 0.777977
-1.71468 0.787687
-1.67627 0.792564
-1.62689 0.753967
-1.58848 0.730333
-1.6214 0.720985
-1.57202 0.66616
-1.61591 0.707076
-1.64335 0.773145
-1.56653 0.725652
-1.69273 0.832124
-1.76955 0.857339
-1.80247 0.86753
-1.71468 0.842165
-1.70919 0.822144
-1.68176 0.797456
-1.63237 0.758739
-1.68724 0.792564
-1.72565 0.817176
-1.68724 0.807286
-1.68724 0.822144
-1.68176 0.817176
-1.68176 0.792564
-1.67627 0.763526
-1.5775 0.702469
-1.65432 0.763526
-1.68724 0.782824
-1.67627 0.782824
-1.76406 0.862427
-1.80247 0.88293
-1.72565 0.837137
-1.61591 0.787687
-1.64335 0.773145
-1.64883 0.792564
-1.59945 0.716334
-1.65432 0.753967
-1.61043 0.702469
-1.63237 0.768328
-1.65432 0.777977
-1.55007 0.707076
-1.68724 0.797456
-1.68176 0.787687
-1.69273 0.827127
-1.73114 0.842165
-1.68724 0.802364
-1.62689 0.753967
-1.64335 0.787687
-1.66529 0.797456
-1.67627 0.792564
-1.75857 0.847208
-1.7476 0.827127
-1.67627 0.802364
-1.68724 0.797456
-1.70919 0.837137
-1.74211 0.837137
-1.58299 0.753967
-1.6214 0.758739
-1.59945 0.693302
-1.69273 0.763526
-1.59945 0.725652
-1.68176 0.773145
-1.56104 0.697878
-1.63237 0.702469
-1.64883 0.74921
-1.61591 0.74921
-1.67627 0.73503
-1.72565 0.817176
-1.78052 0.857339
-1.74211 0.837137
-1.68724 0.822144
-1.77503 0.842165
-1.72016 0.817176
-1.67627 0.802364
-1.68724 0.807286
-1.72565 0.822144
-1.68176 0.777977
-1.63786 0.73503
-1.69822 0.822144
-1.75309 0.827127
-1.72565 0.802364
-1.82442 0.898465
-1.85185 0.914135
-1.81344 0.888093
-1.76955 0.837137
-1.75309 0.862427
-1.76955 0.857339
-1.73114 0.817176
-1.74211 0.832124
-1.78052 0.832124
-1.80247 0.86753
-1.78601 0.888093
-1.75309 0.852266
-1.69822 0.822144
-1.70919 0.837137
-1.71468 0.827127
-1.7037 0.832124
-1.68724 0.782824
-1.73114 0.807286
-1.79698 0.817176
-1.7915 0.802364
-1.76406 0.792564
-1.70919 0.768328
-1.67078 0.73503
-1.69273 0.777977
-1.7037 0.797456
-1.73663 0.847208
-1.72565 0.822144
-1.74211 0.847208
-1.64335 0.802364
-1.69273 0.807286
-1.64883 0.777977
-1.5775 0.744468
-1.53361 0.697878
-1.54458 0.684194
-1.59396 0.730333
-1.60494 0.753967
-1.63786 0.782824
-1.7476 0.847208
-1.66529 0.802364
-1.68176 0.807286
-1.7037 0.792564
-1.7476 0.837137
-1.72565 0.812224
-1.71468 0.807286
-1.71468 0.777977
-1.68724 0.758739
-1.71468 0.792564
-1.75309 0.832124
-1.70919 0.817176
-1.65981 0.802364
-1.68724 0.802364
-1.65981 0.777977
-1.66529 0.758739
-1.70919 0.807286
-1.7037 0.792564
-1.70919 0.797456
-1.75857 0.827127
-1.71468 0.777977
-1.7037 0.773145
-1.64335 0.730333
-1.65432 0.763526
-1.60494 0.73503
-1.65432 0.773145
-1.72016 0.832124
-1.76955 0.877781
-1.8299 0.914135
-1.77503 0.86753
-1.7476 0.832124
-1.75309 0.857339
-1.68724 0.792564
-1.68176 0.777977
-1.69273 0.802364
-1.72565 0.807286
-1.76406 0.837137
-1.7037 0.807286
-1.68176 0.777977
-1.67078 0.807286
-1.68724 0.797456
-1.65981 0.792564
-1.69273 0.812224
-1.72565 0.812224
-1.73663 0.822144
-1.67627 0.787687
-1.58848 0.753967
-1.60494 0.730333
-1.59396 0.744468
-1.64883 0.782824
-1.65981 0.763526
-1.55007 0.679663
-1.53361 0.679663
-1.66529 0.773145
-1.69822 0.768328
-1.68724 0.777977
-1.69273 0.787687
-1.67078 0.807286
-1.69822 0.822144
-1.70919 0.827127
-1.81893 0.898465
-1.75857 0.86753
-1.76955 0.857339
-1.78052 0.852266
-1.8299 0.888093
-1.69273 0.812224
-1.67078 0.777977
-1.72016 0.802364
-1.74211 0.847208
-1.73663 0.842165
-1.68176 0.812224
-1.77503 0.852266
-1.7476 0.847208
-1.69273 0.807286
-1.75309 0.862427
-1.78052 0.872648
-1.77503 0.877781
-1.84636 0.898465
-1.76955 0.857339
-1.75857 0.837137
-1.64883 0.758739
-1.68176 0.753967
-1.69822 0.787687
-1.67078 0.777977
-1.72565 0.812224
-1.68724 0.792564
-1.63786 0.777977
-1.69273 0.822144
-1.76955 0.827127
-1.75857 0.812224
-1.67627 0.817176
-1.72016 0.837137
-1.65432 0.797456
-1.68176 0.812224
-1.70919 0.822144
-1.68724 0.812224
-1.60494 0.753967
-1.65981 0.74921
-1.61043 0.720985
-1.61591 0.720985
-1.64883 0.744468
-1.66529 0.773145
-1.67627 0.773145
-1.66529 0.777977
-1.60494 0.74921
-1.69822 0.802364
-1.73663 0.837137
-1.76955 0.847208
-1.65432 0.763526
-1.68724 0.812224
-1.76955 0.852266
-1.72565 0.827127
-1.73114 0.832124
-1.80247 0.888093
-1.76406 0.86753
-1.71468 0.847208
-1.75857 0.852266
-1.7476 0.847208
-1.75857 0.857339
-1.74211 0.852266
-1.75857 0.86753
-1.7476 0.852266
-1.70919 0.827127
-1.72565 0.832124
-1.7476 0.852266
-1.72016 0.812224
-1.73114 0.797456
-1.71468 0.777977
-1.78052 0.86753
-1.7476 0.852266
-1.75309 0.827127
-1.77503 0.842165
-1.84088 0.88293
-1.81893 0.862427
-1.81344 0.88293
-1.8299 0.893271
-1.71468 0.827127
-1.76955 0.86753
-1.7915 0.888093
-1.7915 0.893271
-1.77503 0.86753
-1.61043 0.725652
-1.63786 0.74921
-1.62689 0.73503
-1.64883 0.777977
-1.58848 0.720985
-1.58848 0.730333
-1.56653 0.707076
-1.58299 0.716334
-1.63237 0.768328
-1.64335 0.768328
-1.65432 0.777977
-1.7037 0.817176
-1.86283 0.919389
-1.81893 0.898465
-1.75309 0.86753
-1.7915 0.877781
-1.78052 0.86753
-1.77503 0.86753
-1.69822 0.792564
-1.59945 0.739742
-1.52263 0.670646
-1.57202 0.675147
-1.51166 0.657234
-1.58299 0.66169
-1.57202 0.66169
-1.59396 0.711697
-1.64883 0.73503
-1.69822 0.773145
-1.64883 0.711697
-1.65981 0.758739
-1.70919 0.807286
-1.62689 0.744468
-1.61591 0.744468
-1.62689 0.725652
-1.62689 0.753967
-1.64883 0.768328
-1.64883 0.744468
-1.72565 0.787687
-1.65981 0.773145
-1.66529 0.763526
-1.61043 0.725652
-1.65432 0.725652
-1.67078 0.707076
-1.67627 0.711697
-1.57202 0.609213
-1.56653 0.648367
-1.55556 0.657234
-1.56104 0.630815
-1.51166 0.579603
-1.54458 0.579603
-1.52263 0.567139
-1.55007 0.600678
-1.54458 0.600678
-1.58299 0.635181
-1.53361 0.617809
-1.54458 0.657234
-1.55007 0.66169
-1.46228 0.604938
-1.56653 0.592203
-1.57202 0.587988
-1.52812 0.550731
-1.59396 0.613504
-1.61043 0.648367
-1.67627 0.725652
-1.73114 0.707076
-1.73663 0.744468
-1.75857 0.768328
-1.67627 0.711697
-1.68724 0.707076
-1.65981 0.688741
-1.64335 0.702469
-1.61043 0.66169
-1.65432 0.693302
-1.65981 0.702469
-1.67078 0.707076
-1.64883 0.66169
-1.62689 0.670646
-1.65981 0.720985
-1.59396 0.716334
-1.63237 0.730333
-1.65432 0.725652
-1.67627 0.792564
-1.7476 0.842165
-1.80796 0.872648
-1.76955 0.862427
-1.73114 0.817176
-1.79698 0.872648
-1.67078 0.763526
-1.72565 0.807286
-1.78052 0.852266
-1.77503 0.857339
-1.73663 0.842165
-1.8299 0.88293
-1.76406 0.852266
-1.69273 0.817176
-1.67078 0.763526
-1.69273 0.817176
-1.65432 0.802364
-1.58299 0.753967
-1.71468 0.802364
-1.73663 0.812224
-1.72565 0.807286
-1.67627 0.787687
-1.62689 0.744468
-1.71468 0.807286
-1.66529 0.773145
-1.67627 0.758739
-1.68176 0.787687
-1.7037 0.787687
-1.76406 0.827127
-1.67627 0.787687
-1.76955 0.842165
-1.75857 0.842165
-1.69822 0.817176
-1.59396 0.720985
-1.65981 0.777977
-1.72016 0.802364
-1.7037 0.817176
-1.75857 0.852266
-1.76955 0.877781
-1.77503 0.86753
-1.68176 0.797456
-1.7037 0.817176
-1.76955 0.852266
-1.78601 0.88293
-1.80796 0.893271
-1.74211 0.817176
-1.66529 0.797456
-1.7037 0.827127
-1.81893 0.893271
-1.72565 0.842165
-1.70919 0.847208
-1.73663 0.852266
-1.78601 0.872648
-1.78601 0.88293
-1.83539 0.888093
-1.72016 0.822144
-1.67627 0.797456
-1.65432 0.773145
-1.70919 0.782824
-1.68724 0.768328
-1.64883 0.753967
-1.61043 0.73503
-1.62689 0.697878
-1.59396 0.711697
-1.62689 0.744468
-1.61043 0.711697
-1.63786 0.74921
-1.63237 0.744468
-1.65981 0.777977
-1.68176 0.773145
-1.67078 0.763526
-1.64335 0.763526
-1.75857 0.862427
-1.75309 0.862427
-1.73114 0.852266
-1.63237 0.787687
-1.68176 0.802364
-1.68176 0.807286
-1.69273 0.827127
-1.71468 0.822144
-1.68176 0.792564
-1.65981 0.802364
-1.67078 0.787687
-1.68176 0.802364
-1.68724 0.792564
-1.74211 0.782824
-1.69822 0.773145
-1.68724 0.777977
-1.67078 0.792564
-1.67627 0.797456
-1.67078 0.817176
-1.64335 0.812224
-1.70919 0.817176
-1.72565 0.812224
-1.72016 0.797456
-1.76406 0.832124
-1.7915 0.862427
-1.80247 0.877781
-1.7476 0.852266
-1.74211 0.842165
-1.74211 0.852266
-1.76406 0.86753
-1.69273 0.832124
-1.75309 0.862427
-1.74211 0.86753
-1.7476 0.862427
-1.72565 0.847208
-1.7476 0.842165
-1.6214 0.777977
-1.67078 0.773145
-1.61043 0.707076
-1.55556 0.684194
-1.55007 0.670646
-1.55007 0.679663
-1.46776 0.617809
-1.56653 0.688741
-1.59396 0.720985
-1.5775 0.66616
-1.53361 0.635181
-1.61591 0.693302
-1.56653 0.679663
-1.73114 0.744468
-1.58299 0.707076
-1.63237 0.684194
-1.51166 0.648367
-1.57202 0.652793
-1.64883 0.716334
-1.62689 0.730333
-1.66529 0.787687
-1.63237 0.773145
-1.72565 0.847208
-1.79698 0.877781
-1.72565 0.827127
-1.75857 0.872648
-1.74211 0.842165
-1.73114 0.842165
-1.70919 0.842165
-1.71468 0.837137
-1.77503 0.862427
-1.73114 0.837137
-1.75857 0.827127
-1.77503 0.852266
-1.72565 0.802364
-1.73114 0.802364
-1.61591 0.725652
-1.58848 0.711697
-1.63237 0.73503
-1.61043 0.688741
-1.62689 0.739742
-1.68724 0.792564
-1.67078 0.807286
-1.75309 0.822144
-1.70919 0.827127
-1.69822 0.822144
-1.68724 0.802364
-1.76955 0.852266
-1.72016 0.837137
-1.62689 0.720985
-1.6214 0.758739
-1.64335 0.782824
-1.7037 0.787687
-1.7037 0.807286
-1.63237 0.753967
-1.59945 0.725652
-1.59396 0.711697
-1.64335 0.773145
-1.60494 0.716334
-1.71468 0.797456
-1.67627 0.782824
-1.7037 0.787687
-1.73114 0.807286
-1.7037 0.797456
-1.75309 0.807286
-1.7476 0.817176
-1.70919 0.797456
-1.63786 0.763526
-1.67627 0.787687
-1.68724 0.817176
-1.66529 0.777977
-1.63786 0.74921
-1.63237 0.763526
-1.62689 0.74921
-1.63786 0.787687
-1.55007 0.753967
-1.56653 0.73503
-1.53909 0.684194
-1.61043 0.697878
-1.56104 0.716334
-1.58848 0.707076
-1.54458 0.675147
-1.61591 0.675147
-1.69273 0.707076
-1.56653 0.670646
-1.63237 0.720985
-1.64883 0.697878
-1.60494 0.652793
-1.55556 0.684194
-1.52263 0.635181
-1.51715 0.622129
-1.64883 0.720985
-1.63786 0.739742
-1.63786 0.74921
-1.69822 0.773145
-1.61591 0.725652
-1.59396 0.702469
-1.61591 0.739742
-1.64335 0.753967
-1.56104 0.711697
-1.5775 0.697878
-1.58299 0.716334
-1.71468 0.827127
-1.80247 0.86753
-1.67078 0.792564
-1.7915 0.872648
-1.78601 0.857339
-1.7476 0.86753
-1.71468 0.847208
-1.67078 0.802364
-1.73663 0.822144
-1.72565 0.812224
-1.75309 0.842165
-1.71468 0.832124
-1.67627 0.782824
-1.75309 0.852266
-1.7037 0.817176
-1.68176 0.832124
-1.77503 0.86753
-1.7476 0.842165
-1.7476 0.842165
-1.75309 0.857339
-1.75309 0.847208
-1.68176 0.797456
-1.69273 0.782824
-1.65981 0.773145
-1.67627 0.797456
-1.66529 0.768328
-1.60494 0.758739
-1.64883 0.792564
-1.69273 0.812224
-1.7476 0.847208
-1.74211 0.842165
-1.73114 0.822144
-1.79698 0.86753
-1.7476 0.827127
-1.68724 0.807286
-1.68176 0.777977
-1.64883 0.792564
-1.72565 0.817176
-1.68724 0.787687
-1.66529 0.773145
-1.65432 0.777977
-1.64335 0.763526
-1.61591 0.744468
-1.59945 0.73503
-1.64335 0.739742
-1.65432 0.792564
-1.64335 0.730333
-1.68176 0.74921
-1.66529 0.73503
-1.64335 0.725652
-1.68176 0.768328
-1.59945 0.720985
-1.6214 0.753967
-1.60494 0.758739
-1.76406 0.847208
-1.73663 0.822144
-1.69273 0.827127
-1.65432 0.802364
-1.72016 0.842165
-1.80247 0.877781
-1.70919 0.827127
-1.70919 0.807286
-1.65981 0.787687
-1.70919 0.802364
-1.64883 0.777977
-1.65432 0.792564
-1.77503 0.86753
-1.7476 0.857339
-1.72565 0.842165
-1.68724 0.822144
-1.70919 0.822144
-1.67078 0.812224
-1.73663 0.847208
-1.76955 0.862427
-1.73114 0.852266
-1.73114 0.817176
-1.76406 0.817176
-1.67078 0.797456
-1.69822 0.822144
-1.66529 0.807286
-1.69822 0.832124
-1.76406 0.86753
-1.68176 0.802364
-1.78052 0.872648
-1.7476 0.857339
-1.72565 0.837137
-1.74211 0.832124
-1.72565 0.832124
-1.68724 0.822144
-1.72016 0.847208
-1.67627 0.822144
-1.76955 0.872648
-1.65981 0.787687
-1.67627 0.822144
-1.75309 0.852266
-1.67078 0.797456
-1.67627 0.812224
-1.76406 0.857339
-1.75309 0.847208
-1.69273 0.792564
-1.7037 0.802364
-1.69822 0.807286
-1.5775 0.707076
-1.69273 0.782824
-1.65981 0.802364
-1.7037 0.827127
-1.7915 0.872648
-1.75857 0.852266
-1.76955 0.86753
-1.75857 0.86753
-1.79698 0.893271
-1.73663 0.842165
-1.69822 0.827127
-1.78601 0.86753
-1.75857 0.857339
-1.81344 0.898465
-1.71468 0.812224
-1.67078 0.768328
-1.7037 0.787687
-1.73663 0.827127
-1.76955 0.862427
-1.67627 0.802364
-1.73663 0.842165
-1.76406 0.852266
-1.65432 0.792564
-1.64883 0.758739
-1.60494 0.739742
-1.55007 0.693302
-1.58848 0.725652
-1.64883 0.739742
-1.58848 0.679663
-1.55007 0.657234
-1.63786 0.675147
-1.56653 0.657234
-1.52812 0.635181
-1.53909 0.617809
-1.47874 0.626465
-1.55556 0.707076
-1.64883 0.753967
-1.65432 0.744468
-1.63237 0.720985
-1.63237 0.725652
-1.58299 0.697878
-1.61591 0.758739
-1.66529 0.782824
-1.75857 0.827127
-1.72016 0.797456
-1.68176 0.782824
-1.61591 0.763526
-1.61043 0.763526
-1.63237 0.753967
-1.6214 0.74921
-1.69822 0.768328
-1.73114 0.792564
-1.69822 0.74921
-1.62689 0.688741
-1.63237 0.725652
-1.67078 0.739742
-1.6214 0.702469
-1.6214 0.684194
-1.62689 0.702469
-1.63786 0.73503
-1.73663 0.792564
-1.7037 0.797456
-1.69273 0.802364
-1.67078 0.777977
-1.77503 0.827127
-1.75309 0.842165
-1.78052 0.86753
-1.75857 0.842165
-1.76955 0.862427
-1.7915 0.86753
-1.70919 0.837137
-1.70919 0.822144
-1.80796 0.888093
-1.74211 0.797456
-1.70919 0.782824
-1.72016 0.797456
-1.67627 0.763526
-1.68724 0.812224
-1.69273 0.832124
-1.73114 0.847208
-1.67078 0.802364
-1.67627 0.797456
-1.61591 0.753967
-1.66529 0.716334
-1.62689 0.73503
-1.6214 0.768328
-1.6214 0.768328
-1.65981 0.744468
-1.61043 0.725652
-1.65432 0.744468
-1.72565 0.797456
-1.55556 0.730333
-1.64883 0.792564
-1.64883 0.797456
-1.59945 0.73503
-1.59396 0.716334
-1.55007 0.66169
-1.50617 0.643957
-1.55556 0.657234
-1.51715 0.639561
-1.53909 0.630815
-1.56653 0.592203
-1.48422 0.579603
-1.53361 0.639561
-1.59396 0.613504
-1.58848 0.604938
-1.61591 0.583788
-1.57202 0.558905
-1.50617 0.542617
-1.5775 0.583788
-1.64883 0.702469
-1.7037 0.763526
-1.73114 0.817176
-1.77503 0.837137
-1.68176 0.777977
-1.73663 0.802364
-1.73114 0.812224
-1.69822 0.807286
-1.69822 0.782824
-1.5775 0.730333
-1.59396 0.720985
-1.62689 0.773145
-1.70919 0.812224
-1.70919 0.777977
-1.59396 0.753967
-1.68724 0.787687
-1.71468 0.817176
-1.72016 0.817176
-1.73663 0.847208
-1.86831 0.924658
-1.72016 0.822144
-1.75857 0.86753
-1.78601 0.86753
-1.72016 0.827127
-1.6214 0.768328
-1.65432 0.792564
-1.60494 0.725652
-1.58848 0.74921
-1.67627 0.782824
-1.61043 0.73503
-1.57202 0.73503
-1.54458 0.648367
-1.57202 0.702469
-1.64335 0.758739
-1.71468 0.817176
-1.73663 0.847208
-1.78052 0.872648
-1.73114 0.847208
-1.78052 0.86753
-1.72016 0.857339
-1.65981 0.802364
-1.7476 0.837137
-1.82442 0.903673
-1.76955 0.862427
-1.7037 0.822144
-1.73663 0.847208
-1.74211 0.847208
-1.71468 0.827127
-1.78601 0.888093
-1.75857 0.862427
-1.67078 0.807286
-1.75309 0.857339
-1.64335 0.773145
-1.59396 0.739742
-1.53361 0.707076
-1.51166 0.688741
-1.47874 0.66616
-1.54458 0.643957
-1.59945 0.622129
-1.62689 0.670646
-1.59396 0.657234
-1.7037 0.707076
-1.7037 0.739742
-1.68176 0.720985
-1.63237 0.702469
-1.62689 0.753967
-1.63237 0.763526
-1.64335 0.773145
-1.67078 0.807286
-1.69273 0.787687
-1.66529 0.768328
-1.61591 0.753967
-1.67078 0.777977
-1.65981 0.792564
-1.63237 0.753967
-1.72016 0.847208
-1.71468 0.837137
-1.67078 0.787687
-1.7037 0.822144
-1.63237 0.782824
-1.66529 0.773145
-1.65432 0.739742
-1.68724 0.792564
-1.70919 0.817176
-1.69273 0.792564
-1.70919 0.807286
-1.73663 0.812224
-1.67627 0.797456
-1.72565 0.832124
-1.7476 0.862427
-1.80796 0.888093
-1.77503 0.872648
-1.73663 0.852266
-1.78601 0.857339
-1.7476 0.842165
-1.78601 0.857339
-1.73114 0.827127
-1.69822 0.802364
-1.72016 0.802364
-1.7915 0.852266
-1.76955 0.827127
-1.7915 0.86753
-1.76406 0.852266
-1.76955 0.862427
-1.75857 0.842165
-1.73663 0.827127
-1.68176 0.807286
-1.71468 0.827127
-1.69822 0.797456
-1.61043 0.744468
-1.68176 0.817176
-1.68724 0.797456
-1.67078 0.782824
-1.77503 0.852266
-1.77503 0.86753
-1.76955 0.872648
-1.80796 0.888093
-1.75309 0.847208
-1.68176 0.822144
-1.68724 0.807286
-1.73663 0.842165
-1.68724 0.812224
-1.64883 0.787687
-1.70919 0.807286
-1.65981 0.812224
-1.66529 0.787687
-1.69822 0.777977
-1.73114 0.807286
-1.72016 0.792564
-1.75857 0.837137
-1.72565 0.827127
-1.65432 0.797456
-1.69822 0.827127
-1.7915 0.857339
-1.7037 0.827127
-1.73114 0.837137
-1.72016 0.802364
-1.69273 0.797456
-1.58848 0.73503
-1.5775 0.697878
-1.66529 0.74921
-1.67078 0.739742
-1.65981 0.702469
-1.64883 0.753967
-1.66529 0.787687
-1.68176 0.787687
-1.69822 0.812224
-1.7476 0.842165
-1.70919 0.827127
-1.75309 0.852266
-1.7476 0.847208
-1.71468 0.842165
-1.76955 0.86753
-1.73114 0.842165
-1.79698 0.86753
-1.84636 0.919389
-1.73663 0.862427
-1.67627 0.802364
-1.69273 0.802364
-1.72016 0.812224
-1.72016 0.812224
-1.66529 0.812224
-1.67078 0.773145
-1.72016 0.797456
-1.72565 0.797456
-1.64335 0.716334
-1.67078 0.720985
-1.59396 0.670646
-1.61591 0.707076
-1.63237 0.720985
-1.66529 0.707076
-1.64335 0.74921
-1.6214 0.716334
-1.64883 0.725652
-1.58299 0.711697
-1.56653 0.725652
-1.67078 0.817176
-1.73663 0.842165
-1.78052 0.847208
-1.77503 0.857339
-1.79698 0.888093
-1.77503 0.872648
-1.80247 0.872648
-1.78052 0.857339
-1.68724 0.787687
-1.65432 0.777977
-1.61043 0.73503
-1.65981 0.787687
-1.67078 0.797456
-1.75857 0.852266
-1.7915 0.877781
-1.8299 0.898465
-1.78052 0.837137
-1.69273 0.753967
-1.61591 0.716334
-1.55556 0.670646
-1.58848 0.697878
-1.70919 0.802364
-1.69273 0.802364
-1.61043 0.744468
-1.58848 0.720985
-1.6214 0.73503
-1.60494 0.744468
-1.66529 0.792564
-1.67627 0.782824
-1.70919 0.827127
-1.64335 0.792564
-1.65981 0.787687
-1.6214 0.74921
-1.63786 0.777977
-1.80247 0.872648
-1.76955 0.837137
-1.7476 0.842165
-1.77503 0.862427
-1.78052 0.877781
-1.72016 0.832124
-1.74211 0.837137
-1.78601 0.86753
-1.65432 0.787687
-1.72016 0.812224
-1.75857 0.827127
-1.83539 0.877781
-1.73114 0.847208
-1.65981 0.777977
-1.69273 0.812224
-1.75309 0.847208
-1.73114 0.847208
-1.81893 0.903673
-1.76955 0.872648
-1.68176 0.787687
-1.71468 0.802364
-1.73663 0.832124
-1.66529 0.782824
-1.60494 0.720985
-1.70919 0.797456
-1.74211 0.822144
-1.73114 0.822144
-1.7037 0.822144
-1.71468 0.802364
-1.65432 0.792564
-1.64883 0.797456
-1.63786 0.74921
-1.59396 0.707076
-1.64883 0.73503
-1.65981 0.777977
-1.58848 0.720985
-1.60494 0.753967
-1.7037 0.812224
-1.72565 0.812224
-1.75857 0.827127
-1.67627 0.768328
-1.68176 0.782824
-1.67627 0.773145
-1.75857 0.787687
-1.70919 0.74921
-1.72016 0.739742
-1.72565 0.753967
-1.73114 0.777977
-1.7037 0.744468
-1.64883 0.702469
-1.63786 0.675147
-1.63237 0.652793
-1.64335 0.639561
-1.69273 0.730333
-1.71468 0.744468
-1.68176 0.720985
-1.72565 0.782824
-1.67078 0.753967
-1.70919 0.797456
-1.66529 0.782824
-1.57202 0.73503
-1.66529 0.758739
-1.72016 0.822144
-1.73114 0.822144
-1.69822 0.802364
-1.72565 0.812224
-1.73663 0.822144
-1.77503 0.837137
-1.70919 0.773145
-1.72016 0.797456
-1.66529 0.763526
-1.63786 0.782824
-1.65432 0.763526
-1.67078 0.777977
-1.67627 0.773145
-1.60494 0.697878
-1.67078 0.707076
-1.64335 0.702469
-1.56104 0.670646
-1.48971 0.622129
-1.52812 0.643957
-1.59945 0.716334
-1.60494 0.73503
-1.73663 0.857339
-1.72016 0.822144
-1.68724 0.773145
-1.7037 0.777977
-1.69273 0.807286
-1.65981 0.787687
-1.59945 0.744468
-1.59396 0.73503
-1.61591 0.753967
-1.57202 0.679663
-1.69822 0.773145
-1.74211 0.857339
-1.75857 0.862427
-1.74211 0.812224
-1.68724 0.773145
-1.74211 0.807286
-1.68724 0.797456
-1.73114 0.827127
-1.68724 0.812224
-1.67078 0.802364
-1.64335 0.787687
-1.71468 0.837137
-1.7037 0.817176
-1.67627 0.777977
-1.62689 0.768328
-1.56653 0.725652
-1.63786 0.74921
-1.66529 0.753967
-1.73114 0.832124
-1.78601 0.877781
-1.7915 0.877781
-1.80796 0.893271
-1.85185 0.919389
-1.87929 0.93524
-1.76955 0.872648
-1.76955 0.862427
-1.72565 0.842165
-1.70919 0.837137
-1.75857 0.847208
-1.7915 0.88293
-1.79698 0.877781
-1.75857 0.857339
-1.76955 0.857339
-1.67627 0.802364
-1.70919 0.807286
-1.72565 0.817176
-1.73663 0.837137
-1.64883 0.782824
-1.69822 0.802364
-1.66529 0.792564
-1.75309 0.857339
-1.74211 0.852266
-1.59945 0.773145
-1.63786 0.763526
-1.75857 0.837137
-1.7037 0.802364
-1.80247 0.877781
-1.80796 0.857339
-1.80796 0.86753
-1.84636 0.903673
-1.73114 0.827127
-1.73663 0.832124
-1.75857 0.852266
-1.72016 0.822144
-1.7476 0.807286
-1.75309 0.837137
-1.67627 0.807286
-1.69822 0.827127
-1.7037 0.832124
-1.77503 0.877781
-1.76955 0.86753
-1.71468 0.807286
-1.7037 0.797456
-1.70919 0.817176
-1.78601 0.872648
-1.8299 0.898465
-1.7037 0.832124
-1.67627 0.777977
-1.71468 0.832124
-1.65432 0.797456
-1.63786 0.787687
-1.6214 0.792564
-1.68176 0.802364
-1.69273 0.822144
-1.75309 0.86753
-1.70919 0.832124
-1.63237 0.787687
-1.76406 0.862427
-1.70919 0.832124
-1.72565 0.827127
-1.63786 0.758739
-1.61043 0.725652
-1.68724 0.807286
-1.72565 0.842165
-1.65432 0.792564
-1.71468 0.802364
-1.72016 0.812224
-1.68724 0.797456
-1.75857 0.822144
-1.67078 0.787687
-1.73114 0.832124
-1.70919 0.787687
-1.65981 0.787687
-1.73663 0.822144
-1.7037 0.807286
-1.78052 0.837137
-1.65432 0.758739
-1.46776 0.596433
-1.47325 0.626465
-1.50069 0.648367
-1.50617 0.675147
-1.53909 0.684194
-1.69273 0.782824
-1.66529 0.777977
-1.71468 0.777977
-1.70919 0.768328
-1.60494 0.693302
-1.58299 0.679663
-1.6214 0.66616
-1.65432 0.684194
-1.59945 0.639561
-1.5775 0.635181
-1.5775 0.626465
-1.47874 0.55481
-1.57202 0.639561
-1.53361 0.613504
-1.55007 0.622129
-1.56653 0.630815
-1.52812 0.613504
-1.58848 0.622129
-1.55007 0.592203
-1.61591 0.622129
-1.63237 0.587988
-1.67078 0.613504
-1.66529 0.648367
-1.65432 0.622129
-1.62689 0.635181
-1.62689 0.652793
-1.64883 0.657234
-1.68724 0.688741
-1.6214 0.670646
-1.69273 0.730333
-1.7037 0.744468
-1.63786 0.716334
-1.63237 0.725652
-1.70919 0.797456
-1.73114 0.837137
-1.71468 0.807286
-1.7476 0.842165
-1.69822 0.797456
-1.74211 0.842165
-1.73663 0.832124
-1.76406 0.857339
-1.78601 0.86753
-1.76955 0.86753
-1.68724 0.807286
-1.72565 0.842165
-1.80247 0.888093
-1.80247 0.872648
-1.78052 0.88293
-1.76955 0.872648
-1.72016 0.837137
-1.65981 0.802364
-1.65981 0.792564
-1.6214 0.758739
-1.67627 0.787687
-1.57202 0.725652
-1.66529 0.777977
-1.70919 0.822144
-1.77503 0.857339
-1.78601 0.862427
-1.76955 0.852266
-1.78052 0.877781
-1.76955 0.872648
-1.7476 0.857339
-1.75857 0.857339
-1.7037 0.827127
-1.69273 0.802364
-1.67627 0.787687
-1.74211 0.807286
-1.74211 0.827127
-1.63237 0.763526
-1.67078 0.797456
-1.68724 0.817176
-1.67627 0.777977
-1.7476 0.822144
-1.78601 0.847208
-1.81344 0.857339
-1.76955 0.842165
-1.69273 0.812224
-1.64335 0.782824
-1.62689 0.758739
-1.64335 0.777977
-1.65981 0.763526
-1.67078 0.763526
-1.72016 0.827127
-1.75857 0.837137
-1.73114 0.827127
-1.7037 0.797456
-1.69822 0.792564
-1.68724 0.768328
-1.65981 0.763526
-1.69822 0.768328
-1.6214 0.730333
-1.68176 0.768328
-1.68176 0.768328
-1.63786 0.74921
-1.67627 0.763526
-1.67078 0.74921
-1.63786 0.711697
-1.60494 0.73503
-1.61591 0.763526
-1.65981 0.792564
-1.63237 0.773145
-1.53361 0.684194
-1.59396 0.739742
-1.68176 0.802364
-1.67627 0.787687
-1.61591 0.744468
-1.70919 0.817176
-1.74211 0.812224
-1.74211 0.842165
-1.75309 0.832124
-1.67078 0.782824
-1.75309 0.827127
-1.67627 0.807286
-1.7476 0.852266
-1.8299 0.903673
-1.8299 0.903673
-1.7476 0.862427
-1.7476 0.857339
-1.78052 0.862427
-1.82442 0.903673
-1.75309 0.852266
-1.84088 0.919389
-1.75309 0.857339
-1.72565 0.827127
-1.76406 0.842165
-1.57202 0.711697
-1.56653 0.697878
-1.65432 0.730333
-1.72565 0.817176
-1.68176 0.777977
-1.5775 0.720985
-1.60494 0.739742
-1.58299 0.730333
-1.67627 0.74921
-1.61043 0.720985
-1.61043 0.753967
-1.65981 0.739742
-1.69822 0.763526
-1.70919 0.777977
-1.72016 0.768328
-1.68176 0.782824
-1.67627 0.787687
-1.65981 0.74921
-1.63786 0.73503
-1.63786 0.73503
-1.69273 0.768328
-1.76955 0.827127
-1.72565 0.827127
-1.72016 0.847208
-1.72565 0.847208
-1.76955 0.877781
-1.85734 0.924658
-1.84088 0.908897
-1.84088 0.919389
-1.84636 0.919389
-1.83539 0.908897
-1.76955 0.872648
-1.79698 0.872648
-1.75857 0.837137
-1.78052 0.812224
-1.74211 0.812224
-1.67078 0.792564
-1.67078 0.802364
-1.65981 0.782824
-1.68724 0.797456
-1.68724 0.782824
-1.75309 0.837137
-1.69273 0.792564
-1.7037 0.777977
-1.72565 0.782824
-1.60494 0.739742
-1.61591 0.693302
-1.57202 0.697878
-1.61591 0.716334
-1.65432 0.730333
-1.67078 0.763526
-1.67627 0.773145
-1.69822 0.812224
-1.67078 0.797456
-1.62689 0.768328
-1.65432 0.782824
-1.6214 0.758739
-1.61591 0.74921
-1.5775 0.753967
-1.58848 0.753967
-1.54458 0.730333
-1.56653 0.716334
-1.61591 0.768328
-1.64883 0.758739
-1.64335 0.74921
-1.6214 0.730333
-1.69273 0.777977
-1.68724 0.817176
-1.7476 0.837137
-1.73663 0.847208
-1.76406 0.852266
-1.73663 0.847208
-1.7476 0.852266
-1.76406 0.857339
-1.72565 0.827127
-1.68724 0.807286
-1.78601 0.88293
-1.7037 0.827127
-1.69822 0.812224
-1.74211 0.832124
-1.72016 0.847208
-1.75857 0.877781
-1.75309 0.862427
-1.76406 0.877781
-1.72016 0.832124
-1.68724 0.812224
-1.62689 0.773145
-1.70919 0.822144
-1.69273 0.782824
-1.68724 0.777977
-1.6214 0.74921
-1.61043 0.702469
-1.67627 0.739742
-1.54458 0.670646
-1.61043 0.697878
-1.72016 0.782824
-1.64883 0.73503
-1.6214 0.768328
-1.72016 0.832124
-1.75309 0.852266
-1.64335 0.768328
-1.64335 0.802364
-1.70919 0.832124
-1.71468 0.822144
-1.71468 0.822144
-1.69273 0.827127
-1.66529 0.782824
-1.6214 0.753967
-1.59945 0.684194
-1.64335 0.730333
-1.67627 0.777977
-1.72565 0.787687
-1.72016 0.787687
-1.77503 0.817176
-1.7037 0.792564
-1.64335 0.716334
-1.66529 0.716334
-1.68176 0.716334
-1.68724 0.707076
-1.68176 0.730333
-1.62689 0.702469
-1.59945 0.66616
-1.59396 0.693302
-1.52812 0.66616
-1.52812 0.626465
-1.45679 0.609213
-1.52812 0.639561
-1.59945 0.670646
-1.64335 0.73503
-1.66529 0.777977
-1.68176 0.773145
-1.70919 0.773145
-1.71468 0.753967
-1.74211 0.782824
-1.7476 0.753967
-1.70919 0.739742
-1.6214 0.66616
-1.60494 0.66616
-1.59945 0.675147
-1.64335 0.66616
-1.59945 0.670646
-1.65432 0.679663
-1.72565 0.768328
-1.68724 0.758739
-1.63237 0.716334
-1.6214 0.688741
-1.58848 0.697878
-1.66529 0.73503
-1.67078 0.773145
-1.74211 0.832124
-1.7037 0.817176
-1.72565 0.807286
-1.75309 0.802364
-1.72565 0.768328
-1.66529 0.725652
-1.69822 0.73503
-1.63237 0.716334
-1.64883 0.707076
-1.61043 0.66616
-1.67078 0.739742
-1.67078 0.758739
-1.78052 0.862427
-1.75309 0.857339
-1.85734 0.924658
-1.86283 0.924658
-1.88477 0.940554
-1.80247 0.898465
-1.88477 0.940554
-1.79698 0.88293
-1.76406 0.872648
-1.7476 0.842165
-1.68724 0.787687
-1.72565 0.802364
-1.73114 0.822144
-1.69822 0.792564
-1.69822 0.802364
-1.77503 0.86753
-1.74211 0.847208
-1.68176 0.832124
-1.7476 0.837137
-1.78052 0.88293
-1.7476 0.857339
-1.67627 0.822144
-1.75857 0.872648
-1.75857 0.872648
-1.78052 0.872648
-1.72565 0.832124
-1.74211 0.852266
-1.72016 0.832124
-1.67627 0.812224
-1.7037 0.832124
-1.79698 0.88293
-1.73114 0.827127
-1.7037 0.827127
-1.78601 0.877781
-1.82442 0.893271
-1.78601 0.857339
-1.77503 0.86753
-1.71468 0.837137
-1.64883 0.787687
-1.59396 0.758739
-1.65981 0.782824
-1.63237 0.777977
-1.66529 0.787687
-1.62689 0.74921
-1.68176 0.753967
-1.7037 0.773145
-1.7476 0.817176
-1.78052 0.86753
-1.7476 0.86753
-1.76955 0.857339
-1.76955 0.86753
-1.73114 0.822144
-1.7037 0.797456
-1.66529 0.802364
-1.63237 0.758739
-1.61591 0.744468
-1.61591 0.74921
-1.64883 0.74921
-1.67627 0.797456
-1.67078 0.73503
-1.62689 0.720985
-1.61591 0.688741
-1.57202 0.652793
-1.57202 0.635181
-1.60494 0.657234
-1.66529 0.73503
-1.66529 0.730333
-1.65981 0.720985
-1.61591 0.730333
-1.60494 0.711697
-1.61591 0.711697
-1.56653 0.702469
-1.56104 0.675147
-1.55556 0.639561
-1.61043 0.657234
-1.63237 0.707076
-1.62689 0.725652
-1.70919 0.744468
-1.66529 0.720985
-1.64883 0.744468
-1.78052 0.857339
-1.68176 0.807286
-1.68176 0.777977
-1.69273 0.817176
-1.70919 0.837137
-1.63237 0.782824
-1.73663 0.847208
-1.81344 0.888093
-1.75309 0.852266
-1.70919 0.832124
-1.72565 0.822144
-1.75857 0.862427
-1.80247 0.888093
-1.73663 0.847208
-1.64883 0.782824
-1.65432 0.792564
-1.69273 0.807286
-1.68724 0.807286
-1.66529 0.768328
-1.65981 0.787687
-1.78601 0.872648
-1.82442 0.872648
-1.76406 0.842165
-1.73114 0.812224
-1.70919 0.782824
-1.63237 0.768328
-1.69822 0.812224
-1.73663 0.837137
-1.69822 0.802364
-1.67627 0.802364
-1.74211 0.822144
-1.77503 0.837137
-1.68724 0.827127
-1.65432 0.782824
-1.61043 0.773145
-1.67078 0.792564
-1.74211 0.847208
-1.72565 0.822144
-1.71468 0.817176
-1.63237 0.777977
-1.67627 0.812224
-1.7476 0.837137
-1.73114 0.842165
-1.75309 0.852266
-1.7037 0.827127
-1.67078 0.802364
-1.67627 0.782824
-1.67078 0.777977
-1.64883 0.763526
-1.68176 0.777977
-1.64883 0.773145
-1.66529 0.787687
-1.76406 0.877781
-1.78601 0.888093
-1.71468 0.832124
-1.72016 0.842165
-1.69273 0.807286
-1.62689 0.758739
-1.74211 0.842165
-1.73114 0.847208
-1.67627 0.797456
-1.72565 0.837137
-1.73663 0.812224
-1.67078 0.768328
-1.67078 0.744468
-1.69273 0.763526
-1.65981 0.787687
-1.74211 0.842165
-1.70919 0.827127
-1.70919 0.817176
-1.63237 0.753967
-1.5775 0.720985
-1.65981 0.744468
-1.64883 0.739742
-1.73663 0.822144
-1.72016 0.847208
-1.72565 0.857339
-1.66529 0.782824
-1.74211 0.852266
-1.81344 0.872648
-1.77503 0.877781
-1.7037 0.832124
-1.68724 0.837137
-1.58848 0.763526
-1.67627 0.782824
-1.69273 0.812224
-1.7476 0.842165
-1.73114 0.847208
-1.69822 0.807286
-1.7476 0.852266
-1.75857 0.857339
-1.73663 0.847208
-1.61591 0.768328
-1.68724 0.807286
-1.74211 0.792564
-1.74211 0.822144
-1.69822 0.807286
-1.70919 0.817176
-1.76955 0.842165
-1.65432 0.768328
-1.58848 0.720985
-1.7037 0.807286
-1.64335 0.763526
-1.67627 0.773145
-1.60494 0.707076
-1.6214 0.730333
-1.63786 0.74921
-1.71468 0.807286
-1.67078 0.797456
-1.65432 0.807286
-1.72565 0.827127
-1.65432 0.763526
-1.60494 0.711697
-1.62689 0.684194
-1.63237 0.66616
-1.65432 0.768328
-1.7476 0.812224
-1.67627 0.74921
-1.76955 0.807286
-1.69822 0.782824
-1.68724 0.782824
-1.65981 0.763526
-1.63237 0.725652
-1.59945 0.725652
-1.58299 0.73503
-1.53361 0.716334
-1.54458 0.693302
-1.60494 0.702469
-1.65981 0.739742
-1.64883 0.697878
-1.6214 0.652793
-1.63786 0.697878
-1.65432 0.716334
-1.61591 0.643957
-1.68176 0.66169
-1.70919 0.739742
-1.70919 0.73503
-1.68724 0.739742
-1.6214 0.725652
-1.61043 0.73503
-1.59396 0.693302
-1.61591 0.693302
-1.64335 0.725652
-1.57202 0.670646
-1.55556 0.670646
-1.54458 0.693302
-1.63786 0.73503
-1.6214 0.773145
-1.61043 0.730333
-1.67627 0.822144
-1.72016 0.842165
-1.65981 0.782824
-1.76955 0.86753
-1.78052 0.857339
-1.7915 0.86753
-1.73663 0.862427
-1.68724 0.807286
-1.72565 0.847208
-1.75309 0.837137
-1.77503 0.857339
-1.76406 0.852266
-1.7476 0.827127
-1.76406 0.837137
-1.72565 0.822144
-1.7037 0.792564
-1.75857 0.862427
-1.78052 0.872648
-1.76955 0.862427
-1.68724 0.807286
-1.59945 0.758739
-1.65981 0.782824
-1.64335 0.739742
-1.63786 0.744468
-1.68176 0.817176
-1.75857 0.852266
-1.7476 0.842165
-1.7037 0.792564
-1.69822 0.812224
-1.73114 0.832124
-1.69273 0.787687
-1.62689 0.744468
-1.69273 0.797456
-1.71468 0.822144
-1.73114 0.852266
-1.65432 0.74921
-1.63786 0.768328
-1.63237 0.744468
-1.65981 0.739742
-1.67078 0.773145
-1.69822 0.777977
-1.61591 0.739742
-1.61043 0.739742
-1.59396 0.763526
-1.56653 0.739742
-1.61043 0.753967
-1.59945 0.725652
-1.67078 0.782824
-1.62689 0.725652
-1.60494 0.720985
-1.73663 0.817176
-1.76955 0.872648
-1.7915 0.877781
-1.79698 0.877781
-1.78601 0.862427
-1.77503 0.88293
-1.78601 0.88293
-1.75857 0.857339
-1.83539 0.908897
-1.79698 0.893271
-1.85185 0.914135
-1.89026 0.945883
-1.80247 0.898465
-1.78601 0.888093
-1.80796 0.86753
-1.81893 0.872648
-1.75857 0.852266
-1.68176 0.842165
-1.72565 0.832124
-1.65432 0.74921
-1.71468 0.758739
-1.69273 0.758739
-1.70919 0.744468
-1.75309 0.812224
-1.76406 0.802364
-1.67078 0.74921
-1.65981 0.73503
-1.63237 0.730333
-1.60494 0.753967
-1.66529 0.807286
-1.74211 0.847208
-1.73114 0.837137
-1.62689 0.777977
-1.7476 0.862427
-1.83539 0.903673
-1.7915 0.877781
-1.73663 0.842165
-1.7476 0.837137
-1.64335 0.792564
-1.62689 0.758739
-1.53909 0.66616
-1.55556 0.716334
-1.58299 0.725652
-1.65981 0.753967
-1.70919 0.797456
-1.63237 0.753967
-1.57202 0.720985
-1.72565 0.832124
-1.62689 0.768328
-1.66529 0.797456
-1.62689 0.768328
-1.68176 0.797456
-1.65432 0.773145
-1.66529 0.802364
-1.61043 0.739742
-1.69822 0.782824
-1.67627 0.782824
-1.7037 0.802364
-1.75857 0.822144
-1.59396 0.711697
-1.61043 0.753967
-1.56104 0.711697
-1.67627 0.773145
-1.64335 0.73503
-1.61591 0.744468
-1.58299 0.730333
-1.5775 0.688741
-1.48971 0.66169
-1.58848 0.711697
-1.65432 0.730333
-1.61043 0.711697
-1.64883 0.711697
-1.63237 0.670646
-1.60494 0.635181
-1.55007 0.622129
-1.59396 0.630815
-1.55556 0.596433
-1.64335 0.639561
-1.66529 0.66169
-1.65432 0.643957
-1.59396 0.630815
-1.58299 0.622129
-1.64335 0.630815
-1.59396 0.613504
-1.56653 0.613504
-1.5775 0.617809
-1.6214 0.635181
-1.60494 0.652793
-1.66529 0.716334
-1.61043 0.66616
-1.64335 0.688741
-1.59396 0.675147
-1.68724 0.792564
-1.63786 0.773145
-1.67627 0.797456
-1.67078 0.773145
-1.71468 0.812224
-1.79698 0.86753
-1.76406 0.847208
-1.78052 0.877781
-1.74211 0.852266
-1.73663 0.852266
-1.7476 0.857339
-1.75857 0.862427
-1.80796 0.88293
-1.7476 0.847208
-1.73114 0.832124
-1.73663 0.857339
-1.73663 0.857339
-1.7915 0.862427
-1.72016 0.842165
-1.68724 0.812224
-1.78052 0.872648
-1.74211 0.847208
-1.78052 0.877781
-1.76406 0.86753
-1.73114 0.832124
-1.78052 0.857339
-1.76955 0.852266
-1.78052 0.88293
-1.69273 0.817176
-1.7037 0.822144
-1.7037 0.817176
-1.73114 0.817176
-1.70919 0.812224
-1.72565 0.792564
-1.69822 0.777977
-1.60494 0.730333
-1.63237 0.739742
-1.65432 0.777977
-1.71468 0.782824
-1.69273 0.777977
-1.67078 0.763526
-1.69822 0.782824
-1.75309 0.847208
-1.6214 0.74921
-1.69822 0.802364
-1.75309 0.842165
-1.80247 0.877781
-1.76955 0.86753
-1.75309 0.852266
-1.67627 0.807286
-1.74211 0.837137
-1.78052 0.872648
-1.67078 0.782824
-1.68724 0.807286
-1.67627 0.807286
-1.74211 0.837137
-1.77503 0.847208
-1.75309 0.802364
-1.69273 0.777977
-1.71468 0.802364
-1.67627 0.777977
-1.68724 0.787687
-1.75857 0.817176
-1.76955 0.857339
-1.79698 0.872648
-1.7476 0.857339
-1.7476 0.852266
-1.67627 0.802364
-1.69822 0.827127
-1.67078 0.802364
-1.7037 0.807286
-1.65981 0.802364
-1.58299 0.725652
-1.63786 0.74921
-1.6214 0.74921
-1.70919 0.802364
-1.72565 0.837137
-1.73114 0.827127
-1.72016 0.817176
-1.72016 0.802364
-1.69822 0.768328
-1.61591 0.720985
-1.73114 0.763526
-1.69273 0.768328
-1.63786 0.730333
-1.7037 0.763526
-1.68724 0.73503
-1.64335 0.702469
-1.59396 0.648367
-1.58848 0.609213
-1.63786 0.652793
-1.63237 0.688741
-1.66529 0.675147
-1.65432 0.697878
-1.62689 0.648367
-1.67078 0.707076
-1.65432 0.693302
-1.68176 0.73503
-1.68724 0.758739
-1.69273 0.763526
-1.68724 0.758739
-1.67078 0.73503
-1.72016 0.744468
-1.66529 0.716334
-1.65432 0.702469
-1.69822 0.74921
-1.61043 0.707076
-1.63786 0.688741
-1.66529 0.730333
-1.63786 0.697878
-1.56653 0.675147
-1.61043 0.679663
-1.52812 0.626465
-1.4952 0.600678
-1.50617 0.609213
-1.50069 0.571279
-1.43484 0.567139
-1.58848 0.617809
-1.6214 0.670646
-1.64883 0.684194
-1.61591 0.66169
-1.61043 0.702469
-1.53361 0.635181
-1.56653 0.707076
-1.65432 0.758739
-1.72016 0.807286
-1.59945 0.739742
-1.7037 0.822144
-1.75309 0.837137
-1.63237 0.787687
-1.62689 0.787687
-1.7476 0.847208
-1.76955 0.857339
-1.66529 0.797456
-1.56653 0.73503
-1.62689 0.758739
-1.61591 0.73503
-1.65981 0.758739
-1.68176 0.782824
-1.7037 0.792564
-1.66529 0.792564
-1.68176 0.792564
-1.7037 0.797456
-1.65981 0.787687
-1.67627 0.802364
-1.72565 0.812224
-1.68176 0.782824
-1.64335 0.768328
-1.58299 0.758739
-1.62689 0.773145
-1.67078 0.807286
-1.70919 0.787687
-1.63237 0.730333
-1.69273 0.758739
-1.63786 0.716334
-1.68724 0.797456
-1.64883 0.777977
-1.67627 0.807286
-1.69822 0.832124
-1.58299 0.739742
-1.65432 0.739742
-1.64883 0.758739
-1.55007 0.648367
-1.61043 0.702469
-1.53361 0.670646
-1.5775 0.652793
-1.65432 0.716334
-1.61043 0.720985
-1.67078 0.753967
-1.65981 0.74921
-1.7476 0.812224
-1.7476 0.787687
-1.68176 0.716334
-1.64335 0.725652
-1.62689 0.758739
-1.66529 0.74921
-1.63237 0.730333
-1.72565 0.787687
-1.72565 0.817176
-1.6214 0.74921
-1.61043 0.73503
-1.63786 0.773145
-1.60494 0.73503
-1.59945 0.763526
-1.64883 0.753967
-1.55556 0.684194
-1.46228 0.626465
-1.50069 0.622129
-1.52812 0.670646
-1.58848 0.711697
-1.58299 0.739742
-1.59945 0.725652
-1.6214 0.720985
-1.60494 0.711697
-1.65981 0.739742
-1.65432 0.739742
-1.64335 0.739742
-1.68724 0.725652
-1.65432 0.758739
-1.5775 0.707076
-1.56104 0.716334
-1.63237 0.782824
-1.63237 0.777977
-1.60494 0.787687
-1.65981 0.802364
-1.73663 0.857339
-1.69273 0.827127
-1.73663 0.847208
-1.67078 0.812224
-1.73114 0.837137
-1.77503 0.872648
-1.78052 0.862427
-1.78052 0.842165
-1.75309 0.832124
-1.64883 0.768328
-1.75857 0.822144
-1.76406 0.852266
-1.80247 0.86753
-1.76406 0.857339
-1.72565 0.832124
-1.78052 0.877781
-1.78052 0.877781
-1.88477 0.93524
-1.84088 0.908897
-1.70919 0.827127
-1.70919 0.817176
-1.70919 0.817176
-1.65981 0.797456
-1.73663 0.817176
-1.64883 0.773145
-1.69822 0.792564
-1.68176 0.787687
-1.71468 0.832124
-1.70919 0.827127
-1.72016 0.822144
-1.66529 0.773145
-1.75309 0.842165
-1.73114 0.802364
-1.73663 0.807286
-1.76406 0.862427
-1.86283 0.924658
-1.79698 0.877781
-1.73663 0.832124
-1.67078 0.787687
-1.59945 0.744468
-1.59396 0.730333
-1.69273 0.773145
-1.72565 0.827127
-1.73114 0.852266
-1.67627 0.812224
-1.73663 0.837137
-1.70919 0.832124
-1.63786 0.768328
-1.64883 0.758739
-1.63237 0.773145
-1.68176 0.802364
-1.67078 0.777977
-1.63786 0.753967
-1.68724 0.807286
-1.63237 0.74921
-1.59396 0.739742
-1.64335 0.74921
-1.65981 0.782824
-1.62689 0.758739
-1.58848 0.702469
-1.61043 0.702469
-1.58848 0.693302
-1.62689 0.707076
-1.63786 0.716334
-1.63786 0.74921
-1.70919 0.782824
-1.7037 0.782824
-1.71468 0.817176
-1.74211 0.822144
-1.71468 0.817176
-1.74211 0.852266
-1.75857 0.837137
-1.73114 0.802364
-1.75857 0.822144
-1.69822 0.782824
-1.7476 0.822144
-1.7476 0.797456
-1.74211 0.797456
-1.72565 0.792564
-1.65432 0.74921
-1.68176 0.758739
-1.63237 0.744468
-1.68724 0.797456
-1.70919 0.802364
-1.7476 0.842165
-1.69822 0.782824
-1.7476 0.832124
-1.72565 0.817176
-1.7476 0.852266
-1.78052 0.86753
-1.81893 0.893271
-1.73663 0.827127
-1.72016 0.842165
-1.76955 0.862427
-1.78052 0.872648
-1.7037 0.827127
-1.7476 0.842165
-1.75857 0.862427
-1.77503 0.872648
-1.69273 0.827127
-1.65981 0.807286
-1.75857 0.837137
-1.66529 0.773145
-1.64335 0.792564
-1.63237 0.744468
-1.64335 0.744468
-1.72016 0.777977
-1.75309 0.802364
-1.73114 0.812224
-1.77503 0.852266
-1.76406 0.852266
-1.80796 0.88293
-1.82442 0.898465
-1.80247 0.872648
-1.76955 0.847208
-1.61591 0.753967
-1.57202 0.697878
-1.52263 0.613504
-1.53909 0.652793
-1.51715 0.626465
-1.55556 0.693302
-1.62689 0.725652
-1.62689 0.725652
-1.67627 0.782824
-1.76406 0.857339
-1.73114 0.822144
-1.64883 0.763526
-1.69273 0.792564
-1.7476 0.842165
-1.75309 0.86753
-1.86831 0.919389
-1.74211 0.86753
-1.7915 0.877781
-1.74211 0.842165
-1.80247 0.877781
-1.75309 0.857339
-1.7476 0.852266
-1.77503 0.862427
-1.72016 0.812224
-1.69822 0.782824
-1.71468 0.773145
-1.72016 0.802364
-1.69822 0.787687
-1.59396 0.730333
-1.61043 0.739742
-1.58848 0.707076
-1.63237 0.730333
-1.71468 0.802364
-1.66529 0.787687
-1.73114 0.847208
-1.72565 0.837137
-1.7037 0.832124
-1.65981 0.797456
-1.69822 0.822144
-1.7476 0.857339
-1.75309 0.842165
-1.72016 0.792564
-1.76955 0.857339
-1.77503 0.872648
-1.75309 0.857339
-1.81344 0.877781
-1.71468 0.827127
-1.7476 0.842165
-1.68724 0.807286
-1.71468 0.832124
-1.71468 0.817176
-1.67627 0.792564
-1.66529 0.792564
-1.62689 0.73503
-1.58299 0.693302
-1.6214 0.707076
-1.55556 0.688741
-1.48422 0.609213
-1.48971 0.643957
-1.58299 0.711697
-1.64883 0.758739
-1.64883 0.753967
-1.6214 0.725652
-1.64335 0.744468
-1.68724 0.753967
-1.61591 0.697878
-1.5775 0.693302
-1.6214 0.702469
-1.65981 0.744468
-1.65432 0.739742
-1.74211 0.777977
-1.69273 0.763526
-1.7037 0.777977
-1.68176 0.773145
-1.70919 0.758739
-1.59396 0.702469
-1.64883 0.782824
-1.7476 0.852266
-1.77503 0.847208
-1.67078 0.744468
-1.69273 0.74921
-1.74211 0.787687
-1.75857 0.832124
-1.73114 0.812224
-1.71468 0.782824
-1.7476 0.807286
-1.75309 0.787687
-1.72565 0.777977
-1.70919 0.792564
-1.69822 0.812224
-1.73114 0.812224
-1.67078 0.768328
-1.65981 0.768328
-1.7037 0.812224
-1.75857 0.852266
-1.65432 0.792564
-1.72016 0.837137
-1.75309 0.862427
-1.77503 0.857339
-1.77503 0.832124
-1.76406 0.837137
-1.77503 0.857339
-1.73663 0.832124
-1.67078 0.739742
-1.71468 0.753967
-1.68724 0.777977
-1.68724 0.753967
-1.69273 0.763526
-1.67627 0.792564
-1.53909 0.679663
-1.58848 0.725652
-1.62689 0.768328
-1.59945 0.74921
-1.63237 0.74921
-1.7037 0.832124
-1.7037 0.812224
-1.7476 0.857339
-1.67078 0.817176
-1.68724 0.812224
-1.72565 0.797456
-1.76406 0.827127
-1.72016 0.827127
-1.74211 0.862427
-1.79698 0.88293
-1.81893 0.898465
-1.75309 0.86753
-1.69822 0.817176
-1.78052 0.86753
-1.73663 0.842165
-1.71468 0.822144
-1.70919 0.792564
-1.64883 0.74921
-1.58299 0.688741
-1.63237 0.716334
-1.62689 0.702469
-1.63786 0.716334
-1.66529 0.725652
-1.7037 0.73503
-1.68724 0.739742
-1.62689 0.753967
-1.59396 0.74921
-1.55556 0.73503
-1.58848 0.720985
-1.67627 0.773145
-1.55007 0.657234
-1.56653 0.652793
-1.68176 0.74921
-1.63786 0.688741
-1.6214 0.66616
-1.6214 0.635181
-1.56104 0.563015
-1.58299 0.583788
-1.61043 0.617809
-1.56653 0.622129
-1.67627 0.643957
-1.63786 0.639561
-1.59945 0.630815
-1.56104 0.630815
-1.56653 0.639561
-1.6214 0.617809
-1.58848 0.617809
-1.4952 0.550731
-1.42936 0.558905
-1.52263 0.626465
-1.63786 0.688741
-1.52812 0.592203
-1.53909 0.626465
-1.6214 0.670646
-1.67627 0.753967
-1.65432 0.744468
-1.63237 0.739742
-1.69822 0.797456
-1.64335 0.773145
-1.59396 0.739742
-1.7037 0.787687
-1.64883 0.777977
-1.69273 0.817176
-1.64883 0.802364
-1.67627 0.802364
-1.71468 0.807286
-1.65981 0.763526
-1.58299 0.711697
-1.67627 0.753967
-1.75309 0.837137
-1.69822 0.797456
-1.64335 0.739742
-1.63237 0.693302
-1.59396 0.716334
-1.5775 0.725652
-1.63237 0.744468
-1.60494 0.720985
-1.64335 0.74921
-1.57202 0.697878
-1.56104 0.66616
-1.64335 0.707076
-1.70919 0.758739
-1.69822 0.702469
-1.66529 0.652793
-1.64335 0.630815
-1.56104 0.571279
-1.45679 0.534564
-1.50069 0.518637
-1.52263 0.546667
-1.52812 0.530559
-1.58299 0.575434
-1.6214 0.604938
-1.63237 0.648367
-1.56653 0.613504
-1.55556 0.657234
-1.56104 0.639561
-1.58848 0.635181
-1.6214 0.675147
-1.67627 0.707076
-1.66529 0.720985
-1.65981 0.730333
-1.57202 0.697878
-1.61591 0.716334
-1.55556 0.670646
-1.61043 0.730333
-1.62689 0.753967
-1.60494 0.753967
-1.68176 0.792564
-1.69273 0.812224
-1.7037 0.822144
-1.77503 0.872648
-1.75857 0.857339
-1.77503 0.86753
-1.75309 0.832124
-1.74211 0.822144
-1.79698 0.852266
-1.70919 0.812224
-1.65981 0.787687
-1.6214 0.744468
-1.69273 0.777977
-1.71468 0.817176
-1.64883 0.758739
-1.61043 0.730333
-1.59945 0.720985
-1.63237 0.768328
-1.7037 0.832124
-1.76406 0.86753
-1.76406 0.872648
-1.77503 0.86753
-1.78052 0.872648
-1.73114 0.837137
-1.59945 0.739742
-1.65432 0.782824
-1.72016 0.802364
-1.73114 0.812224
-1.75857 0.812224
-1.68176 0.777977
-1.66529 0.777977
-1.61591 0.758739
-1.63786 0.711697
-1.58299 0.716334
-1.58848 0.684194
-1.57202 0.697878
-1.63786 0.73503
-1.72016 0.777977
-1.7037 0.773145
