-2 1
-1.8299 0.908897
-1.82442 0.898465
-1.7476 0.862427
-1.65981 0.802364
-1.75309 0.857339
-1.59396 0.74921
-1.56104 0.693302
-1.51166 0.66169
-1.44582 0.613504
-1.50617 0.688741
-1.4952 0.626465
-1.51166 0.609213
-1.53361 0.66169
-1.4952 0.66169
-1.4513 0.592203
-1.51715 0.604938
-1.43484 0.514693
-1.40741 0.464791
-1.26475 0.396433
-1.34705 0.435347
-1.31962 0.487507
-1.369 0.514693
-1.36351 0.514693
-1.43484 0.530559
-1.50617 0.546667
-1.48422 0.558905
-1.46776 0.550731
-1.369 0.52657
-1.37997 0.522596
-1.40741 0.514693
-1.35254 0.487507
-1.35802 0.495199
-1.369 0.491345
-1.46776 0.550731
-1.44582 0.558905
-1.47874 0.626465
-1.44582 0.626465
-1.42387 0.600678
-1.48422 0.613504
-1.54458 0.630815
-1.40192 0.550731
-1.47874 0.604938
-1.45679 0.575434
-1.35254 0.530559
-1.41289 0.592203
-1.37997 0.538583
-1.35254 0.502951
-1.38546 0.479875
-1.44582 0.45734
-1.42936 0.424553
-1.54458 0.50685
-1.46776 0.476081
-1.41289 0.472303
-1.40741 0.487507
-1.39643 0.514693
-1.30864 0.479875
-1.37449 0.487507
-1.30316 0.453636
-1.41289 0.464791
-1.24829 0.386137
-1.28121 0.417433
-1.27023 0.386137
-1.35254 0.410373
-1.26475 0.417433
-1.33608 0.428136
-1.39643 0.45734
-1.37997 0.483683
-1.47325 0.499068
-1.31962 0.431734
-1.34705 0.442617
-1.36351 0.449948
-1.33059 0.446275
-1.34156 0.403373
-1.26475 0.35606
-1.33608 0.362639
-1.43484 0.386137
-1.44033 0.403373
-1.38546 0.382735
-1.46228 0.417433
-1.369 0.382735
-1.369 0.330349
-1.25926 0.308642
-1.35254 0.382735
-1.36351 0.428136
-1.25926 0.311698
-1.23731 0.324072
-1.41838 0.399896
-1.42387 0.424553
-1.35802 0.453636
-1.41289 0.499068
-1.43484 0.52657
-1.4952 0.643957
-1.34705 0.587988
-1.33059 0.579603
-1.37449 0.575434
-1.37449 0.575434
-1.39095 0.592203
-1.37997 0.542617
-1.3251 0.55481
-1.45679 0.596433
-1.46228 0.592203
-1.42936 0.626465
-1.50069 0.635181
-1.51166 0.648367
-1.39643 0.596433
-1.42387 0.609213
-1.58848 0.707076
-1.52812 0.626465
-1.47874 0.609213
-1.55556 0.675147
-1.48971 0.630815
-1.4952 0.643957
-1.35802 0.502951
-1.33608 0.45734
-1.30316 0.438974
-1.33059 0.431734
-1.39095 0.424553
-1.39095 0.476081
-1.39095 0.442617
-1.38546 0.413895
-1.42387 0.491345
-1.45679 0.518637
-1.44582 0.487507
-1.37449 0.530559
-1.44033 0.534564
-1.42936 0.563015
-1.4952 0.575434
-1.45679 0.571279
-1.4513 0.546667
-1.50617 0.622129
-1.47874 0.604938
-1.50069 0.583788
-1.41289 0.52657
-1.4952 0.567139
-1.50069 0.558905
-1.46776 0.499068
-1.35802 0.449948
-1.35802 0.386137
-1.28669 0.314769
-1.2428 0.349542
-1.30316 0.382735
-1.31413 0.386137
-1.31413 0.417433
-1.40741 0.449948
-1.34705 0.442617
-1.41289 0.514693
-1.48971 0.542617
-1.55007 0.643957
-1.50069 0.635181
-1.41289 0.575434
-1.41838 0.583788
-1.41289 0.534564
-1.29767 0.468539
-1.39095 0.442617
-1.44033 0.438974
-1.44582 0.424553
-1.39643 0.410373
-1.41838 0.389554
-1.44582 0.431734
-1.43484 0.382735
-1.45679 0.431734
-1.40192 0.417433
-1.34156 0.392986
-1.34705 0.461058
-1.41838 0.472303
-1.37997 0.417433
-1.34705 0.431734
-1.25377 0.375976
-1.39095 0.468539
-1.42936 0.530559
-1.33608 0.476081
-1.42387 0.417433
-1.34156 0.369277
-1.26475 0.296569
-1.25377 0.302575
-1.31962 0.267441
-1.31413 0.239818
-1.25377 0.223967
-1.1989 0.196313
-1.21536 0.206158
-1.23731 0.203675
-1.26475 0.270286
-1.27023 0.245222
-1.29767 0.247947
-1.25926 0.250686
-1.17695 0.191481
-1.27023 0.221377
-1.20439 0.189088
-1.25926 0.19389
-1.21536 0.208657
-1.21536 0.201206
-1.21536 0.216244
-1.12757 0.191481
-1.12757 0.172755
-1.20439 0.165981
-1.19342 0.154992
-1.22634 0.196313
-1.28121 0.245222
-1.20988 0.261796
-1.29218 0.287673
-1.30864 0.302575
-1.33059 0.336686
-1.31962 0.330349
-1.35254 0.330349
-1.43484 0.431734
-1.35802 0.336686
-1.27572 0.290623
-1.36351 0.305601
-1.28121 0.311698
-1.27023 0.324072
-1.10562 0.267441
-1.20988 0.349542
-1.24829 0.339878
-1.22085 0.267441
-1.22085 0.330349
-1.35254 0.396433
-1.41289 0.464791
-1.36351 0.499068
-1.29767 0.479875
-1.33059 0.468539
-1.43484 0.52657
-1.43484 0.510764
-1.41289 0.479875
-1.34156 0.453636
-1.37449 0.483683
-1.36351 0.424553
-1.36351 0.435347
-1.29767 0.449948
-1.37997 0.468539
-1.33608 0.399896
-1.35254 0.45734
-1.42387 0.446275
-1.38546 0.468539
-1.35802 0.392986
-1.33059 0.399896
-1.33608 0.375976
-1.37997 0.343084
-1.39095 0.403373
-1.35254 0.410373
-1.31413 0.392986
-1.37449 0.396433
-1.30864 0.369277
-1.38546 0.399896
-1.38546 0.483683
-1.34705 0.453636
-1.35254 0.435347
-1.35254 0.417433
-1.38546 0.435347
-1.40192 0.483683
-1.28669 0.438974
-1.42936 0.491345
-1.37449 0.479875
-1.4513 0.413895
-1.37997 0.424553
-1.42387 0.399896
-1.31962 0.359342
-1.30864 0.386137
-1.35802 0.372619
-1.41289 0.392986
-1.37997 0.389554
-1.46776 0.472303
-1.44033 0.499068
-1.46776 0.483683
-1.46228 0.491345
-1.41289 0.479875
-1.40741 0.428136
-1.53361 0.52657
-1.48971 0.510764
-1.54458 0.499068
-1.47325 0.479875
-1.47874 0.476081
-1.39643 0.417433
-1.42387 0.45734
-1.41289 0.449948
-1.42936 0.428136
-1.44033 0.413895
-1.54458 0.483683
-1.48971 0.472303
-1.51166 0.468539
-1.50617 0.438974
-1.4513 0.468539
-1.45679 0.487507
-1.40192 0.392986
-1.369 0.403373
-1.33059 0.428136
-1.39095 0.499068
-1.44033 0.567139
-1.41289 0.522596
-1.41289 0.499068
-1.40192 0.491345
-1.44582 0.461058
-1.28669 0.424553
-1.3251 0.382735
-1.29218 0.346306
-1.30316 0.389554
-1.33059 0.403373
-1.40192 0.449948
-1.35802 0.406865
-1.36351 0.386137
-1.30864 0.308642
-1.26475 0.261796
-1.1989 0.196313
-1.1166 0.177346
-1.19342 0.189088
-1.25377 0.264611
-1.33608 0.237138
-1.24829 0.218803
-1.20988 0.168224
-1.25377 0.211171
-1.27572 0.211171
-1.25377 0.216244
-1.24829 0.231824
-1.25377 0.250686
-1.27572 0.278911
-1.22634 0.267441
-1.24829 0.245222
-1.20439 0.276021
-1.29767 0.231824
-1.35802 0.247947
-1.38546 0.211171
-1.37449 0.22919
-1.30864 0.2137
-1.36351 0.191481
-1.34705 0.189088
-1.34156 0.196313
-1.30864 0.172755
-1.24829 0.146472
-1.28121 0.114799
-1.23731 0.10929
-1.14403 0.118547
-1.19342 0.122356
-1.18793 0.168224
-1.20439 0.150702
-1.25926 0.189088
-1.28121 0.191481
-1.27023 0.208657
-1.28669 0.170482
-1.29767 0.132141
-1.31962 0.177346
-1.29218 0.203675
-1.26475 0.138192
-1.24829 0.146472
-1.31413 0.144379
-1.28121 0.142302
-1.21536 0.105692
-1.25926 0.168224
-1.19342 0.148579
-1.27572 0.146472
-1.15501 0.150702
-1.20988 0.111111
-1.17695 0.112948
-1.17695 0.0952599
-1.31962 0.128182
-1.20439 0.111111
-1.18793 0.091903
-1.14952 0.0952599
-1.23731 0.0658003
-1.20439 0.0902471
-1.20988 0.102154
-1.26475 0.16154
-1.28121 0.142302
-1.27572 0.134143
-1.20439 0.116666
-1.27023 0.142302
-1.17695 0.170482
-1.12209 0.16154
-1.05624 0.181998
-1.08368 0.186709
-1.10014 0.184346
-1.16598 0.148579
-1.18244 0.148579
-1.13855 0.128182
-1.10014 0.100408
-1.07819 0.124283
-1.16049 0.140239
-1.16049 0.124283
-1.27023 0.118547
-1.19342 0.114799
-1.25926 0.203675
-1.27023 0.261796
-1.26475 0.253441
-1.30316 0.245222
-1.19342 0.261796
-1.27023 0.256211
-1.30316 0.270286
-1.38546 0.261796
-1.37997 0.242512
-1.35254 0.250686
-1.37997 0.234474
-1.40741 0.239818
-1.39095 0.211171
-1.33059 0.245222
-1.27023 0.231824
-1.33059 0.253441
-1.369 0.267441
-1.35254 0.261796
-1.30316 0.261796
-1.27023 0.273146
-1.2428 0.273146
-1.29767 0.302575
-1.25377 0.264611
-1.35802 0.320956
-1.31962 0.35606
-1.31413 0.339878
-1.369 0.308642
-1.29767 0.314769
-1.4513 0.396433
-1.37997 0.372619
-1.39643 0.406865
-1.33059 0.389554
-1.28669 0.428136
-1.34156 0.487507
-1.30864 0.464791
-1.44582 0.534564
-1.52812 0.622129
-1.46776 0.583788
-1.47325 0.609213
-1.48971 0.609213
-1.39643 0.530559
-1.44033 0.502951
-1.39095 0.472303
-1.42936 0.420986
-1.31962 0.389554
-1.29767 0.410373
-1.26475 0.389554
-1.25926 0.293589
-1.30864 0.346306
-1.30864 0.346306
-1.25377 0.314769
-1.30864 0.343084
-1.25926 0.324072
-1.26475 0.284737
-1.24829 0.239818
-1.34705 0.284737
-1.37449 0.287673
-1.42936 0.36595
-1.41289 0.346306
-1.40741 0.375976
-1.30864 0.359342
-1.37997 0.382735
-1.3251 0.372619
-1.37997 0.403373
-1.43484 0.424553
-1.52263 0.435347
-1.44582 0.420986
-1.44033 0.424553
-1.42387 0.406865
-1.36351 0.386137
-1.36351 0.375976
-1.30316 0.410373
-1.34705 0.424553
-1.35254 0.435347
-1.23182 0.359342
-1.20439 0.324072
-1.38546 0.382735
-1.33608 0.403373
-1.41289 0.468539
-1.47325 0.472303
-1.37997 0.435347
-1.44582 0.413895
-1.35802 0.424553
-1.34156 0.389554
-1.31962 0.399896
-1.34705 0.420986
-1.30864 0.399896
-1.42936 0.52657
-1.40192 0.50685
-1.42387 0.571279
-1.48422 0.563015
-1.51715 0.510764
-1.46228 0.518637
-1.40741 0.472303
-1.46228 0.382735
-1.33059 0.36595
-1.39643 0.382735
-1.41289 0.424553
-1.37997 0.472303
-1.30864 0.483683
-1.45679 0.583788
-1.46776 0.538583
-1.55556 0.622129
-1.60494 0.688741
-1.61591 0.670646
-1.58299 0.688741
-1.42387 0.571279
-1.40192 0.567139
-1.28669 0.453636
-1.35254 0.483683
-1.41838 0.546667
-1.40741 0.518637
-1.44582 0.522596
-1.46776 0.558905
-1.46776 0.587988
-1.42387 0.530559
-1.43484 0.546667
-1.33608 0.563015
-1.33059 0.592203
-1.44033 0.652793
-1.37449 0.622129
-1.39095 0.575434
-1.35802 0.534564
-1.4513 0.600678
-1.41289 0.571279
-1.46228 0.579603
-1.51715 0.639561
-1.51166 0.575434
-1.44033 0.550731
-1.35802 0.453636
-1.40192 0.495199
-1.37449 0.442617
-1.36351 0.45734
-1.30864 0.464791
-1.34705 0.464791
-1.41838 0.550731
-1.37449 0.45734
-1.3251 0.461058
-1.30316 0.424553
-1.36351 0.45734
-1.43484 0.522596
-1.41289 0.483683
-1.40192 0.538583
-1.45679 0.583788
-1.4952 0.592203
-1.41289 0.491345
-1.38546 0.52657
-1.4952 0.587988
-1.50617 0.600678
-1.47325 0.626465
-1.58299 0.702469
-1.51715 0.639561
-1.48422 0.587988
-1.55007 0.657234
-1.58848 0.693302
-1.58848 0.630815
-1.54458 0.635181
-1.40741 0.592203
-1.43484 0.639561
-1.35802 0.579603
-1.48971 0.648367
-1.51166 0.643957
-1.47874 0.609213
-1.47325 0.635181
-1.46776 0.592203
-1.4513 0.600678
-1.37449 0.55481
-1.28121 0.491345
-1.29767 0.510764
-1.33059 0.499068
-1.30864 0.453636
-1.31413 0.424553
-1.36351 0.438974
-1.35254 0.35606
-1.30864 0.359342
-1.27023 0.324072
-1.28121 0.281817
-1.31962 0.296569
-1.36351 0.308642
-1.31962 0.346306
-1.33608 0.372619
-1.34705 0.424553
-1.28121 0.410373
-1.3251 0.372619
-1.41838 0.438974
-1.46228 0.45734
-1.31962 0.379348
-1.40192 0.410373
-1.34705 0.435347
-1.3251 0.396433
-1.30864 0.339878
-1.40741 0.382735
-1.40192 0.453636
-1.39095 0.406865
-1.33059 0.435347
-1.28121 0.413895
-1.16598 0.343084
-1.2428 0.352794
-1.13306 0.239818
-1.18793 0.237138
-1.22085 0.242512
-1.20439 0.250686
-1.27023 0.284737
-1.2428 0.296569
-1.2428 0.290623
-1.21536 0.278911
-1.30316 0.314769
-1.31962 0.369277
-1.35254 0.352794
-1.36351 0.339878
-1.39095 0.346306
-1.35254 0.336686
-1.31962 0.346306
-1.20988 0.299565
-1.2428 0.308642
-1.23182 0.324072
-1.26475 0.284737
-1.37997 0.245222
-1.3251 0.19389
-1.29767 0.203675
-1.21536 0.165981
-1.16049 0.100408
-1.09465 0.107483
-1.12209 0.114799
-1.28121 0.218803
-1.25377 0.2137
-1.37449 0.284737
-1.39643 0.293589
-1.30316 0.273146
-1.25377 0.208657
-1.16598 0.181998
-1.12209 0.216244
-1.1989 0.208657
-1.24829 0.191481
-1.13306 0.168224
-1.05624 0.146472
-1.08368 0.130154
-0.951989 0.0837741
-1.05075 0.132141
-1.08916 0.172755
-1.15501 0.179664
-1.27023 0.179664
-1.3251 0.184346
-1.24829 0.189088
-1.23182 0.154992
-1.25926 0.172755
-1.21536 0.150702
-1.22634 0.102154
-1.19342 0.0935739
-1.24829 0.0935739
-1.30316 0.0952599
-1.25377 0.105692
-1.15501 0.080628
-1.1989 0.058951
-1.26475 0.0745163
-1.25377 0.114799
-1.28121 0.100408
-1.25926 0.184346
-1.29218 0.250686
-1.30864 0.273146
-1.30864 0.273146
-1.39095 0.336686
-1.37997 0.339878
-1.38546 0.375976
-1.35802 0.35606
-1.33059 0.33351
-1.39643 0.431734
-1.46228 0.446275
-1.39095 0.396433
-1.26475 0.343084
-1.369 0.410373
-1.46776 0.413895
-1.33059 0.403373
-1.27023 0.375976
-1.19342 0.352794
-1.23731 0.336686
-1.20988 0.330349
-1.23182 0.320956
-1.25377 0.346306
-1.28669 0.349542
-1.25926 0.375976
-1.31413 0.392986
-1.27023 0.352794
-1.33608 0.336686
-1.3251 0.36595
-1.34156 0.410373
-1.30316 0.389554
-1.37449 0.472303
-1.42936 0.542617
-1.46776 0.499068
-1.39095 0.50685
-1.36351 0.510764
-1.38546 0.550731
-1.48971 0.587988
-1.55007 0.675147
-1.5775 0.688741
-1.50069 0.648367
-1.40741 0.563015
-1.31962 0.514693
-1.2428 0.50685
-1.44582 0.670646
-1.56653 0.720985
-1.55007 0.657234
-1.50617 0.635181
-1.4952 0.613504
-1.47325 0.622129
-1.53909 0.639561
-1.54458 0.66169
-1.46776 0.604938
-1.47325 0.626465
-1.37449 0.550731
-1.34705 0.461058
-1.2428 0.406865
-1.25377 0.336686
-1.27023 0.336686
-1.26475 0.317855
-1.30864 0.359342
-1.33059 0.410373
-1.33059 0.396433
-1.41838 0.461058
-1.37997 0.392986
-1.43484 0.50685
-1.42387 0.487507
-1.39643 0.495199
-1.31413 0.464791
-1.34705 0.491345
-1.39643 0.453636
-1.51715 0.52657
-1.4513 0.50685
-1.50617 0.609213
-1.50069 0.604938
-1.56104 0.617809
-1.4952 0.575434
-1.4513 0.55481
-1.4952 0.550731
-1.41289 0.542617
-1.38546 0.50685
-1.44582 0.491345
-1.39643 0.479875
-1.34156 0.410373
-1.46228 0.453636
-1.36351 0.410373
-1.43484 0.442617
-1.37997 0.438974
-1.369 0.438974
-1.30864 0.435347
-1.40192 0.396433
-1.39643 0.379348
-1.3251 0.327203
-1.31413 0.264611
-1.27572 0.211171
-1.2428 0.128182
-1.2428 0.098677
-1.31962 0.126225
-1.27023 0.124283
-1.28669 0.142302
-1.29767 0.177346
-1.2428 0.181998
-1.15501 0.163753
-1.13855 0.177346
-1.17695 0.184346
-1.27572 0.216244
-1.17147 0.16154
-1.13855 0.130154
-1.23731 0.175043
-1.22085 0.157159
-1.18793 0.142302
-1.28669 0.142302
-1.23182 0.175043
-1.29767 0.208657
-1.18244 0.19389
-1.15501 0.152839
-1.1989 0.170482
-1.15501 0.189088
-1.15501 0.154992
-1.14952 0.159342
-1.22085 0.150702
-1.16049 0.10929
-1.12209 0.114799
-1.13306 0.142302
-1.14952 0.184346
-1.12757 0.154992
-1.12757 0.218803
-1.06173 0.168224
-1.10562 0.150702
-1.10014 0.140239
-1.0727 0.181998
-1.12757 0.168224
-1.25377 0.201206
-1.23731 0.223967
-1.28669 0.239818
-1.3251 0.253441
-1.30316 0.250686
-1.30864 0.273146
-1.30864 0.327203
-1.28669 0.276021
-1.41289 0.33351
-1.30316 0.308642
-1.35802 0.267441
-1.31413 0.247947
-1.30864 0.284737
-1.38546 0.324072
-1.44582 0.299565
-1.23731 0.226571
-1.26475 0.175043
-1.28121 0.159342
-1.3251 0.201206
-1.30316 0.126225
-1.31413 0.165981
-1.37449 0.165981
-1.40741 0.16154
-1.35802 0.154992
-1.37449 0.165981
-1.31962 0.157159
-1.37449 0.19389
-1.28669 0.22919
-1.33059 0.234474
-1.31413 0.191481
-1.21536 0.165981
-1.2428 0.237138
-1.3251 0.245222
-1.3251 0.239818
-1.13855 0.201206
-1.15501 0.208657
-1.20988 0.226571
-1.30316 0.203675
-1.27572 0.198752
-1.3251 0.165981
-1.31962 0.168224
-1.29767 0.168224
-1.29767 0.134143
-1.27572 0.138192
-1.23182 0.122356
-1.31962 0.140239
-1.28669 0.19389
-1.29767 0.250686
-1.43484 0.343084
-1.53909 0.424553
-1.44582 0.406865
-1.39643 0.369277
-1.48422 0.435347
-1.4513 0.428136
-1.4513 0.438974
-1.58299 0.487507
-1.55556 0.499068
-1.44033 0.399896
-1.40192 0.396433
-1.44582 0.379348
-1.43484 0.420986
-1.42387 0.372619
-1.39095 0.389554
-1.36351 0.435347
-1.42936 0.45734
-1.41289 0.518637
-1.39095 0.510764
-1.42387 0.461058
-1.45679 0.510764
-1.44582 0.487507
-1.41289 0.518637
-1.40192 0.538583
-1.4513 0.575434
-1.52812 0.635181
-1.5775 0.66616
-1.4952 0.587988
-1.4513 0.567139
-1.42936 0.579603
-1.41289 0.550731
-1.55007 0.575434
-1.43484 0.499068
-1.33059 0.420986
-1.28669 0.406865
-1.35802 0.382735
-1.25377 0.327203
-1.24829 0.299565
-1.27572 0.379348
-1.30316 0.403373
-1.31413 0.392986
-1.37449 0.382735
-1.36351 0.382735
-1.34156 0.483683
-1.34156 0.476081
-1.33059 0.442617
-1.34156 0.491345
-1.38546 0.442617
-1.47325 0.52657
-1.47874 0.583788
-1.44582 0.563015
-1.37449 0.476081
-1.369 0.45734
-1.28121 0.392986
-1.3251 0.417433
-1.30316 0.36595
-1.27023 0.362639
-1.29767 0.290623
-1.1989 0.261796
-1.14952 0.226571
-1.17695 0.231824
-1.16049 0.211171
-1.22085 0.201206
-1.18793 0.223967
-1.23731 0.258996
-1.2428 0.267441
-1.19342 0.245222
-1.14403 0.218803
-1.19342 0.256211
-1.27572 0.290623
-1.28121 0.314769
-1.40192 0.379348
-1.35254 0.35606
-1.30316 0.314769
-1.27572 0.320956
-1.27023 0.302575
-1.26475 0.33351
-1.369 0.327203
-1.39095 0.435347
-1.43484 0.442617
-1.42936 0.45734
-1.46228 0.461058
-1.51715 0.431734
-1.4952 0.472303
-1.44582 0.369277
-1.35254 0.317855
-1.24829 0.320956
-1.20988 0.33351
-1.26475 0.308642
-1.33059 0.308642
-1.39643 0.375976
-1.27572 0.253441
-1.29767 0.308642
-1.30864 0.320956
-1.3251 0.336686
-1.3251 0.317855
-1.27023 0.320956
-1.29767 0.343084
-1.37449 0.36595
-1.29218 0.273146
-1.22085 0.284737
-1.3251 0.314769
-1.14403 0.264611
-1.22634 0.234474
-1.1989 0.299565
-1.21536 0.299565
-1.1989 0.276021
-1.22085 0.336686
-1.28121 0.327203
-1.33608 0.399896
-1.31962 0.386137
-1.39643 0.369277
-1.40192 0.382735
-1.43484 0.453636
-1.40741 0.389554
-1.43484 0.420986
-1.44033 0.453636
-1.40741 0.464791
-1.35254 0.45734
-1.39643 0.487507
-1.35254 0.417433
-1.37997 0.424553
-1.35802 0.389554
-1.38546 0.446275
-1.39643 0.446275
-1.42936 0.483683
-1.369 0.435347
-1.42387 0.424553
-1.44582 0.468539
-1.38546 0.453636
-1.42387 0.530559
-1.40741 0.538583
-1.39095 0.55481
-1.35254 0.52657
-1.40741 0.567139
-1.52263 0.604938
-1.54458 0.600678
-1.62689 0.725652
-1.63786 0.753967
-1.51166 0.657234
-1.3251 0.52657
-1.39095 0.550731
-1.40192 0.518637
-1.47325 0.52657
-1.47325 0.52657
-1.38546 0.510764
-1.38546 0.468539
-1.43484 0.479875
-1.46776 0.424553
-1.42387 0.362639
-1.39095 0.359342
-1.42936 0.349542
-1.40192 0.359342
-1.35254 0.327203
-1.25926 0.296569
-1.20439 0.281817
-1.30316 0.290623
-1.23731 0.284737
-1.25377 0.33351
-1.28669 0.352794
-1.34156 0.346306
-1.25926 0.273146
-1.1989 0.281817
-1.18244 0.221377
-1.16598 0.234474
-1.21536 0.216244
-1.24829 0.237138
-1.22634 0.19389
-1.23182 0.181998
-1.25926 0.253441
-1.29767 0.290623
-1.27572 0.258996
-1.1989 0.196313
-1.25377 0.203675
-1.20439 0.172755
-1.25377 0.184346
-1.26475 0.179664
-1.30316 0.16154
-1.27572 0.144379
-1.25926 0.157159
-1.29218 0.206158
-1.23182 0.172755
-1.26475 0.172755
-1.25377 0.172755
-1.25377 0.172755
-1.23182 0.148579
-1.28669 0.186709
-1.37449 0.201206
-1.29218 0.239818
-1.20439 0.146472
-1.29218 0.223967
-1.27572 0.226571
-1.26475 0.281817
-1.20988 0.256211
-1.20988 0.237138
-1.23182 0.247947
-1.31962 0.258996
-1.37449 0.299565
-1.20988 0.261796
-1.26475 0.281817
-1.29218 0.308642
-1.18793 0.281817
-1.24829 0.33351
-1.25926 0.372619
-1.3251 0.417433
-1.29218 0.438974
-1.34705 0.522596
-1.41289 0.530559
-1.39095 0.495199
-1.33059 0.424553
-1.35254 0.399896
-1.29218 0.379348
-1.29218 0.410373
-1.29218 0.386137
-1.30316 0.406865
-1.35802 0.417433
-1.30316 0.431734
-1.2428 0.379348
-1.41289 0.442617
-1.28121 0.413895
-1.369 0.45734
-1.34705 0.483683
-1.39643 0.487507
-1.37449 0.449948
-1.30864 0.413895
-1.369 0.428136
-1.33608 0.472303
-1.28121 0.428136
-1.33059 0.428136
-1.30316 0.349542
-1.2428 0.317855
-1.29218 0.311698
-1.19342 0.273146
-1.22634 0.242512
-1.29767 0.196313
-1.30864 0.177346
-1.26475 0.172755
-1.18244 0.144379
-1.20988 0.170482
-1.22634 0.189088
-1.21536 0.223967
-1.20439 0.196313
-1.22634 0.245222
-1.25926 0.245222
-1.3251 0.250686
-1.34156 0.231824
-1.35802 0.242512
-1.29767 0.2137
-1.20988 0.198752
-1.14403 0.186709
-1.23182 0.203675
-1.33059 0.218803
-1.2428 0.189088
-1.23182 0.177346
-1.22085 0.19389
-1.22085 0.216244
-1.30864 0.258996
-1.41838 0.270286
-1.29218 0.270286
-1.39095 0.327203
-1.40741 0.339878
-1.37997 0.349542
-1.40741 0.349542
-1.35254 0.327203
-1.369 0.284737
-1.33059 0.293589
-1.39643 0.330349
-1.40192 0.352794
-1.30316 0.330349
-1.30316 0.270286
-1.29218 0.234474
-1.26475 0.223967
-1.37449 0.22919
-1.37997 0.234474
-1.35802 0.239818
-1.43484 0.258996
-1.29767 0.218803
-1.34156 0.223967
-1.33608 0.19389
-1.22634 0.126225
-1.22634 0.168224
-1.2428 0.157159
-1.18244 0.120444
-1.31413 0.138192
-1.33059 0.184346
-1.30864 0.165981
-1.3251 0.181998
-1.31962 0.175043
-1.30864 0.186709
-1.25926 0.198752
-1.23182 0.231824
-1.24829 0.223967
-1.2428 0.163753
-1.24829 0.163753
-1.31413 0.175043
-1.26475 0.159342
-1.30864 0.157159
-1.30316 0.19389
-1.24829 0.189088
-1.22085 0.157159
-1.20439 0.165981
-1.23182 0.216244
-1.28669 0.216244
-1.27023 0.226571
-1.34156 0.239818
-1.21536 0.211171
-1.28669 0.226571
-1.22085 0.234474
-1.23731 0.206158
-1.18793 0.165981
-1.25377 0.189088
-1.23182 0.177346
-1.27023 0.223967
-1.28669 0.250686
-1.38546 0.270286
-1.37449 0.276021
-1.33059 0.293589
-1.25926 0.237138
-1.29767 0.237138
-1.34156 0.245222
-1.36351 0.250686
-1.34705 0.278911
-1.44582 0.302575
-1.37449 0.302575
-1.44033 0.369277
-1.33059 0.349542
-1.34705 0.305601
-1.22634 0.264611
-1.36351 0.314769
-1.369 0.327203
-1.38546 0.406865
-1.33608 0.36595
-1.31962 0.33351
-1.31413 0.406865
-1.28121 0.403373
-1.27023 0.349542
-1.25377 0.343084
-1.21536 0.305601
-1.33059 0.352794
-1.34156 0.35606
-1.29767 0.369277
-1.31962 0.362639
-1.40192 0.417433
-1.47325 0.45734
-1.37997 0.369277
-1.37449 0.339878
-1.38546 0.362639
-1.34705 0.413895
-1.37997 0.413895
-1.31962 0.431734
-1.37449 0.45734
-1.45679 0.438974
-1.39643 0.442617
-1.36351 0.410373
-1.44033 0.491345
-1.41838 0.518637
-1.39643 0.50685
-1.31962 0.399896
-1.37449 0.413895
-1.41289 0.396433
-1.369 0.362639
-1.34156 0.352794
-1.36351 0.372619
-1.33059 0.336686
-1.33059 0.330349
-1.29218 0.278911
-1.25926 0.305601
-1.30864 0.278911
-1.28121 0.296569
-1.28121 0.284737
-1.29218 0.290623
-1.27572 0.284737
-1.18244 0.253441
-1.16598 0.261796
-1.13855 0.231824
-1.14952 0.226571
-1.16049 0.231824
-1.27023 0.198752
-1.22085 0.165981
-1.31413 0.177346
-1.22085 0.116666
-1.2428 0.130154
-1.23182 0.118547
-1.22085 0.111111
-1.17695 0.111111
-1.20439 0.080628
-1.21536 0.0672154
-1.1989 0.0512286
-1.12757 0.0374096
-1.16049 0.0155822
-1.08368 0.0199627
-1.09465 0.0284679
-1.16598 0.0452073
-1.11111 0.0417751
-1.12757 0.0563167
-1.21536 0.0672154
-1.18793 0.0886063
-1.12757 0.0686454
-1.17147 0.0537426
-1.12209 0.0395622
-1.19342 0.0135951
-1.25377 0.0129629
-1.17695 0.0111565
-1.1166 0.0155822
-1.16049 0.0184423
-1.15501 0.00204915
-1.19342 0.00795008
-1.20439 0.00700172
-1.30316 0.000152416
-1.369 0.00158249
-1.36351 0.00528563
-1.33059 0.00700172
-1.37449 0.00381039
-1.36351 0.00844685
-1.3251 0.00381039
-1.29218 1.69351e-05
-1.29767 0.00611357
-1.27023 0.00257602
-1.28669 0.00700172
-1.25377 0.00700172
-1.16598 0.00117605
-1.18793 0.00700172
-1.23182 0.00257602
-1.25926 0.00137174
-1.33059 0.00795008
-1.27572 0.00347922
-1.29218 0.000152416
-1.28121 0.00795008
-1.33608 0.0169821
-1.29218 0.00746837
-1.369 0.00655012
-1.34156 0.00489424
-1.369 0.00489424
-1.36351 0.0135951
-1.27572 0.0231841
-1.21536 0.0275496
-1.25926 0.00746837
-1.28121 0.00611357
-1.17695 0.00230505
-1.28121 0.00180829
-1.31413 4.70419e-05
-1.20988 0.000423377
-1.22085 0.000995407
-1.15501 9.22021e-05
-1.18793 0.000423377
-1.17147 9.22021e-05
-1.24829 0.00158249
-1.27572 1.88168e-06
-1.10014 0.000227683
-1.1166 0.00286203
-1.16049 9.22021e-05
-1.19342 0.00569207
-1.19342 0.00117605
-1.21536 1.69351e-05
-1.17147 0.000227683
-1.26475 4.70419e-05
-1.24829 0.000227683
-1.31962 0.00451791
-1.28121 0.00489424
-1.24829 0.00137174
-1.27572 0.00230505
-1.2428 0.00795008
-1.30864 0.0123457
-1.1989 0.0105844
-1.16049 0.00381039
-1.18244 1.88168e-06
-1.28669 0.00381039
-1.29767 0.00795008
-1.17695 0.00611357
-1.16598 0.00569207
-1.20988 0.00569207
-1.23182 0.0149048
-1.17147 0.0231841
-1.15501 0.0184423
-1.23182 0.0149048
-1.23731 0.00655012
-1.1989 0.00204915
-1.12757 0.00415662
-1.17147 0.00230505
-1.1989 0.00489424
-1.17695 0.0142424
-1.27572 0.0100275
-1.22085 0.0248852
-1.20988 0.0342936
-1.18244 0.0406611
-1.21536 0.0417751
-1.20988 0.0184423
-1.29767 0.0135951
-1.26475 0.0155822
-1.25377 0.00489424
-1.20988 0.00948553
-1.3251 0.019195
-1.28121 0.00746837
-1.25377 0.0155822
-1.26475 0.00700172
-1.23731 0.00948553
-1.25377 0.0031631
-1.28121 0.0169821
-1.20988 0.00700172
-1.12209 0.00137174
-1.22085 0.000679285
-1.27023 0.000152416
-1.29218 0.000423377
-1.2428 0.000227683
-1.21536 1.69351e-05
-1.1989 4.70419e-05
-1.28121 0.00611357
-1.28121 0.00611357
-1.27023 0.0111565
-1.20988 0.00381039
-1.14952 0.0169821
-1.17147 0.0294012
-1.26475 0.0215433
-1.24829 0.00948553
-1.20439 0.0248852
-1.24829 0.0105844
-1.26475 0.0162746
-1.27572 0.0149048
-1.23182 0.00844685
-1.1989 0.0100275
-1.13306 0.0135951
-1.16049 0.00948553
-1.20988 0.0129629
-1.10562 0.00700172
-1.06173 0.0177047
-1.09465 0.0440482
-1.09465 0.0745163
-1.13855 0.0869805
-1.18793 0.0700906
-1.19342 0.0760216
-1.12209 0.0715507
-1.23182 0.0644004
-1.2428 0.0902471
-1.26475 0.0760216
-1.22634 0.0537426
-1.36351 0.0902471
-1.369 0.0886063
-1.28669 0.0417751
-1.20988 0.0429041
-1.25377 0.0395622
-1.26475 0.0207455
-1.20988 0.0162746
-1.22634 0.019195
-1.25377 0.00700172
-1.27023 0.00795008
-1.25926 0.00415662
-1.18793 0.00795008
-1.13855 0.0100275
-1.19342 0.0162746
-1.12757 0.00948553
-1.20439 0.0248852
-1.34156 0.0452073
-1.2428 0.0524781
-1.25926 0.0417751
-1.23182 0.0487749
-1.18793 0.0257583
-1.10014 0.0184423
-1.1989 0.0155822
-1.13306 0.0105844
-1.12757 0.0169821
-1.06722 0.00347922
-1.14403 0.00158249
-1.18793 0.00528563
-1.2428 0.0100275
-1.22634 0.0162746
-1.0727 0.0223562
-1.14952 0.0199627
-1.20439 0.0111565
-1.1989 0.0162746
-1.1989 0.00948553
-1.16598 0.0149048
-1.15501 0.00204915
-1.17147 1.69351e-05
-1.27572 0.00700172
-1.14952 0.00415662
-1.16598 0.0215433
-1.20988 0.0155822
-1.16049 0.0257583
-1.2428 0.0111565
-1.1166 0.00347922
-1.12209 0.0117435
-1.13306 0.00655012
-1.13855 0.00451791
-1.33608 0.000995407
-1.24829 0.00286203
-1.29218 0.00180829
-1.14952 0.000995407
-1.1989 0.00257602
-1.33059 0.00257602
-1.27023 0.000995407
-1.20439 0.000152416
-1.22085 0.00415662
-1.22634 0.00381039
-1.17695 0.00948553
-1.13855 0.00489424
-1.20439 0.00489424
-1.17695 0.00700172
-1.1989 0.00158249
-1.23182 0.000995407
-1.20439 0.000227683
-1.14403 9.22021e-05
-1.14952 1.69351e-05
-1.15501 0.00655012
-1.18244 0.0111565
-1.23182 0.00948553
-1.23182 0.0105844
-1.21536 0.00489424
-1.25926 0.0231841
-1.1989 0.058951
-1.2428 0.0440482
-1.17147 0.0215433
-1.19342 0.031313
-1.28121 0.0395622
-1.25926 0.0537426
-1.21536 0.0363559
-1.1989 0.0215433
-1.24829 0.0342936
-1.23182 0.0223562
-1.18244 0.0322914
-1.12757 0.0363559
-1.10014 0.033285
-1.22085 0.0406611
-1.13855 0.0248852
-1.22085 0.0149048
-1.30864 0.0275496
-1.28669 0.0322914
-1.26475 0.0342936
-1.27023 0.0487749
-1.2428 0.0745163
-1.25377 0.102154
-1.18244 0.0837741
-1.16598 0.0790775
-1.22634 0.0700906
-1.20988 0.0475707
-1.18244 0.0429041
-1.23182 0.077542
-1.23731 0.0576263
-1.12209 0.0853698
-1.26475 0.111111
-1.2428 0.144379
-1.20988 0.138192
-1.21536 0.191481
-1.21536 0.198752
-1.13855 0.184346
-1.13855 0.148579
-1.13855 0.146472
-1.23731 0.124283
-1.14403 0.0837741
-1.10014 0.0935739
-1.13306 0.0902471
-0.990398 0.0644004
-1.11111 0.114799
-1.10562 0.126225
-1.21536 0.112948
-1.27023 0.134143
-1.16598 0.0935739
-1.21536 0.073026
-1.21536 0.0602908
-1.23182 0.102154
-1.25377 0.138192
-1.29767 0.102154
-1.40192 0.098677
-1.26475 0.0853698
-1.28121 0.080628
-1.24829 0.0563167
-1.18244 0.0429041
-1.20439 0.0342936
-1.17695 0.0240271
-1.12757 0.0199627
-1.11111 0.0199627
-1.11111 0.0240271
-1.18793 0.0284679
-1.17147 0.0215433
-1.14403 0.0342936
-1.16598 0.031313
-1.23182 0.0429041
-1.21536 0.0616456
-1.25926 0.0644004
-1.28669 0.0452073
-1.14952 0.0374096
-1.28669 0.0342936
-1.2428 0.031313
-1.34705 0.019195
-1.29767 0.0257583
-1.23731 0.0149048
-1.22634 0.0207455
-1.21536 0.0223562
-1.16598 0.0284679
-1.14403 0.0395622
-1.13306 0.0452073
-1.09465 0.0353172
-1.19342 0.0537426
-1.25926 0.0602908
-1.17695 0.0512286
-1.29767 0.0294012
-1.28121 0.0429041
-1.13855 0.0452073
-1.21536 0.0452073
-1.13855 0.031313
-1.13306 0.0231841
-1.10562 0.0537426
-1.0727 0.0512286
-1.10014 0.0550221
-1.13306 0.0969609
-1.1166 0.0700906
-1.19342 0.105692
-1.18244 0.132141
-1.16049 0.124283
-1.19342 0.105692
-1.25377 0.128182
-1.30316 0.172755
-1.31413 0.184346
-1.40192 0.19389
-1.39643 0.206158
-1.41838 0.221377
-1.34156 0.198752
-1.35802 0.226571
-1.38546 0.276021
-1.36351 0.198752
-1.28669 0.203675
-1.27572 0.245222
-1.27023 0.270286
-1.35802 0.299565
-1.36351 0.299565
-1.39643 0.281817
-1.40741 0.273146
-1.42387 0.299565
-1.40741 0.261796
-1.33059 0.221377
-1.34705 0.196313
-1.36351 0.223967
-1.38546 0.237138
-1.36351 0.278911
-1.27023 0.250686
-1.26475 0.189088
-1.30316 0.239818
-1.30316 0.290623
-1.23182 0.276021
-1.31413 0.270286
-1.30864 0.273146
-1.29767 0.218803
-1.33608 0.284737
-1.30316 0.336686
-1.33608 0.36595
-1.25926 0.359342
-1.34156 0.327203
-1.34156 0.296569
-1.33059 0.327203
-1.29767 0.299565
-1.33059 0.273146
-1.27572 0.293589
-1.23182 0.253441
-1.20439 0.250686
-1.25377 0.314769
-1.33059 0.386137
-1.33608 0.438974
-1.37997 0.487507
-1.33608 0.442617
-1.30864 0.476081
-1.33608 0.487507
-1.41289 0.534564
-1.29218 0.424553
-1.28121 0.389554
-1.28669 0.431734
-1.36351 0.446275
-1.38546 0.435347
-1.30864 0.442617
-1.41838 0.442617
-1.37997 0.435347
-1.26475 0.396433
-1.23731 0.359342
-1.40741 0.468539
-1.34156 0.446275
-1.39643 0.435347
-1.39095 0.461058
-1.42936 0.495199
-1.47325 0.479875
-1.35802 0.435347
-1.3251 0.352794
-1.28669 0.311698
-1.29218 0.281817
-1.38546 0.273146
-1.31413 0.245222
-1.35254 0.264611
-1.29218 0.250686
-1.28669 0.186709
-1.26475 0.19389
-1.22634 0.184346
-1.18793 0.168224
-1.2428 0.165981
-1.23731 0.150702
-1.3251 0.175043
-1.18244 0.159342
-1.18793 0.16154
-1.20439 0.138192
-1.27023 0.126225
-1.2428 0.114799
-1.18244 0.132141
-1.27023 0.098677
-1.13306 0.0563167
-1.15501 0.0248852
-1.23731 0.0199627
-1.18244 0.0275496
-1.20439 0.0248852
-1.17695 0.00795008
-1.17695 0.00795008
-1.19342 0.0184423
-1.14403 0.0231841
-1.20439 0.00700172
-1.27572 0.0142424
-1.27023 0.0111565
-1.23182 0.0117435
-1.17147 0.0294012
-1.06173 0.0429041
-1.14403 0.0475707
-1.08368 0.0406611
-1.05624 0.0303496
-1.08916 0.0715507
-1.0727 0.0869805
-1.10562 0.0760216
-1.14403 0.098677
-1.18244 0.134143
-1.27023 0.172755
-1.33608 0.247947
-1.34705 0.22919
-1.36351 0.211171
-1.23731 0.150702
-1.22634 0.142302
-1.25377 0.146472
-1.27023 0.152839
-1.16598 0.134143
-1.17695 0.172755
-1.20988 0.211171
-1.14403 0.201206
-1.05624 0.172755
-1.06173 0.177346
-1.08368 0.148579
-1.18244 0.179664
-1.20988 0.22919
-1.18793 0.261796
-1.2428 0.245222
-1.16049 0.284737
-1.22085 0.250686
-1.08368 0.2137
-1.12757 0.201206
-1.10562 0.226571
-1.22634 0.276021
-1.2428 0.327203
-1.29218 0.362639
-1.30864 0.352794
-1.39643 0.386137
-1.26475 0.339878
-1.34156 0.392986
-1.36351 0.461058
-1.38546 0.431734
-1.39643 0.472303
-1.42387 0.518637
-1.46776 0.534564
-1.47874 0.583788
-1.4952 0.596433
-1.48422 0.604938
-1.44033 0.558905
-1.369 0.50685
-1.41289 0.502951
-1.4952 0.534564
-1.4952 0.50685
-1.43484 0.491345
-1.38546 0.417433
-1.4513 0.499068
-1.42936 0.499068
-1.41838 0.495199
-1.41289 0.487507
-1.44033 0.499068
-1.50617 0.546667
-1.53361 0.600678
-1.44033 0.567139
-1.44033 0.530559
-1.4952 0.609213
-1.53361 0.604938
-1.57202 0.635181
-1.50069 0.567139
-1.4952 0.546667
-1.4513 0.530559
-1.42387 0.50685
-1.40192 0.476081
-1.33608 0.464791
-1.34705 0.446275
-1.31413 0.375976
-1.28121 0.36595
-1.31962 0.396433
-1.34156 0.375976
-1.30864 0.375976
-1.28121 0.362639
-1.22634 0.314769
-1.3251 0.324072
-1.37449 0.293589
-1.30864 0.247947
-1.38546 0.270286
-1.36351 0.253441
-1.33059 0.196313
-1.33059 0.196313
-1.33608 0.175043
-1.3251 0.172755
-1.31413 0.142302
-1.28121 0.163753
-1.29767 0.184346
-1.23731 0.184346
-1.30864 0.16154
-1.30316 0.13616
-1.20439 0.138192
-1.18244 0.159342
-1.20988 0.144379
-1.33608 0.170482
-1.33059 0.170482
-1.34156 0.163753
-1.30316 0.152839
-1.30316 0.124283
-1.30864 0.13616
-1.27572 0.148579
-1.31962 0.098677
-1.26475 0.144379
-1.33059 0.126225
-1.31413 0.122356
-1.33059 0.168224
-1.30316 0.172755
-1.24829 0.13616
-1.23182 0.0969609
-1.16598 0.142302
-1.2428 0.168224
-1.23182 0.211171
-1.22634 0.198752
-1.19342 0.22919
-1.25377 0.239818
-1.39095 0.339878
-1.40741 0.375976
-1.42936 0.349542
-1.29767 0.264611
-1.28121 0.258996
-1.33608 0.242512
-1.37997 0.276021
-1.40192 0.281817
-1.29218 0.261796
-1.18793 0.234474
-1.25926 0.2137
-1.22085 0.221377
-1.16049 0.168224
-1.20439 0.196313
-1.13855 0.19389
-1.14952 0.234474
-1.21536 0.250686
-1.15501 0.189088
-1.11111 0.140239
-1.1166 0.148579
-1.16049 0.13616
-1.16049 0.154992
-1.25377 0.186709
-1.13306 0.163753
-1.27023 0.22919
-1.33608 0.302575
-1.20988 0.239818
-1.27572 0.237138
-1.27023 0.231824
-1.16049 0.245222
-1.31962 0.270286
-1.34705 0.352794
-1.26475 0.352794
-1.31413 0.413895
-1.26475 0.346306
-1.29218 0.382735
-1.34705 0.420986
-1.30864 0.514693
-1.28121 0.502951
-1.29218 0.514693
-1.42387 0.542617
-1.47325 0.571279
-1.50069 0.604938
-1.4513 0.579603
-1.40741 0.600678
-1.44582 0.563015
-1.46228 0.604938
-1.42387 0.546667
-1.34705 0.522596
-1.41289 0.502951
-1.4513 0.510764
-1.40192 0.502951
-1.4513 0.571279
-1.39643 0.55481
-1.38546 0.579603
-1.53909 0.652793
-1.42387 0.571279
-1.39643 0.534564
-1.369 0.461058
-1.34705 0.453636
-1.40741 0.518637
-1.33608 0.453636
-1.24829 0.359342
-1.26475 0.372619
-1.40192 0.442617
-1.48422 0.491345
-1.37997 0.420986
-1.34156 0.389554
-1.369 0.392986
-1.42387 0.431734
-1.44033 0.491345
-1.41289 0.446275
-1.4513 0.45734
-1.46228 0.446275
-1.35802 0.36595
-1.31962 0.35606
-1.34156 0.317855
-1.35254 0.330349
-1.33608 0.305601
-1.27572 0.281817
-1.26475 0.234474
-1.22634 0.226571
-1.31413 0.203675
-1.2428 0.22919
-1.22634 0.218803
-1.22085 0.231824
-1.14403 0.261796
-1.25926 0.256211
-1.19342 0.261796
-1.14952 0.245222
-1.20439 0.2137
-1.24829 0.208657
-1.23731 0.245222
-1.29767 0.293589
-1.33608 0.330349
-1.30316 0.314769
-1.31962 0.293589
-1.38546 0.352794
-1.42387 0.33351
-1.3251 0.287673
-1.35254 0.339878
-1.3251 0.284737
-1.39643 0.317855
-1.34156 0.317855
-1.29218 0.296569
-1.26475 0.308642
-1.27572 0.290623
-1.29218 0.290623
-1.34156 0.296569
-1.34156 0.305601
-1.29767 0.324072
-1.28669 0.372619
-1.33608 0.396433
-1.33059 0.453636
-1.38546 0.446275
-1.38546 0.461058
-1.369 0.375976
-1.34705 0.352794
-1.35802 0.362639
-1.41289 0.375976
-1.30864 0.327203
-1.28669 0.278911
-1.25377 0.261796
-1.22634 0.273146
-1.18244 0.196313
-1.24829 0.172755
-1.23731 0.159342
-1.22634 0.184346
-1.18793 0.211171
-1.18793 0.201206
-1.16598 0.203675
-1.22634 0.198752
-1.18793 0.172755
-1.18793 0.206158
-1.12209 0.19389
-1.20439 0.250686
-1.22085 0.261796
-1.19342 0.293589
-1.23731 0.330349
-1.25377 0.375976
-1.25926 0.33351
-1.29767 0.311698
-1.31962 0.308642
-1.31413 0.267441
-1.27572 0.302575
-1.33608 0.314769
-1.29218 0.253441
-1.27572 0.226571
-1.24829 0.250686
-1.25377 0.324072
-1.2428 0.311698
-1.30316 0.372619
-1.23182 0.349542
-1.27023 0.382735
-1.29218 0.379348
-1.39095 0.410373
-1.369 0.410373
-1.35802 0.403373
-1.3251 0.359342
-1.27023 0.302575
-1.22085 0.253441
-1.14403 0.273146
-1.18244 0.264611
-1.21536 0.276021
-1.15501 0.267441
-1.1989 0.264611
-1.18244 0.267441
-1.0727 0.245222
-1.12209 0.242512
-1.20988 0.276021
-1.08368 0.231824
-1.16049 0.284737
-1.13306 0.296569
-1.20988 0.308642
-1.18793 0.311698
-1.23731 0.320956
-1.22085 0.336686
-1.27023 0.375976
-1.35802 0.392986
-1.369 0.449948
-1.42936 0.491345
-1.25377 0.431734
-1.27023 0.352794
-1.29218 0.396433
-1.25926 0.431734
-1.2428 0.406865
-1.29767 0.442617
-1.24829 0.45734
-1.24829 0.431734
-1.29767 0.435347
-1.33059 0.449948
-1.27023 0.45734
-1.31962 0.502951
-1.40741 0.587988
-1.369 0.546667
-1.40192 0.600678
-1.42936 0.558905
-1.34156 0.538583
-1.42387 0.575434
-1.36351 0.499068
-1.37449 0.499068
-1.36351 0.542617
-1.46228 0.583788
-1.40192 0.538583
-1.43484 0.563015
-1.45679 0.613504
-1.47325 0.604938
-1.48422 0.66169
-1.64335 0.74921
-1.61043 0.739742
-1.53361 0.66616
-1.54458 0.643957
-1.53909 0.688741
-1.52263 0.670646
-1.57202 0.702469
-1.46776 0.652793
-1.58299 0.716334
-1.55556 0.725652
-1.58299 0.744468
-1.52263 0.670646
-1.39095 0.567139
-1.35254 0.464791
-1.26475 0.403373
-1.39643 0.417433
-1.37997 0.386137
-1.37449 0.375976
-1.42936 0.406865
-1.39095 0.35606
-1.36351 0.317855
-1.31962 0.253441
-1.35254 0.258996
-1.28121 0.250686
-1.31413 0.22919
-1.41289 0.253441
-1.35802 0.247947
-1.31962 0.221377
-1.22085 0.181998
-1.21536 0.152839
-1.27572 0.203675
-1.30316 0.247947
-1.41838 0.245222
-1.35802 0.186709
-1.3251 0.16154
-1.3251 0.144379
-1.37449 0.138192
-1.369 0.175043
-1.31962 0.177346
-1.25926 0.142302
-1.25926 0.112948
-1.33608 0.124283
-1.31962 0.13616
-1.369 0.116666
-1.35802 0.144379
-1.34156 0.154992
-1.34156 0.184346
-1.31962 0.216244
-1.30316 0.191481
-1.3251 0.184346
-1.29767 0.165981
-1.25926 0.154992
-1.3251 0.157159
-1.33608 0.16154
-1.25377 0.216244
-1.17695 0.206158
-1.26475 0.172755
-1.11111 0.157159
-1.15501 0.170482
-1.23731 0.175043
-1.31413 0.218803
-1.29218 0.177346
-1.13855 0.142302
-1.25377 0.181998
-1.22634 0.198752
-1.19342 0.144379
-1.22085 0.107483
-1.35254 0.148579
-1.31413 0.13616
-1.20988 0.138192
-1.27023 0.168224
-1.33059 0.184346
-1.23182 0.124283
-1.23731 0.154992
-1.26475 0.150702
-1.33059 0.132141
-1.35802 0.118547
-1.30316 0.100408
-1.27572 0.103916
-1.34705 0.120444
-1.29218 0.146472
-1.369 0.184346
-1.34705 0.237138
-1.35254 0.239818
-1.42936 0.239818
-1.40192 0.226571
-1.33608 0.22919
-1.3251 0.201206
-1.34156 0.223967
-1.34705 0.218803
-1.33059 0.223967
-1.3251 0.258996
-1.35802 0.267441
-1.30864 0.239818
-1.3251 0.221377
-1.41289 0.273146
-1.35254 0.276021
-1.40741 0.346306
-1.40741 0.320956
-1.42387 0.420986
-1.30316 0.346306
-1.33608 0.35606
-1.35802 0.330349
-1.40741 0.352794
-1.38546 0.369277
-1.31413 0.324072
-1.37449 0.311698
-1.369 0.293589
-1.31413 0.324072
-1.34156 0.324072
-1.35254 0.336686
-1.34705 0.359342
-1.27023 0.379348
-1.25377 0.36595
-1.26475 0.399896
-1.30864 0.446275
-1.28121 0.464791
-1.29767 0.468539
-1.3251 0.464791
-1.36351 0.476081
-1.38546 0.472303
-1.369 0.464791
-1.39643 0.449948
-1.31413 0.386137
-1.31413 0.399896
-1.28669 0.302575
-1.34156 0.317855
-1.40741 0.305601
-1.39643 0.343084
-1.44033 0.352794
-1.47325 0.35606
-1.4513 0.349542
-1.42936 0.352794
-1.46776 0.396433
-1.46776 0.438974
-1.46776 0.413895
-1.38546 0.346306
-1.3251 0.330349
-1.25377 0.314769
-1.27023 0.311698
-1.3251 0.276021
-1.33608 0.270286
-1.28669 0.258996
-1.29767 0.299565
-1.34156 0.281817
-1.25377 0.261796
-1.23731 0.234474
-1.18244 0.221377
-1.29767 0.276021
-1.40192 0.372619
-1.37997 0.359342
-1.3251 0.424553
-1.33608 0.420986
-1.35254 0.461058
-1.34156 0.495199
-1.39643 0.563015
-1.44582 0.571279
-1.44033 0.600678
-1.45679 0.66616
-1.50069 0.675147
-1.56653 0.643957
-1.51166 0.609213
-1.45679 0.587988
-1.52263 0.630815
-1.63237 0.684194
-1.65981 0.716334
-1.56653 0.639561
-1.46776 0.617809
-1.53361 0.596433
-1.44582 0.52657
-1.50617 0.546667
-1.41838 0.435347
-1.369 0.424553
-1.35802 0.362639
-1.33608 0.349542
-1.38546 0.369277
-1.33059 0.372619
-1.30864 0.352794
-1.23731 0.281817
-1.1989 0.223967
-1.20439 0.208657
-1.20988 0.159342
-1.29218 0.118547
-1.10562 0.0886063
-1.08916 0.130154
-1.20988 0.146472
-1.10562 0.10929
-1.18793 0.13616
-1.18793 0.163753
-1.20439 0.159342
-1.17695 0.140239
-1.28669 0.165981
-1.24829 0.175043
-1.22085 0.198752
-1.19342 0.234474
-1.17695 0.281817
-1.26475 0.256211
-1.29218 0.253441
-1.36351 0.314769
-1.37449 0.299565
-1.37997 0.276021
-1.36351 0.270286
-1.2428 0.226571
-1.26475 0.201206
-1.23182 0.146472
-1.23182 0.159342
-1.21536 0.107483
-1.17147 0.080628
-1.12757 0.0969609
-1.06173 0.100408
-0.979424 0.105692
-1.0727 0.159342
-1.12757 0.179664
-1.16598 0.132141
-1.19342 0.120444
-1.19342 0.159342
-1.25377 0.247947
-1.20439 0.253441
-1.16049 0.226571
-1.16598 0.245222
-1.1989 0.261796
-1.19342 0.250686
-1.23731 0.317855
-1.29767 0.317855
-1.28669 0.330349
-1.34705 0.428136
-1.27572 0.396433
-1.25377 0.410373
-1.39643 0.435347
-1.39643 0.438974
-1.37449 0.424553
-1.37449 0.396433
-1.40192 0.431734
-1.39643 0.45734
-1.44582 0.502951
-1.46228 0.499068
-1.44033 0.510764
-1.47874 0.542617
-1.4952 0.534564
-1.41289 0.472303
-1.52263 0.579603
-1.48971 0.571279
-1.51166 0.600678
-1.44033 0.52657
-1.47874 0.567139
-1.5775 0.609213
-1.48971 0.630815
-1.46776 0.613504
-1.4952 0.622129
-1.48971 0.609213
-1.46228 0.546667
-1.47874 0.600678
-1.50069 0.657234
-1.45679 0.617809
-1.51715 0.652793
-1.48971 0.626465
-1.44033 0.575434
-1.41838 0.550731
-1.48971 0.630815
-1.53909 0.639561
-1.51715 0.579603
-1.59945 0.622129
-1.47325 0.550731
-1.369 0.518637
-1.44033 0.583788
-1.47874 0.639561
-1.47874 0.675147
-1.40192 0.626465
-1.46228 0.626465
-1.46776 0.613504
-1.44582 0.613504
-1.46776 0.617809
-1.39643 0.571279
-1.42936 0.563015
-1.41838 0.579603
-1.37997 0.510764
-1.44033 0.499068
-1.37997 0.438974
-1.40192 0.499068
-1.37449 0.45734
-1.40741 0.479875
-1.37449 0.45734
-1.37449 0.453636
-1.4952 0.502951
-1.41289 0.510764
-1.31413 0.431734
-1.23182 0.420986
-1.35802 0.438974
-1.37449 0.45734
-1.33059 0.413895
-1.35254 0.442617
-1.31962 0.413895
-1.27023 0.399896
-1.31413 0.446275
-1.28121 0.413895
-1.34705 0.438974
-1.29767 0.406865
-1.30864 0.442617
-1.23182 0.442617
-1.30316 0.483683
-1.369 0.479875
-1.37449 0.461058
-1.40192 0.428136
-1.42936 0.453636
-1.35254 0.464791
-1.39643 0.468539
-1.33059 0.453636
-1.31962 0.438974
-1.42387 0.50685
-1.41838 0.502951
-1.43484 0.538583
-1.48971 0.639561
-1.4952 0.626465
-1.44033 0.563015
-1.40192 0.491345
-1.23731 0.379348
-1.28669 0.379348
-1.29767 0.431734
-1.37997 0.438974
-1.36351 0.442617
-1.34156 0.424553
-1.42936 0.499068
-1.50617 0.518637
-1.48422 0.542617
-1.37997 0.502951
-1.42936 0.567139
-1.4513 0.530559
-1.39643 0.499068
-1.47874 0.542617
-1.48971 0.510764
-1.50617 0.55481
-1.57202 0.609213
-1.39095 0.534564
-1.37449 0.522596
-1.35802 0.495199
-1.34156 0.442617
-1.24829 0.382735
-1.34705 0.417433
-1.35802 0.428136
-1.3251 0.468539
-1.33059 0.464791
-1.20988 0.420986
-1.22085 0.424553
-1.30316 0.483683
-1.34705 0.514693
-1.38546 0.558905
-1.30316 0.464791
-1.42387 0.558905
-1.44033 0.55481
-1.48422 0.613504
-1.4513 0.558905
-1.51715 0.613504
-1.42387 0.546667
-1.46776 0.604938
-1.50617 0.643957
-1.63786 0.739742
-1.57202 0.702469
-1.4952 0.626465
-1.42936 0.55481
-1.48971 0.613504
-1.46228 0.626465
-1.54458 0.675147
-1.41289 0.587988
-1.37997 0.522596
-1.42936 0.583788
-1.44033 0.546667
-1.41838 0.530559
-1.42387 0.522596
-1.44033 0.596433
-1.41838 0.522596
-1.37449 0.50685
-1.30864 0.483683
-1.33608 0.442617
-1.30864 0.45734
-1.46228 0.546667
-1.33059 0.534564
-1.28669 0.464791
-1.40192 0.495199
-1.34705 0.45734
-1.41289 0.495199
-1.39643 0.518637
-1.47325 0.575434
-1.37997 0.510764
-1.31962 0.468539
-1.33059 0.491345
-1.45679 0.613504
-1.55007 0.675147
-1.57202 0.702469
-1.41838 0.626465
-1.43484 0.571279
-1.38546 0.542617
-1.45679 0.571279
-1.41838 0.546667
-1.3251 0.435347
-1.36351 0.420986
-1.42387 0.428136
-1.42936 0.372619
-1.29767 0.299565
-1.35254 0.273146
-1.31413 0.296569
-1.39095 0.308642
-1.36351 0.267441
-1.40192 0.256211
-1.37997 0.290623
-1.25926 0.261796
-1.27572 0.264611
-1.23731 0.339878
-1.369 0.369277
-1.29767 0.320956
-1.38546 0.420986
-1.31962 0.386137
-1.33059 0.446275
-1.28121 0.410373
-1.29218 0.45734
-1.31962 0.476081
-1.42387 0.45734
-1.48422 0.479875
-1.4513 0.479875
-1.46228 0.499068
-1.36351 0.476081
-1.34705 0.446275
-1.43484 0.563015
-1.43484 0.52657
-1.45679 0.546667
-1.39643 0.483683
-1.28121 0.420986
-1.37997 0.487507
-1.40741 0.479875
-1.41289 0.461058
-1.44582 0.453636
-1.50069 0.487507
-1.42387 0.424553
-1.40192 0.435347
-1.41838 0.461058
-1.44033 0.483683
-1.35802 0.446275
-1.30316 0.399896
-1.38546 0.449948
-1.39095 0.52657
-1.46228 0.538583
-1.44033 0.52657
-1.37449 0.446275
-1.39095 0.442617
-1.35254 0.428136
-1.29218 0.396433
-1.37997 0.476081
-1.30864 0.435347
-1.31962 0.389554
-1.46228 0.446275
-1.39643 0.464791
-1.37449 0.413895
-1.39095 0.389554
-1.44582 0.413895
-1.39643 0.428136
-1.42387 0.420986
-1.42387 0.410373
-1.37997 0.349542
-1.34156 0.302575
-1.23182 0.256211
-1.25377 0.290623
-1.28669 0.320956
-1.22634 0.264611
-1.23731 0.256211
-1.23182 0.237138
-1.33059 0.250686
-1.29767 0.191481
-1.29218 0.179664
-1.26475 0.170482
-1.25377 0.146472
-1.22085 0.146472
-1.18793 0.144379
-1.18793 0.208657
-1.29767 0.253441
-1.1989 0.264611
-1.25926 0.270286
-1.369 0.267441
-1.31413 0.278911
-1.34705 0.287673
-1.27023 0.231824
-1.25926 0.287673
-1.17147 0.261796
-1.16598 0.278911
-1.18244 0.273146
-1.22085 0.250686
-1.14952 0.234474
-1.25926 0.2137
-1.3251 0.231824
-1.40192 0.239818
-1.3251 0.203675
-1.27572 0.208657
-1.23731 0.258996
-1.1989 0.247947
-1.18793 0.242512
-1.28121 0.293589
-1.33608 0.320956
-1.3251 0.317855
-1.34156 0.320956
-1.35254 0.330349
-1.39095 0.372619
-1.34156 0.379348
-1.30316 0.359342
-1.20988 0.293589
-1.17147 0.273146
-1.28669 0.290623
-1.23182 0.258996
-1.23731 0.287673
-1.23182 0.290623
-1.25926 0.305601
-1.33608 0.372619
-1.39643 0.382735
-1.36351 0.435347
-1.35802 0.424553
-1.40741 0.435347
-1.38546 0.453636
-1.37449 0.442617
-1.34705 0.461058
-1.38546 0.442617
-1.34705 0.417433
-1.42936 0.472303
-1.37449 0.510764
-1.39095 0.495199
-1.48422 0.499068
-1.33059 0.442617
-1.35254 0.413895
-1.27572 0.403373
-1.25377 0.346306
-1.34705 0.35606
-1.33059 0.36595
-1.34156 0.359342
-1.33608 0.379348
-1.21536 0.311698
-1.2428 0.33351
-1.13306 0.267441
-1.14952 0.256211
-1.17147 0.253441
-1.14403 0.198752
-1.1166 0.198752
-1.13855 0.208657
-1.14952 0.206158
-1.13306 0.144379
-1.1166 0.111111
-1.22085 0.181998
-1.30316 0.191481
-1.30864 0.221377
-1.16049 0.186709
-1.18244 0.196313
-1.15501 0.177346
-1.17147 0.165981
-1.18793 0.148579
-1.14952 0.122356
-1.14952 0.0630155
-1.03429 0.077542
-1.23731 0.0886063
-1.19342 0.0686454
-1.25377 0.0395622
-1.20439 0.0452073
-1.18244 0.0475707
-1.05075 0.0240271
-1.16598 0.0294012
-1.08916 0.0406611
-1.1166 0.0537426
-1.0727 0.073026
-1.08368 0.116666
-1.12209 0.13616
-1.14952 0.181998
-1.13855 0.16154
-1.15501 0.150702
-1.21536 0.175043
-1.13306 0.203675
-1.23182 0.239818
-1.30316 0.223967
-1.2428 0.237138
-1.26475 0.287673
-1.40192 0.352794
-1.369 0.375976
-1.28121 0.349542
-1.369 0.392986
-1.40741 0.403373
-1.4513 0.428136
-1.39643 0.442617
-1.50617 0.464791
-1.48971 0.461058
-1.48422 0.468539
-1.4513 0.453636
-1.46228 0.449948
-1.40741 0.431734
-1.40192 0.442617
-1.40192 0.431734
-1.38546 0.413895
-1.44033 0.392986
-1.43484 0.428136
-1.43484 0.446275
-1.41838 0.413895
-1.31962 0.399896
-1.30316 0.327203
-1.35254 0.324072
-1.28121 0.287673
-1.24829 0.290623
-1.23731 0.261796
-1.29767 0.284737
-1.25377 0.296569
-1.27572 0.284737
-1.22634 0.305601
-1.29767 0.324072
-1.26475 0.327203
-1.27572 0.386137
-1.29218 0.403373
-1.33059 0.375976
-1.37449 0.372619
-1.34156 0.372619
-1.27023 0.339878
-1.27023 0.299565
-1.23182 0.239818
-1.27023 0.296569
-1.23182 0.234474
-1.30864 0.175043
-1.30864 0.175043
-1.25377 0.208657
-1.28669 0.203675
-1.37449 0.234474
-1.41289 0.250686
-1.39643 0.256211
-1.31413 0.216244
-1.31962 0.237138
-1.40192 0.293589
-1.39095 0.276021
-1.37449 0.2137
-1.24829 0.22919
-1.29767 0.234474
-1.23731 0.218803
-1.1989 0.231824
-1.20988 0.22919
-1.25926 0.239818
-1.26475 0.276021
-1.33059 0.349542
-1.34156 0.403373
-1.29218 0.346306
-1.31413 0.386137
-1.28669 0.362639
-1.20439 0.296569
-1.1989 0.253441
-1.21536 0.284737
-1.17147 0.264611
-1.17147 0.250686
-1.20988 0.330349
-1.25926 0.320956
-1.28121 0.33351
-1.35254 0.336686
-1.35254 0.299565
-1.37997 0.327203
-1.31413 0.343084
-1.30316 0.320956
-1.15501 0.261796
-1.20439 0.276021
-1.1989 0.278911
-1.23182 0.308642
-1.22085 0.284737
-1.21536 0.308642
-1.369 0.352794
-1.28669 0.327203
-1.22085 0.278911
-1.1989 0.218803
-1.36351 0.267441
-1.34156 0.296569
-1.40192 0.287673
-1.369 0.239818
-1.33608 0.267441
-1.27572 0.281817
-1.28121 0.264611
-1.34156 0.302575
-1.18244 0.276021
-1.29218 0.293589
-1.26475 0.253441
-1.27572 0.226571
-1.25926 0.206158
-1.28121 0.216244
-1.29767 0.247947
-1.27572 0.231824
-1.1989 0.226571
-1.29218 0.320956
-1.27572 0.293589
-1.31413 0.270286
-1.30864 0.284737
-1.34156 0.296569
-1.37449 0.324072
-1.43484 0.392986
-1.37449 0.369277
-1.33059 0.372619
-1.29218 0.386137
-1.31413 0.449948
-1.31962 0.406865
-1.27023 0.36595
-1.33059 0.424553
-1.33608 0.403373
-1.45679 0.476081
-1.43484 0.52657
-1.369 0.461058
-1.40192 0.472303
-1.27572 0.435347
-1.29767 0.36595
-1.28121 0.369277
-1.20439 0.270286
-1.26475 0.256211
-1.22085 0.281817
-1.24829 0.305601
-1.29767 0.35606
-1.31413 0.305601
-1.40192 0.339878
-1.34705 0.311698
-1.31962 0.281817
-1.38546 0.336686
-1.37997 0.336686
-1.37997 0.290623
-1.33608 0.253441
-1.36351 0.287673
-1.39095 0.258996
-1.33059 0.253441
-1.25926 0.281817
-1.24829 0.264611
-1.3251 0.299565
-1.30864 0.284737
-1.22634 0.270286
-1.23731 0.299565
-1.26475 0.281817
-1.29767 0.320956
-1.28121 0.317855
-1.30864 0.336686
-1.44582 0.343084
-1.36351 0.281817
-1.26475 0.223967
-1.27023 0.22919
-1.34156 0.261796
-1.34156 0.264611
-1.33608 0.290623
-1.27023 0.267441
-1.35254 0.261796
-1.35802 0.208657
-1.40192 0.181998
-1.37449 0.208657
-1.39643 0.19389
-1.42936 0.231824
-1.40741 0.234474
-1.36351 0.22919
-1.30316 0.186709
-1.27572 0.276021
-1.36351 0.270286
-1.41838 0.273146
-1.36351 0.287673
-1.40741 0.314769
-1.36351 0.267441
-1.28669 0.242512
-1.29767 0.234474
-1.3251 0.253441
-1.30864 0.218803
-1.28669 0.223967
-1.28121 0.211171
-1.27572 0.245222
-1.29218 0.223967
-1.31962 0.216244
-1.41838 0.2137
-1.34705 0.2137
-1.31413 0.206158
-1.27023 0.221377
-1.17695 0.186709
-1.30316 0.250686
-1.3251 0.273146
-1.29767 0.278911
-1.29218 0.278911
-1.42387 0.270286
-1.41838 0.327203
-1.43484 0.352794
-1.39095 0.392986
-1.29767 0.362639
-1.31413 0.36595
-1.39095 0.379348
-1.27023 0.359342
-1.30316 0.435347
-1.35254 0.483683
-1.34156 0.499068
-1.37997 0.495199
-1.31962 0.379348
-1.33608 0.396433
-1.27023 0.396433
-1.33608 0.449948
-1.31413 0.406865
-1.35254 0.449948
-1.36351 0.468539
-1.45679 0.502951
-1.50617 0.604938
-1.46776 0.579603
-1.41838 0.575434
-1.38546 0.518637
-1.35802 0.45734
-1.4513 0.50685
-1.47874 0.495199
-1.26475 0.389554
-1.22634 0.33351
-1.27023 0.362639
-1.30316 0.442617
-1.36351 0.403373
-1.33608 0.413895
-1.30864 0.379348
-1.36351 0.386137
-1.35802 0.420986
-1.37997 0.428136
-1.34705 0.410373
-1.369 0.420986
-1.21536 0.317855
-1.1166 0.231824
-1.13306 0.184346
-1.16598 0.19389
-1.22634 0.226571
-1.23731 0.250686
-1.19342 0.284737
-1.19342 0.234474
-1.13306 0.191481
-1.14952 0.159342
-1.07819 0.159342
-1.15501 0.140239
-1.06173 0.175043
-1.08368 0.184346
-1.10014 0.16154
-1.09465 0.179664
-1.06173 0.168224
-1.23182 0.191481
-1.22634 0.19389
-1.12209 0.142302
-1.1166 0.105692
-1.21536 0.19389
-1.18793 0.221377
-1.28121 0.296569
-1.23182 0.336686
-1.20988 0.308642
-1.19342 0.33351
-1.3251 0.379348
-1.25926 0.386137
-1.31962 0.410373
-1.37997 0.45734
-1.40741 0.491345
-1.34705 0.406865
-1.31962 0.410373
-1.39643 0.483683
-1.44582 0.52657
-1.45679 0.52657
-1.45679 0.592203
-1.48971 0.630815
-1.45679 0.592203
-1.40192 0.550731
-1.46228 0.613504
-1.46228 0.575434
-1.43484 0.510764
-1.44582 0.571279
-1.52812 0.635181
-1.50069 0.617809
-1.40741 0.571279
-1.44033 0.563015
-1.40192 0.579603
-1.4952 0.630815
-1.45679 0.617809
-1.42936 0.583788
-1.43484 0.563015
-1.45679 0.648367
-1.4513 0.609213
-1.50617 0.652793
-1.48971 0.613504
-1.51715 0.635181
-1.46228 0.622129
-1.55556 0.688741
-1.58848 0.702469
-1.4952 0.643957
-1.50617 0.630815
-1.55007 0.652793
-1.56104 0.652793
-1.53909 0.635181
-1.4952 0.592203
-1.44582 0.575434
-1.45679 0.596433
-1.44582 0.567139
-1.41289 0.583788
-1.40741 0.542617
-1.42936 0.567139
-1.36351 0.538583
-1.51715 0.558905
-1.48971 0.592203
-1.43484 0.567139
-1.44582 0.596433
-1.42387 0.546667
-1.41838 0.571279
-1.55007 0.643957
-1.39095 0.604938
-1.43484 0.592203
-1.44033 0.617809
-1.36351 0.575434
-1.46228 0.639561
-1.43484 0.635181
-1.33059 0.550731
-1.40741 0.52657
-1.4513 0.491345
-1.36351 0.420986
-1.44033 0.476081
-1.39095 0.483683
-1.43484 0.461058
-1.44582 0.45734
-1.48422 0.468539
-1.46776 0.446275
-1.41289 0.442617
-1.45679 0.446275
-1.33608 0.399896
-1.31413 0.359342
-1.42387 0.382735
-1.40192 0.324072
-1.46228 0.417433
-1.47874 0.413895
-1.4513 0.420986
-1.41289 0.413895
-1.33059 0.349542
-1.29218 0.305601
-1.36351 0.359342
-1.35802 0.308642
-1.27023 0.339878
-1.30316 0.369277
-1.28669 0.424553
-1.21536 0.372619
-1.2428 0.396433
-1.34705 0.438974
-1.31962 0.382735
-1.41289 0.431734
-1.44582 0.392986
-1.34156 0.359342
-1.26475 0.35606
-1.23731 0.317855
-1.3251 0.399896
-1.31962 0.410373
-1.39643 0.468539
-1.35802 0.472303
-1.39643 0.522596
-1.35254 0.438974
-1.40192 0.476081
-1.43484 0.534564
-1.369 0.479875
-1.36351 0.502951
-1.50069 0.542617
-1.47325 0.550731
-1.41289 0.558905
-1.54458 0.630815
-1.38546 0.530559
-1.52263 0.643957
-1.45679 0.592203
-1.35254 0.468539
-1.37997 0.472303
-1.34705 0.461058
-1.29218 0.438974
-1.40741 0.522596
-1.37997 0.542617
-1.42936 0.55481
-1.40741 0.502951
-1.43484 0.514693
-1.39643 0.487507
-1.369 0.518637
-1.42936 0.534564
-1.44582 0.550731
-1.50617 0.652793
-1.52263 0.643957
-1.53909 0.679663
-1.45679 0.648367
-1.42387 0.587988
-1.42387 0.563015
-1.43484 0.592203
-1.56104 0.613504
-1.4952 0.571279
-1.41289 0.563015
-1.39643 0.567139
-1.56104 0.679663
-1.53909 0.679663
-1.54458 0.639561
-1.53909 0.626465
-1.53361 0.604938
-1.52263 0.648367
-1.46776 0.622129
-1.45679 0.579603
-1.40741 0.571279
-1.44033 0.626465
-1.43484 0.579603
-1.40192 0.534564
-1.47874 0.613504
-1.44033 0.538583
-1.42387 0.522596
-1.41289 0.514693
-1.4952 0.550731
-1.46228 0.592203
-1.43484 0.583788
-1.4513 0.579603
-1.45679 0.530559
-1.41289 0.55481
-1.47325 0.575434
-1.42387 0.546667
-1.41838 0.514693
-1.38546 0.479875
-1.41289 0.491345
-1.51715 0.530559
-1.39643 0.483683
-1.35254 0.476081
-1.37997 0.546667
-1.33608 0.510764
-1.29218 0.449948
-1.39095 0.472303
-1.40192 0.510764
-1.4513 0.558905
-1.46776 0.558905
-1.46776 0.55481
-1.48971 0.55481
-1.51715 0.563015
-1.48971 0.495199
-1.47874 0.476081
-1.45679 0.461058
-1.42936 0.468539
-1.41838 0.510764
-1.36351 0.50685
-1.35802 0.487507
-1.35254 0.472303
-1.31962 0.491345
-1.34705 0.50685
-1.41838 0.55481
-1.51715 0.613504
-1.45679 0.600678
-1.48422 0.626465
-1.47325 0.648367
-1.4513 0.604938
-1.41289 0.571279
-1.47325 0.604938
-1.44033 0.518637
-1.4952 0.546667
-1.48422 0.579603
-1.37997 0.522596
-1.46228 0.563015
-1.56653 0.596433
-1.37449 0.495199
-1.39095 0.546667
-1.3251 0.483683
-1.3251 0.491345
-1.33608 0.435347
-1.35254 0.424553
-1.40192 0.424553
-1.45679 0.491345
-1.35254 0.476081
-1.37997 0.435347
-1.20988 0.349542
-1.15501 0.352794
-1.2428 0.33351
-1.30864 0.36595
-1.37997 0.476081
-1.40741 0.518637
-1.47874 0.575434
-1.42387 0.592203
-1.51166 0.617809
-1.39095 0.514693
-1.34705 0.483683
-1.41838 0.530559
-1.31962 0.396433
-1.3251 0.413895
-1.27023 0.413895
-1.28669 0.359342
-1.30864 0.372619
-1.3251 0.382735
-1.34705 0.379348
-1.35802 0.375976
-1.31413 0.420986
-1.35802 0.413895
-1.37449 0.362639
-1.42387 0.343084
-1.41289 0.320956
-1.30316 0.308642
-1.28669 0.324072
-1.21536 0.276021
-1.3251 0.281817
-1.33059 0.317855
-1.36351 0.320956
-1.35802 0.343084
-1.39643 0.336686
-1.39095 0.327203
-1.29767 0.352794
-1.31413 0.36595
-1.33608 0.362639
-1.40192 0.362639
-1.4513 0.392986
-1.46776 0.45734
-1.52812 0.499068
-1.55007 0.55481
-1.55556 0.55481
-1.54458 0.622129
-1.51715 0.571279
-1.50617 0.55481
-1.44582 0.587988
-1.44582 0.50685
-1.33608 0.453636
-1.37997 0.518637
-1.39095 0.563015
-1.41838 0.52657
-1.39095 0.538583
-1.37449 0.495199
-1.39095 0.538583
-1.40192 0.52657
-1.47325 0.609213
-1.43484 0.604938
-1.44582 0.604938
-1.38546 0.530559
-1.43484 0.567139
-1.44582 0.563015
-1.46228 0.630815
-1.48971 0.670646
-1.4952 0.630815
-1.41838 0.546667
-1.40741 0.579603
-1.40192 0.563015
-1.41289 0.55481
-1.42936 0.558905
-1.39095 0.518637
-1.37449 0.538583
-1.42387 0.563015
-1.44033 0.583788
-1.41838 0.613504
-1.40192 0.563015
-1.369 0.514693
-1.41838 0.563015
-1.33059 0.495199
-1.34156 0.453636
-1.30864 0.449948
-1.31962 0.410373
-1.39643 0.428136
-1.41838 0.420986
-1.37997 0.461058
-1.35802 0.417433
-1.29767 0.349542
-1.29767 0.330349
-1.35802 0.35606
-1.27572 0.343084
-1.26475 0.396433
-1.33608 0.464791
-1.2428 0.453636
-1.31413 0.514693
-1.37997 0.558905
-1.3251 0.530559
-1.44033 0.587988
-1.30864 0.50685
-1.29218 0.45734
-1.27572 0.50685
-1.51166 0.604938
-1.57202 0.617809
-1.46228 0.600678
-1.41838 0.583788
-1.43484 0.567139
-1.34156 0.538583
-1.4513 0.613504
-1.44582 0.587988
-1.46228 0.571279
-1.37997 0.495199
-1.23731 0.417433
-1.17147 0.35606
-1.20439 0.375976
-1.30864 0.424553
-1.34705 0.449948
-1.31962 0.431734
-1.35802 0.464791
-1.34156 0.491345
-1.35254 0.514693
-1.35802 0.530559
-1.47325 0.546667
-1.47325 0.617809
-1.55556 0.675147
-1.48971 0.635181
-1.46776 0.613504
-1.60494 0.725652
-1.59945 0.716334
-1.55556 0.670646
-1.53361 0.679663
-1.52263 0.648367
-1.54458 0.679663
-1.55556 0.716334
-1.64883 0.758739
-1.64883 0.763526
-1.56653 0.707076
-1.55556 0.670646
-1.51166 0.657234
-1.53909 0.657234
-1.5775 0.675147
-1.50069 0.579603
-1.41838 0.563015
-1.42387 0.558905
-1.39643 0.538583
-1.39095 0.530559
-1.38546 0.534564
-1.42936 0.538583
-1.42387 0.538583
-1.39643 0.510764
-1.35802 0.487507
-1.40741 0.487507
-1.42387 0.431734
-1.50069 0.499068
-1.42936 0.495199
-1.37997 0.491345
-1.33059 0.442617
-1.37449 0.431734
-1.34705 0.420986
-1.41289 0.431734
-1.42387 0.491345
-1.40192 0.413895
-1.41838 0.431734
-1.39643 0.446275
-1.34705 0.431734
-1.44582 0.495199
-1.48971 0.546667
-1.41289 0.534564
-1.50617 0.563015
-1.41838 0.538583
-1.4952 0.571279
-1.56653 0.639561
-1.61591 0.688741
-1.47325 0.613504
-1.53361 0.675147
-1.55007 0.648367
-1.46776 0.600678
-1.50069 0.613504
-1.50617 0.592203
-1.48971 0.66616
-1.43484 0.613504
-1.41838 0.613504
-1.46228 0.652793
-1.40741 0.617809
-1.46776 0.635181
-1.41289 0.630815
-1.43484 0.635181
-1.30864 0.542617
-1.37449 0.534564
-1.40192 0.52657
-1.46776 0.542617
-1.58848 0.613504
-1.55556 0.604938
-1.47874 0.592203
-1.4513 0.613504
-1.46228 0.639561
-1.54458 0.711697
-1.51166 0.693302
-1.37997 0.596433
-1.39643 0.609213
-1.37997 0.613504
-1.46776 0.626465
-1.44582 0.657234
-1.4952 0.630815
-1.44033 0.567139
-1.35802 0.438974
-1.42936 0.499068
-1.41289 0.510764
-1.46776 0.55481
-1.42936 0.510764
-1.46228 0.52657
-1.47325 0.510764
-1.40192 0.522596
-1.369 0.499068
-1.36351 0.499068
-1.35802 0.514693
-1.39095 0.514693
-1.4513 0.530559
-1.34156 0.483683
-1.31413 0.464791
-1.30864 0.435347
-1.35802 0.424553
-1.33059 0.435347
-1.42387 0.449948
-1.45679 0.495199
-1.35802 0.446275
-1.42936 0.461058
-1.34705 0.410373
-1.24829 0.399896
-1.27023 0.438974
-1.33059 0.534564
-1.39643 0.530559
-1.40741 0.449948
-1.40741 0.453636
-1.29767 0.428136
-1.28669 0.375976
-1.29218 0.399896
-1.37997 0.420986
-1.35254 0.403373
-1.369 0.446275
-1.35802 0.438974
-1.38546 0.476081
-1.3251 0.464791
-1.31413 0.446275
-1.30316 0.413895
-1.29767 0.449948
-1.40741 0.491345
-1.42936 0.502951
-1.35802 0.499068
-1.29767 0.45734
-1.29767 0.428136
-1.25926 0.406865
-1.31962 0.453636
-1.35254 0.45734
-1.31413 0.435347
-1.25377 0.372619
-1.35254 0.479875
-1.33059 0.479875
-1.36351 0.502951
-1.33608 0.499068
-1.35254 0.468539
-1.3251 0.446275
-1.31413 0.435347
-1.35254 0.472303
-1.42387 0.438974
-1.42387 0.479875
-1.43484 0.446275
-1.39095 0.438974
-1.29218 0.45734
-1.28669 0.461058
-1.38546 0.514693
-1.37997 0.530559
-1.43484 0.542617
-1.52812 0.652793
-1.52263 0.670646
-1.64335 0.716334
-1.56653 0.693302
-1.54458 0.684194
-1.50069 0.626465
-1.52812 0.626465
-1.56653 0.697878
-1.55007 0.711697
-1.42936 0.626465
-1.47325 0.630815
-1.55556 0.693302
-1.56653 0.693302
-1.5775 0.688741
-1.42387 0.604938
-1.38546 0.534564
-1.37997 0.522596
-1.369 0.534564
-1.35254 0.534564
-1.28669 0.472303
-1.40741 0.567139
-1.47325 0.579603
-1.47325 0.571279
-1.52812 0.622129
-1.46228 0.587988
-1.40741 0.583788
-1.53361 0.648367
-1.58299 0.66616
-1.50617 0.648367
-1.46228 0.596433
-1.41838 0.563015
-1.36351 0.550731
-1.52263 0.679663
-1.52263 0.657234
-1.57202 0.657234
-1.41289 0.592203
-1.50617 0.66616
-1.56104 0.739742
-1.50069 0.711697
-1.59396 0.744468
-1.61043 0.763526
-1.61043 0.773145
-1.59396 0.739742
-1.63786 0.763526
-1.53909 0.711697
-1.5775 0.744468
-1.60494 0.758739
-1.59945 0.768328
-1.58848 0.739742
-1.50069 0.697878
-1.73114 0.837137
-1.68724 0.812224
-1.62689 0.777977
-1.53361 0.657234
-1.5775 0.66616
-1.54458 0.684194
-1.51166 0.630815
-1.44033 0.587988
-1.52812 0.617809
-1.4952 0.596433
-1.39643 0.538583
-1.37449 0.514693
-1.40741 0.50685
-1.369 0.435347
-1.369 0.428136
-1.35254 0.449948
-1.47325 0.510764
-1.46776 0.546667
-1.40741 0.530559
-1.37997 0.534564
-1.37997 0.522596
-1.43484 0.575434
-1.4513 0.648367
-1.56653 0.73503
-1.58299 0.739742
-1.64883 0.797456
-1.65432 0.777977
-1.63237 0.768328
-1.62689 0.74921
-1.53361 0.725652
-1.61591 0.73503
-1.52263 0.613504
-1.53361 0.66169
-1.48971 0.609213
-1.44582 0.575434
-1.53361 0.630815
-1.55556 0.617809
-1.39643 0.510764
-1.44582 0.571279
-1.41838 0.495199
-1.38546 0.499068
-1.38546 0.558905
-1.57202 0.66616
-1.51166 0.643957
-1.51715 0.648367
-1.53909 0.679663
-1.46776 0.639561
-1.44582 0.587988
-1.37449 0.522596
-1.3251 0.491345
-1.46228 0.563015
-1.43484 0.563015
-1.47325 0.571279
-1.34705 0.542617
-1.39095 0.571279
-1.51715 0.684194
-1.53909 0.652793
-1.47874 0.639561
-1.47874 0.613504
-1.44582 0.600678
-1.47874 0.652793
-1.59396 0.730333
-1.65432 0.768328
-1.51166 0.66616
-1.50617 0.652793
-1.4952 0.652793
-1.51715 0.66169
-1.53361 0.613504
-1.39095 0.50685
-1.35802 0.438974
-1.23731 0.369277
-1.25377 0.349542
-1.18244 0.369277
-1.20439 0.372619
-1.23182 0.424553
-1.23731 0.431734
-1.19342 0.431734
-1.23182 0.406865
-1.23731 0.464791
-1.35254 0.571279
-1.37449 0.567139
-1.39643 0.575434
-1.35802 0.583788
-1.47325 0.626465
-1.24829 0.510764
-1.39095 0.563015
-1.38546 0.50685
-1.35802 0.499068
-1.37449 0.510764
-1.35254 0.472303
-1.40192 0.464791
-1.37997 0.479875
-1.41289 0.453636
-1.369 0.369277
-1.3251 0.314769
-1.41289 0.33351
-1.38546 0.330349
-1.42387 0.35606
-1.30864 0.375976
-1.30316 0.293589
-1.31962 0.336686
-1.37997 0.352794
-1.35802 0.379348
-1.34156 0.375976
-1.33608 0.324072
-1.30316 0.305601
-1.21536 0.264611
-1.26475 0.296569
-1.39095 0.362639
-1.45679 0.406865
-1.3251 0.396433
-1.44582 0.349542
-1.28121 0.35606
-1.33608 0.403373
-1.34705 0.399896
-1.35254 0.406865
-1.42387 0.413895
-1.369 0.359342
-1.35802 0.308642
-1.30316 0.258996
-1.28121 0.264611
-1.35254 0.237138
-1.28669 0.201206
-1.369 0.221377
-1.30864 0.245222
-1.12209 0.181998
-1.22085 0.146472
-1.2428 0.120444
-1.23731 0.0952599
-1.27572 0.0760216
-1.29218 0.0487749
-1.37449 0.0686454
-1.35254 0.0616456
-1.25926 0.073026
-1.21536 0.0700906
-1.25377 0.0658003
-1.33059 0.0760216
-1.26475 0.0499943
-1.30316 0.073026
-1.29218 0.0524781
-1.22085 0.0303496
-1.16049 0.0105844
-1.1989 0.00795008
-1.22085 0.00795008
-1.34156 0.0105844
-1.39095 0.0240271
-1.27023 0.0149048
-1.29767 0.00895866
-1.33608 0.00569207
-1.3251 0.00948553
-1.35254 0.0105844
-1.3251 0.0374096
-1.28121 0.0155822
-1.22634 0.00528563
-1.25377 0.00844685
-1.33059 0.00381039
-1.37997 0.00844685
-1.369 0.00655012
-1.29218 0.00948553
-1.2428 0.00158249
-1.18793 0.0105844
-1.2428 0.0169821
-1.25377 0.0142424
-1.22634 0.00844685
-1.14952 0.00948553
-1.22085 0.0257583
-1.1166 0.0162746
-1.19342 0.0275496
-1.18244 0.0537426
-1.12209 0.058951
-1.19342 0.073026
-1.16598 0.0672154
-1.21536 0.058951
-1.25926 0.0745163
-1.22634 0.0700906
-1.22634 0.0760216
-1.26475 0.0563167
-1.23731 0.0563167
-1.27572 0.0384784
-1.33059 0.0353172
-1.24829 0.0395622
-1.35802 0.0440482
-1.2428 0.0363559
-1.16598 0.0384784
-1.20439 0.0363559
-1.18244 0.0475707
-1.22634 0.0342936
-1.2428 0.0487749
-1.24829 0.0537426
-1.24829 0.073026
-1.22634 0.0700906
-1.22634 0.0952599
-1.22085 0.0902471
-1.33608 0.111111
-1.3251 0.134143
-1.27572 0.112948
-1.19342 0.107483
-1.35802 0.146472
-1.39095 0.138192
-1.31962 0.0837741
-1.28121 0.080628
-1.29218 0.0630155
-1.29218 0.0760216
-1.28121 0.0790775
-1.31413 0.116666
-1.36351 0.130154
-1.30316 0.122356
-1.33059 0.130154
-1.30864 0.080628
-1.3251 0.100408
-1.24829 0.0790775
-1.34156 0.114799
-1.34156 0.126225
-1.30316 0.122356
-1.27023 0.114799
-1.20988 0.124283
-1.30316 0.177346
-1.39643 0.198752
-1.36351 0.179664
-1.35802 0.2137
-1.34156 0.157159
-1.34705 0.10929
-1.33059 0.122356
-1.30316 0.10929
-1.33608 0.126225
-1.28669 0.124283
-1.35254 0.103916
-1.29767 0.073026
-1.31962 0.111111
-1.41838 0.118547
-1.35254 0.128182
-1.23182 0.157159
-1.20988 0.16154
-1.2428 0.159342
-1.25926 0.208657
-1.31962 0.208657
-1.28669 0.201206
-1.34156 0.189088
-1.18793 0.142302
-1.18244 0.116666
-1.30316 0.142302
-1.30316 0.186709
-1.28121 0.181998
-1.34156 0.134143
-1.34156 0.116666
-1.23182 0.0935739
-1.33608 0.132141
-1.28669 0.16154
-1.24829 0.10929
-1.29218 0.0935739
-1.2428 0.10929
-1.11111 0.114799
-1.20988 0.134143
-1.23731 0.16154
-1.29218 0.16154
-1.26475 0.152839
-1.25926 0.144379
-1.27023 0.134143
-1.27572 0.165981
-1.23182 0.184346
-1.22085 0.179664
-1.20988 0.177346
-1.31413 0.211171
-1.22085 0.179664
-1.26475 0.172755
-1.22085 0.134143
-1.13306 0.157159
-1.18244 0.168224
-1.20988 0.146472
-1.18793 0.140239
-1.21536 0.114799
-1.20988 0.102154
-1.1989 0.122356
-1.27572 0.140239
-1.28669 0.157159
-1.30316 0.154992
-1.30316 0.103916
-1.30316 0.100408
-1.31413 0.122356
-1.31962 0.098677
-1.33608 0.080628
-1.28121 0.0745163
-1.36351 0.0886063
-1.33059 0.0715507
-1.30316 0.0475707
-1.23182 0.0429041
-1.24829 0.0524781
-1.28121 0.0952599
-1.23731 0.128182
-1.27023 0.177346
-1.35802 0.186709
-1.26475 0.170482
-1.23731 0.179664
-1.13855 0.130154
-1.22634 0.128182
-1.1989 0.116666
-1.12209 0.0760216
-1.19342 0.080628
-1.23182 0.0837741
-1.16598 0.0644004
-1.23182 0.077542
-1.28121 0.0537426
-1.25377 0.0715507
-1.19342 0.111111
-1.13306 0.0952599
-1.21536 0.098677
-1.2428 0.107483
-1.17147 0.120444
-1.11111 0.134143
-1.13306 0.103916
-1.19342 0.0475707
-1.17695 0.0644004
-1.22634 0.0616456
-1.17147 0.0487749
-1.05075 0.0512286
-1.13855 0.0417751
-1.11111 0.0499943
-1.10014 0.0353172
-1.16049 0.0406611
-1.20988 0.0658003
-1.13855 0.0644004
-1.16049 0.0760216
-1.18793 0.0969609
-1.1166 0.0537426
-1.12209 0.0969609
-1.1166 0.073026
-1.17147 0.0616456
-1.18244 0.0524781
-1.16598 0.0658003
-1.1989 0.080628
-1.16049 0.105692
-1.18793 0.10929
-1.19342 0.126225
-1.23182 0.112948
-1.21536 0.0935739
-1.27572 0.124283
-1.33608 0.152839
-1.31962 0.163753
-1.20988 0.130154
-1.33608 0.16154
-1.34705 0.201206
-1.26475 0.206158
-1.25377 0.22919
-1.36351 0.320956
-1.37449 0.382735
-1.42936 0.472303
-1.40741 0.510764
-1.42936 0.491345
-1.42936 0.468539
-1.43484 0.502951
-1.38546 0.446275
-1.41289 0.487507
-1.41289 0.479875
-1.40741 0.499068
-1.37449 0.449948
-1.40192 0.446275
-1.46228 0.483683
-1.53361 0.567139
-1.48971 0.534564
-1.42387 0.502951
-1.37997 0.468539
-1.41289 0.442617
-1.50617 0.502951
-1.50069 0.52657
-1.4952 0.530559
-1.46228 0.52657
-1.4952 0.563015
-1.41289 0.55481
-1.34705 0.510764
-1.33059 0.472303
-1.39643 0.468539
-1.42936 0.499068
-1.33608 0.518637
-1.51166 0.596433
-1.50069 0.596433
-1.45679 0.50685
-1.51166 0.534564
-1.44033 0.510764
-1.33608 0.502951
-1.34156 0.514693
-1.44582 0.518637
-1.37997 0.499068
-1.29767 0.464791
-1.22085 0.389554
-1.35254 0.487507
-1.30316 0.399896
-1.35802 0.406865
-1.33608 0.382735
-1.29218 0.36595
-1.27023 0.35606
-1.28669 0.330349
-1.22085 0.293589
-1.25926 0.324072
-1.27572 0.308642
-1.18244 0.270286
-1.1989 0.305601
-1.21536 0.375976
-1.43484 0.546667
-1.42936 0.502951
-1.43484 0.50685
-1.4513 0.542617
-1.47874 0.546667
-1.54458 0.670646
-1.48971 0.587988
-1.58299 0.613504
-1.55556 0.579603
-1.44033 0.518637
-1.44582 0.530559
-1.39643 0.453636
-1.34156 0.431734
-1.39643 0.410373
-1.42936 0.453636
-1.31962 0.396433
-1.35802 0.417433
-1.35254 0.375976
-1.38546 0.406865
-1.33059 0.449948
-1.40741 0.461058
-1.43484 0.449948
-1.35802 0.403373
-1.44582 0.449948
-1.46776 0.510764
-1.47874 0.563015
-1.45679 0.52657
-1.48422 0.510764
-1.47325 0.518637
-1.48971 0.514693
-1.37997 0.502951
-1.37997 0.476081
-1.31962 0.446275
-1.42387 0.468539
-1.35254 0.431734
-1.34156 0.403373
-1.25377 0.386137
-1.31962 0.372619
-1.40192 0.413895
-1.33059 0.359342
-1.27572 0.36595
-1.25926 0.346306
-1.31962 0.346306
-1.33608 0.379348
-1.31962 0.413895
-1.3251 0.420986
-1.369 0.461058
-1.39643 0.491345
-1.38546 0.495199
-1.48422 0.468539
-1.42936 0.413895
-1.40741 0.442617
-1.41289 0.453636
-1.46776 0.502951
-1.37449 0.424553
-1.369 0.472303
-1.47874 0.491345
-1.44033 0.472303
-1.39095 0.449948
-1.369 0.417433
-1.34705 0.483683
-1.30864 0.428136
-1.37449 0.476081
-1.40192 0.476081
-1.44033 0.45734
-1.41838 0.424553
-1.47325 0.410373
-1.47325 0.442617
-1.48422 0.453636
-1.42936 0.479875
-1.48971 0.453636
-1.34156 0.379348
-1.31962 0.36595
-1.24829 0.362639
-1.17147 0.336686
-1.30316 0.362639
-1.34156 0.442617
-1.34705 0.420986
-1.30864 0.403373
-1.3251 0.403373
-1.37449 0.420986
-1.34705 0.438974
-1.34705 0.479875
-1.39095 0.431734
-1.39643 0.468539
-1.39643 0.435347
-1.39643 0.442617
-1.41838 0.479875
-1.4952 0.502951
-1.34156 0.464791
-1.47325 0.487507
-1.44033 0.428136
-1.37997 0.396433
-1.33608 0.372619
-1.33608 0.36595
-1.34705 0.343084
-1.3251 0.302575
-1.31413 0.293589
-1.41838 0.339878
-1.39643 0.343084
-1.39095 0.349542
-1.44582 0.428136
-1.39095 0.446275
-1.27023 0.386137
-1.28669 0.399896
-1.27023 0.359342
-1.36351 0.346306
-1.33059 0.424553
-1.37449 0.435347
-1.28121 0.472303
-1.30864 0.461058
-1.33059 0.499068
-1.35802 0.534564
-1.41838 0.522596
-1.51166 0.600678
-1.53361 0.609213
-1.46228 0.563015
-1.48971 0.518637
-1.55556 0.592203
-1.35802 0.518637
-1.35254 0.483683
-1.369 0.483683
-1.46228 0.609213
-1.50617 0.592203
-1.58848 0.643957
-1.44033 0.596433
-1.53909 0.652793
-1.51715 0.66169
-1.58848 0.697878
-1.60494 0.730333
-1.57202 0.725652
-1.52263 0.707076
-1.51715 0.688741
-1.42387 0.675147
-1.42936 0.587988
-1.4513 0.630815
-1.47874 0.630815
-1.50617 0.648367
-1.46228 0.652793
-1.55007 0.66169
-1.48971 0.626465
-1.48422 0.635181
-1.46228 0.635181
-1.51715 0.643957
-1.47874 0.600678
-1.41289 0.571279
-1.42387 0.613504
-1.43484 0.600678
-1.5775 0.693302
-1.60494 0.725652
-1.53909 0.707076
-1.55556 0.679663
-1.55556 0.707076
-1.61043 0.73503
-1.51715 0.66169
-1.4952 0.66616
-1.56104 0.711697
-1.55556 0.739742
-1.55007 0.684194
-1.52263 0.679663
-1.55007 0.675147
-1.37997 0.52657
-1.47325 0.583788
-1.44033 0.657234
-1.47874 0.648367
-1.51166 0.643957
-1.53361 0.684194
-1.61043 0.730333
-1.58848 0.74921
-1.5775 0.702469
-1.61591 0.73503
-1.51715 0.670646
-1.52263 0.675147
-1.46228 0.604938
-1.51715 0.684194
-1.51715 0.679663
-1.59396 0.702469
-1.68724 0.763526
-1.53361 0.657234
-1.48971 0.66169
-1.48971 0.66169
-1.40192 0.592203
-1.39095 0.52657
-1.45679 0.558905
-1.45679 0.571279
-1.47874 0.648367
-1.48422 0.643957
-1.46228 0.600678
-1.46228 0.587988
-1.4952 0.639561
-1.55556 0.688741
-1.48971 0.635181
-1.54458 0.66169
-1.50069 0.648367
-1.46228 0.66169
-1.48971 0.617809
-1.46228 0.622129
-1.50069 0.613504
-1.54458 0.600678
-1.51166 0.563015
-1.54458 0.652793
-1.47874 0.571279
-1.42387 0.550731
-1.40192 0.491345
-1.39095 0.483683
-1.30316 0.417433
-1.31413 0.446275
-1.37997 0.461058
-1.3251 0.428136
-1.30316 0.375976
-1.30316 0.379348
-1.30316 0.382735
-1.34705 0.479875
-1.42936 0.510764
-1.4952 0.600678
-1.51166 0.626465
-1.46228 0.635181
-1.55007 0.670646
-1.56104 0.679663
-1.63237 0.744468
-1.65432 0.782824
-1.64335 0.716334
-1.54458 0.693302
-1.61043 0.73503
-1.58299 0.763526
-1.56653 0.739742
-1.63237 0.763526
-1.52263 0.66169
-1.50617 0.587988
-1.4513 0.538583
-1.40741 0.522596
-1.39643 0.476081
-1.4952 0.52657
-1.42936 0.514693
-1.44033 0.495199
-1.41838 0.406865
-1.4513 0.320956
-1.40192 0.293589
-1.17695 0.226571
-1.29767 0.250686
-1.25926 0.278911
-1.30864 0.320956
-1.30864 0.336686
-1.41289 0.382735
-1.33059 0.403373
-1.37449 0.435347
-1.43484 0.413895
-1.42387 0.442617
-1.34156 0.442617
-1.34156 0.396433
-1.35802 0.406865
-1.31413 0.375976
-1.2428 0.346306
-1.23182 0.359342
-1.21536 0.346306
-1.28669 0.308642
-1.23731 0.369277
-1.26475 0.431734
-1.39095 0.468539
-1.40741 0.50685
-1.4513 0.522596
-1.35254 0.428136
-1.39643 0.479875
-1.43484 0.468539
-1.43484 0.518637
-1.43484 0.534564
-1.45679 0.575434
-1.35802 0.476081
-1.38546 0.438974
-1.36351 0.379348
-1.35254 0.392986
-1.3251 0.424553
-1.33608 0.406865
-1.34156 0.324072
-1.36351 0.339878
-1.28669 0.324072
-1.28669 0.33351
-1.30864 0.396433
-1.48422 0.403373
-1.36351 0.349542
-1.35802 0.299565
-1.35254 0.35606
-1.27023 0.308642
-1.27023 0.311698
-1.3251 0.314769
-1.35802 0.308642
-1.34705 0.299565
-1.33059 0.296569
-1.30864 0.267441
-1.17695 0.264611
-1.21536 0.270286
-1.18793 0.327203
-1.35254 0.379348
-1.23731 0.33351
-1.37449 0.403373
-1.38546 0.386137
-1.37997 0.399896
-1.28669 0.403373
-1.37449 0.464791
-1.39095 0.464791
-1.30864 0.431734
-1.46776 0.502951
-1.40741 0.495199
-1.28669 0.431734
-1.37449 0.461058
-1.35802 0.495199
-1.42936 0.538583
-1.46228 0.530559
-1.37449 0.530559
-1.40741 0.442617
-1.41289 0.446275
-1.35254 0.406865
-1.22634 0.336686
-1.1989 0.343084
-1.04527 0.311698
-1.1166 0.372619
-1.2428 0.435347
-1.29767 0.442617
-1.40192 0.510764
-1.4513 0.534564
-1.48971 0.592203
-1.47874 0.550731
-1.40741 0.522596
-1.34156 0.495199
-1.51715 0.546667
-1.55007 0.550731
-1.4952 0.534564
-1.31962 0.472303
-1.29767 0.431734
-1.28669 0.453636
-1.34705 0.476081
-1.41838 0.491345
-1.42936 0.487507
-1.36351 0.530559
-1.30864 0.468539
-1.42936 0.538583
-1.38546 0.567139
-1.52263 0.652793
-1.53361 0.693302
-1.57202 0.688741
-1.59396 0.720985
-1.58848 0.684194
-1.58299 0.707076
-1.56104 0.670646
-1.68176 0.74921
-1.5775 0.711697
-1.61043 0.725652
-1.58848 0.730333
-1.65432 0.74921
-1.66529 0.73503
-1.71468 0.792564
-1.61591 0.711697
-1.61591 0.711697
-1.56104 0.707076
-1.4952 0.670646
-1.50069 0.657234
-1.4952 0.609213
-1.51715 0.66169
-1.59396 0.688741
-1.58299 0.657234
-1.45679 0.639561
-1.44033 0.613504
-1.42387 0.52657
-1.41289 0.534564
-1.4952 0.567139
-1.47325 0.518637
-1.39095 0.50685
-1.41289 0.550731
-1.37449 0.50685
-1.41289 0.534564
-1.50617 0.587988
-1.40192 0.495199
-1.39095 0.546667
-1.36351 0.472303
-1.41289 0.495199
-1.40192 0.476081
-1.36351 0.468539
-1.37997 0.52657
-1.41289 0.558905
-1.42936 0.530559
-1.45679 0.563015
-1.34705 0.502951
-1.36351 0.530559
-1.35254 0.510764
-1.35802 0.461058
-1.28121 0.382735
-1.22634 0.352794
-1.25377 0.375976
-1.25377 0.35606
-1.31413 0.35606
-1.21536 0.278911
-1.24829 0.305601
-1.31413 0.311698
-1.25926 0.314769
-1.25926 0.327203
-1.24829 0.302575
-1.29767 0.327203
-1.28121 0.308642
-1.26475 0.339878
-1.31413 0.417433
-1.37449 0.495199
-1.31962 0.464791
-1.33059 0.446275
-1.369 0.438974
-1.33059 0.396433
-1.23182 0.362639
-1.28121 0.396433
-1.17147 0.324072
-1.13306 0.320956
-1.23731 0.362639
-1.30316 0.399896
-1.27572 0.403373
-1.26475 0.35606
-1.28121 0.352794
-1.23182 0.308642
-1.17695 0.299565
-1.21536 0.382735
-1.29218 0.410373
-1.1989 0.389554
-1.20988 0.352794
-1.23182 0.362639
-1.36351 0.375976
-1.3251 0.327203
-1.30316 0.33351
-1.24829 0.305601
-1.31962 0.33351
-1.33059 0.302575
-1.20988 0.242512
-1.23731 0.296569
-1.30864 0.336686
-1.33059 0.406865
-1.36351 0.399896
-1.34705 0.336686
-1.22085 0.305601
-1.1166 0.245222
-1.14952 0.184346
-1.23182 0.159342
-1.17147 0.221377
-1.23731 0.290623
-1.34156 0.343084
-1.30316 0.327203
-1.25377 0.293589
-1.18244 0.290623
-1.20988 0.281817
-1.30316 0.299565
-1.20988 0.258996
-1.28121 0.339878
-1.31413 0.375976
-1.33608 0.446275
-1.3251 0.442617
-1.29218 0.406865
-1.33608 0.389554
-1.46776 0.476081
-1.41838 0.435347
-1.38546 0.442617
-1.369 0.438974
-1.31962 0.403373
-1.25926 0.379348
-1.39095 0.464791
-1.369 0.420986
-1.35802 0.442617
-1.40741 0.542617
-1.27572 0.435347
-1.29767 0.495199
-1.35254 0.514693
-1.41838 0.563015
-1.37449 0.583788
-1.35802 0.55481
-1.39643 0.600678
-1.42387 0.587988
-1.46228 0.622129
-1.42936 0.587988
-1.43484 0.604938
-1.27572 0.514693
-1.51166 0.630815
-1.56653 0.707076
-1.58299 0.697878
-1.55556 0.635181
-1.43484 0.571279
-1.43484 0.587988
-1.44582 0.579603
-1.48971 0.579603
-1.369 0.518637
-1.44582 0.563015
-1.46776 0.563015
-1.38546 0.518637
-1.46228 0.587988
-1.58848 0.657234
-1.53361 0.596433
-1.53909 0.609213
-1.40741 0.567139
-1.39643 0.575434
-1.43484 0.609213
-1.3251 0.514693
-1.30316 0.483683
-1.35254 0.522596
-1.46776 0.604938
-1.45679 0.617809
-1.44582 0.604938
-1.41289 0.587988
-1.43484 0.592203
-1.28121 0.495199
-1.41838 0.583788
-1.38546 0.542617
-1.46776 0.567139
-1.48971 0.567139
-1.53361 0.579603
-1.50617 0.558905
-1.34705 0.449948
-1.44582 0.461058
-1.43484 0.487507
-1.47874 0.483683
-1.42936 0.534564
-1.43484 0.499068
-1.51166 0.550731
-1.52263 0.546667
-1.52263 0.575434
-1.51166 0.579603
-1.59945 0.639561
-1.52812 0.639561
-1.50617 0.670646
-1.50617 0.626465
-1.48971 0.604938
-1.46776 0.538583
-1.38546 0.472303
-1.35254 0.468539
-1.30316 0.372619
-1.41289 0.428136
-1.40192 0.464791
-1.4952 0.592203
-1.58299 0.643957
-1.59396 0.613504
-1.61043 0.609213
-1.53909 0.643957
-1.56104 0.675147
-1.56653 0.643957
-1.50069 0.66616
-1.51166 0.670646
-1.56653 0.707076
-1.59396 0.730333
-1.56104 0.702469
-1.56104 0.720985
-1.59945 0.739742
-1.63786 0.753967
-1.57202 0.73503
-1.53361 0.688741
-1.52263 0.622129
-1.52812 0.604938
-1.47325 0.592203
-1.41289 0.502951
-1.35802 0.502951
-1.33059 0.491345
-1.35802 0.542617
-1.40192 0.579603
-1.37997 0.538583
-1.40192 0.571279
-1.35802 0.522596
-1.28669 0.438974
-1.37449 0.442617
-1.369 0.406865
-1.25926 0.403373
-1.46228 0.530559
-1.47325 0.550731
-1.39095 0.50685
-1.39643 0.442617
-1.33059 0.369277
-1.29767 0.396433
-1.35802 0.379348
-1.3251 0.420986
-1.37997 0.420986
-1.42387 0.410373
-1.36351 0.362639
-1.34705 0.287673
-1.369 0.290623
-1.43484 0.284737
-1.41289 0.256211
-1.35254 0.234474
-1.43484 0.256211
-1.38546 0.258996
-1.34705 0.245222
-1.34156 0.287673
-1.3251 0.276021
-1.2428 0.299565
-1.26475 0.324072
-1.31962 0.413895
-1.43484 0.453636
-1.40192 0.461058
-1.42936 0.495199
-1.42936 0.518637
-1.45679 0.514693
-1.48422 0.522596
-1.44582 0.499068
-1.46776 0.52657
-1.4513 0.550731
-1.39643 0.518637
-1.55007 0.622129
-1.41289 0.479875
-1.30864 0.453636
-1.19342 0.392986
-1.17695 0.352794
-1.34156 0.389554
-1.35802 0.352794
-1.44582 0.36595
-1.50069 0.389554
-1.41289 0.35606
-1.37997 0.352794
-1.30316 0.339878
-1.31962 0.278911
-1.22634 0.201206
-1.1989 0.157159
-1.23731 0.223967
-1.369 0.203675
-1.37449 0.172755
-1.23182 0.206158
-1.14403 0.22919
-1.12757 0.261796
-1.26475 0.299565
-1.29767 0.281817
-1.29767 0.270286
-1.20439 0.314769
-1.2428 0.33351
-1.3251 0.36595
-1.30864 0.410373
-1.30316 0.428136
-1.27023 0.362639
-1.28121 0.420986
-1.29767 0.45734
-1.24829 0.487507
-1.27572 0.446275
-1.36351 0.522596
-1.43484 0.522596
-1.50617 0.502951
-1.41838 0.453636
-1.44582 0.571279
-1.53361 0.575434
-1.40741 0.522596
-1.37449 0.518637
-1.39095 0.550731
-1.44033 0.558905
-1.53909 0.617809
-1.54458 0.66616
-1.53361 0.630815
-1.56653 0.66616
-1.46228 0.630815
-1.42387 0.609213
-1.4952 0.643957
-1.37449 0.518637
-1.38546 0.514693
-1.40192 0.52657
-1.39643 0.567139
-1.42387 0.571279
-1.45679 0.617809
-1.45679 0.609213
-1.48422 0.630815
-1.52263 0.688741
-1.43484 0.630815
-1.5775 0.716334
-1.61043 0.753967
-1.65981 0.782824
-1.59945 0.716334
-1.53909 0.697878
-1.71468 0.812224
-1.73114 0.857339
-1.65981 0.792564
-1.68724 0.817176
-1.58848 0.74921
-1.52812 0.720985
-1.61043 0.773145
-1.48422 0.670646
-1.47325 0.587988
-1.29767 0.483683
-1.29218 0.502951
-1.369 0.52657
-1.42387 0.604938
-1.38546 0.542617
-1.34156 0.522596
-1.30316 0.479875
-1.42387 0.538583
-1.40741 0.575434
-1.48422 0.604938
-1.50069 0.604938
-1.47874 0.563015
-1.38546 0.542617
-1.37449 0.50685
-1.369 0.510764
-1.35802 0.389554
-1.29218 0.386137
-1.34156 0.382735
-1.37997 0.461058
-1.33608 0.406865
-1.29218 0.392986
-1.30864 0.413895
-1.28669 0.392986
-1.33059 0.386137
-1.22634 0.352794
-1.31413 0.35606
-1.35254 0.320956
-1.26475 0.270286
-1.24829 0.311698
-1.33608 0.399896
-1.34705 0.476081
-1.40741 0.449948
-1.41838 0.464791
-1.47874 0.502951
-1.40741 0.483683
-1.35254 0.399896
-1.35254 0.461058
-1.46228 0.518637
-1.40192 0.491345
-1.45679 0.567139
-1.50069 0.592203
-1.46228 0.567139
-1.47325 0.604938
-1.34705 0.468539
-1.31413 0.424553
-1.25926 0.369277
-1.25377 0.35606
-1.26475 0.346306
-1.31962 0.324072
-1.30316 0.349542
-1.33059 0.417433
-1.369 0.431734
-1.35254 0.431734
-1.47325 0.510764
-1.39643 0.45734
-1.37449 0.453636
-1.41289 0.428136
-1.33608 0.468539
-1.48422 0.487507
-1.44582 0.472303
-1.39095 0.392986
-1.43484 0.396433
-1.48971 0.399896
-1.41289 0.399896
-1.37449 0.336686
-1.34156 0.290623
-1.28121 0.349542
-1.27023 0.320956
-1.19342 0.208657
-1.19342 0.239818
-1.28669 0.327203
-1.23182 0.339878
-1.24829 0.314769
-1.35802 0.382735
-1.29767 0.372619
-1.30864 0.349542
-1.369 0.346306
-1.27023 0.311698
-1.3251 0.308642
-1.28669 0.281817
-1.38546 0.311698
-1.28669 0.261796
-1.25926 0.270286
-1.31962 0.258996
-1.31962 0.256211
-1.30316 0.231824
-1.37449 0.22919
-1.22634 0.250686
-1.23731 0.253441
-1.23182 0.234474
-1.18244 0.2137
-1.20439 0.181998
-1.23182 0.2137
-1.24829 0.221377
-1.3251 0.245222
-1.28121 0.273146
-1.37997 0.273146
-1.37997 0.250686
-1.39643 0.223967
-1.33059 0.203675
-1.29767 0.211171
-1.33059 0.223967
-1.36351 0.250686
-1.33608 0.198752
-1.46228 0.223967
-1.38546 0.203675
-1.19342 0.138192
-1.25377 0.157159
-1.26475 0.170482
-1.20439 0.191481
-1.23731 0.208657
-1.19342 0.177346
-1.17695 0.189088
-1.16049 0.16154
-1.17147 0.175043
-1.28121 0.203675
-1.34705 0.247947
-1.34705 0.242512
-1.39643 0.223967
-1.42387 0.181998
-1.36351 0.144379
-1.35254 0.163753
-1.2428 0.165981
-1.41838 0.201206
-1.35802 0.226571
-1.37449 0.234474
-1.30864 0.245222
-1.27023 0.22919
-1.35254 0.258996
-1.41289 0.276021
-1.28669 0.247947
-1.34156 0.234474
-1.25377 0.234474
-1.28121 0.264611
-1.37997 0.346306
-1.369 0.406865
-1.38546 0.435347
-1.45679 0.438974
-1.39643 0.435347
-1.36351 0.449948
-1.31962 0.396433
-1.35254 0.386137
-1.27572 0.33351
-1.27572 0.382735
-1.35254 0.359342
-1.31962 0.379348
-1.369 0.403373
-1.3251 0.413895
-1.33608 0.36595
-1.35254 0.369277
-1.3251 0.372619
-1.25926 0.359342
-1.369 0.428136
-1.36351 0.420986
-1.33608 0.45734
-1.36351 0.438974
-1.3251 0.396433
-1.35802 0.424553
-1.35802 0.435347
-1.24829 0.417433
-1.3251 0.453636
-1.39643 0.50685
-1.37449 0.461058
-1.37997 0.435347
-1.37997 0.487507
-1.36351 0.55481
-1.37449 0.542617
-1.40192 0.550731
-1.48422 0.575434
-1.58299 0.652793
-1.48422 0.558905
-1.52263 0.571279
-1.47874 0.530559
-1.48971 0.563015
-1.46228 0.542617
-1.39095 0.483683
-1.44033 0.495199
-1.4513 0.491345
-1.50617 0.514693
-1.39643 0.487507
-1.52812 0.571279
-1.48971 0.558905
-1.50617 0.600678
-1.44582 0.514693
-1.36351 0.479875
-1.35254 0.487507
-1.45679 0.522596
-1.52263 0.587988
-1.44582 0.575434
-1.53909 0.604938
-1.61043 0.648367
-1.53361 0.604938
-1.42936 0.558905
-1.47874 0.538583
-1.51166 0.542617
-1.42936 0.510764
-1.44582 0.550731
-1.39643 0.575434
-1.51166 0.643957
-1.53361 0.66616
-1.47325 0.635181
-1.44033 0.635181
-1.51715 0.66616
-1.43484 0.575434
-1.40741 0.563015
-1.34156 0.510764
-1.31413 0.479875
-1.33059 0.534564
-1.34156 0.510764
-1.39095 0.550731
-1.44033 0.575434
-1.41289 0.476081
-1.41838 0.483683
-1.33059 0.476081
-1.31413 0.487507
-1.31413 0.472303
-1.42936 0.567139
-1.45679 0.630815
-1.48971 0.643957
-1.46228 0.652793
-1.42387 0.609213
-1.36351 0.575434
-1.36351 0.542617
-1.47325 0.579603
-1.39095 0.579603
-1.44033 0.626465
-1.47325 0.670646
-1.48422 0.643957
-1.39095 0.600678
-1.46776 0.657234
-1.50617 0.643957
-1.46228 0.626465
-1.48971 0.643957
-1.47874 0.648367
-1.52812 0.684194
-1.52812 0.622129
-1.55556 0.596433
-1.52263 0.609213
-1.46776 0.567139
-1.42936 0.558905
-1.39095 0.558905
-1.41838 0.546667
-1.48422 0.563015
-1.51166 0.583788
-1.41289 0.542617
-1.37449 0.499068
-1.38546 0.483683
-1.39095 0.50685
-1.37449 0.502951
-1.46228 0.613504
-1.48422 0.639561
-1.53361 0.639561
-1.40192 0.567139
-1.36351 0.476081
-1.31962 0.442617
-1.31962 0.435347
-1.35254 0.428136
-1.38546 0.472303
-1.369 0.453636
-1.24829 0.330349
-1.29218 0.330349
-1.27572 0.305601
-1.30864 0.320956
-1.24829 0.245222
-1.23731 0.191481
-1.25377 0.258996
-1.23731 0.198752
-1.33608 0.218803
-1.24829 0.208657
-1.34156 0.208657
-1.31962 0.216244
-1.40192 0.239818
-1.34156 0.245222
-1.39643 0.242512
-1.33608 0.201206
-1.29767 0.239818
-1.24829 0.258996
-1.21536 0.201206
-1.30864 0.218803
-1.3251 0.226571
-1.22634 0.264611
-1.24829 0.250686
-1.25377 0.256211
-1.31413 0.267441
-1.26475 0.33351
-1.24829 0.410373
-1.22085 0.359342
-1.35802 0.468539
-1.34156 0.438974
-1.369 0.514693
-1.45679 0.502951
-1.39095 0.476081
-1.37997 0.499068
-1.37449 0.453636
-1.37997 0.538583
-1.36351 0.499068
-1.40192 0.538583
-1.35254 0.435347
-1.35254 0.386137
-1.21536 0.428136
-1.24829 0.424553
-1.369 0.495199
-1.33059 0.476081
-1.33608 0.464791
-1.35802 0.50685
-1.48422 0.522596
-1.53361 0.550731
-1.48971 0.567139
-1.48422 0.563015
-1.42936 0.575434
-1.48422 0.592203
-1.50617 0.575434
-1.44582 0.575434
-1.369 0.514693
-1.43484 0.546667
-1.53361 0.596433
-1.42936 0.538583
-1.46776 0.600678
-1.43484 0.622129
-1.4952 0.626465
-1.51166 0.617809
-1.47325 0.575434
-1.34705 0.464791
-1.30864 0.468539
-1.46228 0.55481
-1.42387 0.592203
-1.42387 0.592203
-1.56104 0.679663
-1.48422 0.630815
-1.42936 0.592203
-1.48422 0.622129
-1.4952 0.643957
-1.54458 0.630815
-1.45679 0.592203
-1.4952 0.571279
-1.43484 0.499068
-1.43484 0.518637
-1.369 0.468539
-1.30316 0.417433
-1.31962 0.431734
-1.36351 0.386137
-1.39643 0.424553
-1.39643 0.491345
-1.33608 0.453636
-1.44033 0.438974
-1.39643 0.396433
-1.39643 0.428136
-1.36351 0.449948
-1.50069 0.587988
-1.45679 0.530559
-1.46776 0.530559
-1.42936 0.52657
-1.43484 0.534564
-1.41289 0.502951
-1.47874 0.558905
-1.41838 0.542617
-1.45679 0.542617
-1.48422 0.571279
-1.47874 0.579603
-1.42387 0.579603
-1.43484 0.575434
-1.369 0.514693
-1.37997 0.55481
-1.39643 0.518637
-1.39095 0.514693
-1.3251 0.522596
-1.369 0.567139
-1.31962 0.518637
-1.45679 0.567139
-1.51715 0.617809
-1.41838 0.571279
-1.40192 0.542617
-1.47874 0.550731
-1.48422 0.596433
-1.44582 0.587988
-1.39643 0.567139
-1.44582 0.600678
-1.51715 0.626465
-1.35802 0.575434
-1.33608 0.55481
-1.43484 0.66616
-1.42387 0.613504
-1.46228 0.579603
-1.47874 0.609213
-1.63237 0.66169
-1.48422 0.587988
-1.58299 0.66616
-1.58299 0.66616
-1.52263 0.626465
-1.45679 0.635181
-1.42936 0.622129
-1.55007 0.697878
-1.5775 0.711697
-1.59945 0.707076
-1.51166 0.630815
-1.41838 0.558905
-1.39643 0.542617
-1.34705 0.468539
-1.369 0.476081
-1.37449 0.483683
-1.40741 0.499068
-1.38546 0.514693
-1.47325 0.571279
-1.39643 0.592203
-1.44033 0.575434
-1.39095 0.542617
-1.42387 0.495199
-1.48422 0.499068
-1.39643 0.386137
-1.35802 0.35606
-1.35254 0.36595
-1.41289 0.420986
-1.34705 0.382735
-1.37449 0.413895
-1.4513 0.479875
-1.45679 0.461058
-1.39643 0.479875
-1.4513 0.428136
-1.43484 0.442617
-1.33608 0.417433
-1.41289 0.495199
-1.42387 0.502951
-1.47325 0.542617
-1.50617 0.563015
-1.47874 0.604938
-1.35802 0.491345
-1.38546 0.546667
-1.39643 0.487507
-1.38546 0.510764
-1.37997 0.546667
-1.35802 0.55481
-1.45679 0.499068
-1.43484 0.522596
-1.43484 0.499068
-1.25377 0.369277
-1.16049 0.293589
-1.24829 0.311698
-1.41289 0.327203
-1.40192 0.36595
-1.28121 0.317855
-1.31413 0.293589
-1.30864 0.33351
-1.34705 0.343084
-1.33608 0.359342
-1.3251 0.339878
-1.3251 0.276021
-1.42387 0.287673
-1.35254 0.22919
-1.3251 0.258996
-1.27572 0.223967
-1.16049 0.206158
-1.17695 0.226571
-1.14952 0.234474
-1.2428 0.256211
-1.19342 0.276021
-1.22634 0.314769
-1.33059 0.372619
-1.369 0.417433
-1.369 0.442617
-1.31962 0.453636
-1.44582 0.50685
-1.44033 0.499068
-1.43484 0.510764
-1.42387 0.522596
-1.48971 0.50685
-1.44582 0.542617
-1.42936 0.542617
-1.47325 0.530559
-1.48422 0.609213
-1.52263 0.571279
-1.47325 0.52657
-1.45679 0.546667
-1.47874 0.534564
-1.39643 0.483683
-1.38546 0.52657
-1.4513 0.583788
-1.369 0.476081
-1.45679 0.530559
-1.46776 0.518637
-1.47874 0.50685
-1.41838 0.483683
-1.50617 0.472303
-1.34705 0.431734
-1.28669 0.346306
-1.23731 0.299565
-1.21536 0.267441
-1.33608 0.359342
-1.31962 0.293589
-1.22634 0.242512
-1.35802 0.324072
-1.31413 0.302575
-1.34705 0.324072
-1.39095 0.386137
-1.34156 0.336686
-1.29218 0.346306
-1.24829 0.305601
-1.33059 0.302575
-1.20439 0.258996
-1.18244 0.302575
-1.25926 0.320956
-1.26475 0.299565
-1.30316 0.284737
-1.369 0.281817
-1.3251 0.273146
-1.33608 0.239818
-1.27572 0.239818
-1.18244 0.221377
-1.17695 0.198752
-1.16049 0.159342
-1.25377 0.216244
-1.19342 0.242512
-1.21536 0.198752
-1.17147 0.165981
-1.26475 0.226571
-1.28669 0.261796
-1.26475 0.264611
-1.27023 0.250686
-1.28121 0.308642
-1.35254 0.330349
-1.42936 0.330349
-1.41838 0.35606
-1.29218 0.33351
-1.3251 0.389554
-1.37449 0.403373
-1.29218 0.362639
-1.35254 0.35606
-1.41838 0.417433
-1.33608 0.375976
-1.40192 0.417433
-1.27023 0.386137
-1.31413 0.343084
-1.23731 0.270286
-1.25926 0.311698
-1.1989 0.320956
-1.24829 0.36595
-1.34705 0.386137
-1.39095 0.369277
-1.40192 0.324072
-1.36351 0.346306
-1.34156 0.330349
-1.27023 0.346306
-1.27572 0.339878
-1.23731 0.264611
-1.27023 0.320956
-1.31413 0.324072
-1.31962 0.308642
-1.26475 0.264611
-1.2428 0.256211
-1.25926 0.267441
-1.34705 0.287673
-1.29767 0.287673
-1.29218 0.2137
-1.28669 0.181998
-1.27572 0.168224
-1.25926 0.186709
-1.24829 0.203675
-1.26475 0.179664
-1.14403 0.130154
-1.14403 0.0935739
-1.20988 0.103916
-1.23182 0.107483
-1.27023 0.146472
-1.20988 0.124283
-1.21536 0.0869805
-1.29218 0.124283
-1.31962 0.16154
-1.25926 0.177346
-1.26475 0.184346
-1.35254 0.208657
-1.28121 0.146472
-1.35254 0.118547
-1.23182 0.0935739
-1.29218 0.0760216
-1.1989 0.0658003
-1.30864 0.0700906
-1.36351 0.080628
-1.33608 0.0563167
-1.17695 0.0406611
-1.21536 0.0429041
-1.27023 0.0199627
-1.22085 0.0129629
-1.19342 0.00746837
-1.20988 0.0135951
-1.26475 0.0129629
-1.33059 0.0100275
-1.27572 0.0031631
-1.2428 0.00230505
-1.24829 0.00528563
-1.13306 0.00844685
-1.08916 0.00204915
-1.10562 0.000829819
-1.01235 0.00204915
-1.08916 1.88168e-06
-1.18793 0.000679285
-1.17695 0.00137174
-1.20439 0.0117435
-1.14403 0.019195
-1.10014 0.0199627
-1.14952 0.019195
-1.09465 0.0155822
-1.06722 0.00569207
-0.990398 0.00451791
-0.880658 0.00347922
-1.08368 0.0031631
-1.04527 0.00700172
-1.02332 0.00795008
-0.990398 0.00948553
-1.01235 0.00569207
-1.00686 9.22021e-05
-1.05075 0.000227683
