-2 1
-1.84088 0.908897
-1.79698 0.888093
-1.7915 0.872648
-1.72565 0.832124
-1.68724 0.802364
-1.69273 0.822144
-1.61043 0.74921
-1.64335 0.787687
-1.68176 0.817176
-1.67627 0.802364
-1.67078 0.753967
-1.61043 0.707076
-1.4952 0.579603
-1.56653 0.622129
-1.61591 0.697878
-1.52263 0.670646
-1.39643 0.600678
-1.44582 0.613504
-1.47874 0.571279
-1.41838 0.538583
-1.51715 0.571279
-1.47325 0.596433
-1.4952 0.617809
-1.47874 0.558905
-1.46228 0.583788
-1.54458 0.66169
-1.56104 0.693302
-1.4952 0.626465
-1.46776 0.609213
-1.54458 0.66169
-1.55007 0.675147
-1.51715 0.622129
-1.53361 0.626465
-1.63786 0.739742
-1.69273 0.802364
-1.68724 0.802364
-1.65432 0.792564
-1.6214 0.739742
-1.58848 0.693302
-1.59945 0.711697
-1.63237 0.758739
-1.62689 0.802364
-1.66529 0.802364
-1.68724 0.787687
-1.6214 0.74921
-1.5775 0.720985
-1.5775 0.725652
-1.59396 0.730333
-1.59945 0.720985
-1.61043 0.693302
-1.64335 0.739742
-1.6214 0.744468
-1.6214 0.720985
-1.58299 0.670646
-1.59945 0.679663
-1.56104 0.643957
-1.59396 0.730333
-1.56104 0.716334
-1.50617 0.688741
-1.6214 0.763526
-1.43484 0.648367
-1.47325 0.652793
-1.57202 0.720985
-1.55007 0.697878
-1.58848 0.73503
-1.52263 0.66169
-1.60494 0.739742
-1.65981 0.787687
-1.64335 0.758739
-1.64335 0.773145
-1.58299 0.693302
-1.6214 0.744468
-1.65432 0.782824
-1.68176 0.797456
-1.67078 0.807286
-1.76406 0.847208
-1.65432 0.787687
-1.65432 0.797456
-1.64883 0.792564
-1.59396 0.758739
-1.50617 0.711697
-1.5775 0.73503
-1.5775 0.725652
-1.60494 0.697878
-1.51166 0.609213
-1.51166 0.635181
-1.45679 0.542617
-1.41838 0.50685
-1.37449 0.518637
-1.46776 0.534564
-1.55007 0.626465
-1.48422 0.550731
-1.56104 0.571279
-1.56653 0.550731
-1.47325 0.538583
-1.46228 0.52657
-1.48422 0.50685
-1.50069 0.563015
-1.50617 0.567139
-1.52263 0.571279
-1.41838 0.446275
-1.369 0.392986
-1.37997 0.483683
-1.47325 0.50685
-1.54458 0.52657
-1.53909 0.613504
-1.61043 0.609213
-1.59396 0.635181
-1.56104 0.635181
-1.45679 0.592203
-1.51166 0.622129
-1.52263 0.648367
-1.56653 0.635181
-1.44582 0.604938
-1.42936 0.575434
-1.50617 0.609213
-1.52263 0.622129
-1.56104 0.635181
-1.56104 0.66616
-1.54458 0.675147
-1.60494 0.730333
-1.62689 0.753967
-1.61043 0.730333
-1.61043 0.773145
-1.66529 0.807286
-1.77503 0.852266
-1.7037 0.817176
-1.72016 0.822144
-1.67078 0.763526
-1.67078 0.720985
-1.63786 0.758739
-1.68176 0.773145
-1.63237 0.744468
-1.63237 0.730333
-1.61591 0.73503
-1.53909 0.679663
-1.53909 0.688741
-1.66529 0.73503
-1.61591 0.720985
-1.56653 0.693302
-1.51166 0.66169
-1.61043 0.716334
-1.55007 0.66169
-1.59945 0.702469
-1.69822 0.753967
-1.69273 0.768328
-1.6214 0.725652
-1.52812 0.730333
-1.64335 0.787687
-1.69822 0.797456
-1.58299 0.744468
-1.53909 0.711697
-1.56653 0.720985
-1.64335 0.768328
-1.57202 0.739742
-1.63786 0.768328
-1.66529 0.758739
-1.60494 0.688741
-1.63786 0.725652
-1.56104 0.688741
-1.62689 0.744468
-1.63237 0.773145
-1.58299 0.720985
-1.64335 0.739742
-1.67078 0.802364
-1.64335 0.797456
-1.54458 0.675147
-1.59396 0.744468
-1.51715 0.679663
-1.53909 0.639561
-1.50069 0.635181
-1.47325 0.596433
-1.48422 0.55481
-1.44582 0.575434
-1.44033 0.587988
-1.51715 0.626465
-1.54458 0.635181
-1.61043 0.657234
-1.59945 0.643957
-1.64883 0.626465
-1.63237 0.639561
-1.46228 0.546667
-1.47874 0.550731
-1.52263 0.600678
-1.46776 0.55481
-1.48971 0.563015
-1.41838 0.491345
-1.41289 0.495199
-1.369 0.499068
-1.51166 0.550731
-1.56104 0.575434
-1.4952 0.579603
-1.48422 0.617809
-1.53909 0.657234
-1.53909 0.652793
-1.46776 0.604938
-1.55556 0.652793
-1.56104 0.600678
-1.52263 0.604938
-1.62689 0.609213
-1.4513 0.538583
-1.44582 0.546667
-1.54458 0.613504
-1.50617 0.609213
-1.52812 0.630815
-1.50069 0.613504
-1.42936 0.575434
-1.47325 0.626465
-1.53909 0.635181
-1.62689 0.693302
-1.52263 0.617809
-1.42387 0.567139
-1.53361 0.657234
-1.6214 0.758739
-1.55007 0.725652
-1.55556 0.711697
-1.58848 0.720985
-1.61043 0.753967
-1.71468 0.832124
-1.68724 0.812224
-1.67078 0.807286
-1.61591 0.773145
-1.59396 0.739742
-1.65981 0.812224
-1.70919 0.842165
-1.58299 0.744468
-1.61043 0.739742
-1.64335 0.739742
-1.62689 0.730333
-1.51715 0.639561
-1.59945 0.688741
-1.57202 0.697878
-1.53361 0.657234
-1.4952 0.652793
-1.56653 0.688741
-1.59396 0.688741
-1.54458 0.617809
-1.55556 0.592203
-1.40192 0.50685
-1.50069 0.534564
-1.4952 0.522596
-1.44033 0.546667
-1.40192 0.464791
-1.40741 0.464791
-1.35802 0.487507
-1.39643 0.446275
-1.45679 0.461058
-1.36351 0.438974
-1.46776 0.468539
-1.44033 0.453636
-1.37997 0.438974
-1.44582 0.45734
-1.50069 0.487507
-1.48971 0.464791
-1.51166 0.464791
-1.50069 0.424553
-1.44582 0.424553
-1.50069 0.438974
-1.47874 0.453636
-1.44582 0.446275
-1.41838 0.424553
-1.40192 0.45734
-1.38546 0.491345
-1.48971 0.510764
-1.50617 0.487507
-1.54458 0.491345
-1.42387 0.472303
-1.47325 0.534564
-1.52812 0.52657
-1.56104 0.538583
-1.48422 0.495199
-1.4513 0.476081
-1.43484 0.442617
-1.52263 0.514693
-1.4952 0.518637
-1.53361 0.52657
-1.41289 0.461058
-1.41838 0.431734
-1.45679 0.449948
-1.44582 0.45734
-1.46228 0.435347
-1.53361 0.431734
-1.48422 0.399896
-1.59945 0.495199
-1.56104 0.435347
-1.63786 0.435347
-1.56104 0.406865
-1.51715 0.392986
-1.56653 0.403373
-1.55556 0.431734
-1.48971 0.420986
-1.44582 0.410373
-1.369 0.420986
-1.38546 0.435347
-1.4513 0.464791
-1.42936 0.464791
-1.44033 0.413895
-1.42936 0.438974
-1.369 0.428136
-1.33608 0.349542
-1.40192 0.375976
-1.33608 0.308642
-1.33608 0.320956
-1.38546 0.308642
-1.46228 0.33351
-1.48971 0.413895
-1.37997 0.362639
-1.45679 0.369277
-1.51166 0.399896
-1.56653 0.379348
-1.54458 0.349542
-1.45679 0.284737
-1.36351 0.226571
-1.39095 0.247947
-1.27572 0.184346
-1.25377 0.198752
-1.29218 0.201206
-1.34156 0.234474
-1.39643 0.22919
-1.31413 0.196313
-1.34156 0.157159
-1.34156 0.181998
-1.33059 0.191481
-1.35254 0.191481
-1.369 0.2137
-1.37449 0.179664
-1.35254 0.175043
-1.34705 0.150702
-1.30864 0.140239
-1.34705 0.138192
-1.35802 0.128182
-1.33608 0.165981
-1.4513 0.208657
-1.44033 0.184346
-1.35802 0.211171
-1.33608 0.196313
-1.42387 0.175043
-1.41289 0.196313
-1.34705 0.172755
-1.37449 0.201206
-1.40192 0.179664
-1.36351 0.186709
-1.47325 0.208657
-1.50069 0.231824
-1.50617 0.270286
-1.47325 0.276021
-1.39643 0.330349
-1.38546 0.349542
-1.37997 0.349542
-1.35802 0.362639
-1.34705 0.369277
-1.39643 0.362639
-1.36351 0.324072
-1.30316 0.314769
-1.29218 0.296569
-1.28669 0.278911
-1.37997 0.264611
-1.41289 0.242512
-1.37997 0.221377
-1.3251 0.201206
-1.34156 0.19389
-1.42387 0.287673
-1.44033 0.336686
-1.44033 0.278911
-1.41289 0.273146
-1.40192 0.281817
-1.31413 0.237138
-1.3251 0.170482
-1.37997 0.206158
-1.33608 0.198752
-1.31962 0.191481
-1.31962 0.198752
-1.34705 0.198752
-1.27023 0.177346
-1.23731 0.189088
-1.18244 0.163753
-1.22085 0.206158
-1.27572 0.163753
-1.27572 0.148579
-1.24829 0.130154
-1.33059 0.146472
-1.29767 0.134143
-1.2428 0.118547
-1.23182 0.111111
-1.27023 0.0902471
-1.30864 0.126225
-1.29767 0.142302
-1.41289 0.177346
-1.24829 0.144379
-1.34705 0.157159
-1.31413 0.206158
-1.39095 0.242512
-1.3251 0.22919
-1.27023 0.221377
-1.28121 0.276021
-1.39643 0.311698
-1.40192 0.343084
-1.36351 0.299565
-1.44033 0.327203
-1.46228 0.327203
-1.38546 0.239818
-1.37997 0.253441
-1.47325 0.296569
-1.50069 0.278911
-1.58848 0.278911
-1.50617 0.270286
-1.50617 0.273146
-1.43484 0.261796
-1.48422 0.302575
-1.47874 0.305601
-1.42936 0.314769
-1.4513 0.324072
-1.42936 0.302575
-1.33608 0.284737
-1.23182 0.267441
-1.22085 0.216244
-1.30316 0.242512
-1.31413 0.276021
-1.41838 0.290623
-1.42387 0.290623
-1.39643 0.287673
-1.34156 0.287673
-1.35802 0.278911
-1.35802 0.276021
-1.40192 0.264611
-1.41838 0.281817
-1.46228 0.324072
-1.39095 0.330349
-1.46228 0.327203
-1.4952 0.330349
-1.5775 0.35606
-1.51715 0.403373
-1.34705 0.339878
-1.33608 0.296569
-1.3251 0.276021
-1.35802 0.302575
-1.40741 0.352794
-1.39643 0.305601
-1.41289 0.33351
-1.39095 0.305601
-1.41289 0.290623
-1.43484 0.33351
-1.37449 0.290623
-1.39095 0.261796
-1.31962 0.237138
-1.24829 0.256211
-1.35802 0.284737
-1.42387 0.336686
-1.45679 0.346306
-1.51166 0.386137
-1.47325 0.359342
-1.44582 0.362639
-1.44582 0.417433
-1.48422 0.487507
-1.48422 0.52657
-1.53361 0.583788
-1.53361 0.587988
-1.46776 0.550731
-1.46776 0.587988
-1.51166 0.592203
-1.56104 0.648367
-1.58848 0.630815
-1.47874 0.579603
-1.51166 0.579603
-1.48422 0.617809
-1.51715 0.613504
-1.42387 0.563015
-1.42387 0.592203
-1.5775 0.66169
-1.63786 0.720985
-1.61043 0.753967
-1.56104 0.720985
-1.64335 0.773145
-1.6214 0.782824
-1.61591 0.758739
-1.68724 0.822144
-1.78601 0.872648
-1.77503 0.88293
-1.65432 0.792564
-1.71468 0.837137
-1.68176 0.807286
-1.68176 0.827127
-1.81344 0.88293
-1.77503 0.862427
-1.67078 0.807286
-1.7915 0.872648
-1.69273 0.812224
-1.65432 0.802364
-1.66529 0.812224
-1.75309 0.852266
-1.75857 0.86753
-1.78052 0.857339
-1.81344 0.888093
-1.7037 0.807286
-1.72565 0.807286
-1.69273 0.792564
-1.73663 0.817176
-1.76406 0.842165
-1.66529 0.777977
-1.64883 0.758739
-1.61043 0.773145
-1.67627 0.817176
-1.67078 0.792564
-1.65981 0.797456
-1.68176 0.827127
-1.64335 0.817176
-1.55556 0.725652
-1.59945 0.697878
-1.59396 0.688741
-1.64883 0.707076
-1.60494 0.697878
-1.60494 0.702469
-1.57202 0.617809
-1.52263 0.583788
-1.52263 0.609213
-1.55556 0.622129
-1.55007 0.648367
-1.52812 0.670646
-1.59945 0.725652
-1.63237 0.707076
-1.69273 0.758739
-1.72565 0.777977
-1.69822 0.807286
-1.60494 0.725652
-1.62689 0.777977
-1.66529 0.782824
-1.68724 0.792564
-1.72565 0.837137
-1.72565 0.822144
-1.64883 0.777977
-1.63786 0.787687
-1.66529 0.787687
-1.65432 0.787687
-1.65981 0.802364
-1.5775 0.74921
-1.57202 0.725652
-1.52812 0.66616
-1.56653 0.688741
-1.61043 0.73503
-1.60494 0.753967
-1.65432 0.797456
-1.6214 0.782824
-1.64883 0.763526
-1.66529 0.792564
-1.70919 0.812224
-1.69273 0.773145
-1.73663 0.777977
-1.65432 0.73503
-1.68724 0.73503
-1.60494 0.670646
-1.59396 0.66169
-1.53909 0.670646
-1.4952 0.622129
-1.53361 0.684194
-1.58299 0.684194
-1.58848 0.693302
-1.65432 0.773145
-1.65432 0.73503
-1.53361 0.688741
-1.59396 0.688741
-1.61591 0.707076
-1.55007 0.66616
-1.51715 0.66169
-1.50617 0.639561
-1.62689 0.725652
-1.62689 0.720985
-1.52263 0.622129
-1.59396 0.702469
-1.64883 0.758739
-1.67078 0.74921
-1.61043 0.74921
-1.58848 0.702469
-1.52263 0.697878
-1.47874 0.643957
-1.5775 0.648367
-1.53361 0.635181
-1.57202 0.702469
-1.53909 0.684194
-1.56104 0.657234
-1.52812 0.66616
-1.52812 0.670646
-1.47874 0.626465
-1.41838 0.613504
-1.46776 0.596433
-1.40192 0.575434
-1.55556 0.702469
-1.4952 0.66169
-1.61591 0.758739
-1.59396 0.684194
-1.58299 0.720985
-1.69273 0.792564
-1.69273 0.827127
-1.65981 0.792564
-1.64335 0.782824
-1.62689 0.773145
-1.71468 0.822144
-1.69273 0.797456
-1.62689 0.768328
-1.60494 0.725652
-1.66529 0.807286
-1.61043 0.74921
-1.51166 0.635181
-1.53909 0.652793
-1.65432 0.758739
-1.57202 0.702469
-1.47874 0.702469
-1.46228 0.675147
-1.55556 0.711697
-1.58848 0.720985
-1.59396 0.707076
-1.58848 0.66616
-1.50069 0.583788
-1.43484 0.571279
-1.51715 0.613504
-1.58848 0.693302
-1.67078 0.758739
-1.56104 0.707076
-1.65432 0.782824
-1.5775 0.730333
-1.6214 0.739742
-1.67627 0.753967
-1.58299 0.675147
-1.59945 0.66616
-1.58299 0.670646
-1.59396 0.688741
-1.62689 0.702469
-1.57202 0.675147
-1.59396 0.716334
-1.58848 0.744468
-1.64335 0.773145
-1.7037 0.807286
-1.68176 0.807286
-1.70919 0.827127
-1.63237 0.797456
-1.69273 0.807286
-1.66529 0.768328
-1.65981 0.792564
-1.6214 0.758739
-1.67627 0.782824
-1.62689 0.753967
-1.61043 0.725652
-1.65432 0.725652
-1.65432 0.74921
-1.53361 0.66169
-1.51166 0.630815
-1.51166 0.639561
-1.45679 0.592203
-1.53361 0.613504
-1.48971 0.613504
-1.58299 0.679663
-1.6214 0.716334
-1.58299 0.711697
-1.48971 0.617809
-1.50617 0.66616
-1.52812 0.688741
-1.59396 0.679663
-1.57202 0.66616
-1.61043 0.711697
-1.48971 0.652793
-1.59945 0.716334
-1.64883 0.773145
-1.65981 0.787687
-1.62689 0.777977
-1.58299 0.716334
-1.63237 0.720985
-1.5775 0.73503
-1.61043 0.753967
-1.68176 0.787687
-1.68724 0.787687
-1.58299 0.73503
-1.52263 0.697878
-1.61043 0.720985
-1.65432 0.782824
-1.65432 0.753967
-1.55007 0.739742
-1.66529 0.812224
-1.66529 0.797456
-1.70919 0.827127
-1.68724 0.817176
-1.59396 0.758739
-1.56653 0.711697
-1.51166 0.670646
-1.54458 0.707076
-1.57202 0.725652
-1.64883 0.787687
-1.63786 0.787687
-1.55556 0.725652
-1.5775 0.74921
-1.65981 0.773145
-1.63786 0.763526
-1.65981 0.787687
-1.69822 0.812224
-1.58299 0.744468
-1.58848 0.730333
-1.61043 0.697878
-1.67078 0.739742
-1.7037 0.758739
-1.64335 0.711697
-1.6214 0.716334
-1.7037 0.777977
-1.58299 0.720985
-1.48971 0.684194
-1.51715 0.688741
-1.5775 0.688741
-1.51715 0.648367
-1.50069 0.657234
-1.45679 0.626465
-1.57202 0.693302
-1.55556 0.66169
-1.52263 0.707076
-1.4952 0.675147
-1.4513 0.617809
-1.5775 0.725652
-1.62689 0.763526
-1.66529 0.782824
-1.67627 0.812224
-1.61591 0.74921
-1.74211 0.857339
-1.70919 0.822144
-1.61043 0.758739
-1.62689 0.777977
-1.69273 0.797456
-1.72565 0.812224
-1.63237 0.758739
-1.69822 0.773145
-1.64335 0.730333
-1.64335 0.730333
-1.52812 0.693302
-1.57202 0.657234
-1.5775 0.720985
-1.53361 0.643957
-1.56653 0.643957
-1.4513 0.635181
-1.56104 0.679663
-1.58848 0.702469
-1.63786 0.697878
-1.55556 0.688741
-1.56653 0.720985
-1.64335 0.777977
-1.63237 0.782824
-1.50617 0.702469
-1.65981 0.787687
-1.65981 0.725652
-1.6214 0.725652
-1.65432 0.792564
-1.63786 0.777977
-1.73114 0.812224
-1.78601 0.852266
-1.72016 0.812224
-1.6214 0.782824
-1.52812 0.697878
-1.55007 0.675147
-1.47325 0.613504
-1.46228 0.626465
-1.52263 0.613504
-1.48422 0.579603
-1.48422 0.643957
-1.59396 0.693302
-1.59396 0.66169
-1.59945 0.66616
-1.60494 0.711697
-1.63786 0.730333
-1.6214 0.707076
-1.55556 0.648367
-1.4952 0.567139
-1.50617 0.626465
-1.61043 0.73503
-1.58848 0.711697
-1.67627 0.739742
-1.57202 0.684194
-1.54458 0.652793
-1.56653 0.684194
-1.62689 0.725652
-1.65981 0.744468
-1.67627 0.702469
-1.62689 0.697878
-1.65432 0.675147
-1.59396 0.675147
-1.54458 0.609213
-1.46776 0.550731
-1.40741 0.514693
-1.35802 0.476081
-1.34705 0.442617
-1.41289 0.522596
-1.38546 0.514693
-1.41838 0.558905
-1.42387 0.510764
-1.50069 0.530559
-1.51715 0.495199
-1.57202 0.579603
-1.58848 0.579603
-1.53909 0.635181
-1.56653 0.652793
-1.55007 0.626465
-1.54458 0.613504
-1.4952 0.55481
-1.46776 0.596433
-1.48422 0.563015
-1.56653 0.596433
-1.50617 0.567139
-1.54458 0.648367
-1.51715 0.652793
-1.45679 0.643957
-1.47325 0.648367
-1.68176 0.792564
-1.67627 0.787687
-1.66529 0.768328
-1.60494 0.707076
-1.55556 0.643957
-1.56653 0.697878
-1.57202 0.702469
-1.50617 0.697878
-1.58848 0.758739
-1.69822 0.777977
-1.67078 0.782824
-1.65432 0.797456
-1.7037 0.832124
-1.76955 0.847208
-1.80796 0.898465
-1.73114 0.852266
-1.68176 0.822144
-1.63237 0.782824
-1.71468 0.812224
-1.67627 0.782824
-1.72016 0.792564
-1.74211 0.842165
-1.78601 0.888093
-1.67627 0.773145
-1.65981 0.787687
-1.62689 0.773145
-1.68176 0.773145
-1.60494 0.730333
-1.66529 0.744468
-1.64335 0.782824
-1.63786 0.758739
-1.60494 0.744468
-1.53361 0.697878
-1.61591 0.763526
-1.60494 0.688741
-1.55007 0.670646
-1.51166 0.66616
-1.61591 0.773145
-1.68176 0.812224
-1.73663 0.857339
-1.78601 0.877781
-1.7476 0.837137
-1.7037 0.822144
-1.67078 0.787687
-1.69822 0.797456
-1.57202 0.725652
-1.52263 0.707076
-1.51166 0.675147
-1.56653 0.711697
-1.60494 0.716334
-1.57202 0.707076
-1.58848 0.707076
-1.63237 0.711697
-1.64335 0.744468
-1.64883 0.753967
-1.63237 0.739742
-1.56104 0.639561
-1.58848 0.684194
-1.58848 0.693302
-1.55556 0.688741
-1.73114 0.768328
-1.69273 0.753967
-1.65981 0.73503
-1.6214 0.730333
-1.6214 0.725652
-1.54458 0.652793
-1.52812 0.652793
-1.53361 0.66169
-1.55556 0.66616
-1.60494 0.684194
-1.56104 0.684194
-1.64883 0.730333
-1.63237 0.758739
-1.69273 0.797456
-1.58848 0.693302
-1.5775 0.702469
-1.59396 0.679663
-1.56653 0.693302
-1.48971 0.604938
-1.56653 0.643957
-1.62689 0.693302
-1.62689 0.725652
-1.55556 0.679663
-1.59396 0.707076
-1.56104 0.693302
-1.55556 0.702469
-1.55556 0.702469
-1.61043 0.74921
-1.56104 0.739742
-1.59945 0.73503
-1.7037 0.832124
-1.67627 0.777977
-1.60494 0.730333
-1.68724 0.802364
-1.64883 0.753967
-1.58299 0.730333
-1.61043 0.720985
-1.64883 0.768328
-1.5775 0.693302
-1.59396 0.730333
-1.59396 0.739742
-1.56653 0.725652
-1.61043 0.758739
-1.56653 0.74921
-1.64335 0.787687
-1.64335 0.773145
-1.68724 0.812224
-1.62689 0.777977
-1.65432 0.777977
-1.61591 0.758739
-1.65432 0.773145
-1.68176 0.758739
-1.5775 0.725652
-1.59945 0.739742
-1.67627 0.74921
-1.64335 0.702469
-1.58848 0.609213
-1.53909 0.609213
-1.60494 0.684194
-1.64883 0.73503
-1.6214 0.66169
-1.65432 0.730333
-1.6214 0.73503
-1.64883 0.797456
-1.61591 0.768328
-1.71468 0.802364
-1.68724 0.807286
-1.72016 0.807286
-1.63786 0.720985
-1.58299 0.688741
-1.65432 0.792564
-1.62689 0.758739
-1.66529 0.797456
-1.73114 0.852266
-1.73114 0.847208
-1.72016 0.832124
-1.65432 0.812224
-1.64335 0.763526
-1.55556 0.693302
-1.44582 0.617809
-1.50617 0.711697
-1.65432 0.797456
-1.66529 0.792564
-1.69273 0.812224
-1.63786 0.74921
-1.7037 0.812224
-1.70919 0.807286
-1.6214 0.73503
-1.68176 0.792564
-1.66529 0.758739
-1.65432 0.768328
-1.59945 0.753967
-1.55556 0.730333
-1.54458 0.707076
-1.7037 0.802364
-1.72565 0.802364
-1.63237 0.763526
-1.65432 0.763526
-1.7476 0.847208
-1.73114 0.807286
-1.70919 0.817176
-1.61591 0.744468
-1.61591 0.763526
-1.57202 0.716334
-1.60494 0.763526
-1.72016 0.822144
-1.77503 0.847208
-1.66529 0.74921
-1.62689 0.73503
-1.53909 0.670646
-1.56104 0.643957
-1.57202 0.66616
-1.62689 0.688741
-1.69822 0.744468
-1.64335 0.716334
-1.61043 0.711697
-1.53909 0.693302
-1.47874 0.626465
-1.55007 0.730333
-1.60494 0.73503
-1.56104 0.66616
-1.53909 0.648367
-1.55007 0.609213
-1.56104 0.630815
-1.4513 0.630815
-1.54458 0.707076
-1.61591 0.758739
-1.64335 0.763526
-1.65981 0.753967
-1.61591 0.744468
-1.56653 0.707076
-1.57202 0.720985
-1.61591 0.753967
-1.69273 0.817176
-1.62689 0.763526
-1.64335 0.720985
-1.58299 0.679663
-1.58299 0.66169
-1.63786 0.702469
-1.55556 0.675147
-1.56653 0.592203
-1.55556 0.587988
-1.62689 0.583788
-1.62689 0.626465
-1.65981 0.657234
-1.58299 0.622129
-1.57202 0.534564
-1.45679 0.483683
-1.45679 0.468539
-1.52263 0.476081
-1.45679 0.417433
-1.36351 0.36595
-1.4513 0.389554
-1.41289 0.424553
-1.44033 0.438974
-1.42387 0.431734
-1.39643 0.406865
-1.47325 0.442617
-1.42936 0.386137
-1.42387 0.372619
-1.41838 0.346306
-1.42387 0.369277
-1.54458 0.442617
-1.50069 0.45734
-1.51166 0.483683
-1.4513 0.479875
-1.40192 0.461058
-1.48422 0.495199
-1.50617 0.575434
-1.50069 0.617809
-1.53361 0.600678
-1.54458 0.604938
-1.54458 0.587988
-1.56104 0.622129
-1.56104 0.630815
-1.56653 0.643957
-1.48971 0.587988
-1.47325 0.575434
-1.51166 0.604938
-1.48971 0.596433
-1.47874 0.55481
-1.44582 0.583788
-1.47874 0.476081
-1.44582 0.483683
-1.37449 0.442617
-1.39095 0.476081
-1.39643 0.510764
-1.44033 0.530559
-1.40192 0.538583
-1.39095 0.50685
-1.37449 0.464791
-1.50069 0.534564
-1.4513 0.502951
-1.44033 0.510764
-1.369 0.518637
-1.48971 0.476081
-1.46776 0.491345
-1.42936 0.495199
-1.51715 0.558905
-1.53909 0.617809
-1.51166 0.579603
-1.48422 0.558905
-1.51166 0.600678
-1.63786 0.688741
-1.55007 0.657234
-1.51715 0.639561
-1.50617 0.630815
-1.46228 0.630815
-1.55556 0.679663
-1.46228 0.626465
-1.58848 0.716334
-1.59945 0.74921
-1.62689 0.74921
-1.58848 0.720985
-1.60494 0.693302
-1.63237 0.684194
-1.59396 0.688741
-1.60494 0.670646
-1.53909 0.66169
-1.59396 0.702469
-1.5775 0.711697
-1.4952 0.639561
-1.58848 0.697878
-1.48422 0.648367
-1.61043 0.782824
-1.65981 0.782824
-1.73114 0.777977
-1.7037 0.777977
-1.63786 0.787687
-1.70919 0.817176
-1.66529 0.777977
-1.68724 0.782824
-1.5775 0.725652
-1.55556 0.688741
-1.61591 0.720985
-1.55007 0.688741
-1.59396 0.675147
-1.57202 0.626465
-1.52812 0.604938
-1.6214 0.66616
-1.50617 0.617809
-1.57202 0.635181
-1.56104 0.613504
-1.41838 0.502951
-1.41838 0.476081
-1.48971 0.534564
-1.52812 0.510764
-1.46776 0.472303
-1.46228 0.495199
-1.46776 0.392986
-1.48971 0.406865
-1.52263 0.438974
-1.44033 0.453636
-1.42387 0.45734
-1.43484 0.431734
-1.51166 0.417433
-1.57202 0.461058
-1.43484 0.413895
-1.42936 0.420986
-1.46776 0.446275
-1.48422 0.499068
-1.41838 0.510764
-1.44033 0.502951
-1.47874 0.491345
-1.50069 0.435347
-1.44033 0.399896
-1.44582 0.386137
-1.45679 0.410373
-1.53361 0.468539
-1.39095 0.420986
-1.4513 0.472303
-1.37997 0.435347
-1.44582 0.530559
-1.68724 0.600678
-1.58848 0.575434
-1.59396 0.546667
-1.61591 0.550731
-1.57202 0.546667
-1.51715 0.546667
-1.57202 0.604938
-1.53909 0.579603
-1.42936 0.534564
-1.48422 0.558905
-1.46228 0.587988
-1.53361 0.635181
-1.61591 0.711697
-1.52812 0.643957
-1.53361 0.679663
-1.53909 0.675147
-1.60494 0.66169
-1.61591 0.688741
-1.58299 0.657234
-1.69273 0.711697
-1.64883 0.657234
-1.64335 0.670646
-1.60494 0.639561
-1.52263 0.609213
-1.59945 0.609213
-1.64883 0.652793
-1.56104 0.630815
-1.52263 0.630815
-1.52263 0.583788
-1.40741 0.558905
-1.41838 0.510764
-1.34705 0.464791
-1.34705 0.446275
-1.36351 0.510764
-1.47874 0.571279
-1.48971 0.563015
-1.48422 0.579603
-1.58299 0.604938
-1.63786 0.675147
-1.67078 0.716334
-1.67627 0.707076
-1.65981 0.652793
-1.61043 0.670646
-1.65432 0.725652
-1.5775 0.648367
-1.52812 0.630815
-1.58848 0.679663
-1.56104 0.652793
-1.61043 0.652793
-1.58848 0.643957
-1.55007 0.670646
-1.58848 0.648367
-1.52812 0.600678
-1.50617 0.626465
-1.50069 0.670646
-1.52812 0.684194
-1.58848 0.675147
-1.55556 0.626465
-1.63786 0.684194
-1.59396 0.693302
-1.55556 0.684194
-1.55556 0.652793
-1.51166 0.596433
-1.56104 0.617809
-1.61043 0.630815
-1.52263 0.575434
-1.58848 0.635181
-1.59396 0.583788
-1.58848 0.583788
-1.50069 0.563015
-1.55556 0.635181
-1.60494 0.684194
-1.59396 0.697878
-1.64883 0.74921
-1.63237 0.693302
-1.5775 0.684194
-1.57202 0.711697
-1.5775 0.697878
-1.53909 0.697878
-1.53909 0.675147
-1.63786 0.679663
-1.59945 0.657234
-1.58299 0.670646
-1.41289 0.579603
-1.45679 0.571279
-1.4513 0.571279
-1.44033 0.522596
-1.44582 0.550731
-1.40741 0.50685
-1.44582 0.55481
-1.50617 0.592203
-1.48422 0.575434
-1.57202 0.583788
-1.55556 0.596433
-1.5775 0.592203
-1.56653 0.579603
-1.51166 0.55481
-1.58299 0.630815
-1.61591 0.684194
-1.60494 0.604938
-1.58299 0.648367
-1.46776 0.596433
-1.55556 0.630815
-1.57202 0.675147
-1.60494 0.73503
-1.69822 0.787687
-1.67627 0.773145
-1.65981 0.758739
-1.65432 0.763526
-1.64335 0.744468
-1.61043 0.73503
-1.6214 0.739742
-1.55556 0.716334
-1.63237 0.739742
-1.65432 0.773145
-1.57202 0.688741
-1.64335 0.753967
-1.62689 0.730333
-1.61591 0.711697
-1.67627 0.697878
-1.60494 0.657234
-1.62689 0.688741
-1.64335 0.716334
-1.68724 0.758739
-1.7037 0.74921
-1.61591 0.725652
-1.52263 0.652793
-1.63786 0.702469
-1.67627 0.720985
-1.68176 0.744468
-1.68724 0.711697
-1.64883 0.720985
-1.67078 0.720985
-1.61043 0.66169
-1.62689 0.670646
-1.52263 0.604938
-1.64335 0.679663
-1.53909 0.617809
-1.61591 0.66169
-1.58299 0.639561
-1.57202 0.652793
-1.54458 0.66169
-1.6214 0.66616
-1.51166 0.600678
-1.65981 0.675147
-1.61043 0.707076
-1.71468 0.763526
-1.68724 0.773145
-1.69273 0.807286
-1.72565 0.822144
-1.65432 0.758739
-1.61591 0.739742
-1.59396 0.73503
-1.65432 0.758739
-1.67627 0.787687
-1.76406 0.827127
-1.70919 0.777977
-1.65432 0.792564
-1.60494 0.730333
-1.68724 0.753967
-1.62689 0.707076
-1.50069 0.648367
-1.54458 0.66616
-1.51166 0.652793
-1.58848 0.679663
-1.67627 0.739742
-1.67078 0.753967
-1.64335 0.753967
-1.63237 0.74921
-1.62689 0.702469
-1.63237 0.707076
-1.63237 0.697878
-1.68176 0.744468
-1.67078 0.730333
-1.54458 0.66169
-1.56104 0.635181
-1.55556 0.635181
-1.63786 0.702469
-1.70919 0.73503
-1.66529 0.74921
-1.52263 0.66616
-1.48971 0.643957
-1.55556 0.679663
-1.62689 0.74921
-1.61591 0.739742
-1.65432 0.74921
-1.58299 0.739742
-1.5775 0.707076
-1.61043 0.720985
-1.58848 0.725652
-1.61591 0.725652
-1.64883 0.763526
-1.5775 0.73503
-1.69273 0.817176
-1.70919 0.802364
-1.74211 0.847208
-1.71468 0.842165
-1.78052 0.877781
-1.72016 0.827127
-1.68724 0.792564
-1.61591 0.773145
-1.62689 0.768328
-1.67627 0.802364
-1.69822 0.792564
-1.68724 0.807286
-1.5775 0.739742
-1.69273 0.782824
-1.69822 0.777977
-1.64335 0.744468
-1.56653 0.711697
-1.54458 0.679663
-1.55556 0.707076
-1.47325 0.630815
-1.50069 0.657234
-1.53361 0.670646
-1.58299 0.707076
-1.54458 0.697878
-1.52263 0.675147
-1.60494 0.763526
-1.56653 0.720985
-1.61043 0.730333
-1.59945 0.74921
-1.4952 0.670646
-1.61591 0.730333
-1.64335 0.707076
-1.61591 0.730333
-1.64335 0.73503
-1.60494 0.725652
-1.64335 0.777977
-1.59945 0.730333
-1.46776 0.617809
-1.53361 0.639561
-1.59945 0.688741
-1.52812 0.587988
-1.5775 0.652793
-1.63237 0.697878
-1.61043 0.679663
-1.52812 0.66169
-1.52263 0.643957
-1.4952 0.626465
-1.54458 0.684194
-1.5775 0.688741
-1.61043 0.684194
-1.58848 0.657234
-1.59396 0.66616
-1.65981 0.730333
-1.63786 0.675147
-1.62689 0.707076
-1.61591 0.679663
-1.58848 0.66616
-1.53361 0.592203
-1.54458 0.575434
-1.59945 0.622129
-1.59945 0.670646
-1.56104 0.657234
-1.60494 0.720985
-1.55007 0.679663
-1.55007 0.670646
-1.63237 0.744468
-1.54458 0.66169
-1.59396 0.707076
-1.5775 0.744468
-1.65432 0.777977
-1.59945 0.74921
-1.6214 0.744468
-1.58848 0.73503
-1.53909 0.688741
-1.50617 0.693302
-1.53361 0.702469
-1.59945 0.744468
-1.56653 0.730333
-1.55556 0.720985
-1.54458 0.688741
-1.58299 0.707076
-1.62689 0.707076
-1.56104 0.617809
-1.52812 0.626465
-1.5775 0.592203
-1.48422 0.50685
-1.53361 0.550731
-1.46228 0.518637
-1.50069 0.518637
-1.46228 0.479875
-1.43484 0.495199
-1.54458 0.571279
-1.47325 0.579603
-1.50617 0.575434
-1.48971 0.55481
-1.50069 0.600678
-1.48971 0.600678
-1.48422 0.558905
-1.51715 0.592203
-1.51715 0.596433
-1.51166 0.648367
-1.54458 0.657234
-1.52812 0.697878
-1.50069 0.702469
-1.48422 0.604938
-1.48422 0.652793
-1.58848 0.739742
-1.59396 0.768328
-1.7037 0.787687
-1.55556 0.711697
-1.72016 0.787687
-1.7476 0.812224
-1.7915 0.847208
-1.64883 0.768328
-1.53909 0.675147
-1.55007 0.684194
-1.54458 0.617809
-1.58848 0.657234
-1.53361 0.648367
-1.46776 0.558905
-1.46776 0.550731
-1.4952 0.55481
-1.50617 0.579603
-1.36351 0.510764
-1.40741 0.534564
-1.4952 0.622129
-1.41289 0.587988
-1.46776 0.670646
-1.48422 0.657234
-1.55007 0.711697
-1.56104 0.753967
-1.54458 0.720985
-1.56104 0.702469
-1.55007 0.702469
-1.47874 0.630815
-1.57202 0.739742
-1.58848 0.74921
-1.53909 0.711697
-1.51715 0.670646
-1.58848 0.675147
-1.54458 0.630815
-1.61591 0.630815
-1.54458 0.604938
-1.52812 0.592203
-1.53361 0.604938
-1.48971 0.613504
-1.38546 0.538583
-1.39643 0.55481
-1.4952 0.622129
-1.53361 0.643957
-1.52812 0.622129
-1.51166 0.630815
-1.43484 0.613504
-1.52263 0.630815
-1.61591 0.697878
-1.65981 0.777977
-1.72016 0.797456
-1.67078 0.74921
-1.65981 0.777977
-1.62689 0.753967
-1.68176 0.807286
-1.69822 0.787687
-1.69822 0.817176
-1.73663 0.827127
-1.7476 0.832124
-1.67078 0.812224
-1.68724 0.822144
-1.69822 0.817176
-1.76955 0.857339
-1.74211 0.852266
-1.67627 0.822144
-1.61043 0.787687
-1.57202 0.716334
-1.6214 0.744468
-1.57202 0.707076
-1.58848 0.66169
-1.54458 0.66616
-1.54458 0.688741
-1.56653 0.688741
-1.51166 0.617809
-1.54458 0.635181
-1.4952 0.670646
-1.52263 0.635181
-1.48422 0.626465
-1.54458 0.635181
-1.46776 0.583788
-1.52263 0.583788
-1.48971 0.639561
-1.58848 0.702469
-1.59945 0.693302
-1.56104 0.679663
-1.65432 0.739742
-1.61591 0.758739
-1.65981 0.782824
-1.59945 0.716334
-1.58848 0.697878
-1.61591 0.716334
-1.61591 0.730333
-1.69273 0.711697
-1.63786 0.744468
-1.68176 0.777977
-1.50617 0.702469
-1.62689 0.74921
-1.59396 0.716334
-1.51166 0.635181
-1.51715 0.622129
-1.52263 0.600678
-1.50617 0.575434
-1.47874 0.583788
-1.53361 0.639561
-1.59396 0.697878
-1.5775 0.617809
-1.53361 0.600678
-1.47874 0.592203
-1.47325 0.617809
-1.52263 0.675147
-1.47325 0.579603
-1.51166 0.558905
-1.56653 0.635181
-1.54458 0.657234
-1.60494 0.697878
-1.6214 0.725652
-1.64883 0.73503
-1.62689 0.768328
-1.52812 0.675147
-1.62689 0.744468
-1.61043 0.648367
-1.55007 0.592203
-1.51715 0.575434
-1.55556 0.596433
-1.61591 0.626465
-1.65432 0.688741
-1.52263 0.635181
-1.58848 0.670646
-1.51166 0.66169
-1.61591 0.730333
-1.58848 0.693302
-1.46228 0.657234
-1.5775 0.707076
-1.53361 0.711697
-1.54458 0.688741
-1.52263 0.630815
-1.50617 0.639561
-1.4513 0.571279
-1.53909 0.592203
-1.48422 0.530559
-1.46776 0.50685
-1.48971 0.530559
-1.48971 0.530559
-1.44033 0.510764
-1.45679 0.55481
-1.44033 0.587988
-1.54458 0.648367
-1.50069 0.626465
-1.56104 0.670646
-1.46228 0.622129
-1.54458 0.648367
-1.42387 0.583788
-1.54458 0.675147
-1.4952 0.635181
-1.47874 0.626465
-1.47325 0.630815
-1.4952 0.604938
-1.42387 0.55481
-1.50069 0.579603
-1.4952 0.571279
-1.54458 0.546667
-1.55007 0.592203
-1.52263 0.583788
-1.53909 0.66169
-1.62689 0.679663
-1.59396 0.66616
-1.52812 0.622129
-1.46228 0.55481
-1.56653 0.675147
-1.58848 0.693302
-1.63237 0.697878
-1.63237 0.73503
-1.60494 0.702469
-1.61591 0.693302
-1.55556 0.688741
-1.56653 0.702469
-1.61591 0.725652
-1.63786 0.768328
-1.61591 0.758739
-1.63237 0.768328
-1.55556 0.702469
-1.52263 0.739742
-1.67627 0.807286
-1.66529 0.768328
-1.70919 0.832124
-1.64883 0.797456
-1.58299 0.720985
-1.58848 0.720985
-1.56104 0.670646
-1.53909 0.657234
-1.55007 0.679663
-1.5775 0.711697
-1.67627 0.782824
-1.71468 0.822144
-1.68176 0.812224
-1.68176 0.807286
-1.74211 0.842165
-1.76406 0.842165
-1.64883 0.758739
-1.54458 0.702469
-1.59396 0.758739
-1.55556 0.720985
-1.58299 0.697878
-1.5775 0.707076
-1.50617 0.657234
-1.52263 0.652793
-1.61043 0.652793
-1.48971 0.592203
-1.56653 0.688741
-1.65432 0.753967
-1.52263 0.648367
-1.54458 0.66616
-1.45679 0.600678
-1.48422 0.604938
-1.53909 0.66169
-1.50617 0.630815
-1.51166 0.622129
-1.53361 0.613504
-1.55007 0.688741
-1.63786 0.730333
-1.70919 0.744468
-1.68724 0.74921
-1.6214 0.763526
-1.56653 0.711697
-1.54458 0.702469
-1.50617 0.648367
-1.53361 0.643957
-1.59396 0.643957
-1.53909 0.66169
-1.5775 0.702469
-1.61591 0.753967
-1.69273 0.807286
-1.64883 0.763526
-1.62689 0.74921
-1.66529 0.807286
-1.67627 0.802364
-1.7037 0.822144
-1.67078 0.812224
-1.65981 0.787687
-1.59945 0.716334
-1.57202 0.679663
-1.65981 0.739742
-1.56653 0.670646
-1.61591 0.697878
-1.6214 0.675147
-1.65981 0.730333
-1.67078 0.744468
-1.65981 0.730333
-1.55556 0.648367
-1.58299 0.604938
-1.56104 0.587988
-1.52812 0.546667
-1.57202 0.604938
-1.56653 0.604938
-1.52263 0.592203
-1.4952 0.622129
-1.58848 0.648367
-1.4952 0.604938
-1.45679 0.592203
-1.55556 0.617809
-1.60494 0.702469
-1.51166 0.670646
-1.4952 0.648367
-1.56653 0.739742
-1.65432 0.773145
-1.63237 0.773145
-1.58299 0.707076
-1.61591 0.725652
-1.62689 0.707076
-1.59945 0.730333
-1.53361 0.688741
-1.64883 0.787687
-1.60494 0.730333
-1.59945 0.73503
-1.64335 0.707076
-1.6214 0.679663
-1.53909 0.66169
-1.52263 0.66616
-1.64883 0.782824
-1.63786 0.74921
-1.56104 0.66616
-1.56653 0.639561
-1.59396 0.639561
-1.55556 0.630815
-1.5775 0.622129
-1.53909 0.613504
-1.51715 0.592203
-1.41838 0.50685
-1.52263 0.567139
-1.48422 0.635181
-1.47874 0.604938
-1.50069 0.571279
-1.50617 0.592203
-1.40741 0.563015
-1.41289 0.538583
-1.44033 0.558905
-1.46776 0.579603
-1.52263 0.575434
-1.46776 0.583788
-1.46776 0.635181
-1.60494 0.66616
-1.57202 0.66616
-1.56653 0.652793
-1.59396 0.630815
-1.57202 0.596433
-1.55007 0.600678
-1.52263 0.596433
-1.53909 0.600678
-1.54458 0.609213
-1.6214 0.643957
-1.55556 0.587988
-1.51166 0.530559
-1.47325 0.583788
-1.52812 0.643957
-1.51166 0.639561
-1.52263 0.575434
-1.51166 0.575434
-1.44033 0.514693
-1.47874 0.571279
-1.55007 0.617809
-1.63237 0.679663
-1.58848 0.643957
-1.60494 0.693302
-1.63237 0.702469
-1.5775 0.652793
-1.67078 0.744468
-1.71468 0.74921
-1.59945 0.702469
-1.61043 0.730333
-1.6214 0.725652
-1.62689 0.720985
-1.51715 0.693302
-1.64335 0.768328
-1.59396 0.753967
-1.66529 0.797456
-1.66529 0.773145
-1.59396 0.725652
-1.62689 0.74921
-1.60494 0.739742
-1.71468 0.787687
-1.72016 0.777977
-1.67627 0.777977
-1.67078 0.773145
-1.6214 0.773145
-1.62689 0.753967
-1.6214 0.768328
-1.69273 0.817176
-1.64335 0.787687
-1.63786 0.782824
-1.57202 0.693302
-1.59396 0.730333
-1.58299 0.744468
-1.55556 0.693302
-1.55007 0.657234
-1.62689 0.725652
-1.65432 0.753967
-1.63237 0.720985
-1.63786 0.711697
-1.61591 0.675147
-1.61591 0.688741
-1.52812 0.639561
-1.56653 0.679663
-1.61591 0.739742
-1.67078 0.777977
-1.72565 0.802364
-1.74211 0.827127
-1.64335 0.768328
-1.67627 0.807286
-1.63237 0.768328
-1.51166 0.702469
-1.48971 0.657234
-1.58848 0.684194
-1.58848 0.697878
-1.51166 0.639561
-1.59396 0.693302
-1.50069 0.675147
-1.59945 0.697878
-1.55556 0.635181
-1.56104 0.622129
-1.47325 0.546667
-1.4952 0.567139
-1.52263 0.609213
-1.61043 0.679663
-1.51715 0.630815
-1.51715 0.648367
-1.45679 0.622129
-1.48422 0.600678
-1.53361 0.583788
-1.46228 0.55481
-1.53361 0.652793
-1.5775 0.707076
-1.60494 0.739742
-1.51166 0.626465
-1.53361 0.679663
-1.56104 0.693302
-1.42387 0.626465
-1.50069 0.66616
-1.47325 0.648367
-1.44582 0.596433
-1.43484 0.613504
-1.56104 0.693302
-1.58848 0.707076
-1.57202 0.688741
-1.62689 0.693302
-1.59396 0.697878
-1.64883 0.711697
-1.60494 0.702469
-1.62689 0.730333
-1.58299 0.670646
-1.59396 0.670646
-1.59945 0.693302
-1.58848 0.635181
-1.54458 0.66616
-1.61043 0.73503
-1.56653 0.730333
-1.67627 0.812224
-1.74211 0.832124
-1.67078 0.782824
-1.72565 0.827127
-1.85185 0.919389
-1.81344 0.88293
-1.75857 0.862427
-1.67078 0.787687
-1.56653 0.697878
-1.6214 0.702469
-1.70919 0.773145
-1.61591 0.711697
-1.47874 0.639561
-1.52263 0.639561
-1.52812 0.66616
-1.52812 0.675147
-1.52263 0.679663
-1.58848 0.730333
-1.66529 0.763526
-1.65981 0.782824
-1.69822 0.827127
-1.66529 0.792564
-1.72565 0.817176
-1.69822 0.837137
-1.64335 0.802364
-1.73114 0.842165
-1.73114 0.792564
-1.65432 0.73503
-1.64883 0.702469
-1.57202 0.684194
-1.63786 0.725652
-1.65981 0.720985
-1.56653 0.675147
-1.63237 0.753967
-1.6214 0.744468
-1.67078 0.773145
-1.60494 0.725652
-1.5775 0.697878
-1.60494 0.753967
-1.56104 0.652793
-1.61591 0.711697
-1.66529 0.777977
-1.62689 0.74921
-1.62689 0.730333
-1.64335 0.739742
-1.67627 0.744468
-1.59396 0.66169
-1.4513 0.622129
-1.57202 0.679663
-1.66529 0.773145
-1.59945 0.730333
-1.53361 0.688741
-1.54458 0.720985
-1.59945 0.702469
-1.58299 0.679663
-1.59945 0.693302
-1.59945 0.688741
-1.56653 0.66616
-1.68724 0.773145
-1.65981 0.758739
-1.71468 0.812224
-1.75309 0.837137
-1.7915 0.862427
-1.72565 0.837137
-1.69822 0.832124
-1.63786 0.792564
-1.59396 0.773145
-1.62689 0.773145
-1.54458 0.739742
-1.69822 0.827127
-1.76406 0.857339
-1.63786 0.782824
-1.63786 0.763526
-1.5775 0.711697
-1.50069 0.657234
-1.57202 0.720985
-1.67078 0.753967
-1.72016 0.730333
-1.63237 0.688741
-1.59945 0.66169
-1.63237 0.720985
-1.63237 0.753967
-1.66529 0.782824
-1.61043 0.73503
-1.53909 0.725652
-1.57202 0.758739
-1.59945 0.758739
-1.6214 0.763526
-1.52263 0.720985
-1.64335 0.792564
-1.61043 0.773145
-1.65981 0.773145
-1.75857 0.822144
-1.7037 0.763526
-1.64335 0.697878
-1.48422 0.600678
-1.54458 0.648367
-1.55556 0.657234
-1.55556 0.643957
-1.6214 0.707076
-1.57202 0.679663
-1.4952 0.622129
-1.50617 0.630815
-1.63786 0.720985
-1.68176 0.73503
-1.61591 0.707076
-1.55007 0.643957
-1.59945 0.697878
-1.65432 0.74921
-1.64335 0.739742
-1.58848 0.697878
-1.54458 0.697878
-1.53909 0.720985
-1.64335 0.773145
-1.64335 0.787687
-1.62689 0.773145
-1.6214 0.744468
-1.54458 0.720985
-1.52812 0.697878
-1.5775 0.753967
-1.58299 0.730333
-1.68176 0.787687
-1.68176 0.74921
-1.59945 0.675147
-1.64883 0.725652
-1.64883 0.773145
-1.67627 0.787687
-1.68724 0.777977
-1.69822 0.787687
-1.64335 0.792564
-1.63786 0.777977
-1.68724 0.787687
-1.59396 0.758739
-1.56104 0.697878
-1.5775 0.744468
-1.62689 0.777977
-1.66529 0.782824
-1.64883 0.758739
-1.59396 0.73503
-1.63786 0.763526
-1.61043 0.763526
-1.64335 0.768328
-1.76406 0.862427
-1.79698 0.862427
-1.75857 0.837137
-1.62689 0.753967
-1.69273 0.802364
-1.61043 0.753967
-1.5775 0.707076
-1.56653 0.66616
-1.60494 0.693302
-1.60494 0.679663
-1.4952 0.563015
-1.36351 0.514693
-1.4952 0.575434
-1.54458 0.652793
-1.58299 0.596433
-1.50617 0.510764
-1.34705 0.50685
-1.39095 0.514693
-1.46776 0.635181
-1.56653 0.707076
-1.55556 0.657234
-1.63237 0.657234
-1.64883 0.66616
-1.61591 0.66169
-1.58848 0.596433
-1.50069 0.495199
-1.33059 0.476081
-1.26475 0.479875
-1.39095 0.563015
-1.38546 0.538583
-1.4513 0.592203
-1.40192 0.587988
-1.47325 0.639561
-1.57202 0.693302
-1.55007 0.697878
-1.5775 0.688741
-1.59396 0.675147
-1.61043 0.679663
-1.46228 0.600678
-1.37997 0.514693
-1.41289 0.518637
-1.56653 0.635181
-1.56653 0.592203
-1.56104 0.596433
-1.56653 0.639561
-1.61591 0.630815
-1.65981 0.652793
-1.64335 0.711697
-1.59945 0.693302
-1.57202 0.707076
-1.62689 0.730333
-1.53909 0.702469
-1.56104 0.711697
-1.63786 0.73503
-1.51715 0.675147
-1.66529 0.773145
-1.63786 0.768328
-1.66529 0.744468
-1.59945 0.702469
-1.65981 0.753967
-1.65981 0.758739
-1.58848 0.716334
-1.69273 0.763526
-1.62689 0.707076
-1.61043 0.730333
-1.6214 0.753967
-1.54458 0.693302
-1.51166 0.652793
-1.59945 0.66169
-1.59396 0.66169
-1.64335 0.702469
-1.55556 0.639561
-1.55007 0.679663
-1.60494 0.711697
-1.61043 0.720985
-1.67078 0.739742
-1.52812 0.630815
-1.64883 0.73503
-1.67627 0.73503
-1.64883 0.725652
-1.66529 0.711697
-1.66529 0.702469
-1.58848 0.657234
-1.61043 0.697878
-1.53909 0.66616
-1.53361 0.652793
-1.56653 0.707076
-1.53361 0.679663
-1.53909 0.697878
-1.58299 0.684194
-1.60494 0.66616
-1.66529 0.684194
-1.7037 0.684194
-1.67078 0.702469
-1.57202 0.693302
-1.56653 0.688741
-1.4952 0.693302
-1.5775 0.73503
-1.59396 0.74921
-1.59396 0.725652
-1.55556 0.716334
-1.52263 0.688741
-1.6214 0.730333
-1.62689 0.777977
-1.65981 0.782824
-1.74211 0.852266
-1.67078 0.782824
-1.74211 0.832124
-1.5775 0.744468
-1.7037 0.832124
-1.61591 0.777977
-1.68176 0.807286
-1.69822 0.797456
-1.56104 0.697878
-1.53909 0.652793
-1.48971 0.630815
-1.52812 0.693302
-1.57202 0.693302
-1.48971 0.639561
-1.55556 0.652793
-1.51715 0.66169
-1.60494 0.730333
-1.67627 0.768328
-1.64335 0.753967
-1.59396 0.720985
-1.5775 0.716334
-1.72565 0.797456
-1.79698 0.857339
-1.67078 0.802364
-1.7037 0.822144
-1.71468 0.842165
-1.62689 0.758739
-1.63786 0.777977
-1.71468 0.822144
-1.70919 0.837137
-1.64335 0.782824
-1.69273 0.807286
-1.69273 0.797456
-1.74211 0.817176
-1.69822 0.812224
-1.69822 0.807286
-1.63786 0.773145
-1.59945 0.725652
-1.60494 0.73503
-1.67078 0.758739
-1.62689 0.74921
-1.56104 0.711697
-1.62689 0.763526
-1.59396 0.730333
-1.64883 0.73503
-1.68176 0.744468
-1.66529 0.753967
-1.65981 0.768328
-1.72565 0.787687
-1.67078 0.739742
-1.46776 0.604938
-1.53909 0.604938
-1.60494 0.630815
-1.54458 0.583788
-1.51715 0.534564
-1.60494 0.52657
-1.6214 0.546667
-1.53909 0.50685
-1.55007 0.476081
-1.52263 0.428136
-1.58848 0.499068
-1.56104 0.487507
-1.51715 0.406865
-1.40741 0.346306
-1.52263 0.375976
-1.57202 0.431734
-1.56104 0.389554
-1.50069 0.410373
-1.42936 0.372619
-1.36351 0.403373
-1.47325 0.359342
-1.47874 0.359342
-1.41289 0.35606
-1.37449 0.330349
-1.35254 0.362639
-1.33059 0.299565
-1.27572 0.239818
-1.31962 0.216244
-1.36351 0.234474
-1.41289 0.305601
-1.44582 0.420986
-1.48422 0.399896
-1.53909 0.424553
-1.55007 0.483683
-1.55007 0.476081
-1.55007 0.410373
-1.51166 0.403373
-1.40741 0.359342
-1.28669 0.317855
-1.46776 0.375976
-1.37997 0.33351
-1.42387 0.317855
-1.40192 0.336686
-1.39095 0.330349
-1.45679 0.349542
-1.39643 0.372619
-1.48422 0.438974
-1.48422 0.45734
-1.44582 0.442617
-1.4952 0.50685
-1.50069 0.45734
-1.47874 0.502951
-1.6214 0.579603
-1.65432 0.563015
-1.6214 0.558905
-1.51715 0.530559
-1.48971 0.50685
-1.46228 0.468539
-1.53909 0.514693
-1.47874 0.45734
-1.46228 0.495199
-1.44033 0.479875
-1.44033 0.472303
-1.44033 0.410373
-1.43484 0.392986
-1.37997 0.317855
-1.369 0.290623
-1.39643 0.327203
-1.37449 0.293589
-1.41838 0.339878
-1.41289 0.320956
-1.44033 0.302575
-1.40192 0.314769
-1.40192 0.302575
-1.44033 0.336686
-1.44582 0.343084
-1.40192 0.352794
-1.42936 0.396433
-1.39095 0.379348
-1.42936 0.435347
-1.38546 0.435347
-1.39095 0.396433
-1.39643 0.379348
-1.30316 0.276021
-1.23731 0.302575
-1.29767 0.330349
-1.29218 0.324072
-1.29767 0.273146
-1.35802 0.287673
-1.40741 0.314769
-1.3251 0.324072
-1.30316 0.327203
-1.34156 0.349542
-1.37997 0.379348
-1.40741 0.379348
-1.42387 0.406865
-1.44033 0.386137
-1.35802 0.330349
-1.30316 0.281817
-1.46228 0.308642
-1.55556 0.349542
-1.52812 0.290623
-1.46776 0.317855
-1.42936 0.311698
-1.41838 0.261796
-1.43484 0.261796
-1.45679 0.299565
-1.42936 0.349542
-1.4513 0.346306
-1.47874 0.339878
-1.56653 0.382735
-1.55007 0.413895
-1.53361 0.379348
-1.47325 0.389554
-1.50617 0.352794
-1.51715 0.420986
-1.53361 0.499068
-1.47325 0.406865
-1.47874 0.392986
-1.40192 0.396433
-1.47874 0.410373
-1.43484 0.406865
-1.50617 0.468539
-1.51715 0.483683
-1.61043 0.50685
-1.65432 0.530559
-1.58848 0.495199
-1.58299 0.487507
-1.63237 0.567139
-1.59396 0.558905
-1.42387 0.428136
-1.47874 0.479875
-1.47874 0.55481
-1.43484 0.558905
-1.41289 0.542617
-1.43484 0.596433
-1.53361 0.639561
-1.53909 0.604938
-1.56104 0.652793
-1.61043 0.652793
-1.61043 0.688741
-1.64883 0.716334
-1.64883 0.702469
-1.54458 0.617809
-1.56653 0.66616
-1.64335 0.716334
-1.61043 0.720985
-1.70919 0.777977
-1.67078 0.768328
-1.55556 0.725652
-1.64883 0.744468
-1.67078 0.782824
-1.67627 0.768328
-1.61043 0.763526
-1.6214 0.739742
-1.66529 0.802364
-1.64335 0.812224
-1.72565 0.832124
-1.75857 0.837137
-1.72565 0.827127
-1.70919 0.822144
-1.75309 0.847208
-1.79698 0.888093
-1.76955 0.862427
-1.63786 0.817176
-1.63237 0.768328
-1.6214 0.744468
-1.67627 0.768328
-1.72565 0.807286
-1.72565 0.797456
-1.76406 0.852266
-1.71468 0.822144
-1.69822 0.802364
-1.66529 0.797456
-1.7037 0.822144
-1.7037 0.822144
-1.65432 0.792564
-1.63237 0.758739
-1.6214 0.74921
-1.60494 0.739742
-1.56653 0.702469
-1.59396 0.739742
-1.52812 0.697878
-1.5775 0.744468
-1.59396 0.720985
-1.55007 0.688741
-1.53361 0.684194
-1.62689 0.73503
-1.64883 0.763526
-1.56653 0.725652
-1.63237 0.74921
-1.62689 0.739742
-1.75309 0.74921
-1.73663 0.753967
-1.64883 0.720985
-1.67627 0.74921
-1.65981 0.74921
-1.63237 0.725652
-1.61591 0.739742
-1.68176 0.792564
-1.69822 0.797456
-1.64335 0.768328
-1.67627 0.792564
-1.7037 0.797456
-1.7037 0.822144
-1.68724 0.817176
-1.64883 0.777977
-1.66529 0.792564
-1.64335 0.787687
-1.75309 0.847208
-1.67078 0.807286
-1.67078 0.797456
-1.72016 0.822144
-1.73663 0.832124
-1.70919 0.812224
-1.66529 0.822144
-1.72565 0.832124
-1.80247 0.888093
-1.76955 0.872648
-1.68724 0.812224
-1.66529 0.782824
-1.65981 0.768328
-1.61043 0.753967
-1.61043 0.74921
-1.55007 0.670646
-1.59396 0.670646
-1.55007 0.66169
-1.55007 0.675147
-1.64335 0.758739
-1.65432 0.777977
-1.66529 0.787687
-1.64883 0.777977
-1.61043 0.744468
-1.62689 0.720985
-1.5775 0.693302
-1.59945 0.711697
-1.59945 0.707076
-1.53909 0.639561
-1.64883 0.702469
-1.51166 0.626465
-1.48971 0.635181
-1.45679 0.596433
-1.64335 0.730333
-1.64883 0.73503
-1.67627 0.753967
-1.71468 0.782824
-1.7476 0.812224
-1.7037 0.822144
-1.69273 0.807286
-1.68724 0.782824
-1.72565 0.782824
-1.66529 0.74921
-1.59396 0.702469
-1.57202 0.702469
-1.61591 0.74921
-1.61043 0.74921
-1.61043 0.744468
-1.75857 0.842165
-1.69822 0.817176
-1.63237 0.787687
-1.68176 0.802364
-1.65981 0.797456
-1.71468 0.842165
-1.66529 0.807286
-1.71468 0.832124
-1.69273 0.817176
-1.60494 0.74921
-1.54458 0.707076
-1.5775 0.707076
-1.52812 0.688741
-1.57202 0.679663
-1.53909 0.688741
-1.52263 0.66616
-1.51715 0.66616
-1.50069 0.66169
-1.51166 0.613504
-1.46776 0.542617
-1.42936 0.52657
-1.52263 0.558905
-1.43484 0.530559
-1.42387 0.491345
-1.40741 0.518637
-1.48971 0.563015
-1.45679 0.514693
-1.52812 0.510764
-1.50069 0.495199
-1.47874 0.518637
-1.60494 0.592203
-1.58848 0.600678
-1.57202 0.600678
-1.65981 0.643957
-1.74211 0.693302
-1.56653 0.643957
-1.59396 0.648367
-1.61591 0.693302
-1.67627 0.679663
-1.66529 0.635181
-1.61591 0.613504
-1.55007 0.575434
-1.51715 0.550731
-1.52263 0.563015
-1.54458 0.575434
-1.56104 0.583788
-1.4952 0.55481
-1.42936 0.530559
-1.41289 0.583788
-1.56104 0.716334
-1.63237 0.768328
-1.68724 0.812224
-1.75857 0.842165
-1.61591 0.74921
-1.65981 0.782824
-1.65981 0.792564
-1.68176 0.797456
-1.71468 0.802364
-1.67078 0.802364
-1.64335 0.758739
-1.67078 0.787687
-1.58848 0.730333
-1.68724 0.787687
-1.71468 0.802364
-1.7476 0.812224
-1.59945 0.730333
-1.61591 0.758739
-1.63786 0.773145
-1.73114 0.827127
-1.74211 0.812224
-1.74211 0.827127
-1.75309 0.837137
-1.68176 0.792564
-1.58299 0.73503
-1.56104 0.711697
-1.61591 0.763526
-1.5775 0.744468
-1.59945 0.739742
-1.71468 0.802364
-1.68724 0.797456
-1.65981 0.777977
-1.7037 0.827127
-1.70919 0.802364
-1.70919 0.822144
-1.69822 0.807286
-1.71468 0.822144
-1.63786 0.753967
-1.63237 0.763526
-1.68724 0.797456
-1.59945 0.758739
-1.56653 0.716334
-1.66529 0.782824
-1.67627 0.773145
-1.64883 0.768328
-1.59945 0.716334
-1.5775 0.725652
-1.63786 0.739742
-1.68724 0.773145
-1.61043 0.739742
-1.59945 0.73503
-1.5775 0.697878
-1.5775 0.707076
-1.65432 0.753967
-1.67627 0.792564
-1.65981 0.773145
-1.67627 0.792564
-1.67627 0.782824
-1.68176 0.807286
-1.68724 0.807286
-1.73114 0.832124
-1.77503 0.872648
-1.7037 0.822144
-1.72016 0.832124
-1.68724 0.797456
-1.65432 0.802364
-1.60494 0.763526
-1.63237 0.787687
-1.67627 0.768328
-1.63237 0.725652
-1.63237 0.725652
-1.56104 0.697878
-1.61591 0.725652
-1.55556 0.657234
-1.55007 0.648367
-1.52812 0.643957
-1.48422 0.600678
-1.54458 0.617809
-1.5775 0.66616
-1.62689 0.716334
-1.63237 0.720985
-1.6214 0.693302
-1.67627 0.720985
-1.58848 0.679663
-1.48422 0.592203
-1.44582 0.542617
-1.52812 0.571279
-1.48422 0.571279
-1.52263 0.626465
-1.51166 0.626465
-1.51166 0.563015
-1.51166 0.530559
-1.50617 0.571279
-1.50069 0.579603
-1.6214 0.648367
-1.58299 0.648367
-1.59945 0.675147
-1.54458 0.670646
-1.65432 0.697878
-1.6214 0.753967
-1.57202 0.730333
-1.61591 0.744468
-1.59945 0.758739
-1.67627 0.782824
-1.55556 0.730333
-1.63237 0.773145
-1.64883 0.802364
-1.65432 0.768328
-1.58299 0.688741
-1.54458 0.697878
-1.59396 0.74921
-1.53909 0.66616
-1.53361 0.66616
-1.54458 0.679663
-1.67078 0.792564
-1.56653 0.697878
-1.59396 0.720985
-1.61591 0.725652
-1.64883 0.73503
-1.58299 0.716334
-1.55007 0.711697
-1.43484 0.617809
-1.51166 0.613504
-1.45679 0.538583
-1.47325 0.550731
-1.44582 0.571279
-1.44033 0.518637
-1.48971 0.579603
-1.52812 0.587988
-1.52812 0.558905
-1.50069 0.542617
-1.42936 0.52657
-1.48422 0.495199
-1.48422 0.52657
-1.48971 0.50685
-1.37449 0.442617
-1.43484 0.420986
-1.41289 0.424553
-1.42387 0.406865
-1.46776 0.386137
-1.4952 0.379348
-1.48971 0.410373
-1.52812 0.35606
-1.41289 0.308642
-1.43484 0.327203
-1.46228 0.33351
-1.51166 0.343084
-1.42936 0.270286
-1.44033 0.299565
-1.37997 0.273146
-1.31962 0.203675
-1.3251 0.218803
-1.38546 0.258996
-1.369 0.299565
-1.39095 0.287673
-1.39643 0.296569
-1.50617 0.330349
-1.54458 0.327203
-1.51715 0.35606
-1.46228 0.343084
-1.4952 0.352794
-1.52263 0.35606
-1.4952 0.359342
-1.46228 0.359342
-1.43484 0.359342
-1.369 0.311698
-1.44033 0.349542
-1.41838 0.317855
-1.46776 0.320956
-1.45679 0.336686
-1.48971 0.324072
-1.42387 0.290623
-1.40192 0.290623
-1.4952 0.324072
-1.44033 0.311698
-1.42936 0.308642
-1.39643 0.308642
-1.41289 0.317855
-1.56104 0.359342
-1.50069 0.369277
-1.45679 0.317855
-1.369 0.284737
-1.33059 0.247947
-1.35254 0.22919
-1.33608 0.170482
-1.37997 0.19389
-1.39095 0.208657
-1.46228 0.211171
-1.38546 0.211171
-1.34705 0.138192
-1.40192 0.211171
-1.28121 0.165981
-1.39643 0.184346
-1.29218 0.148579
-1.27572 0.144379
-1.24829 0.170482
-1.36351 0.16154
-1.41289 0.184346
-1.34705 0.186709
-1.41838 0.221377
-1.47874 0.273146
-1.42936 0.216244
-1.369 0.253441
-1.36351 0.247947
-1.30864 0.250686
-1.3251 0.223967
-1.41289 0.264611
-1.40192 0.270286
-1.37997 0.245222
-1.369 0.273146
-1.29218 0.258996
-1.31962 0.293589
-1.44033 0.359342
-1.48422 0.375976
-1.4513 0.375976
-1.48422 0.417433
-1.46228 0.36595
-1.37997 0.386137
-1.41289 0.428136
-1.53909 0.45734
-1.51715 0.442617
-1.53909 0.424553
-1.4952 0.417433
-1.56104 0.399896
-1.52263 0.438974
-1.52263 0.375976
-1.51715 0.424553
-1.56104 0.442617
-1.55007 0.410373
-1.54458 0.372619
-1.58848 0.336686
-1.43484 0.264611
-1.47874 0.314769
-1.56104 0.336686
-1.50069 0.349542
-1.47874 0.396433
-1.4952 0.399896
-1.48971 0.389554
-1.50617 0.435347
-1.44582 0.461058
-1.46228 0.449948
-1.4952 0.518637
-1.42387 0.487507
-1.47874 0.518637
-1.46228 0.502951
-1.54458 0.50685
-1.53909 0.518637
-1.51166 0.464791
-1.57202 0.542617
-1.5775 0.55481
-1.56104 0.604938
-1.55556 0.600678
-1.59396 0.592203
-1.58299 0.567139
-1.60494 0.567139
-1.61591 0.530559
-1.59945 0.563015
-1.61591 0.567139
-1.52263 0.52657
-1.44033 0.491345
-1.39095 0.438974
-1.44582 0.435347
-1.50617 0.472303
-1.51715 0.479875
-1.48422 0.499068
-1.55556 0.530559
-1.57202 0.583788
-1.52263 0.579603
-1.51166 0.546667
-1.63237 0.622129
-1.57202 0.604938
-1.61043 0.567139
-1.44033 0.45734
-1.50069 0.487507
-1.5775 0.514693
-1.55556 0.550731
-1.55007 0.546667
-1.50069 0.491345
-1.50069 0.476081
-1.53361 0.487507
-1.48422 0.446275
-1.51715 0.45734
-1.56653 0.45734
-1.55007 0.435347
-1.48971 0.438974
-1.58848 0.538583
-1.58848 0.483683
-1.52263 0.518637
-1.47325 0.472303
-1.47874 0.424553
-1.50069 0.396433
-1.48971 0.359342
-1.45679 0.362639
-1.45679 0.406865
-1.5775 0.420986
-1.45679 0.382735
-1.53361 0.352794
-1.45679 0.343084
-1.39095 0.311698
-1.43484 0.324072
-1.34705 0.22919
-1.46776 0.276021
-1.40741 0.245222
-1.39095 0.284737
-1.41289 0.299565
-1.38546 0.339878
-1.40741 0.382735
-1.369 0.352794
-1.40741 0.410373
-1.40192 0.468539
-1.50069 0.563015
-1.45679 0.502951
-1.4952 0.499068
-1.46228 0.52657
-1.51715 0.583788
-1.60494 0.630815
-1.5775 0.66169
-1.57202 0.693302
-1.60494 0.657234
-1.54458 0.697878
-1.59396 0.688741
-1.52263 0.66616
-1.56653 0.679663
-1.59396 0.720985
-1.47874 0.635181
-1.57202 0.711697
-1.59945 0.716334
-1.59945 0.688741
-1.65432 0.758739
-1.73114 0.812224
-1.7037 0.777977
-1.7037 0.812224
-1.72565 0.832124
-1.68724 0.792564
-1.58848 0.725652
-1.64883 0.768328
-1.61043 0.753967
-1.69273 0.797456
-1.64883 0.763526
-1.7476 0.832124
-1.72016 0.817176
-1.73114 0.832124
-1.75857 0.847208
-1.67627 0.802364
-1.65981 0.792564
-1.67627 0.797456
-1.65981 0.802364
-1.68176 0.782824
-1.66529 0.753967
-1.63786 0.758739
-1.72565 0.802364
-1.68176 0.792564
-1.66529 0.807286
-1.68176 0.797456
-1.68724 0.802364
-1.72016 0.822144
-1.72016 0.832124
-1.80796 0.893271
-1.77503 0.86753
-1.82442 0.872648
-1.73663 0.847208
-1.71468 0.837137
-1.65432 0.797456
-1.63237 0.758739
-1.66529 0.773145
-1.58848 0.74921
-1.68724 0.797456
-1.65981 0.725652
-1.58299 0.684194
-1.58299 0.716334
-1.59945 0.688741
-1.51166 0.604938
-1.53909 0.657234
-1.53909 0.626465
-1.54458 0.622129
-1.58299 0.613504
-1.52263 0.583788
-1.6214 0.639561
-1.58848 0.617809
-1.56104 0.546667
-1.45679 0.476081
-1.50069 0.499068
-1.53361 0.495199
-1.57202 0.522596
-1.51715 0.449948
-1.47325 0.403373
-1.48971 0.372619
-1.46776 0.359342
-1.50069 0.33351
-1.5775 0.372619
-1.50617 0.362639
-1.53361 0.346306
-1.52263 0.339878
-1.50617 0.372619
-1.57202 0.392986
-1.50617 0.399896
-1.40741 0.352794
-1.42936 0.396433
-1.42387 0.339878
-1.4952 0.349542
-1.4513 0.339878
-1.50617 0.362639
-1.46228 0.362639
-1.47874 0.352794
-1.38546 0.302575
-1.52263 0.359342
-1.4513 0.349542
-1.55007 0.442617
-1.52812 0.479875
-1.56653 0.499068
-1.53361 0.487507
-1.55007 0.487507
-1.44582 0.446275
-1.51166 0.487507
-1.52263 0.476081
-1.61043 0.542617
-1.5775 0.510764
-1.5775 0.522596
-1.59396 0.522596
-1.62689 0.571279
-1.52812 0.542617
-1.54458 0.567139
-1.57202 0.592203
-1.50617 0.596433
-1.53361 0.571279
-1.47325 0.546667
-1.43484 0.510764
-1.39643 0.52657
-1.39095 0.502951
-1.39095 0.495199
-1.36351 0.495199
-1.51715 0.622129
-1.47874 0.583788
-1.61591 0.617809
-1.52812 0.609213
-1.50617 0.635181
-1.55556 0.670646
-1.52263 0.679663
-1.55007 0.697878
-1.59945 0.707076
-1.61043 0.697878
-1.55556 0.679663
-1.5775 0.657234
-1.53909 0.639561
-1.66529 0.716334
-1.63786 0.697878
-1.6214 0.679663
-1.66529 0.725652
-1.62689 0.74921
-1.68724 0.792564
-1.72016 0.817176
-1.7476 0.807286
-1.69273 0.817176
-1.72565 0.827127
-1.7037 0.817176
-1.77503 0.86753
-1.72565 0.852266
-1.69822 0.817176
-1.67627 0.787687
-1.74211 0.822144
-1.73663 0.827127
-1.69273 0.802364
-1.65432 0.768328
-1.67627 0.797456
-1.72016 0.842165
-1.72016 0.807286
-1.66529 0.777977
-1.60494 0.758739
-1.58848 0.753967
-1.55556 0.74921
-1.68176 0.817176
-1.7037 0.797456
-1.72016 0.812224
-1.71468 0.802364
-1.56653 0.702469
-1.59945 0.707076
-1.64335 0.758739
-1.63237 0.730333
-1.67078 0.792564
-1.65432 0.792564
-1.55007 0.720985
-1.52263 0.679663
-1.52263 0.670646
-1.46776 0.626465
-1.45679 0.648367
-1.53909 0.720985
-1.55556 0.744468
-1.48422 0.679663
-1.62689 0.725652
-1.65432 0.753967
-1.70919 0.817176
-1.60494 0.782824
-1.63786 0.787687
-1.68724 0.807286
-1.64335 0.773145
-1.61591 0.777977
-1.62689 0.773145
-1.59945 0.744468
-1.67078 0.782824
-1.64883 0.797456
-1.67627 0.812224
-1.6214 0.787687
-1.5775 0.702469
-1.5775 0.730333
-1.58848 0.702469
-1.64883 0.725652
-1.66529 0.797456
-1.73114 0.822144
-1.75309 0.832124
-1.64883 0.739742
-1.70919 0.807286
-1.68176 0.792564
-1.61043 0.739742
-1.56104 0.66616
-1.62689 0.688741
-1.56104 0.66169
-1.65432 0.720985
-1.59396 0.688741
-1.65981 0.711697
-1.65981 0.702469
-1.59396 0.626465
-1.51715 0.613504
-1.53361 0.55481
-1.55556 0.583788
-1.58299 0.630815
-1.65981 0.684194
-1.50617 0.571279
-1.44582 0.530559
-1.41838 0.514693
-1.41838 0.546667
-1.46776 0.550731
-1.40192 0.483683
-1.44582 0.420986
-1.51715 0.50685
-1.48971 0.483683
-1.46228 0.522596
-1.47325 0.563015
-1.56653 0.600678
-1.47874 0.563015
-1.53361 0.622129
-1.56653 0.604938
-1.62689 0.670646
-1.57202 0.622129
-1.63786 0.66616
-1.54458 0.635181
-1.56653 0.707076
-1.60494 0.716334
-1.64335 0.768328
-1.68724 0.782824
-1.53361 0.670646
-1.72565 0.827127
-1.71468 0.822144
-1.58299 0.720985
-1.60494 0.730333
-1.61591 0.711697
-1.48422 0.643957
-1.46228 0.617809
-1.52812 0.648367
-1.5775 0.670646
-1.59945 0.66169
-1.68176 0.711697
-1.61043 0.684194
-1.56104 0.707076
-1.59945 0.707076
-1.56104 0.66169
-1.53361 0.675147
-1.63786 0.720985
-1.56104 0.744468
-1.63237 0.753967
-1.58848 0.716334
-1.55556 0.702469
-1.48971 0.66169
-1.55556 0.652793
-1.64883 0.768328
-1.64883 0.768328
-1.65981 0.797456
-1.58299 0.74921
-1.53909 0.670646
-1.46776 0.639561
-1.58848 0.702469
-1.64335 0.744468
-1.65432 0.730333
-1.65432 0.74921
-1.63237 0.73503
-1.55007 0.635181
-1.58299 0.684194
-1.52812 0.684194
-1.55007 0.702469
-1.59396 0.697878
-1.55556 0.688741
-1.54458 0.720985
-1.61043 0.744468
-1.61591 0.744468
-1.63237 0.758739
-1.63786 0.787687
-1.66529 0.773145
-1.61591 0.730333
-1.56104 0.702469
-1.51166 0.684194
-1.5775 0.711697
-1.56653 0.688741
-1.42387 0.613504
-1.51715 0.697878
-1.62689 0.739742
-1.67627 0.763526
-1.64335 0.74921
-1.63786 0.782824
-1.6214 0.768328
-1.62689 0.763526
-1.61591 0.753967
-1.74211 0.827127
-1.72565 0.827127
-1.63786 0.787687
-1.6214 0.763526
-1.63786 0.744468
-1.64335 0.763526
-1.71468 0.797456
-1.6214 0.768328
-1.57202 0.711697
-1.68176 0.763526
-1.58848 0.725652
-1.65981 0.763526
-1.68176 0.744468
-1.68724 0.744468
-1.64883 0.739742
-1.48971 0.643957
-1.50617 0.635181
-1.47874 0.626465
-1.55556 0.679663
-1.68176 0.792564
-1.65981 0.74921
-1.65432 0.768328
-1.63786 0.73503
-1.53361 0.648367
-1.50617 0.643957
-1.63237 0.688741
-1.55007 0.630815
-1.55556 0.670646
-1.51166 0.613504
-1.52812 0.684194
-1.55007 0.679663
-1.54458 0.702469
-1.4952 0.630815
-1.4513 0.587988
-1.52263 0.652793
-1.4952 0.635181
-1.50069 0.648367
-1.46228 0.609213
-1.53361 0.635181
-1.50069 0.643957
-1.55556 0.679663
-1.53361 0.66169
-1.59945 0.693302
-1.58848 0.707076
-1.57202 0.675147
-1.59396 0.670646
-1.47874 0.635181
-1.50617 0.670646
-1.58299 0.697878
-1.67078 0.758739
-1.57202 0.643957
-1.50617 0.575434
-1.47325 0.510764
-1.50617 0.50685
-1.56104 0.558905
-1.4952 0.538583
-1.46228 0.534564
-1.52812 0.579603
-1.5775 0.579603
-1.6214 0.622129
-1.53361 0.514693
-1.41838 0.468539
-1.44033 0.518637
-1.47874 0.550731
-1.41289 0.442617
-1.40741 0.464791
-1.35254 0.461058
-1.47874 0.600678
-1.55556 0.648367
-1.59396 0.675147
-1.56653 0.635181
-1.6214 0.66169
-1.48971 0.617809
-1.55007 0.652793
-1.5775 0.693302
-1.69822 0.782824
-1.59396 0.739742
-1.56653 0.730333
-1.53361 0.679663
-1.53909 0.702469
-1.56653 0.725652
-1.59396 0.739742
-1.54458 0.725652
-1.56653 0.720985
-1.53361 0.684194
-1.56104 0.711697
-1.47325 0.679663
-1.64335 0.753967
-1.64335 0.768328
-1.64335 0.763526
-1.68724 0.822144
-1.65432 0.777977
-1.67627 0.797456
-1.7037 0.812224
-1.75857 0.862427
-1.75309 0.847208
-1.70919 0.822144
-1.58299 0.730333
-1.61043 0.753967
-1.63237 0.777977
-1.63786 0.787687
-1.64335 0.787687
-1.60494 0.73503
-1.68176 0.782824
-1.67627 0.758739
-1.63237 0.74921
-1.64335 0.777977
-1.65981 0.787687
-1.6214 0.744468
-1.57202 0.697878
-1.56104 0.675147
-1.53909 0.707076
-1.59396 0.725652
-1.67078 0.763526
-1.61043 0.720985
-1.59396 0.739742
-1.62689 0.725652
-1.65432 0.744468
-1.59945 0.697878
-1.4513 0.571279
-1.48971 0.596433
-1.44582 0.604938
-1.50069 0.652793
-1.52263 0.693302
-1.59945 0.707076
-1.61591 0.739742
-1.63786 0.744468
-1.63786 0.74921
-1.69822 0.797456
-1.68176 0.792564
-1.61591 0.744468
-1.55556 0.707076
-1.56104 0.697878
-1.69822 0.758739
-1.69822 0.802364
-1.72016 0.822144
-1.72565 0.837137
-1.65981 0.782824
-1.52263 0.707076
-1.59396 0.753967
-1.57202 0.725652
-1.65981 0.768328
-1.59945 0.73503
-1.66529 0.777977
-1.75309 0.857339
-1.67627 0.802364
-1.69822 0.777977
-1.61591 0.744468
-1.47874 0.679663
-1.65432 0.797456
-1.67078 0.807286
-1.63786 0.777977
-1.63237 0.792564
-1.66529 0.807286
-1.63786 0.787687
-1.63786 0.763526
-1.59396 0.74921
-1.7037 0.827127
-1.7476 0.842165
-1.68724 0.802364
-1.62689 0.777977
-1.69822 0.832124
-1.71468 0.817176
-1.67078 0.773145
-1.63786 0.768328
-1.67078 0.777977
-1.62689 0.758739
-1.67078 0.773145
-1.63786 0.768328
-1.63786 0.768328
-1.61591 0.744468
-1.55007 0.702469
-1.53909 0.693302
-1.50617 0.675147
-1.56104 0.707076
-1.68724 0.758739
-1.59396 0.739742
-1.68724 0.832124
-1.68724 0.802364
-1.7037 0.812224
-1.7037 0.822144
-1.6214 0.768328
-1.62689 0.777977
-1.72016 0.817176
-1.73663 0.827127
-1.78601 0.857339
-1.74211 0.812224
-1.68176 0.802364
-1.58848 0.739742
-1.63237 0.744468
-1.61043 0.725652
-1.48971 0.639561
-1.60494 0.711697
-1.62689 0.679663
-1.55556 0.684194
-1.62689 0.711697
-1.59945 0.675147
-1.53909 0.617809
-1.53361 0.600678
-1.55007 0.604938
-1.61043 0.643957
-1.63237 0.675147
-1.59945 0.643957
-1.52263 0.617809
-1.53361 0.639561
-1.56653 0.648367
-1.63786 0.716334
-1.62689 0.73503
-1.67078 0.777977
-1.66529 0.773145
-1.64883 0.758739
-1.69273 0.812224
-1.64335 0.787687
-1.72565 0.822144
-1.65981 0.787687
-1.75309 0.847208
-1.63786 0.787687
-1.71468 0.763526
-1.54458 0.688741
-1.57202 0.697878
-1.61591 0.702469
-1.60494 0.702469
-1.53361 0.66169
-1.48422 0.652793
-1.63237 0.711697
-1.53909 0.617809
-1.52812 0.609213
-1.56104 0.670646
-1.7037 0.744468
-1.71468 0.763526
-1.69273 0.707076
-1.64335 0.716334
-1.52263 0.609213
-1.47874 0.626465
-1.51715 0.643957
-1.45679 0.648367
-1.51715 0.675147
-1.4952 0.675147
-1.52812 0.697878
-1.59396 0.739742
-1.69273 0.802364
-1.70919 0.807286
-1.65432 0.744468
-1.69822 0.787687
-1.68176 0.758739
-1.5775 0.679663
-1.56104 0.684194
-1.4952 0.648367
-1.58299 0.707076
-1.65432 0.758739
-1.62689 0.758739
-1.6214 0.739742
-1.65981 0.773145
-1.61043 0.720985
-1.64883 0.730333
-1.57202 0.716334
-1.54458 0.684194
-1.59396 0.730333
-1.63786 0.739742
-1.59396 0.716334
-1.56104 0.693302
-1.4513 0.617809
-1.50617 0.657234
-1.59396 0.716334
-1.59396 0.716334
-1.57202 0.711697
-1.58299 0.675147
-1.63786 0.730333
-1.52812 0.648367
-1.46776 0.657234
-1.40192 0.600678
-1.44582 0.592203
-1.52812 0.613504
-1.58848 0.630815
-1.58848 0.630815
-1.48422 0.558905
-1.46776 0.55481
-1.43484 0.487507
-1.30316 0.399896
-1.28121 0.392986
-1.34705 0.45734
-1.43484 0.464791
-1.47325 0.579603
-1.5775 0.604938
-1.58299 0.617809
-1.64335 0.613504
-1.60494 0.558905
-1.55007 0.558905
-1.55556 0.55481
-1.56653 0.534564
-1.58299 0.502951
-1.58299 0.563015
-1.61043 0.609213
-1.55556 0.499068
-1.53361 0.468539
-1.48971 0.461058
-1.44033 0.431734
-1.4952 0.479875
-1.57202 0.483683
-1.53909 0.442617
-1.45679 0.317855
-1.42387 0.349542
-1.45679 0.308642
-1.44033 0.308642
-1.41289 0.352794
-1.4952 0.346306
-1.42387 0.352794
-1.46228 0.417433
-1.44582 0.369277
-1.47874 0.349542
-1.4952 0.305601
-1.44033 0.296569
-1.45679 0.308642
-1.41838 0.339878
-1.44033 0.346306
-1.39643 0.324072
-1.42936 0.302575
-1.44033 0.293589
-1.3251 0.258996
-1.41838 0.302575
-1.46228 0.352794
-1.54458 0.399896
-1.55556 0.446275
-1.4952 0.399896
-1.40741 0.362639
-1.46228 0.392986
-1.41289 0.346306
-1.45679 0.362639
-1.43484 0.330349
-1.46228 0.352794
-1.42387 0.349542
-1.369 0.349542
-1.47874 0.320956
-1.41289 0.308642
-1.40192 0.36595
-1.42936 0.35606
-1.48422 0.343084
-1.46228 0.287673
-1.43484 0.278911
-1.51715 0.369277
-1.53361 0.406865
-1.53361 0.449948
-1.58299 0.510764
-1.58848 0.546667
-1.5775 0.534564
-1.52812 0.499068
-1.54458 0.550731
-1.56104 0.530559
-1.58299 0.550731
-1.53909 0.534564
-1.52263 0.510764
-1.45679 0.522596
-1.43484 0.499068
-1.46776 0.550731
-1.54458 0.604938
-1.52812 0.609213
-1.5775 0.635181
-1.54458 0.596433
-1.55007 0.613504
-1.60494 0.657234
-1.5775 0.652793
-1.58299 0.670646
-1.55007 0.675147
-1.5775 0.730333
-1.63786 0.802364
-1.63786 0.787687
-1.62689 0.777977
-1.61043 0.725652
-1.58848 0.730333
-1.59396 0.716334
-1.60494 0.725652
-1.66529 0.744468
-1.61043 0.635181
-1.5775 0.630815
-1.56653 0.635181
-1.53909 0.604938
-1.55007 0.652793
-1.46228 0.575434
-1.51166 0.587988
-1.55556 0.643957
-1.55556 0.675147
-1.48971 0.596433
-1.4952 0.600678
-1.50617 0.600678
-1.48422 0.567139
-1.45679 0.518637
-1.44033 0.495199
-1.40192 0.491345
-1.39095 0.464791
-1.40741 0.571279
-1.43484 0.583788
-1.38546 0.567139
-1.4513 0.622129
-1.51715 0.648367
-1.4513 0.635181
-1.41838 0.635181
-1.4952 0.670646
-1.48422 0.635181
-1.35802 0.579603
-1.48971 0.639561
-1.56653 0.684194
-1.55007 0.652793
-1.52812 0.657234
-1.55007 0.657234
-1.58848 0.684194
-1.59396 0.702469
-1.60494 0.74921
-1.62689 0.782824
-1.65981 0.807286
-1.57202 0.716334
-1.57202 0.725652
-1.64335 0.773145
-1.73114 0.822144
-1.73663 0.822144
-1.7476 0.837137
-1.68724 0.782824
-1.68724 0.822144
-1.7037 0.817176
-1.67078 0.763526
-1.64883 0.763526
-1.57202 0.711697
-1.5775 0.697878
-1.52263 0.670646
-1.58299 0.707076
-1.64883 0.763526
-1.6214 0.74921
-1.66529 0.777977
-1.71468 0.792564
-1.7037 0.797456
-1.67627 0.792564
-1.63786 0.758739
-1.72565 0.802364
-1.64335 0.74921
-1.62689 0.739742
-1.61043 0.753967
-1.67078 0.802364
-1.59945 0.73503
-1.58848 0.73503
-1.56653 0.725652
-1.4952 0.697878
-1.56653 0.679663
-1.55556 0.639561
-1.51166 0.622129
-1.56104 0.648367
-1.55007 0.693302
-1.68724 0.812224
-1.61591 0.782824
-1.63237 0.768328
-1.68176 0.807286
-1.70919 0.822144
-1.67627 0.802364
-1.62689 0.782824
-1.67627 0.782824
-1.59945 0.739742
-1.65432 0.763526
-1.74211 0.827127
-1.7037 0.812224
-1.70919 0.797456
-1.67627 0.777977
-1.72016 0.782824
-1.68724 0.73503
-1.62689 0.684194
-1.75309 0.739742
-1.67627 0.702469
-1.68724 0.730333
-1.6214 0.711697
-1.56653 0.684194
-1.55007 0.675147
-1.55007 0.675147
-1.61043 0.753967
-1.61043 0.763526
-1.62689 0.744468
-1.56104 0.693302
-1.55556 0.725652
-1.63237 0.758739
-1.67627 0.744468
-1.80247 0.852266
-1.7915 0.847208
-1.72565 0.832124
-1.79698 0.88293
-1.7037 0.817176
-1.76406 0.86753
-1.68176 0.782824
-1.72565 0.797456
-1.64883 0.744468
-1.61591 0.763526
-1.66529 0.768328
-1.65432 0.797456
-1.62689 0.777977
-1.72016 0.827127
-1.7037 0.842165
-1.61591 0.777977
-1.62689 0.782824
-1.58299 0.720985
-1.61591 0.702469
-1.51166 0.648367
-1.60494 0.720985
-1.54458 0.670646
-1.42387 0.579603
-1.4952 0.643957
-1.44033 0.583788
-1.48422 0.635181
-1.56653 0.720985
-1.53909 0.702469
-1.50069 0.679663
-1.51715 0.679663
-1.52812 0.679663
-1.55556 0.679663
-1.55007 0.596433
-1.46228 0.583788
-1.54458 0.639561
-1.48971 0.648367
-1.50069 0.66169
-1.64335 0.753967
-1.63786 0.744468
-1.64883 0.725652
-1.51715 0.643957
-1.56104 0.66616
-1.58299 0.675147
-1.53909 0.652793
-1.58299 0.684194
-1.56104 0.670646
-1.51166 0.630815
-1.51715 0.639561
-1.41289 0.587988
-1.50069 0.622129
-1.53361 0.617809
-1.5775 0.639561
-1.52263 0.643957
-1.5775 0.643957
-1.58299 0.693302
-1.66529 0.725652
-1.68176 0.744468
-1.7037 0.758739
-1.72016 0.777977
-1.69822 0.739742
-1.65981 0.74921
-1.75857 0.777977
-1.7476 0.792564
-1.70919 0.797456
-1.65432 0.763526
-1.66529 0.777977
-1.69273 0.797456
-1.67627 0.782824
-1.62689 0.763526
-1.6214 0.777977
-1.63237 0.802364
-1.71468 0.822144
-1.7037 0.817176
-1.71468 0.847208
-1.64883 0.802364
-1.68724 0.822144
-1.7476 0.837137
-1.68724 0.758739
-1.64883 0.739742
-1.63786 0.744468
-1.5775 0.725652
-1.61591 0.739742
-1.54458 0.657234
-1.58848 0.711697
-1.58848 0.707076
-1.6214 0.707076
-1.65981 0.74921
-1.53909 0.684194
-1.52263 0.675147
-1.46776 0.648367
-1.55007 0.711697
-1.55556 0.688741
-1.52263 0.679663
-1.52812 0.688741
-1.63786 0.739742
-1.65432 0.763526
-1.7037 0.797456
-1.66529 0.777977
-1.7037 0.807286
-1.6214 0.773145
-1.61043 0.744468
-1.63237 0.74921
-1.67627 0.787687
-1.76406 0.822144
-1.66529 0.792564
-1.67627 0.797456
-1.65981 0.787687
-1.70919 0.832124
-1.7476 0.822144
-1.57202 0.725652
-1.69822 0.807286
-1.69273 0.817176
-1.57202 0.716334
-1.5775 0.720985
-1.57202 0.720985
-1.67078 0.787687
-1.61591 0.753967
-1.63786 0.777977
-1.62689 0.768328
-1.58299 0.720985
-1.63237 0.744468
-1.61043 0.693302
-1.65981 0.720985
-1.63786 0.702469
-1.44033 0.567139
-1.51166 0.550731
-1.40741 0.403373
-1.369 0.372619
-1.38546 0.372619
-1.39643 0.317855
-1.38546 0.352794
-1.38546 0.417433
-1.38546 0.438974
-1.43484 0.530559
-1.47874 0.546667
-1.48971 0.499068
-1.42387 0.50685
-1.41289 0.468539
-1.34705 0.45734
-1.38546 0.453636
-1.39095 0.442617
-1.46776 0.487507
-1.45679 0.502951
-1.37449 0.442617
-1.39095 0.417433
-1.42387 0.392986
-1.39643 0.369277
-1.34705 0.349542
-1.3251 0.336686
-1.35254 0.375976
-1.46228 0.438974
-1.38546 0.406865
-1.42936 0.410373
-1.48422 0.487507
-1.46776 0.502951
-1.51166 0.52657
-1.57202 0.542617
-1.48971 0.542617
-1.52263 0.514693
-1.46228 0.499068
-1.50069 0.575434
-1.47874 0.592203
-1.46228 0.587988
-1.56104 0.600678
-1.51166 0.643957
-1.52812 0.622129
-1.42936 0.567139
-1.52812 0.639561
-1.56104 0.657234
-1.60494 0.688741
-1.56104 0.66169
-1.55556 0.622129
-1.48971 0.609213
-1.48971 0.639561
-1.52812 0.652793
-1.5775 0.679663
-1.50617 0.635181
-1.56653 0.66169
-1.53909 0.652793
-1.61043 0.697878
-1.57202 0.657234
-1.51715 0.600678
-1.51715 0.600678
-1.52263 0.558905
-1.50617 0.538583
-1.42936 0.499068
-1.51715 0.538583
-1.47874 0.522596
-1.4513 0.502951
-1.45679 0.424553
-1.50069 0.468539
-1.47874 0.464791
-1.46228 0.431734
-1.51715 0.476081
-1.55007 0.542617
-1.53361 0.534564
-1.46228 0.495199
-1.47874 0.499068
-1.4513 0.461058
-1.46228 0.468539
-1.47325 0.499068
-1.4513 0.491345
-1.47325 0.487507
-1.44582 0.514693
-1.40741 0.502951
-1.47325 0.538583
-1.4513 0.483683
-1.51166 0.510764
-1.50617 0.487507
-1.51715 0.491345
-1.58848 0.487507
-1.56104 0.435347
-1.51166 0.449948
-1.51166 0.461058
-1.4952 0.491345
-1.50617 0.495199
-1.50617 0.530559
-1.4513 0.538583
-1.55007 0.575434
-1.57202 0.643957
-1.53909 0.613504
-1.59945 0.670646
-1.67078 0.688741
-1.60494 0.675147
-1.52812 0.592203
-1.61043 0.648367
-1.62689 0.600678
-1.60494 0.546667
-1.55007 0.538583
-1.57202 0.571279
-1.4952 0.534564
-1.51715 0.587988
-1.56653 0.670646
-1.5775 0.604938
-1.55556 0.567139
-1.37449 0.472303
-1.33608 0.431734
-1.40741 0.483683
-1.50069 0.542617
-1.48971 0.52657
-1.51166 0.558905
-1.48971 0.542617
-1.43484 0.514693
-1.40192 0.442617
-1.35254 0.45734
-1.44033 0.491345
-1.41289 0.476081
-1.44582 0.502951
-1.50069 0.55481
-1.4952 0.600678
-1.58299 0.648367
-1.59945 0.657234
-1.55007 0.609213
-1.59945 0.592203
-1.50069 0.583788
-1.51166 0.596433
-1.50617 0.571279
-1.52263 0.587988
-1.48422 0.600678
-1.50617 0.587988
-1.45679 0.538583
-1.48422 0.558905
-1.47874 0.617809
-1.50617 0.617809
-1.61591 0.670646
-1.63786 0.711697
-1.46228 0.583788
-1.50617 0.639561
-1.50617 0.592203
-1.56653 0.622129
-1.50617 0.575434
-1.51166 0.530559
-1.42387 0.538583
-1.5775 0.563015
-1.50069 0.518637
-1.50069 0.530559
-1.48971 0.530559
-1.47874 0.514693
-1.46228 0.483683
-1.36351 0.413895
-1.41838 0.442617
-1.55007 0.510764
-1.53361 0.522596
-1.55007 0.502951
-1.48971 0.424553
-1.44033 0.424553
-1.39643 0.379348
-1.43484 0.464791
-1.48971 0.50685
-1.41838 0.502951
-1.44582 0.534564
-1.47874 0.50685
-1.48422 0.502951
-1.42387 0.464791
-1.38546 0.413895
-1.44033 0.438974
-1.39643 0.389554
-1.3251 0.362639
-1.34156 0.399896
-1.44033 0.449948
-1.4952 0.472303
-1.4952 0.514693
-1.48971 0.453636
-1.52812 0.472303
-1.44582 0.424553
-1.46776 0.435347
-1.44582 0.406865
-1.47325 0.386137
-1.51715 0.375976
-1.39643 0.375976
-1.39095 0.399896
-1.39643 0.375976
-1.48422 0.389554
-1.48422 0.369277
-1.43484 0.359342
-1.40192 0.362639
-1.43484 0.359342
-1.4513 0.36595
-1.46228 0.442617
-1.44582 0.424553
-1.44582 0.438974
-1.51715 0.461058
-1.50617 0.495199
-1.47325 0.479875
-1.52263 0.476081
-1.53361 0.522596
-1.46228 0.491345
-1.44033 0.50685
-1.41838 0.522596
-1.45679 0.514693
-1.369 0.514693
-1.47325 0.542617
-1.53361 0.604938
-1.55556 0.66169
-1.63786 0.716334
-1.5775 0.716334
-1.62689 0.74921
-1.50617 0.639561
-1.48971 0.635181
-1.65432 0.725652
-1.67627 0.763526
-1.67627 0.777977
-1.67627 0.787687
-1.56104 0.697878
-1.63786 0.773145
-1.63237 0.782824
-1.69273 0.817176
-1.61043 0.720985
-1.4952 0.652793
-1.58848 0.74921
-1.56653 0.720985
-1.65432 0.753967
-1.5775 0.688741
-1.57202 0.697878
-1.5775 0.711697
-1.61043 0.753967
-1.58848 0.73503
-1.58848 0.720985
-1.54458 0.707076
-1.47874 0.630815
-1.50617 0.592203
-1.56653 0.675147
-1.59396 0.716334
-1.4952 0.693302
-1.53909 0.648367
-1.59945 0.684194
-1.48971 0.609213
-1.44033 0.604938
-1.45679 0.587988
-1.4952 0.583788
-1.47325 0.643957
-1.52263 0.66616
-1.55007 0.688741
-1.64883 0.730333
-1.59396 0.73503
-1.53361 0.702469
-1.51166 0.684194
-1.5775 0.693302
-1.60494 0.720985
-1.66529 0.782824
-1.63237 0.787687
-1.56653 0.707076
-1.57202 0.730333
-1.64335 0.768328
-1.64335 0.768328
-1.62689 0.758739
-1.55007 0.670646
-1.47874 0.617809
-1.47874 0.635181
-1.57202 0.639561
-1.55556 0.66169
-1.51166 0.630815
-1.55556 0.670646
-1.51166 0.583788
-1.50617 0.600678
-1.4952 0.652793
-1.55556 0.711697
-1.56104 0.697878
-1.63237 0.688741
-1.63237 0.725652
-1.52263 0.639561
-1.46228 0.617809
-1.57202 0.66616
-1.53909 0.697878
-1.63786 0.74921
-1.56653 0.707076
-1.62689 0.73503
-1.57202 0.679663
-1.64335 0.684194
-1.71468 0.707076
-1.62689 0.684194
-1.68724 0.670646
-1.67078 0.716334
-1.64883 0.730333
-1.67078 0.739742
-1.61591 0.720985
-1.60494 0.716334
-1.65981 0.74921
-1.55007 0.675147
-1.57202 0.702469
-1.57202 0.688741
-1.56653 0.707076
-1.58848 0.711697
-1.59396 0.73503
-1.67078 0.782824
-1.68176 0.797456
-1.66529 0.787687
-1.5775 0.739742
-1.61591 0.763526
-1.67078 0.782824
-1.67627 0.797456
-1.61043 0.74921
-1.58299 0.716334
-1.45679 0.66616
-1.4513 0.613504
-1.48971 0.648367
-1.53909 0.579603
-1.4952 0.596433
-1.51715 0.592203
-1.6214 0.711697
-1.63237 0.725652
-1.68724 0.758739
-1.58299 0.697878
-1.59945 0.688741
-1.64883 0.763526
-1.72016 0.802364
-1.68724 0.792564
-1.5775 0.711697
-1.56104 0.711697
-1.59396 0.739742
-1.54458 0.725652
-1.60494 0.716334
-1.64335 0.763526
-1.58848 0.730333
-1.52263 0.679663
-1.51715 0.66616
-1.59396 0.730333
-1.70919 0.797456
-1.69273 0.777977
-1.72565 0.802364
-1.64335 0.768328
-1.65981 0.782824
-1.58848 0.730333
-1.58299 0.66169
-1.64883 0.730333
-1.68724 0.777977
-1.67078 0.777977
-1.67078 0.758739
-1.61043 0.702469
-1.52812 0.648367
-1.51715 0.639561
-1.48971 0.609213
-1.54458 0.622129
-1.47325 0.587988
-1.5775 0.617809
-1.48422 0.613504
-1.54458 0.675147
-1.4513 0.604938
-1.46228 0.652793
-1.54458 0.66616
-1.4952 0.630815
-1.41838 0.583788
-1.42387 0.563015
-1.4513 0.567139
-1.4513 0.583788
-1.45679 0.587988
-1.50069 0.635181
-1.58848 0.697878
-1.61591 0.725652
-1.66529 0.782824
-1.55556 0.711697
-1.54458 0.693302
-1.47325 0.639561
-1.58848 0.66616
-1.64335 0.725652
-1.59396 0.693302
-1.46228 0.66169
-1.56653 0.679663
-1.52263 0.675147
-1.53909 0.670646
-1.55007 0.702469
-1.51166 0.600678
-1.44033 0.55481
-1.47325 0.534564
-1.46776 0.563015
-1.57202 0.630815
-1.54458 0.596433
-1.48422 0.491345
-1.51166 0.483683
-1.51166 0.472303
-1.48422 0.45734
-1.48422 0.479875
-1.38546 0.476081
-1.41289 0.514693
-1.46776 0.626465
-1.38546 0.563015
-1.42387 0.604938
-1.42387 0.542617
-1.46776 0.563015
-1.55556 0.596433
-1.52263 0.583788
-1.57202 0.630815
-1.56653 0.648367
-1.55556 0.622129
-1.44033 0.575434
-1.35802 0.558905
-1.52263 0.679663
-1.46228 0.622129
-1.51715 0.635181
-1.53909 0.643957
-1.53909 0.635181
-1.5775 0.657234
-1.63786 0.693302
-1.58848 0.639561
-1.54458 0.66616
-1.54458 0.66169
-1.57202 0.639561
-1.61043 0.639561
-1.59396 0.617809
-1.5775 0.675147
-1.55556 0.639561
-1.56104 0.630815
-1.52812 0.626465
-1.59396 0.675147
-1.55556 0.639561
-1.46228 0.571279
-1.59945 0.635181
-1.4952 0.622129
-1.53361 0.630815
-1.57202 0.657234
-1.52263 0.609213
-1.51715 0.613504
-1.55556 0.626465
-1.51166 0.534564
-1.58848 0.635181
-1.63786 0.639561
-1.65981 0.643957
-1.57202 0.643957
-1.59945 0.675147
-1.65432 0.707076
-1.56104 0.626465
-1.54458 0.635181
-1.6214 0.684194
-1.63786 0.711697
-1.66529 0.73503
-1.6214 0.73503
-1.59945 0.753967
-1.62689 0.768328
-1.64883 0.812224
-1.68724 0.782824
-1.60494 0.720985
-1.61591 0.753967
-1.61591 0.74921
-1.58848 0.693302
-1.65432 0.74921
-1.63237 0.753967
-1.53909 0.702469
-1.52812 0.652793
-1.58299 0.697878
-1.60494 0.707076
-1.59396 0.679663
-1.53361 0.693302
-1.55007 0.66169
-1.53361 0.617809
-1.50069 0.587988
-1.48971 0.583788
-1.56104 0.639561
-1.6214 0.66616
-1.60494 0.635181
-1.5775 0.579603
-1.56104 0.571279
-1.4513 0.499068
-1.50069 0.550731
-1.51166 0.542617
-1.44033 0.472303
-1.41289 0.438974
-1.50617 0.487507
-1.40741 0.442617
-1.42936 0.483683
-1.40192 0.406865
-1.47874 0.446275
-1.47874 0.442617
-1.37449 0.431734
-1.46776 0.431734
-1.41838 0.413895
-1.40741 0.461058
-1.40741 0.438974
-1.38546 0.479875
-1.36351 0.514693
-1.47325 0.596433
-1.42387 0.583788
-1.369 0.579603
-1.46228 0.592203
-1.4513 0.55481
-1.53361 0.613504
-1.5775 0.600678
-1.57202 0.613504
-1.64883 0.604938
-1.58299 0.587988
-1.55556 0.617809
-1.44033 0.546667
-1.42936 0.579603
-1.52812 0.66616
-1.59945 0.648367
-1.59396 0.609213
-1.45679 0.571279
-1.44582 0.575434
-1.51166 0.600678
-1.44033 0.567139
-1.52812 0.600678
-1.52263 0.613504
-1.56104 0.622129
-1.53909 0.684194
-1.59945 0.702469
-1.61591 0.730333
-1.56653 0.66169
-1.46228 0.622129
-1.5775 0.66169
-1.53909 0.648367
-1.60494 0.675147
-1.5775 0.670646
-1.59945 0.66616
-1.55007 0.652793
-1.56104 0.657234
-1.54458 0.648367
-1.60494 0.679663
-1.64883 0.725652
-1.62689 0.720985
-1.56653 0.688741
-1.6214 0.716334
-1.6214 0.702469
-1.58299 0.707076
-1.59945 0.707076
-1.58299 0.693302
-1.61043 0.688741
-1.63237 0.758739
-1.58299 0.711697
-1.48422 0.66616
-1.44582 0.648367
-1.4952 0.679663
-1.55007 0.711697
-1.64883 0.744468
-1.64335 0.758739
-1.64335 0.753967
-1.64335 0.758739
-1.5775 0.730333
-1.62689 0.74921
-1.68176 0.768328
-1.63237 0.720985
-1.58848 0.725652
-1.5775 0.74921
-1.66529 0.787687
-1.64883 0.787687
-1.59396 0.753967
-1.59396 0.744468
-1.59945 0.744468
-1.63237 0.777977
-1.57202 0.73503
-1.53909 0.707076
-1.50617 0.679663
-1.40741 0.596433
-1.42936 0.635181
-1.50069 0.648367
-1.5775 0.670646
-1.4952 0.617809
-1.55556 0.630815
-1.51166 0.66169
-1.51715 0.635181
-1.5775 0.702469
-1.56653 0.684194
-1.61043 0.716334
-1.5775 0.693302
-1.5775 0.720985
-1.58848 0.758739
-1.61043 0.73503
-1.56104 0.716334
-1.52263 0.675147
-1.57202 0.693302
-1.53909 0.670646
-1.64883 0.768328
-1.68176 0.753967
-1.71468 0.792564
-1.64335 0.797456
-1.62689 0.74921
-1.53909 0.675147
-1.47325 0.639561
-1.47874 0.617809
-1.43484 0.600678
-1.41838 0.596433
-1.48971 0.66169
-1.53361 0.613504
-1.46776 0.617809
-1.51166 0.648367
-1.5775 0.639561
-1.50617 0.600678
-1.46776 0.604938
-1.53909 0.600678
-1.51715 0.648367
-1.63237 0.652793
-1.55007 0.648367
-1.61591 0.675147
-1.64335 0.744468
-1.62689 0.716334
-1.57202 0.66169
-1.59396 0.707076
-1.59945 0.730333
-1.61591 0.716334
-1.5775 0.720985
-1.53361 0.697878
-1.51715 0.702469
-1.65981 0.787687
-1.64883 0.74921
-1.55556 0.697878
-1.6214 0.758739
-1.67627 0.773145
-1.61043 0.753967
-1.65432 0.817176
-1.63786 0.797456
-1.64335 0.792564
-1.64335 0.773145
-1.5775 0.739742
-1.56653 0.739742
-1.57202 0.725652
-1.59945 0.739742
-1.60494 0.720985
-1.64883 0.763526
-1.61043 0.744468
-1.61043 0.768328
-1.63786 0.782824
-1.72016 0.837137
-1.67078 0.797456
-1.68724 0.807286
-1.72016 0.832124
-1.69822 0.807286
-1.76955 0.862427
-1.7915 0.877781
-1.72565 0.842165
-1.72016 0.827127
-1.72565 0.842165
-1.57202 0.73503
-1.64883 0.777977
-1.65981 0.792564
-1.65981 0.782824
-1.72565 0.832124
-1.73114 0.847208
-1.66529 0.807286
-1.52263 0.684194
-1.55007 0.711697
-1.52263 0.670646
-1.56104 0.711697
-1.52263 0.684194
-1.59945 0.716334
-1.47874 0.575434
-1.55007 0.635181
-1.52263 0.630815
-1.59396 0.66616
-1.65432 0.707076
-1.55007 0.66169
-1.52263 0.639561
-1.54458 0.648367
-1.61043 0.670646
-1.5775 0.688741
-1.58848 0.679663
-1.59396 0.670646
-1.59396 0.684194
-1.53361 0.66169
-1.55556 0.626465
-1.50069 0.550731
-1.60494 0.675147
-1.59945 0.684194
-1.58848 0.670646
-1.62689 0.730333
-1.57202 0.652793
-1.58848 0.725652
-1.47874 0.66169
-1.59945 0.730333
-1.64883 0.758739
-1.68724 0.787687
-1.66529 0.739742
-1.61043 0.711697
-1.5775 0.711697
-1.59945 0.697878
-1.69273 0.768328
-1.73663 0.802364
-1.68724 0.768328
-1.60494 0.725652
-1.67627 0.792564
-1.7037 0.817176
-1.7037 0.822144
-1.72016 0.842165
-1.70919 0.817176
-1.67627 0.792564
-1.65432 0.739742
-1.63237 0.702469
-1.60494 0.684194
-1.56104 0.635181
-1.62689 0.697878
-1.60494 0.702469
-1.58299 0.693302
-1.7037 0.802364
-1.69822 0.753967
-1.58299 0.648367
-1.61591 0.702469
-1.66529 0.702469
-1.61591 0.652793
-1.63786 0.66169
-1.7037 0.675147
-1.54458 0.596433
-1.4952 0.587988
-1.48422 0.571279
-1.58848 0.622129
-1.64883 0.66616
-1.61591 0.626465
-1.5775 0.587988
-1.59945 0.657234
-1.53361 0.652793
-1.52812 0.639561
-1.45679 0.546667
-1.45679 0.558905
-1.48971 0.648367
-1.59396 0.716334
-1.55007 0.716334
-1.55007 0.684194
-1.51166 0.639561
-1.48971 0.600678
-1.55556 0.693302
-1.55007 0.707076
-1.58299 0.693302
-1.52812 0.639561
-1.59396 0.670646
-1.65432 0.730333
-1.58299 0.684194
-1.58848 0.652793
-1.55007 0.617809
-1.61043 0.702469
-1.59396 0.716334
-1.61043 0.744468
-1.66529 0.768328
-1.66529 0.74921
-1.56104 0.66616
-1.51166 0.622129
-1.4952 0.643957
-1.55007 0.684194
-1.61043 0.675147
-1.61043 0.679663
-1.5775 0.66169
-1.55556 0.613504
-1.48422 0.575434
-1.50617 0.630815
-1.41289 0.571279
-1.46776 0.600678
-1.42387 0.542617
-1.46228 0.596433
-1.55556 0.684194
-1.63786 0.711697
-1.58299 0.684194
-1.57202 0.711697
-1.48971 0.643957
-1.52263 0.66169
-1.5775 0.744468
-1.72565 0.822144
-1.76955 0.862427
-1.74211 0.842165
-1.7476 0.817176
-1.60494 0.744468
-1.7037 0.802364
-1.59945 0.725652
-1.57202 0.739742
-1.54458 0.716334
-1.58299 0.697878
-1.54458 0.707076
-1.46776 0.679663
-1.5775 0.693302
-1.50069 0.657234
-1.56653 0.716334
-1.59945 0.758739
-1.66529 0.792564
-1.69273 0.822144
-1.67627 0.773145
-1.59945 0.753967
-1.61591 0.782824
-1.64335 0.777977
-1.62689 0.792564
-1.75857 0.837137
-1.7037 0.812224
-1.68724 0.782824
-1.65981 0.763526
-1.63786 0.716334
-1.61043 0.725652
-1.61043 0.693302
-1.54458 0.626465
-1.53361 0.596433
-1.42936 0.542617
-1.45679 0.55481
-1.4513 0.567139
-1.47325 0.583788
-1.54458 0.639561
-1.51715 0.643957
-1.59396 0.693302
-1.54458 0.693302
-1.58848 0.730333
-1.5775 0.725652
-1.65981 0.773145
-1.65981 0.73503
-1.67078 0.768328
-1.62689 0.758739
-1.54458 0.720985
-1.54458 0.693302
-1.60494 0.720985
-1.63237 0.720985
-1.61043 0.716334
-1.61591 0.693302
-1.66529 0.711697
-1.52812 0.648367
-1.4952 0.652793
-1.57202 0.693302
-1.5775 0.693302
-1.53361 0.670646
-1.40192 0.613504
-1.46228 0.643957
-1.52263 0.630815
-1.50069 0.617809
-1.58848 0.688741
-1.59396 0.702469
-1.60494 0.716334
-1.59945 0.720985
-1.59945 0.739742
-1.57202 0.720985
-1.51715 0.622129
-1.53909 0.648367
-1.6214 0.66169
-1.55007 0.643957
-1.61043 0.679663
-1.60494 0.675147
-1.65432 0.716334
-1.61043 0.679663
-1.56104 0.648367
-1.64883 0.711697
-1.65432 0.716334
-1.66529 0.730333
-1.63237 0.725652
-1.66529 0.720985
-1.65432 0.725652
-1.6214 0.697878
-1.69273 0.739742
-1.56653 0.643957
-1.53361 0.648367
-1.56653 0.679663
-1.56104 0.74921
-1.57202 0.74921
-1.69273 0.802364
-1.63237 0.782824
-1.67627 0.802364
-1.7476 0.852266
-1.66529 0.792564
-1.66529 0.730333
-1.63786 0.702469
-1.66529 0.787687
-1.68176 0.822144
-1.67627 0.817176
-1.5775 0.716334
-1.58848 0.730333
-1.63237 0.725652
-1.55007 0.652793
-1.52812 0.66169
-1.63237 0.739742
-1.59396 0.730333
-1.63237 0.773145
-1.65981 0.763526
-1.66529 0.768328
-1.67078 0.797456
-1.65432 0.753967
-1.60494 0.74921
-1.61043 0.720985
-1.54458 0.702469
-1.69822 0.787687
-1.72016 0.802364
-1.67627 0.711697
-1.65981 0.693302
-1.59396 0.675147
-1.6214 0.679663
-1.61591 0.66169
-1.50069 0.609213
-1.5775 0.643957
-1.63237 0.66616
-1.63237 0.684194
-1.59945 0.639561
-1.50069 0.571279
-1.44033 0.522596
-1.41838 0.491345
-1.44033 0.518637
-1.48422 0.542617
-1.46228 0.50685
-1.50069 0.52657
-1.55007 0.626465
-1.58848 0.716334
-1.63786 0.730333
-1.64335 0.720985
-1.59396 0.697878
-1.54458 0.684194
-1.63237 0.697878
-1.61591 0.725652
-1.5775 0.675147
-1.55556 0.684194
-1.53361 0.66616
-1.56104 0.693302
-1.56104 0.716334
-1.57202 0.693302
-1.62689 0.787687
-1.68176 0.782824
-1.71468 0.817176
-1.76406 0.862427
-1.65432 0.787687
-1.67627 0.758739
-1.67078 0.753967
-1.64335 0.74921
-1.65432 0.730333
-1.67627 0.753967
-1.60494 0.744468
-1.67078 0.74921
-1.69273 0.768328
-1.66529 0.74921
-1.77503 0.862427
-1.74211 0.852266
-1.67078 0.822144
-1.63237 0.782824
-1.65432 0.74921
-1.53909 0.716334
-1.64335 0.763526
-1.6214 0.74921
-1.55556 0.697878
-1.59945 0.744468
-1.69822 0.768328
-1.63237 0.763526
-1.63237 0.768328
-1.66529 0.802364
-1.65981 0.777977
-1.59945 0.739742
-1.71468 0.817176
-1.67078 0.758739
-1.63237 0.739742
-1.61043 0.688741
-1.55556 0.657234
-1.52263 0.639561
-1.59945 0.693302
-1.56104 0.66616
-1.51166 0.600678
-1.54458 0.587988
-1.46776 0.538583
-1.46228 0.558905
-1.51166 0.609213
-1.50617 0.596433
-1.57202 0.675147
-1.6214 0.635181
-1.56104 0.626465
-1.57202 0.679663
-1.55556 0.639561
-1.5775 0.652793
-1.59945 0.643957
-1.48971 0.567139
-1.48422 0.550731
-1.56104 0.652793
-1.4952 0.639561
-1.52263 0.639561
-1.55556 0.670646
-1.60494 0.670646
-1.55556 0.643957
-1.59396 0.66616
-1.63786 0.73503
-1.58848 0.693302
-1.50617 0.652793
-1.55007 0.66616
-1.52812 0.670646
-1.61043 0.711697
-1.51715 0.635181
-1.54458 0.657234
-1.55007 0.684194
-1.61043 0.707076
-1.70919 0.807286
-1.63237 0.768328
-1.68724 0.812224
-1.67078 0.817176
-1.75309 0.862427
-1.79698 0.88293
-1.72565 0.837137
-1.69273 0.787687
-1.69273 0.787687
-1.73114 0.827127
-1.64883 0.763526
-1.63237 0.716334
-1.59396 0.693302
-1.55556 0.639561
-1.50617 0.643957
-1.5775 0.725652
-1.58299 0.730333
-1.61043 0.702469
-1.59396 0.702469
-1.55556 0.693302
-1.50617 0.657234
-1.56104 0.684194
-1.55007 0.670646
-1.53909 0.688741
-1.4513 0.583788
-1.44582 0.522596
-1.46228 0.510764
-1.47874 0.558905
-1.52263 0.630815
-1.58299 0.679663
-1.55007 0.639561
-1.5775 0.648367
-1.65432 0.66616
-1.63237 0.670646
-1.60494 0.630815
-1.51715 0.558905
-1.50617 0.479875
-1.48422 0.502951
-1.44033 0.453636
-1.4513 0.442617
-1.47874 0.446275
-1.46228 0.442617
-1.56653 0.538583
-1.51166 0.502951
-1.53361 0.538583
-1.48422 0.530559
-1.46776 0.542617
-1.42936 0.534564
-1.48422 0.609213
-1.47325 0.583788
-1.53909 0.643957
-1.51715 0.679663
-1.61043 0.763526
-1.6214 0.763526
-1.66529 0.792564
-1.58848 0.730333
-1.52812 0.720985
-1.61043 0.763526
-1.52812 0.693302
-1.64335 0.777977
-1.5775 0.74921
-1.55556 0.693302
-1.55556 0.720985
-1.68724 0.773145
-1.74211 0.797456
-1.67627 0.768328
-1.68724 0.758739
-1.57202 0.693302
-1.66529 0.777977
-1.61043 0.753967
-1.69273 0.807286
-1.73663 0.832124
-1.60494 0.768328
-1.64335 0.782824
-1.73663 0.847208
-1.68176 0.827127
-1.76406 0.852266
-1.7476 0.857339
-1.76406 0.86753
-1.75309 0.827127
-1.64883 0.802364
-1.72016 0.827127
-1.69822 0.812224
-1.60494 0.73503
-1.6214 0.758739
-1.64335 0.787687
-1.67078 0.797456
-1.63786 0.787687
-1.56653 0.730333
-1.62689 0.763526
-1.63786 0.787687
-1.78601 0.857339
-1.75309 0.842165
-1.69273 0.812224
-1.72016 0.842165
-1.67627 0.74921
-1.63237 0.773145
-1.80247 0.872648
-1.71468 0.812224
-1.66529 0.797456
-1.73114 0.837137
-1.68176 0.817176
-1.68176 0.827127
-1.68724 0.832124
-1.75309 0.847208
-1.65981 0.802364
-1.60494 0.711697
-1.69273 0.777977
-1.58299 0.730333
-1.6214 0.739742
-1.63786 0.74921
-1.55007 0.725652
-1.64883 0.773145
-1.72016 0.847208
-1.69822 0.797456
-1.62689 0.763526
-1.64883 0.773145
-1.6214 0.73503
-1.65432 0.773145
-1.65432 0.787687
-1.70919 0.807286
-1.67078 0.812224
-1.70919 0.797456
-1.61043 0.758739
-1.66529 0.768328
-1.56104 0.679663
-1.5775 0.670646
-1.54458 0.693302
-1.4952 0.675147
-1.58299 0.744468
-1.58848 0.707076
-1.56653 0.711697
-1.57202 0.725652
-1.58848 0.763526
-1.60494 0.768328
-1.59945 0.725652
-1.64883 0.758739
-1.63786 0.720985
-1.54458 0.679663
-1.55556 0.73503
-1.66529 0.777977
-1.69273 0.792564
-1.65981 0.74921
-1.67627 0.792564
-1.5775 0.707076
-1.60494 0.763526
-1.64883 0.758739
-1.56653 0.679663
-1.54458 0.725652
-1.6214 0.758739
-1.60494 0.73503
-1.56104 0.707076
-1.6214 0.753967
-1.59396 0.697878
-1.59945 0.711697
-1.71468 0.787687
-1.64883 0.782824
-1.71468 0.812224
-1.69273 0.792564
-1.61591 0.768328
-1.66529 0.74921
-1.59396 0.697878
-1.61043 0.725652
-1.61591 0.725652
-1.59396 0.688741
-1.56653 0.652793
-1.55556 0.684194
-1.64335 0.74921
-1.55556 0.716334
-1.64883 0.758739
-1.7037 0.777977
-1.56653 0.725652
-1.62689 0.758739
-1.68176 0.812224
-1.64335 0.768328
-1.60494 0.730333
-1.7037 0.797456
-1.63237 0.730333
-1.63786 0.758739
-1.6214 0.720985
-1.5775 0.744468
-1.54458 0.716334
-1.68724 0.812224
-1.63786 0.773145
-1.5775 0.758739
-1.63786 0.768328
-1.56653 0.739742
-1.64883 0.768328
-1.77503 0.862427
-1.7476 0.827127
-1.64335 0.74921
-1.64883 0.787687
-1.61591 0.753967
-1.59945 0.684194
-1.55556 0.688741
-1.52263 0.622129
-1.48422 0.652793
-1.57202 0.744468
-1.56653 0.643957
-1.53361 0.657234
-1.60494 0.739742
-1.57202 0.730333
-1.4952 0.652793
-1.5775 0.697878
-1.61591 0.753967
-1.58848 0.739742
-1.52263 0.657234
-1.58299 0.675147
-1.52263 0.657234
-1.47325 0.579603
-1.53361 0.622129
-1.54458 0.693302
-1.50069 0.652793
-1.4952 0.609213
-1.48971 0.626465
-1.61043 0.684194
-1.66529 0.73503
-1.56653 0.716334
-1.55007 0.716334
-1.58848 0.684194
-1.64335 0.758739
-1.61043 0.753967
-1.60494 0.707076
-1.58299 0.679663
-1.50617 0.630815
-1.53909 0.693302
-1.55556 0.697878
-1.57202 0.679663
-1.58848 0.697878
-1.60494 0.697878
-1.61591 0.725652
-1.6214 0.739742
-1.63237 0.782824
-1.70919 0.802364
-1.61591 0.739742
-1.6214 0.711697
-1.61591 0.688741
-1.56653 0.657234
-1.59945 0.702469
-1.54458 0.652793
-1.50069 0.592203
-1.48971 0.609213
-1.4952 0.613504
-1.59945 0.73503
-1.68724 0.792564
-1.68176 0.787687
-1.68176 0.782824
-1.72016 0.787687
-1.7476 0.802364
-1.62689 0.720985
-1.63237 0.73503
-1.60494 0.711697
-1.59945 0.720985
-1.62689 0.725652
-1.67627 0.773145
-1.64883 0.74921
-1.67627 0.768328
-1.63786 0.711697
-1.59396 0.702469
-1.61043 0.730333
-1.59945 0.744468
-1.59396 0.73503
-1.4952 0.652793
-1.53361 0.66169
-1.48971 0.648367
-1.59396 0.702469
-1.63786 0.739742
-1.66529 0.773145
-1.64335 0.777977
-1.62689 0.758739
-1.67078 0.777977
-1.65981 0.739742
-1.68176 0.725652
-1.69822 0.730333
-1.58299 0.657234
-1.54458 0.66169
-1.50617 0.592203
-1.59396 0.688741
-1.64335 0.73503
-1.66529 0.758739
-1.59396 0.74921
-1.48422 0.609213
-1.39095 0.567139
-1.35254 0.534564
-1.44033 0.575434
-1.40741 0.563015
-1.369 0.558905
-1.47874 0.592203
-1.39643 0.571279
-1.44582 0.571279
-1.37997 0.542617
-1.52812 0.648367
-1.65432 0.73503
-1.63237 0.777977
-1.5775 0.720985
-1.59945 0.73503
-1.65981 0.787687
-1.7037 0.822144
-1.72016 0.852266
-1.7037 0.827127
-1.63237 0.768328
-1.67627 0.797456
-1.71468 0.802364
-1.76955 0.827127
-1.65981 0.720985
-1.61043 0.73503
-1.58299 0.716334
-1.58848 0.768328
-1.71468 0.817176
-1.64883 0.763526
-1.69273 0.777977
-1.69273 0.763526
-1.61591 0.684194
-1.57202 0.652793
-1.64335 0.66169
-1.64883 0.622129
-1.5775 0.617809
-1.61591 0.622129
-1.59945 0.613504
-1.60494 0.652793
-1.64335 0.693302
-1.68724 0.702469
-1.68176 0.684194
-1.58299 0.675147
-1.61591 0.688741
-1.64883 0.707076
-1.59396 0.697878
-1.62689 0.763526
-1.58299 0.730333
-1.52812 0.693302
-1.55556 0.707076
-1.60494 0.730333
-1.59396 0.768328
-1.63237 0.787687
-1.57202 0.702469
-1.56653 0.720985
-1.64335 0.744468
-1.50069 0.652793
-1.53361 0.630815
-1.59945 0.635181
-1.55007 0.600678
-1.55556 0.558905
-1.55007 0.575434
-1.54458 0.604938
-1.56653 0.648367
-1.66529 0.702469
-1.67078 0.702469
-1.56653 0.630815
-1.53909 0.617809
-1.53361 0.596433
-1.5775 0.652793
-1.56104 0.630815
-1.54458 0.652793
-1.56653 0.693302
-1.5775 0.622129
-1.56104 0.648367
-1.50069 0.55481
-1.50069 0.596433
-1.42387 0.567139
-1.48971 0.592203
-1.46228 0.587988
