-2 1
-1.62689 0.777977
-1.42387 0.617809
-1.42936 0.600678
-1.3251 0.522596
-1.25926 0.461058
-1.19342 0.399896
-1.17147 0.382735
-1.26475 0.464791
-1.3251 0.499068
-1.22634 0.495199
-1.0727 0.392986
-1.19342 0.375976
-1.13306 0.33351
-1.07819 0.276021
-1.00686 0.281817
-1.13855 0.296569
-1.12209 0.278911
-0.984911 0.245222
-1.08916 0.258996
-1.05624 0.237138
-1.06173 0.237138
-1.10014 0.245222
-1.05624 0.234474
-1.07819 0.223967
-1.0727 0.218803
-1.05075 0.211171
-1.02881 0.152839
-1.06173 0.159342
-1.00137 0.128182
-0.995885 0.191481
-1.13306 0.231824
-1.1166 0.256211
-1.01235 0.2137
-1.13306 0.239818
-0.990398 0.132141
-0.990398 0.116666
-1.09465 0.114799
-1.13855 0.146472
-1.0727 0.114799
-1.06173 0.152839
-1.05075 0.126225
-0.962963 0.0760216
-0.869684 0.0935739
-0.902606 0.0715507
-0.924554 0.0853698
-0.924554 0.0821935
-0.995885 0.0902471
-1.03429 0.105692
-1.03429 0.0869805
-1.03429 0.0902471
-1.04527 0.080628
-1.02332 0.0790775
-1.02332 0.120444
-0.990398 0.0935739
-1.08916 0.0853698
-1.03429 0.0869805
-1.04527 0.0487749
-0.946502 0.0384784
-0.935528 0.0294012
-0.973937 0.0322914
-0.902606 0.0117435
-0.924554 0.00381039
-0.941015 1.88168e-06
-0.91358 0.00569207
-0.825789 0.0100275
-0.880658 0.00204915
-0.91358 0.00137174
-0.924554 0.000318003
-0.924554 0.000543804
-0.869684 0.00611357
-0.984911 0.0162746
-0.973937 0.00528563
-0.979424 4.70419e-05
-0.995885 0.000227683
-1.03429 0.000995407
-0.995885 0.00528563
-1.02332 0.000995407
-0.973937 0.000152416
-0.951989 0.000829819
-0.84225 1.88168e-06
-0.930041 0.0031631
-0.891632 9.22021e-05
-0.897119 0.00137174
-0.908093 0.00489424
-0.930041 0.0142424
-0.836763 0.0169821
-0.820302 0.0142424
-0.831276 0.00286203
-0.897119 0.00117605
-0.91358 0.000543804
-0.886145 0.00451791
-0.814815 0.00611357
-0.803841 0.0105844
-0.809328 0.00844685
-0.979424 0.0129629
-0.880658 0.0207455
-1.00686 0.0550221
-0.919067 0.0374096
-0.973937 0.0602908
-0.96845 0.0700906
-1.06722 0.0886063
-1.05624 0.091903
-0.990398 0.080628
-0.995885 0.0715507
-1.00686 0.0616456
-0.995885 0.080628
-0.973937 0.0550221
-0.864198 0.0487749
-0.973937 0.0644004
-1.0727 0.0563167
-0.941015 0.0440482
-1.02332 0.0512286
-0.951989 0.0440482
-0.869684 0.0353172
-0.908093 0.033285
-0.96845 0.0303496
-0.924554 0.0275496
-0.897119 0.0123457
-0.935528 0.00895866
-1.05624 0.0266464
-0.91358 0.0384784
-0.984911 0.0275496
-1.04527 0.0284679
-1.05075 0.0199627
-0.990398 0.0231841
-1.00686 0.0303496
-1.01783 0.0524781
-0.962963 0.0240271
-0.91358 0.0155822
-0.957476 0.00204915
-0.897119 0.000829819
-0.979424 0.000679285
-0.973937 0.00230505
-0.919067 0.000995407
-0.880658 0.00257602
-0.919067 0.00257602
-0.869684 0.000318003
-0.897119 0.00746837
-0.869684 0.00158249
-0.886145 0.000152416
-0.984911 0.000152416
-0.886145 0.00844685
-0.880658 0.000995407
-0.935528 1.88168e-06
-0.984911 9.22021e-05
-0.924554 9.22021e-05
-1.00686 0.000318003
-0.930041 1.69351e-05
-0.880658 0.000543804
-0.96845 0.000995407
-0.897119 0.000318003
-0.886145 0.00415662
-0.897119 1.88168e-06
-0.91358 0.00528563
-0.962963 0.00948553
-0.990398 0.0342936
-1.00686 0.0363559
-0.951989 0.031313
-0.962963 0.00611357
-0.946502 0.00286203
-0.995885 0.00257602
-0.91358 4.70419e-05
-0.91358 0.00137174
-0.941015 0.00381039
-1.05075 0.0100275
-0.957476 0.00230505
-0.902606 0.00180829
-0.880658 0.000152416
-0.78738 0.000423377
-0.891632 0.00158249
-0.919067 0.0111565
-1.00137 0.00895866
-0.957476 0.0169821
-0.897119 0.0105844
-0.973937 0.0790775
-1.00137 0.0616456
-0.875171 0.0563167
-0.984911 0.0248852
-0.919067 0.0658003
-0.886145 0.0935739
-0.957476 0.0700906
-1.02881 0.0700906
-1.00137 0.0524781
-1.02332 0.0616456
-1.03978 0.0790775
-0.990398 0.0487749
-1.00686 0.0294012
-1.04527 0.0384784
-1.00686 0.0284679
-0.891632 0.0257583
-0.979424 0.0284679
-0.91358 0.0100275
-1.01235 0.0207455
-1.03978 0.0123457
-0.941015 0.0105844
-0.995885 0.0100275
-0.908093 0.00895866
-0.946502 0.0123457
-0.951989 0.00286203
-0.924554 0.00844685
-0.864198 0.0129629
-1.00137 0.0384784
-0.962963 0.0199627
-0.957476 0.0303496
-0.935528 0.058951
-0.973937 0.0440482
-0.984911 0.033285
-0.941015 0.0207455
-0.941015 0.0177047
-0.962963 0.0363559
-0.91358 0.0452073
-0.84225 0.0384784
-0.847737 0.033285
-0.990398 0.0363559
-0.908093 0.031313
-0.957476 0.0142424
-0.96845 0.0135951
-0.957476 0.033285
-1.14952 0.0223562
-1.1989 0.0452073
-1.16598 0.0257583
-1.01783 0.0524781
-1.06722 0.0223562
-1.00137 0.0207455
-0.995885 0.0240271
-1.04527 0.0100275
-0.990398 0.00204915
-0.891632 0.00895866
-0.973937 0.0142424
-0.957476 0.000679285
-0.96845 0.00381039
-0.951989 1.69351e-05
-1.14403 0.000423377
-1.0727 0.00137174
-1.04527 1.69351e-05
-1.02332 0.00230505
-0.995885 0.000829819
-0.930041 0.000152416
-0.886145 0.000423377
-0.979424 0.0105844
-1.05624 0.00844685
-0.935528 0.0100275
-0.962963 0.0184423
-0.880658 0.00451791
-0.902606 0.00746837
-0.858711 0.000152416
-0.858711 0.00347922
-0.951989 0.000227683
-0.91358 0.000318003
-0.946502 0.000423377
-0.858711 0.0100275
-0.869684 0.0111565
-1.02881 0.0284679
-1.05075 0.0417751
-1.09465 0.0395622
-0.995885 0.0353172
-1.04527 0.0322914
-0.924554 0.0395622
-1.00137 0.0452073
-0.957476 0.019195
-0.847737 0.0149048
-0.864198 0.0162746
-0.858711 0.0215433
-0.710562 0.0475707
-0.814815 0.0266464
-0.869684 0.0452073
-0.979424 0.0550221
-1.02332 0.0395622
-0.962963 0.0452073
-1.01235 0.0240271
-0.924554 0.0284679
-0.886145 0.00528563
-0.962963 0.00381039
-0.957476 0.00347922
-0.951989 0.000227683
-0.880658 0.00257602
-0.858711 1.88168e-06
-1.05075 0.00257602
-1.06173 0.0031631
-1.06722 0.00286203
-1.12209 0.00451791
-1.05624 0.00286203
-1.01783 0.00895866
-1.02332 0.0184423
-1.00137 0.0384784
-0.995885 0.0117435
-1.00137 0.0223562
-0.897119 0.0111565
-0.951989 0.0207455
-0.891632 0.0123457
-0.908093 0.0100275
-0.96845 0.0135951
-1.02881 0.00415662
-0.930041 0.000543804
-0.831276 0.000679285
-1.03429 0.00528563
-0.957476 0.0275496
-0.902606 0.0169821
-0.935528 0.0790775
-1.05624 0.0886063
-1.05075 0.0760216
-0.995885 0.0524781
-0.935528 0.0248852
-1.08368 0.00489424
-1.08916 0.000423377
-1.10014 0.000423377
-1.03429 0.000227683
-0.979424 0.00569207
-0.908093 0.000995407
-0.891632 0.000152416
-0.875171 0.000318003
-0.990398 0.000829819
-0.995885 0.00257602
-1.05075 0.00158249
-1.06722 0.000543804
-0.973937 0.000995407
-0.96845 0.00117605
-0.908093 0.000227683
-0.814815 0.00180829
-0.858711 0.000829819
-0.825789 0.00137174
-0.825789 0.0169821
-0.776406 0.0207455
-0.820302 0.019195
-0.897119 0.0142424
-0.798354 0.0149048
-0.847737 0.0240271
-0.864198 0.00895866
-0.869684 0.00257602
-0.853224 0.00895866
-0.836763 0.00381039
-0.891632 0.000227683
-0.957476 4.70419e-05
-0.930041 0.0111565
-0.847737 0.00746837
-0.962963 0.000423377
-0.930041 0.000995407
-0.946502 0.00489424
-0.935528 0.000543804
-1.02881 0.00137174
-0.902606 0.00948553
-0.908093 0.0149048
-0.957476 0.0284679
-0.941015 0.0353172
-0.919067 0.0169821
-0.858711 0.0031631
-0.951989 0.000679285
-1.05624 0.000318003
-1.00686 0.000227683
-0.902606 0.00180829
-0.946502 9.22021e-05
-0.836763 4.70419e-05
-0.836763 0.00117605
-0.935528 0.000227683
-0.984911 0.00347922
-0.979424 0.00381039
-0.935528 0.00451791
-0.91358 0.000995407
-0.897119 0.00528563
-1.04527 0.0111565
-0.880658 0.00204915
-0.803841 0.0142424
-0.919067 0.000543804
-0.853224 1.88168e-06
-0.809328 0.00381039
-0.957476 9.22021e-05
-0.973937 0.000152416
-0.990398 0.000227683
-1.01783 0.00286203
-0.924554 0.00415662
-0.946502 0.0142424
-0.941015 0.00489424
-0.946502 0.00137174
-0.995885 0.00451791
-0.919067 9.22021e-05
-0.886145 1.69351e-05
-0.792867 0.00230505
-0.908093 0.00347922
-0.930041 1.88168e-06
-0.897119 0.0111565
-0.891632 0.00489424
-0.995885 0.00137174
-0.957476 0.00117605
-1.03429 0.00230505
-0.908093 0.0155822
-0.96845 0.00795008
-0.946502 0.00700172
-0.875171 9.22021e-05
-0.836763 0.00137174
-0.847737 0.00180829
-0.836763 0.000543804
-0.930041 0.00489424
-0.847737 0.00257602
-0.84225 0.00528563
-0.875171 0.0117435
-0.979424 0.0149048
-0.979424 0.0257583
-1.1166 0.0537426
-1.0727 0.0499943
-1.12209 0.0616456
-0.962963 0.0363559
-1.00686 0.0322914
-0.979424 0.0322914
-0.962963 0.0199627
-0.941015 0.0353172
-0.995885 0.0406611
-1.06173 0.077542
-0.941015 0.0760216
-1.0727 0.105692
-1.02332 0.0644004
-0.941015 0.0487749
-0.869684 0.077542
-0.919067 0.0837741
-0.886145 0.112948
-1.02332 0.103916
-1.00137 0.13616
-0.979424 0.114799
-1.02332 0.128182
-0.96845 0.146472
-0.924554 0.080628
-0.973937 0.0384784
-0.924554 0.0248852
-0.908093 0.0223562
-0.853224 0.0475707
-0.820302 0.0322914
-0.880658 0.0294012
-1.03978 0.0463814
-0.941015 0.0353172
-0.847737 0.0129629
-0.798354 0.00746837
-0.875171 0.00451791
-0.847737 0.00257602
-0.891632 0.0100275
-0.91358 0.000318003
-0.962963 0.00844685
-0.979424 0.00381039
-1.03978 0.00230505
-0.930041 0.00895866
-0.962963 0.0155822
-0.957476 0.0199627
-1.06173 0.0135951
-0.919067 0.0135951
-1.04527 0.00746837
-1.05075 0.00230505
-1.02332 0.00117605
-0.930041 0.00204915
-0.951989 0.00347922
-0.979424 0.000679285
-1.06722 0.0031631
-1.02881 0.00655012
-0.946502 0.00528563
-0.91358 0.00204915
-0.908093 0.000152416
-0.935528 0.000227683
-0.792867 1.88168e-06
-0.930041 0.000227683
-0.984911 0.000152416
-0.930041 0.00204915
-0.941015 0.00415662
-1.00137 0.0105844
-0.91358 0.00528563
-0.864198 0.00451791
-0.858711 0.0105844
-0.864198 0.00895866
-0.836763 0.0199627
-0.858711 0.0374096
-0.951989 0.0760216
-0.858711 0.0563167
-0.853224 0.0417751
-0.962963 0.0266464
-0.951989 0.0342936
-0.984911 0.00569207
-0.941015 0.000227683
-0.869684 0.00117605
-0.919067 0.00795008
-0.924554 0.0111565
-0.924554 0.0100275
-0.908093 0.000679285
-0.990398 0.00286203
-1.00686 0.000152416
-0.995885 0.000152416
-0.946502 0.00655012
-1.01235 0.0257583
-1.0727 0.0303496
-1.01235 0.0417751
-1.03429 0.0672154
-1.09465 0.077542
-1.01235 0.0429041
-1.02332 0.0322914
-1.03429 0.0207455
-0.941015 0.0257583
-0.78738 0.0284679
-0.78738 0.00895866
-0.886145 0.000995407
-0.825789 0.00489424
-0.792867 0.00117605
-0.875171 0.00700172
-0.880658 0.0135951
-1.01235 0.0155822
-1.01235 0.0248852
-0.96845 0.033285
-1.10014 0.00844685
-1.06173 0.00655012
-1.02332 0.0123457
-1.03978 0.0275496
-0.979424 0.0207455
-0.957476 0.0303496
-0.984911 0.0406611
-1.00686 0.0686454
-1.00137 0.0837741
-0.935528 0.0700906
-0.957476 0.0969609
-1.05075 0.118547
-1.04527 0.0935739
-1.06722 0.0644004
-1.14403 0.0869805
-1.00686 0.077542
-1.08368 0.058951
-1.03978 0.080628
-1.03978 0.0616456
-0.941015 0.0417751
-0.864198 0.0395622
-0.864198 0.0303496
-0.919067 0.00948553
-0.973937 0.0135951
-1.04527 0.0275496
-1.02881 0.0550221
-0.951989 0.0342936
-0.825789 0.0199627
-0.891632 0.0266464
-0.91358 0.0322914
-0.973937 0.0129629
-0.924554 0.0184423
-0.930041 0.0452073
-0.902606 0.0374096
-0.880658 0.0406611
-0.902606 0.0374096
-0.973937 0.0294012
-1.08368 0.146472
-0.990398 0.142302
-0.962963 0.13616
-0.924554 0.118547
-0.962963 0.142302
-0.962963 0.116666
-0.962963 0.102154
-0.96845 0.0969609
-0.96845 0.116666
-0.979424 0.111111
-1.03429 0.098677
-1.05624 0.122356
-1.05075 0.10929
-1.00137 0.111111
-0.902606 0.112948
-0.979424 0.128182
-1.03429 0.116666
-1.07819 0.0935739
-1.05624 0.0563167
-1.08916 0.0395622
-1.05624 0.0790775
-0.941015 0.0602908
-1.00686 0.0760216
-0.897119 0.0745163
-0.825789 0.0363559
-0.946502 0.0207455
-0.869684 0.0406611
-0.891632 0.0142424
-0.891632 0.031313
-0.930041 0.0429041
-0.853224 0.0248852
-0.919067 0.0353172
-1.01235 0.0463814
-0.930041 0.0303496
-0.869684 0.019195
-0.908093 0.0499943
-0.919067 0.0363559
-0.886145 0.0512286
-0.930041 0.102154
-0.973937 0.0952599
-1.02332 0.0886063
-0.946502 0.0644004
-1.03978 0.0602908
-1.06173 0.0303496
-1.01783 0.0395622
-0.979424 0.0550221
-0.96845 0.0672154
-0.979424 0.0537426
-0.946502 0.0395622
-0.984911 0.0363559
-1.00686 0.0524781
-0.995885 0.0644004
-1.10014 0.0952599
-1.04527 0.157159
-1.09465 0.120444
-1.10014 0.184346
-1.02332 0.128182
-1.01235 0.152839
-1.00686 0.157159
-1.05624 0.206158
-0.962963 0.189088
-0.897119 0.128182
-1.0727 0.201206
-1.12757 0.250686
-1.12209 0.239818
-1.01783 0.256211
-0.962963 0.264611
-1.03429 0.264611
-1.03429 0.198752
-0.990398 0.179664
-1.00686 0.218803
-0.946502 0.226571
-1.07819 0.2137
-1.08368 0.157159
-1.04527 0.120444
-1.00686 0.0886063
-1.03429 0.0869805
-1.04527 0.0902471
-1.03978 0.154992
-0.96845 0.107483
-0.880658 0.073026
-0.919067 0.111111
-0.957476 0.080628
-0.941015 0.0384784
-0.984911 0.0363559
-1.01783 0.0363559
-0.957476 0.0537426
-0.957476 0.0563167
-0.946502 0.0406611
-0.946502 0.0602908
-0.880658 0.0322914
-0.902606 0.0303496
-0.935528 0.0463814
-0.941015 0.0952599
-0.919067 0.0853698
-0.908093 0.100408
-0.847737 0.073026
-0.858711 0.080628
-0.847737 0.0384784
-0.858711 0.0240271
-1.01235 0.0231841
-0.91358 0.0169821
-1.02881 0.0199627
-1.01783 0.0111565
-0.902606 0.0117435
-0.84225 0.0100275
-0.869684 0.00286203
-0.847737 0.0031631
-0.754458 0.00158249
-0.973937 0.00451791
-0.820302 0.00381039
-0.814815 0.0142424
-0.897119 0.0294012
-1.02332 0.00569207
-0.880658 4.70419e-05
-0.897119 0.000423377
-0.803841 1.69351e-05
-0.858711 0.00655012
-0.847737 0.00180829
-0.951989 4.70419e-05
-0.836763 0.00700172
-0.941015 0.0429041
-0.979424 0.058951
-0.979424 0.0499943
-0.984911 0.0686454
-0.990398 0.0475707
-0.924554 0.0452073
-1.01235 0.0149048
-0.897119 0.0207455
-0.973937 0.0149048
-0.924554 0.0215433
-1.05075 0.033285
-1.02332 0.0184423
-0.957476 0.0215433
-0.973937 0.0031631
-1.01235 0.00844685
-1.01783 0.00700172
-1.10562 0.00700172
-0.990398 0.000679285
-0.935528 0.000995407
-0.957476 0.00611357
-1.00137 0.000227683
-0.96845 0.00611357
-0.979424 0.00204915
-0.869684 0.000423377
-0.995885 0.0031631
-0.951989 0.0031631
-0.930041 0.00257602
-0.935528 0.00415662
-0.96845 0.0111565
-1.00137 0.0162746
-1.00137 0.033285
-0.902606 0.058951
-0.875171 0.0715507
-0.875171 0.0886063
-0.935528 0.10929
-1.02332 0.124283
-1.05075 0.122356
-1.09465 0.181998
-1.14952 0.134143
-1.06722 0.142302
-1.02332 0.122356
-1.05075 0.102154
-1.05075 0.0886063
-0.96845 0.0886063
-0.979424 0.0537426
-0.995885 0.0686454
-0.930041 0.058951
-0.990398 0.0537426
-0.973937 0.0363559
-0.951989 0.0463814
-0.979424 0.0550221
-1.1166 0.0322914
-1.09465 0.0142424
-1.14403 0.00746837
-1.11111 0.00286203
-1.06173 0.000318003
-0.941015 0.0031631
-0.973937 0.00117605
-0.957476 0.0169821
-0.990398 0.0322914
-0.941015 0.0616456
-0.935528 0.0374096
-0.924554 0.00528563
-0.946502 0.0111565
-0.957476 0.0169821
-0.930041 0.00347922
-0.919067 0.00158249
-0.836763 0.00137174
-0.869684 0.00204915
-0.891632 0.00948553
-0.875171 0.00117605
-0.930041 0.000152416
-0.973937 0.00117605
-0.902606 4.70419e-05
-0.946502 0.00117605
-0.869684 0.000543804
-1.06722 0.000829819
-0.979424 0.00451791
-0.973937 0.00381039
-0.941015 0.0100275
-0.946502 0.00381039
-0.962963 0.00451791
-0.919067 1.88168e-06
-1.02332 0.000829819
-1.05624 0.00489424
-0.919067 0.0149048
-0.924554 0.019195
-1.00137 0.0275496
-0.984911 0.0353172
-1.01235 0.0524781
-0.91358 0.0745163
-0.924554 0.0745163
-1.01783 0.073026
-0.941015 0.0602908
-0.908093 0.0715507
-0.919067 0.0452073
-1.02881 0.0686454
-0.995885 0.0745163
-1.02332 0.073026
-1.01783 0.0602908
-0.919067 0.0686454
-0.864198 0.0760216
-0.84225 0.0602908
-0.814815 0.0406611
-0.792867 0.0440482
-0.886145 0.0384784
-0.858711 0.0275496
-0.853224 0.0169821
-0.875171 0.0149048
-0.995885 0.0294012
-0.886145 0.00746837
-0.858711 0.0129629
-0.96845 0.0223562
-0.831276 0.031313
-0.930041 0.0248852
-0.979424 0.0155822
-0.919067 0.00569207
-0.91358 0.0135951
-0.930041 0.0111565
-0.864198 0.0240271
-0.886145 0.0452073
-0.941015 0.0429041
-0.990398 0.0658003
-0.908093 0.0790775
-0.935528 0.105692
-0.919067 0.0686454
-0.984911 0.0550221
-0.96845 0.0700906
-0.924554 0.098677
-0.853224 0.0672154
-0.951989 0.114799
-1.00137 0.114799
-0.995885 0.116666
-1.05624 0.0902471
-1.03978 0.0630155
-0.962963 0.077542
-1.00137 0.077542
-1.05075 0.124283
-1.00137 0.163753
-1.01235 0.150702
-0.880658 0.091903
-0.930041 0.0576263
-0.973937 0.058951
-0.96845 0.0452073
-0.984911 0.0417751
-1.02881 0.0353172
-0.869684 0.00895866
-0.831276 0.0223562
-0.853224 0.0215433
-0.902606 0.00700172
-0.84225 0.00528563
-0.908093 0.0129629
-0.995885 0.0149048
-0.902606 0.00569207
-0.847737 0.00655012
-0.858711 0.00948553
-0.902606 0.00948553
-0.984911 0.00117605
-1.01783 0.00257602
-0.930041 0.000318003
-0.957476 0.00415662
-0.96845 0.00895866
-0.962963 0.00180829
-1.03978 0.00415662
-1.01783 0.000318003
-1.02332 9.22021e-05
-1.10562 0.00257602
-1.06722 0.00117605
-1.06173 0.000423377
-1.08916 0.00286203
-1.01783 0.00117605
-1.13306 1.88168e-06
-1.05075 0.00117605
-1.01235 0.00489424
-1.02332 0.00489424
-1.1166 0.0111565
-0.995885 0.0117435
-0.984911 0.00230505
-1.00686 0.000995407
-1.01783 0.00347922
-1.0727 0.0129629
-1.00137 0.00895866
-0.973937 0.0105844
-0.957476 0.0123457
-1.03978 0.0135951
-1.01783 0.00158249
-0.935528 0.000679285
-0.864198 0.00180829
-0.864198 0.00347922
-0.891632 0.0223562
-0.820302 0.00381039
-0.908093 0.000152416
-0.864198 0.000829819
-0.858711 0.00257602
-0.853224 0.0240271
-0.930041 0.0215433
-0.875171 0.0284679
-0.847737 0.0162746
-0.847737 0.019195
-0.836763 0.0207455
-0.886145 0.0512286
-0.908093 0.0700906
-1.00686 0.0616456
-0.973937 0.0630155
-0.979424 0.0463814
-0.886145 0.0512286
-0.91358 0.0406611
-0.875171 0.0177047
-0.891632 0.019195
-0.995885 0.0117435
-1.02332 0.0123457
-0.930041 0.00569207
-0.979424 0.00844685
-0.995885 0.000152416
-0.973937 0.00451791
-0.979424 0.000543804
-0.962963 1.69351e-05
-1.00137 0.000543804
-1.00137 0.000543804
-0.957476 0.00117605
-1.03429 0.00158249
-0.979424 0.00230505
-1.04527 4.70419e-05
-1.05624 0.000227683
-1.0727 0.00137174
-0.995885 0.00257602
-0.930041 0.0184423
-0.973937 0.0111565
-0.930041 0.0111565
-0.973937 0.00528563
-1.06722 0.0162746
-0.935528 0.0257583
-1.08916 0.0487749
-1.13306 0.0417751
-1.10014 0.0284679
-1.06722 0.0100275
-1.10014 0.00117605
-1.02332 0.000829819
-0.979424 0.000318003
-1.05075 0.000829819
-0.951989 1.88168e-06
-0.990398 0.00180829
-1.01783 0.000995407
-1.02881 0.00204915
-1.09465 0.00286203
-1.03429 0.00381039
-1.08916 0.00489424
-1.05624 0.00137174
-1.0727 9.22021e-05
-1.06722 0.000679285
-1.14403 1.69351e-05
-0.990398 0.00117605
-0.979424 0.00895866
-1.01783 0.0184423
-0.962963 0.0363559
-0.853224 0.0184423
-0.897119 0.0123457
-0.809328 0.000423377
-0.880658 0.000679285
-0.930041 0.00746837
-0.984911 0.0162746
-1.02881 0.00700172
-0.941015 0.00569207
-0.935528 0.00528563
-0.875171 0.0123457
-0.919067 0.0184423
-0.836763 0.0231841
-0.814815 0.000995407
-0.825789 0.00286203
-0.727023 0.00381039
-0.825789 0.00415662
-0.875171 0.0123457
-0.902606 0.000423377
-0.886145 0.00137174
-0.946502 0.000995407
-0.919067 0.00611357
-0.957476 0.019195
-1.04527 0.0123457
-0.919067 0.0231841
-0.990398 0.0658003
-0.836763 0.0135951
-0.853224 0.00347922
-0.886145 0.00137174
-0.908093 0.00415662
-0.919067 0.00180829
-0.858711 0.000318003
-0.847737 0.00347922
-0.957476 0.000152416
-0.96845 0.00158249
-0.96845 0.00451791
-1.00686 0.0240271
-0.924554 0.0284679
-0.858711 0.0169821
-0.825789 0.0162746
-0.880658 0.019195
-0.781893 0.033285
-0.869684 0.0452073
-0.858711 0.0374096
-0.984911 0.058951
-0.979424 0.0537426
-0.897119 0.0452073
-0.853224 0.0672154
-0.820302 0.0837741
-0.84225 0.0563167
-0.864198 0.0303496
-0.902606 0.0550221
-0.919067 0.0969609
-1.01235 0.152839
-1.07819 0.201206
-1.0727 0.175043
-0.96845 0.201206
-0.96845 0.189088
-1.13855 0.231824
-1.12209 0.239818
-1.07819 0.258996
-1.11111 0.287673
-0.979424 0.175043
-0.979424 0.186709
-0.957476 0.168224
-0.951989 0.107483
-0.979424 0.0969609
-1.05624 0.091903
-0.935528 0.128182
-0.979424 0.126225
-0.957476 0.179664
-0.924554 0.144379
-1.01235 0.189088
-1.04527 0.152839
-1.06173 0.159342
-1.06173 0.152839
-0.951989 0.112948
-1.06722 0.112948
-0.979424 0.128182
-1.10562 0.154992
-0.951989 0.13616
-0.897119 0.128182
-0.924554 0.0969609
-0.946502 0.102154
-0.957476 0.140239
-0.979424 0.140239
-1.06173 0.163753
-1.03429 0.211171
-1.03429 0.237138
-0.990398 0.2137
-1.08916 0.270286
-1.09465 0.234474
-0.979424 0.206158
-0.946502 0.191481
-0.973937 0.120444
-0.908093 0.0935739
-0.897119 0.0902471
-0.886145 0.100408
-0.847737 0.116666
-0.957476 0.124283
-0.902606 0.098677
-1.03978 0.102154
-0.935528 0.0902471
-1.02332 0.0869805
-1.02332 0.098677
-1.03978 0.0602908
-0.902606 0.0537426
-1.00686 0.0384784
-1.00137 0.0384784
-1.03978 0.0363559
-0.979424 0.0184423
-0.891632 0.0142424
-0.836763 0.0149048
-0.864198 0.00158249
-0.814815 0.000318003
-0.875171 0.00137174
-1.01783 0.000227683
-1.01783 0.00158249
-0.91358 0.000227683
-0.979424 0.000227683
-0.951989 0.00180829
-0.951989 0.0207455
-1.00137 0.00948553
-1.07819 0.033285
-1.06173 0.0537426
-1.00137 0.0395622
-1.03429 0.0672154
-0.962963 0.0935739
-0.880658 0.126225
-0.897119 0.0616456
-0.946502 0.0537426
-0.924554 0.0429041
-0.96845 0.0658003
-0.935528 0.0700906
-0.935528 0.0550221
-1.03429 0.0169821
-0.979424 0.00415662
-1.01235 0.000423377
-0.995885 0.00795008
-0.91358 0.000679285
-1.01235 0.00451791
-1.06722 0.00347922
-1.12757 0.00489424
-1.03978 0.00795008
-1.02332 0.0162746
-1.05624 0.00948553
-0.973937 0.00948553
-0.951989 0.00746837
-0.935528 0.0100275
-0.869684 0.0155822
-0.858711 0.0184423
-0.957476 0.0266464
-0.880658 0.0395622
-0.869684 0.0672154
-0.869684 0.058951
-0.798354 0.0303496
-0.869684 0.0406611
-0.957476 0.019195
-0.908093 0.00180829
-0.869684 0.0177047
-0.869684 0.00286203
-0.809328 0.000318003
-0.919067 0.00451791
-1.04527 0.0142424
-0.990398 0.00451791
-0.924554 0.0207455
-0.924554 0.0248852
-0.930041 0.0322914
-0.941015 0.0266464
-0.984911 0.0123457
-0.979424 0.00528563
-0.941015 0.0111565
-1.00686 0.00746837
-1.06722 0.0149048
-1.08368 0.00230505
-1.0727 0.000543804
-0.935528 0.00286203
-0.979424 0.000152416
-1.01235 0.00117605
-1.00137 0.000152416
-0.995885 0.0031631
-0.995885 0.00611357
-1.01783 0.0155822
-1.02332 0.0223562
-0.919067 0.0105844
-0.919067 0.0123457
-0.875171 0.0257583
-0.836763 0.0177047
-0.847737 0.0248852
-0.809328 0.0322914
-0.886145 0.0142424
-0.875171 0.0162746
-0.875171 0.019195
-0.891632 0.0363559
-1.00686 0.0374096
-1.00686 0.0303496
-1.04527 0.0384784
-1.0727 0.0123457
-1.1166 0.0031631
-1.01235 0.00746837
-1.01235 0.0149048
-1.0727 0.0100275
-0.897119 0.00347922
-0.995885 0.000227683
-1.00137 1.69351e-05
-0.984911 0.00257602
-1.02881 0.000227683
-0.990398 0.00117605
-0.990398 0.00180829
-0.995885 0.00451791
-0.951989 0.000543804
-0.91358 0.000995407
-0.919067 0.00746837
-0.96845 0.00569207
-0.781893 0.00948553
-0.869684 0.00347922
-0.897119 0.00257602
-0.957476 0.000543804
-0.979424 0.000152416
-0.875171 0.00528563
-0.908093 4.70419e-05
-0.798354 0.00204915
-1.00686 0.0207455
-0.973937 0.0248852
-1.02332 0.0169821
-0.919067 0.019195
-0.962963 0.0576263
-0.902606 0.0463814
-1.00686 0.0429041
-0.962963 0.0155822
-0.919067 0.0322914
-0.897119 0.0452073
-0.897119 0.0658003
-0.979424 0.0576263
-0.96845 0.0837741
-1.02332 0.073026
-1.11111 0.0935739
-1.06173 0.105692
-1.01783 0.10929
-0.91358 0.107483
-1.01783 0.0869805
-0.96845 0.0550221
-0.957476 0.0576263
-1.0727 0.098677
-1.1166 0.0902471
-1.15501 0.0902471
-1.02881 0.105692
-1.02332 0.154992
-1.13855 0.201206
-1.03429 0.203675
-1.01783 0.140239
-1.13306 0.163753
-1.14952 0.179664
-1.04527 0.172755
-1.08916 0.148579
-1.08368 0.150702
-0.935528 0.0790775
-0.979424 0.0374096
-0.930041 0.0342936
-1.01783 0.0384784
-0.935528 0.0111565
-0.951989 0.0177047
-0.962963 0.0199627
-0.995885 0.0111565
-1.02881 0.0231841
-0.957476 0.0257583
-0.820302 0.0207455
-0.765432 0.0105844
-0.869684 0.00948553
-0.91358 0.00347922
-0.91358 0.00117605
-0.869684 0.000995407
-0.847737 0.000423377
-0.78738 0.00137174
-0.809328 0.00381039
-0.754458 4.70419e-05
-0.803841 0.000227683
-0.84225 0.0117435
-0.946502 0.00844685
-1.09465 0.0162746
-0.946502 0.00381039
-0.962963 0.000543804
-1.00686 9.22021e-05
-1.08916 0.00700172
-1.03978 0.00489424
-1.03978 0.00204915
-1.03978 0.00180829
-0.979424 0.00137174
-1.01783 1.88168e-06
-0.96845 0.000318003
-1.06173 0.00117605
-1.04527 0.000679285
-1.06173 0.000543804
-0.962963 4.70419e-05
-1.00686 0.0162746
-1.12209 0.00895866
-1.06722 0.0111565
-1.03429 0.00257602
-0.946502 0.00117605
-0.91358 0.000423377
-0.935528 0.00489424
-1.01235 0.00611357
-0.962963 0.0105844
-1.00686 0.0284679
-0.979424 0.0284679
-1.11111 0.0374096
-1.01235 0.0487749
-0.941015 0.0417751
-1.01235 0.0322914
-1.00137 0.0417751
-0.891632 0.0602908
-0.957476 0.0463814
-1.00686 0.0417751
-0.91358 0.0223562
-1.06722 0.0886063
-1.02332 0.0935739
-1.12757 0.091903
-1.05075 0.0644004
-0.973937 0.0760216
-0.84225 0.0487749
-0.924554 0.0440482
-0.908093 0.0658003
-0.951989 0.0686454
-1.05075 0.0745163
-1.01783 0.0602908
-0.91358 0.080628
-0.891632 0.0563167
-0.858711 0.0429041
-0.891632 0.0537426
-0.990398 0.0452073
-1.05075 0.0745163
-1.06173 0.0644004
-1.07819 0.0374096
-1.03429 0.0672154
-0.946502 0.0537426
-0.853224 0.0512286
-0.995885 0.0475707
-0.941015 0.0429041
-0.941015 0.0512286
-0.941015 0.0512286
-0.984911 0.0429041
-1.03978 0.00528563
-1.00137 9.22021e-05
-0.908093 0.00415662
-1.00137 0.00180829
-0.984911 0.00257602
-0.908093 0.000543804
-0.973937 0.000227683
-0.951989 1.69351e-05
-0.886145 4.70419e-05
-0.902606 0.000318003
-1.02881 0.000679285
-0.979424 0.00415662
-0.924554 0.00204915
-0.875171 0.00204915
-1.02881 0.00700172
-0.957476 0.00489424
-1.03978 0.00257602
-1.01235 0.000423377
-1.03978 0.000227683
-0.924554 0.00257602
-0.984911 0.00895866
-1.04527 0.0177047
-0.984911 0.00655012
-1.00686 0.00895866
-0.979424 0.00180829
-0.984911 0.00451791
-0.908093 0.00569207
-0.984911 0.0111565
-0.984911 0.00948553
-0.962963 0.00381039
-0.973937 0.00746837
-0.995885 0.000152416
-1.02881 1.88168e-06
-1.01235 0.00415662
-1.10014 0.00286203
-1.0727 0.00381039
-1.00137 0.00895866
-1.00686 0.0240271
-0.880658 0.0284679
-0.984911 0.0524781
-0.962963 0.0616456
-1.04527 0.0487749
-1.0727 0.0417751
-1.00686 0.0512286
-0.941015 0.0969609
-0.869684 0.0969609
-0.91358 0.0760216
-0.96845 0.111111
-0.979424 0.0837741
-0.990398 0.0630155
-1.05075 0.058951
-0.962963 0.0363559
-0.935528 0.0303496
-0.930041 0.0322914
-0.995885 0.0169821
-0.951989 0.0199627
-0.869684 0.031313
-0.919067 0.0199627
-0.946502 0.0162746
-0.924554 0.00746837
-0.930041 0.0100275
-0.951989 0.00611357
-0.946502 0.00655012
-1.03429 0.00611357
-1.13855 0.0231841
-1.06173 0.0199627
-0.891632 0.00286203
-0.91358 0.00655012
-0.935528 0.00415662
-0.941015 0.0031631
-0.962963 0.000995407
-1.03978 0.00381039
-0.979424 0.0135951
-0.946502 0.00528563
-0.91358 0.000679285
-0.973937 0.00948553
-0.880658 0.00948553
-0.930041 0.00180829
-0.809328 0.00230505
-0.781893 0.000227683
-0.880658 0.00117605
-0.875171 0.000543804
-0.836763 0.000543804
-0.951989 0.00257602
-0.935528 0.00117605
-0.847737 0.00528563
-0.930041 0.00180829
-0.930041 0.000423377
-0.962963 1.69351e-05
-0.96845 0.00286203
-0.935528 0.00204915
-1.05075 1.69351e-05
-1.01235 4.70419e-05
-0.891632 0.00451791
-0.897119 0.00700172
-0.902606 0.0169821
-0.951989 0.00844685
-0.891632 0.00415662
-0.919067 0.00180829
-0.951989 0.000152416
-0.979424 1.88168e-06
-0.96845 0.000423377
-0.941015 0.000318003
-0.951989 0.00489424
-0.979424 0.00611357
-0.941015 0.00117605
-0.935528 0.00489424
-0.973937 0.0499943
-0.962963 0.019195
-0.96845 0.0142424
-1.09465 0.0353172
-0.951989 0.0275496
-0.831276 0.0417751
-0.886145 0.0512286
-0.897119 0.0440482
-0.853224 0.0240271
-0.864198 0.0199627
-0.886145 0.0207455
-0.924554 0.0215433
-0.891632 0.0135951
-1.03978 0.000543804
-1.01235 0.000543804
-0.875171 1.88168e-06
-0.935528 0.00286203
-0.880658 0.00895866
-0.984911 0.0169821
-0.864198 0.00895866
-0.897119 0.0162746
-0.951989 0.0105844
-0.957476 0.0162746
-1.04527 0.00700172
-1.05075 0.0231841
-1.07819 0.0135951
-1.1166 0.0135951
-1.14952 0.00746837
-1.02332 0.00451791
-0.946502 0.00257602
-0.962963 0.00569207
-0.935528 0.000543804
-0.825789 0.0129629
-0.935528 0.0342936
-0.935528 0.0142424
-0.979424 0.0231841
-1.01235 0.0322914
-1.06173 0.0463814
-1.04527 0.0524781
-1.02881 0.0524781
-0.957476 0.0353172
-0.869684 0.0184423
-0.820302 0.0135951
-0.897119 0.0117435
-0.803841 0.00381039
-0.825789 0.000995407
-0.935528 0.00451791
-0.979424 0.00795008
-0.930041 0.00489424
-0.880658 0.0105844
-0.814815 0.0303496
-0.91358 0.0417751
-0.908093 0.0537426
-0.902606 0.0672154
-0.941015 0.0537426
-0.979424 0.0550221
-1.04527 0.0969609
-0.990398 0.0353172
-0.919067 0.0499943
-0.853224 0.0275496
-0.825789 0.0550221
-0.792867 0.033285
-0.891632 0.0248852
-0.891632 0.077542
-0.957476 0.0616456
-1.02332 0.091903
-1.07819 0.0487749
-1.02332 0.0487749
-0.990398 0.073026
-1.01783 0.0384784
-1.03429 0.0463814
-1.02881 0.0417751
-1.09465 0.0169821
-1.01783 0.0117435
-1.08916 0.0275496
-1.17147 0.0155822
-1.01783 0.019195
-1.04527 0.0248852
-0.908093 0.0266464
-0.946502 0.0100275
-1.02881 0.00204915
-0.995885 0.000995407
-0.941015 0.00415662
-0.984911 0.0100275
-0.886145 0.0266464
-0.853224 0.0129629
-1.02881 0.0257583
-1.0727 0.0240271
-1.00686 0.0155822
-1.01235 0.00948553
-1.00137 0.000543804
-1.02881 4.70419e-05
-1.05075 4.70419e-05
-1.10014 0.000995407
-1.12209 0.000829819
-1.10562 0.000152416
-1.13306 1.88168e-06
-1.00686 0.000227683
-1.14403 0.00257602
-1.14952 0.00180829
-1.12209 0.0031631
-0.979424 0.000318003
-1.00137 0.0105844
-1.04527 0.0155822
-1.06173 0.0162746
-1.01235 0.0129629
-0.984911 0.0207455
-0.984911 0.00895866
-1.02332 0.0129629
-0.951989 0.0199627
-0.897119 0.0117435
-0.962963 0.0215433
-0.96845 0.0177047
-0.995885 0.019195
-1.02881 0.0248852
-1.04527 0.0284679
-1.01783 0.0294012
-1.05624 0.0576263
-0.973937 0.0440482
-0.875171 0.0184423
-1.00686 0.00746837
-0.886145 0.00746837
-0.908093 0.00895866
-1.03429 0.0129629
-1.10014 0.0169821
-0.990398 0.0184423
-0.96845 0.00895866
-0.924554 0.000318003
-0.984911 0.000543804
-0.946502 0.0117435
-0.962963 0.00230505
-0.908093 0.000227683
-0.946502 0.0031631
-0.836763 0.00381039
-0.803841 0.00347922
-0.759945 0.000227683
-0.814815 0.000829819
-0.858711 0.00655012
-0.886145 0.019195
-0.897119 0.0223562
-0.853224 0.0111565
-0.776406 0.00230505
-0.908093 0.00180829
-0.946502 0.00895866
-0.930041 0.00611357
-0.941015 0.00230505
-0.951989 0.0135951
-0.847737 0.00844685
-0.891632 0.0231841
-0.858711 0.0215433
-0.825789 0.0149048
-0.919067 0.0177047
-0.858711 0.0266464
-0.946502 0.00895866
-0.902606 0.0117435
-0.853224 0.00655012
-0.880658 0.000829819
-0.875171 9.22021e-05
-0.891632 4.70419e-05
-0.84225 0.000152416
-0.924554 0.000423377
-1.03978 0.0031631
-0.864198 0.00347922
-0.941015 0.0031631
-0.973937 0.000679285
-0.825789 0.000423377
-0.831276 0.00180829
-0.908093 0.00948553
-1.00686 0.0031631
-0.908093 0.00844685
-0.951989 0.0223562
-0.924554 0.0215433
-0.990398 0.0248852
-1.03978 0.0537426
-1.0727 0.0700906
-1.05075 0.031313
-1.00686 0.0487749
-1.03978 0.0111565
-1.03429 0.0142424
-1.05075 0.033285
-1.01783 0.031313
-0.941015 0.0117435
-0.946502 0.0105844
-0.962963 0.00415662
-0.864198 0.00611357
-0.880658 0.00204915
-0.902606 0.0123457
-0.962963 0.0123457
-0.924554 0.0105844
-0.973937 0.0240271
-0.930041 0.0257583
-0.91358 0.0223562
-0.924554 0.0184423
-0.853224 0.00895866
-0.941015 0.00347922
-0.886145 0.00569207
-0.891632 0.00489424
-0.84225 0.00204915
-0.880658 0.00257602
-0.886145 0.00381039
-0.814815 0.000829819
-0.880658 0.000152416
-0.798354 0.000318003
-0.875171 0.00381039
-0.809328 0.000543804
-0.820302 0.00180829
-0.798354 0.000318003
-0.814815 0.000679285
-0.770919 0.00204915
-0.858711 0.00204915
-0.941015 9.22021e-05
-0.973937 0.000227683
-0.946502 0.00117605
-0.84225 0.000152416
-0.875171 0.000679285
-0.864198 0.00451791
-0.897119 0.000995407
-0.869684 0.00204915
-0.853224 0.00180829
-0.820302 0.00489424
-0.935528 0.00286203
-0.924554 0.000829819
-0.84225 0.00489424
-0.962963 0.0162746
-0.979424 0.00137174
-0.96845 0.000423377
-1.00686 0.000543804
-0.990398 0.00746837
-1.00137 0.00655012
-0.973937 0.00655012
-1.03978 0.00137174
-1.00686 4.70419e-05
-1.08368 0.000227683
-0.930041 0.00257602
-1.03429 0.00569207
-1.02881 0.00180829
-1.03429 0.0031631
-1.03978 1.88168e-06
-0.891632 0.00158249
-0.792867 0.000543804
-0.908093 0.00257602
-0.853224 0.00117605
-0.831276 0.00700172
-0.803841 0.000318003
-0.825789 0.000995407
-0.935528 4.70419e-05
-0.957476 0.000227683
-0.930041 4.70419e-05
-1.02881 0.00528563
-0.984911 0.0129629
-0.836763 0.00948553
-0.973937 0.000679285
-0.957476 0.00158249
-0.924554 0.000227683
-0.902606 9.22021e-05
-0.957476 0.000423377
-0.951989 0.000152416
-0.908093 0.000423377
-0.825789 0.000679285
-0.875171 1.69351e-05
-0.96845 0.00381039
-0.891632 0.000995407
-0.919067 0.00230505
-1.01235 0.000543804
-1.13855 0.00528563
-0.995885 0.00415662
-0.973937 0.00286203
-0.984911 0.00528563
-1.11111 0.0155822
-0.995885 0.0149048
-1.06722 0.033285
-1.04527 0.0177047
-1.07819 0.0155822
-0.935528 0.0155822
-0.979424 0.0215433
-1.02881 0.0199627
-0.990398 0.00204915
-0.962963 0.00569207
-0.897119 0.0031631
-0.847737 0.00117605
-0.891632 0.00844685
-0.930041 0.0169821
-1.09465 0.00895866
-0.962963 0.00158249
-1.02332 0.00569207
-0.919067 0.00117605
-0.957476 0.00117605
-1.03429 0.000995407
-1.02881 0.00204915
-0.995885 0.000152416
-0.809328 0.0031631
-0.814815 0.00117605
-0.875171 0.00117605
-0.891632 0.0135951
-0.91358 0.0223562
-0.924554 0.019195
-0.990398 0.0266464
-0.96845 0.0149048
-1.03978 0.0149048
-1.02881 0.0184423
-0.984911 0.0162746
-1.00686 0.0111565
-1.07819 0.00381039
-1.0727 0.00180829
-0.979424 1.88168e-06
-0.990398 0.00257602
-0.891632 0.00180829
-0.924554 0.000318003
-0.902606 0.000423377
-0.858711 0.00180829
-0.814815 0.0123457
-1.04527 0.0374096
-1.05624 0.0303496
-1.0727 0.0475707
-0.990398 0.0550221
-0.973937 0.0760216
-0.951989 0.080628
-1.01783 0.0935739
-1.03978 0.122356
-0.941015 0.107483
-0.869684 0.107483
-0.941015 0.130154
-0.984911 0.157159
-0.96845 0.140239
-0.941015 0.091903
-0.886145 0.0537426
-0.891632 0.031313
-0.935528 0.0177047
-0.770919 0.0602908
-0.836763 0.0886063
-0.809328 0.105692
-0.886145 0.0576263
-0.935528 0.0760216
-0.84225 0.0563167
-0.820302 0.0395622
-0.880658 0.0452073
-0.91358 0.0463814
-0.930041 0.0563167
-0.984911 0.0886063
-0.957476 0.0935739
-1.01235 0.0853698
-1.03429 0.0837741
-0.924554 0.098677
-1.05624 0.142302
-1.06173 0.181998
-1.14952 0.179664
-1.05075 0.172755
-1.00686 0.114799
-1.00137 0.118547
-0.973937 0.111111
-0.84225 0.0576263
-0.875171 0.100408
-0.951989 0.058951
-0.792867 0.0440482
-0.902606 0.0935739
-0.984911 0.13616
-0.957476 0.112948
-0.946502 0.122356
-0.96845 0.130154
-1.01783 0.16154
-1.01783 0.130154
-1.02881 0.0902471
-1.00686 0.0602908
-1.04527 0.0524781
-0.995885 0.0294012
-1.01783 0.0223562
-1.10562 0.0284679
-1.04527 0.0440482
-1.05624 0.0184423
-0.957476 0.0342936
-0.962963 0.0231841
-0.930041 0.0630155
-0.908093 0.0475707
-0.946502 0.0512286
-0.957476 0.0452073
-1.02332 0.0499943
-0.979424 0.0672154
-0.924554 0.0672154
-0.886145 0.0463814
-0.875171 0.0537426
-0.919067 0.0616456
-1.08368 0.058951
-1.0727 0.0524781
-1.08368 0.0374096
-0.941015 0.0177047
-0.930041 0.0123457
-1.03429 0.0117435
-0.957476 0.00795008
-0.919067 0.00257602
-0.935528 0.00844685
-0.930041 0.00230505
-0.886145 0.00528563
-0.979424 0.0117435
-0.891632 0.0275496
-0.897119 0.00895866
-1.02881 0.0303496
-0.831276 0.00257602
-0.875171 0.00569207
-1.00686 0.0149048
-0.962963 0.0177047
-0.941015 0.00257602
-0.995885 0.0031631
-1.12209 0.0155822
-1.08368 0.0275496
-1.10562 0.0275496
-1.1166 0.0294012
-1.08916 0.0512286
-1.00137 0.0475707
-1.02332 0.0644004
-1.05624 0.0853698
-0.979424 0.080628
-1.12209 0.091903
-0.990398 0.080628
-0.995885 0.077542
-1.02881 0.0686454
-0.946502 0.033285
-0.96845 0.0374096
-1.00686 0.0117435
-0.96845 0.0111565
-0.979424 0.0184423
-0.979424 0.00415662
-0.951989 0.00569207
-0.891632 0.00700172
-0.96845 0.00569207
-0.919067 0.0105844
-1.05624 0.0363559
-0.951989 0.033285
-0.930041 0.0406611
-0.875171 0.0363559
-0.924554 0.031313
-0.979424 0.0322914
-0.853224 0.0169821
-0.803841 0.0105844
-0.84225 0.0257583
-0.853224 0.0199627
-0.946502 0.0162746
-0.946502 0.019195
-0.946502 0.0223562
-0.91358 0.0142424
-0.990398 0.0142424
-1.03978 0.0384784
-1.00686 0.0524781
-0.908093 0.0602908
-1.01235 0.0616456
-1.05075 0.0969609
-1.00686 0.0602908
-0.973937 0.0602908
-1.03978 0.0429041
-1.00137 0.0248852
-0.908093 0.0240271
-0.908093 0.0248852
-0.864198 0.00795008
-0.858711 0.00415662
-0.886145 0.000543804
-0.814815 0.00180829
-0.831276 0.000227683
-0.91358 0.000423377
-0.897119 0.000152416
-0.962963 0.0031631
-0.897119 0.00528563
-0.930041 0.00381039
-0.96845 0.00528563
-0.941015 0.0177047
-0.990398 0.0207455
-0.792867 0.00795008
-0.891632 0.0135951
-0.897119 0.0303496
-0.990398 0.0294012
-0.951989 0.0215433
-0.962963 0.00381039
-0.891632 0.00655012
-0.770919 0.00655012
-0.853224 0.00117605
-0.91358 0.000829819
-0.957476 0.000679285
-0.864198 0.0031631
-0.880658 0.00347922
-0.858711 0.00451791
-0.902606 0.00795008
-1.00137 0.0100275
-0.962963 0.00746837
-1.03429 0.00895866
-0.995885 0.00844685
-0.809328 0.0117435
-0.935528 0.0100275
-0.979424 0.00700172
-1.01235 0.00844685
-1.00137 0.0129629
-0.962963 0.0105844
-1.02332 0.00137174
-1.00686 0.00795008
-1.04527 0.00180829
-0.91358 0.000423377
-1.08916 1.69351e-05
-1.13306 0.00381039
-1.01783 0.00451791
-0.941015 0.0142424
-0.951989 0.00528563
-0.902606 0.00844685
-0.96845 0.00230505
-1.02881 0.00230505
-0.935528 0.00415662
-0.91358 0.00746837
-0.875171 0.00844685
-0.941015 0.0100275
-0.891632 0.0184423
-0.935528 0.00895866
-0.91358 0.0215433
-0.946502 0.0303496
-0.886145 0.0100275
-0.91358 0.00528563
-0.891632 0.00230505
-0.951989 0.00137174
-1.01783 0.00895866
-0.946502 0.0303496
-0.836763 0.0169821
-0.886145 0.00895866
-0.853224 0.0111565
-0.836763 0.0162746
-0.935528 0.0135951
-0.891632 0.00611357
-0.957476 0.00795008
-1.03978 0.0248852
-1.00137 0.0512286
-0.979424 0.0248852
-0.973937 0.0294012
-1.01235 0.0231841
-0.91358 0.00286203
-0.951989 0.00180829
-0.957476 0.000423377
-0.858711 0.00347922
-0.91358 0.00611357
-0.908093 0.00700172
-0.973937 0.0184423
-0.935528 0.0322914
-0.902606 0.0452073
-0.891632 0.0284679
-0.836763 0.0374096
-0.853224 0.0463814
-0.814815 0.0524781
-0.880658 0.0790775
-0.78738 0.0406611
-0.847737 0.0475707
-0.886145 0.0512286
-0.836763 0.0257583
-0.869684 0.0111565
-1.01235 0.0342936
-0.924554 0.0475707
-0.962963 0.0630155
-0.995885 0.0837741
-1.00686 0.0715507
-0.990398 0.0563167
-0.91358 0.0576263
-0.908093 0.0395622
-0.924554 0.0223562
-0.957476 0.0417751
-0.891632 0.0240271
-1.03429 0.0616456
-1.10014 0.0686454
-0.995885 0.0475707
-1.04527 0.0475707
-0.995885 0.0406611
-0.919067 0.0452073
-0.946502 0.091903
-0.875171 0.103916
-0.858711 0.0672154
-0.96845 0.091903
-1.02881 0.120444
-1.06722 0.116666
-0.935528 0.0790775
-0.891632 0.098677
-0.957476 0.098677
-0.924554 0.0760216
-0.91358 0.0790775
-0.941015 0.091903
-1.02881 0.0658003
-1.01235 0.0303496
-1.05075 0.0266464
-1.09465 0.0223562
-1.00686 0.0257583
-1.00686 0.0240271
-0.973937 0.0123457
-0.96845 0.0223562
-0.96845 0.00286203
-0.957476 1.69351e-05
-0.979424 9.22021e-05
-1.06722 0.00137174
-1.03429 0.00117605
-0.995885 0.00415662
-0.941015 0.00700172
-0.891632 0.00700172
-0.853224 0.00117605
-0.880658 4.70419e-05
-0.886145 0.000423377
-0.946502 0.0100275
-1.01235 0.0248852
-1.02881 0.0169821
-1.0727 0.0105844
-1.07819 0.0117435
-1.22634 0.00347922
-1.00686 0.0031631
-1.04527 0.0142424
-1.01235 0.0475707
-1.00137 0.0275496
-0.979424 0.0240271
-1.05624 0.0257583
-1.05075 0.00611357
-1.0727 0.0135951
-0.957476 0.00117605
-0.979424 0.000679285
-0.902606 9.22021e-05
-1.04527 4.70419e-05
-0.946502 0.00489424
-1.01235 0.00286203
-1.05624 0.000152416
-0.973937 1.69351e-05
-0.935528 1.69351e-05
-0.935528 0.000227683
-0.962963 0.000152416
-0.919067 1.69351e-05
-0.979424 0.000152416
-0.96845 0.00117605
-0.919067 0.0135951
-0.935528 0.0417751
-0.941015 0.0374096
-0.990398 0.0363559
-1.06722 0.0452073
-1.0727 0.0452073
-1.06173 0.0821935
-1.01235 0.0576263
-0.941015 0.0524781
-0.935528 0.0563167
-0.946502 0.0821935
-0.924554 0.0837741
-0.919067 0.157159
-0.979424 0.142302
-1.05075 0.165981
-0.951989 0.150702
-0.919067 0.144379
-1.04527 0.128182
-1.03978 0.130154
-1.01783 0.132141
-1.06722 0.144379
-1.0727 0.177346
-1.03978 0.196313
-1.00137 0.118547
-1.13306 0.201206
-1.14403 0.191481
-1.09465 0.191481
-1.0727 0.177346
-1.16049 0.186709
-1.1166 0.203675
-0.979424 0.159342
-1.10014 0.211171
-1.01235 0.140239
-0.946502 0.0969609
-0.984911 0.105692
-0.924554 0.0837741
-0.96845 0.0886063
-1.00137 0.0715507
-0.924554 0.0902471
-0.995885 0.0853698
-0.973937 0.0658003
-1.03429 0.098677
-0.908093 0.0935739
-0.941015 0.0686454
-0.962963 0.0563167
-0.973937 0.019195
-0.946502 0.0294012
-0.891632 0.0105844
-0.798354 0.00489424
-0.792867 1.88168e-06
-0.84225 0.000318003
-0.759945 0.000227683
-0.973937 0.00230505
-0.979424 0.000829819
-0.962963 0.000995407
-0.880658 0.000423377
-0.864198 0.0031631
-0.902606 0.0149048
-0.930041 1.69351e-05
-0.919067 0.0142424
-0.809328 0.0199627
-0.721536 0.00948553
-0.78738 0.00415662
-0.91358 0.0135951
-0.897119 0.019195
-0.902606 0.0353172
-0.798354 0.0406611
-0.792867 0.0869805
-0.831276 0.100408
-0.792867 0.080628
-0.869684 0.0537426
-0.891632 0.0429041
-0.908093 0.00948553
-0.809328 0.0155822
-0.78738 0.00180829
-0.847737 1.69351e-05
-0.847737 0.00655012
-0.864198 0.0129629
-0.96845 0.00746837
-1.03978 0.00844685
-1.05624 0.00655012
-0.973937 0.00795008
-0.951989 0.00528563
-0.809328 0.000543804
-0.962963 0.00451791
-0.957476 0.00381039
-0.91358 1.69351e-05
-1.00137 0.000829819
-0.941015 0.000995407
-1.0727 1.88168e-06
-1.00686 4.70419e-05
-0.919067 0.000679285
-0.984911 0.00528563
-0.962963 0.0149048
-1.02332 0.00895866
-0.990398 0.00117605
-0.951989 0.00158249
-0.919067 4.70419e-05
-1.00137 0.000543804
-1.06173 0.000995407
-0.995885 0.0199627
-1.00137 0.0231841
-0.864198 0.0342936
-0.96845 0.0303496
-0.930041 0.019195
-0.891632 0.0117435
-0.902606 0.0257583
-0.91358 0.0363559
-0.935528 0.0129629
-0.990398 0.00158249
-0.984911 0.00381039
-0.924554 0.0031631
-0.897119 0.0142424
-0.875171 0.00381039
-0.957476 0.000679285
-0.990398 0.000829819
-0.990398 0.000543804
-0.924554 0.00795008
-1.06173 0.00795008
-1.01235 0.0100275
-0.919067 0.0162746
-1.03429 0.00948553
-1.00137 0.00489424
-0.941015 0.000679285
-0.886145 0.00381039
-0.880658 0.0111565
-0.990398 0.00158249
-1.06173 4.70419e-05
-1.08916 0.000423377
-0.979424 4.70419e-05
-0.990398 0.00489424
-0.951989 0.000543804
-0.96845 0.00158249
-1.01235 0.00489424
-0.886145 0.00528563
-0.984911 0.0199627
-0.897119 0.0257583
-0.979424 0.0576263
-0.979424 0.0499943
-0.973937 0.0563167
-0.930041 0.0700906
-0.957476 0.0902471
-0.995885 0.103916
-1.00686 0.080628
-1.01783 0.077542
-0.957476 0.100408
-1.01235 0.126225
-1.06173 0.19389
-1.05075 0.177346
-0.995885 0.140239
-1.03978 0.148579
-1.03978 0.175043
-1.04527 0.221377
-1.01783 0.179664
-0.908093 0.237138
-1.01783 0.179664
-0.984911 0.152839
-0.995885 0.181998
-1.03429 0.148579
-1.05624 0.186709
-0.951989 0.181998
-1.02332 0.170482
-1.02332 0.19389
-0.973937 0.150702
-1.02332 0.179664
-1.0727 0.181998
-0.962963 0.168224
-1.13855 0.216244
-0.995885 0.177346
-1.08368 0.223967
-1.11111 0.175043
-1.00686 0.165981
-1.00137 0.198752
-1.11111 0.186709
-1.05624 0.237138
-0.96845 0.19389
-1.01235 0.189088
-1.13855 0.299565
-1.07819 0.237138
-1.12209 0.231824
-1.12209 0.189088
-1.20439 0.226571
-1.12209 0.203675
-1.17695 0.177346
-1.18244 0.237138
-1.10014 0.234474
-1.02881 0.126225
-1.02881 0.157159
-1.03429 0.0869805
-1.00686 0.0353172
-1.0727 0.0429041
-1.02332 0.0429041
-0.951989 0.00948553
-0.946502 0.0117435
-0.984911 0.0162746
-0.869684 0.00569207
-0.919067 0.00230505
-0.919067 0.00286203
-0.864198 0.00895866
-0.979424 0.00611357
-0.935528 0.00204915
-0.946502 1.69351e-05
-0.836763 0.000679285
-0.930041 0.0149048
-0.96845 0.0240271
-1.03429 0.0322914
-1.02881 0.0184423
-1.1166 0.031313
-1.20439 0.0266464
-1.0727 0.0616456
-1.0727 0.0452073
-1.01783 0.0475707
-0.973937 0.0294012
-0.995885 0.0135951
-0.853224 0.0177047
-0.924554 0.0162746
-0.864198 0.0374096
-0.809328 0.0384784
-0.858711 0.0550221
-0.946502 0.0463814
-0.919067 0.0406611
-0.897119 0.0576263
-0.962963 0.0837741
-0.941015 0.0686454
-1.03429 0.102154
-0.957476 0.0602908
-0.930041 0.0715507
-0.886145 0.0658003
-0.946502 0.0745163
-0.875171 0.0760216
-0.897119 0.0616456
-0.96845 0.0563167
-1.00137 0.0576263
-0.930041 0.0322914
-0.957476 0.0215433
-1.03978 0.0452073
-0.930041 0.0384784
-1.01235 0.0135951
-0.96845 0.00528563
-0.919067 0.0177047
-0.886145 0.00489424
-0.880658 0.00528563
-0.995885 0.0111565
-0.984911 0.0395622
-0.957476 0.077542
-0.941015 0.124283
-0.935528 0.073026
-1.02332 0.0672154
-1.01783 0.0550221
-1.13306 0.0616456
-0.96845 0.0240271
-0.957476 0.0294012
-0.908093 0.0248852
-0.809328 0.0100275
-0.919067 0.00257602
-0.946502 0.0105844
-0.924554 0.00204915
-0.962963 0.00204915
-0.919067 0.00117605
-0.809328 0.000543804
-0.836763 0.00381039
-0.798354 0.00528563
-0.875171 0.0135951
-0.864198 0.0215433
-0.858711 0.0155822
-0.962963 0.0231841
-1.01235 0.0374096
-1.02881 0.0487749
-0.96845 0.0417751
-0.924554 0.0406611
-1.02332 0.0353172
-1.01783 0.0644004
-1.00137 0.058951
-0.924554 0.0550221
-1.01235 0.0374096
-1.00686 0.0475707
-0.875171 0.0487749
-0.853224 0.0231841
-0.908093 0.0135951
-0.979424 0.0162746
-0.886145 0.0266464
-0.957476 0.0440482
-0.962963 0.0266464
-1.03978 0.0429041
-0.91358 0.073026
-0.979424 0.103916
-0.897119 0.0672154
-1.00686 0.0745163
-1.02881 0.0745163
-1.03978 0.0869805
-1.01235 0.100408
-0.984911 0.091903
-0.984911 0.0869805
-1.02881 0.0821935
-0.880658 0.0537426
-0.765432 0.0524781
-0.798354 0.058951
-0.825789 0.033285
-0.831276 0.0177047
-0.820302 0.00700172
-0.858711 0.00489424
-0.984911 0.00795008
-0.91358 0.000318003
-0.847737 0.00381039
-0.776406 0.0123457
-0.919067 0.00257602
-1.04527 0.00528563
-1.14952 0.0142424
-1.18793 0.0199627
-1.12209 0.0284679
-1.05624 0.073026
-1.13306 0.0869805
-1.07819 0.080628
-1.15501 0.080628
-1.17147 0.0745163
-1.08916 0.0537426
-1.06173 0.0602908
-0.96845 0.0303496
-0.946502 0.0463814
-0.941015 0.0303496
-0.995885 0.0215433
-1.05075 0.0215433
-1.00686 0.0248852
-0.902606 0.0162746
-0.84225 0.00655012
-0.924554 0.0111565
-0.924554 0.0184423
-0.924554 0.0100275
-0.908093 0.0117435
-0.951989 0.000679285
-0.935528 0.00257602
-0.962963 0.000227683
-0.995885 0.000152416
-0.979424 0.00204915
-1.05624 0.00204915
-1.06173 0.0129629
-1.02332 0.0100275
-0.96845 0.0275496
-1.00686 0.0199627
-1.00686 0.00746837
-1.01783 0.0135951
-0.984911 0.00204915
-0.908093 0.00117605
-0.973937 0.00286203
-0.962963 0.0111565
-0.990398 0.0129629
-0.951989 0.0105844
-1.00137 0.00347922
-0.957476 0.00528563
-1.01235 0.0142424
-0.91358 0.00948553
-0.864198 0.0169821
-0.886145 0.00948553
-1.01235 0.00137174
-0.946502 0.00528563
-0.990398 0.0117435
-1.06173 0.0199627
-1.23182 0.00286203
-1.10562 0.0135951
-1.02881 0.0100275
-0.96845 0.00415662
-1.0727 0.00569207
-0.962963 0.00489424
-1.00686 4.70419e-05
-0.951989 0.000829819
-0.891632 0.00489424
-0.973937 0.0031631
-0.869684 0.00489424
-0.836763 0.000543804
-0.91358 0.00180829
-0.853224 0.000829819
-0.765432 0.00746837
-0.803841 0.000995407
-0.880658 0.00381039
-0.864198 0.00286203
-0.875171 0.00257602
-0.951989 0.0149048
-1.02881 0.033285
-0.951989 0.0524781
-1.1166 0.0821935
-1.02881 0.077542
-0.990398 0.0745163
-0.962963 0.0395622
-1.00686 0.0223562
-0.979424 0.0199627
-0.990398 0.0487749
-0.91358 0.0363559
-0.875171 0.0440482
-1.08368 0.0576263
-1.00686 0.0700906
-0.984911 0.0672154
-1.01783 0.0616456
-0.979424 0.0524781
-1.06173 0.0672154
-1.04527 0.0395622
-0.990398 0.0384784
-0.919067 0.0169821
-0.946502 0.0342936
-1.01783 0.0353172
-1.01235 0.0452073
-0.919067 0.00844685
-0.781893 0.00180829
-0.78738 0.000995407
-0.880658 0.00655012
-0.962963 1.69351e-05
-0.935528 1.88168e-06
-0.853224 0.0031631
-0.825789 0.00451791
-0.820302 0.0149048
-0.919067 0.0100275
-0.891632 0.0123457
-0.880658 0.0184423
-0.897119 0.00569207
-0.792867 0.000318003
-0.908093 0.000423377
-0.858711 0.000995407
-0.919067 1.69351e-05
-0.897119 0.00257602
-0.891632 0.000152416
-0.96845 0.000995407
-1.01235 0.00528563
-0.979424 0.00611357
-1.03978 0.000423377
-1.01783 0.0031631
-1.08916 0.000679285
-1.02881 0.00528563
-1.1166 0.00948553
-1.13306 0.0184423
-1.12209 0.00948553
-1.01783 0.0149048
-1.11111 0.0155822
-1.14403 0.0169821
-1.04527 0.0155822
-0.941015 0.00415662
-0.919067 0.00347922
-0.902606 0.00381039
-0.930041 0.00257602
-0.78738 0.00451791
-0.919067 0.00257602
-0.941015 0.00158249
-0.864198 0.00158249
-0.957476 9.22021e-05
-0.891632 9.22021e-05
-0.908093 0.000152416
-0.935528 9.22021e-05
-0.951989 0.00180829
-0.875171 1.88168e-06
-0.875171 0.00451791
-0.864198 0.00158249
-0.880658 0.0100275
-0.84225 0.0123457
-0.869684 0.0117435
-0.847737 0.00700172
-0.831276 0.00700172
-0.809328 0.00415662
-0.919067 0.00204915
-0.946502 0.000543804
-0.84225 0.000829819
-0.864198 0.0162746
-0.875171 0.000543804
-0.897119 0.000679285
-0.973937 0.000227683
-0.886145 0.000543804
-0.96845 0.00257602
-1.01235 0.000152416
-0.847737 0.000318003
-0.902606 0.00117605
-0.869684 0.00117605
-0.875171 0.00528563
-0.935528 0.0129629
-0.962963 0.00451791
-0.979424 0.00286203
-0.962963 0.00655012
-0.979424 0.00381039
-1.04527 0.00257602
-0.941015 0.00746837
-0.951989 4.70419e-05
-0.973937 0.00158249
-1.05075 0.00117605
-1.02332 4.70419e-05
-1.01783 0.00117605
-1.06173 0.00230505
-0.957476 0.00257602
-0.869684 0.00844685
-0.946502 0.000679285
-1.01783 0.00117605
-1.03978 0.000995407
-1.03429 0.00611357
-1.00686 1.69351e-05
-0.930041 4.70419e-05
-0.908093 0.00286203
-0.858711 0.00569207
-0.919067 0.0184423
-0.935528 0.033285
-1.00686 0.031313
-0.91358 0.0248852
-0.825789 0.0111565
-0.880658 0.0155822
-0.951989 0.0149048
-0.891632 0.0105844
-0.91358 0.000679285
-1.02881 0.00347922
-0.908093 0.000679285
-0.946502 0.00489424
-0.880658 0.00655012
-0.995885 0.00381039
-0.962963 4.70419e-05
-0.946502 0.00347922
-0.902606 9.22021e-05
-0.847737 1.88168e-06
-0.847737 0.0105844
-0.886145 0.0177047
-0.880658 0.0231841
-0.875171 0.0266464
-0.869684 0.0199627
-0.825789 0.00948553
-0.825789 0.0105844
-0.858711 0.00489424
-0.853224 0.00948553
-0.924554 0.0149048
-0.869684 4.70419e-05
-0.836763 0.000543804
-0.886145 0.00700172
-0.930041 0.0155822
-1.01783 0.00451791
-0.995885 1.69351e-05
-1.03978 1.88168e-06
-0.962963 0.00257602
-0.979424 0.00137174
-1.06722 0.000227683
-1.02332 0.00117605
-1.05075 0.000543804
-0.930041 0.000995407
-0.924554 0.00948553
-1.01783 0.0117435
-1.09465 0.0142424
-0.957476 0.0105844
-0.984911 0.00569207
-0.973937 0.00700172
-0.957476 0.00948553
-0.924554 0.00655012
-0.886145 0.0169821
-0.875171 0.00451791
-0.91358 0.00137174
-0.897119 0.00230505
-0.930041 0.00137174
-1.01235 0.00795008
-0.91358 0.0142424
-0.91358 0.0142424
-1.00137 0.0240271
-0.951989 0.0342936
-0.847737 0.0284679
-0.973937 0.0644004
-0.995885 0.0715507
-1.02332 0.0630155
-1.02881 0.0935739
-0.962963 0.0602908
-1.04527 0.0630155
-0.96845 0.114799
-0.962963 0.100408
-1.08916 0.116666
-1.10014 0.120444
-1.11111 0.163753
-1.13855 0.116666
-1.11111 0.105692
-1.13306 0.118547
-1.01783 0.124283
-0.957476 0.157159
-1.02332 0.128182
-1.06173 0.175043
-1.14952 0.16154
-1.09465 0.163753
-1.10014 0.148579
-1.00137 0.114799
-0.962963 0.103916
-0.930041 0.0745163
-0.891632 0.0616456
-0.919067 0.0576263
-0.962963 0.077542
-0.941015 0.10929
-0.930041 0.100408
-1.01235 0.105692
-0.990398 0.163753
-0.984911 0.170482
-0.957476 0.0869805
-0.930041 0.098677
-0.951989 0.077542
-0.979424 0.10929
-0.962963 0.124283
-0.979424 0.128182
-1.03429 0.112948
-1.06173 0.126225
-1.04527 0.114799
-1.07819 0.179664
-1.13855 0.138192
-0.946502 0.126225
-0.875171 0.0952599
-0.930041 0.080628
-0.935528 0.0952599
-1.00686 0.0902471
-0.951989 0.091903
-0.941015 0.0550221
-0.973937 0.033285
-1.03978 0.0563167
-1.01783 0.058951
-1.04527 0.0821935
-1.00137 0.0952599
-0.979424 0.0935739
-1.03978 0.0715507
-0.91358 0.0342936
-0.891632 0.0257583
-0.946502 0.0395622
-0.962963 0.0406611
-0.946502 0.0123457
-1.02332 0.0155822
-1.05624 0.00286203
-0.962963 0.0105844
-0.864198 0.0135951
-0.924554 0.00347922
-0.951989 0.00117605
-0.908093 0.000829819
-0.990398 0.00700172
-1.01235 0.00746837
-1.00686 0.00381039
-0.962963 4.70419e-05
-0.875171 0.00158249
-0.941015 0.00180829
-0.91358 0.00655012
-0.951989 0.00286203
-0.886145 0.000227683
-0.792867 9.22021e-05
-0.814815 0.00347922
-0.891632 0.0100275
-0.995885 0.0100275
-0.990398 0.0155822
-0.962963 0.019195
-0.96845 0.0123457
-1.02881 0.0142424
-1.05624 0.0142424
-0.995885 0.0429041
-1.01783 0.0886063
-1.02332 0.116666
-1.00137 0.0790775
-1.05075 0.0886063
-1.00686 0.0700906
-0.973937 0.073026
-0.886145 0.0487749
-0.880658 0.0303496
-0.853224 0.0935739
-0.941015 0.0821935
-0.995885 0.0487749
-0.979424 0.0384784
-0.880658 0.0463814
-1.00137 0.0406611
-0.979424 0.0363559
-0.941015 0.0395622
-0.973937 0.0563167
-0.930041 0.0760216
-1.03429 0.128182
-0.891632 0.0952599
-0.979424 0.13616
-1.01783 0.13616
-1.01783 0.168224
-0.973937 0.142302
-0.995885 0.154992
-0.979424 0.148579
-0.919067 0.098677
-0.880658 0.0869805
-0.880658 0.080628
-0.957476 0.0952599
-0.990398 0.138192
-1.00137 0.120444
-1.01235 0.107483
-1.15501 0.142302
-1.13306 0.124283
-1.06722 0.102154
-0.984911 0.0886063
-0.973937 0.091903
-0.962963 0.0715507
-1.01783 0.0452073
-1.05624 0.0303496
-1.01235 0.0215433
-0.990398 0.0257583
-0.957476 0.0129629
-0.946502 0.0257583
-1.03429 0.00844685
-0.951989 0.0100275
-0.962963 0.00746837
-0.946502 0.0111565
-0.91358 0.0155822
-0.847737 0.0129629
-0.875171 0.0353172
-0.891632 0.0294012
-0.941015 0.0512286
-0.858711 0.0837741
-0.951989 0.0902471
-1.01235 0.0790775
-0.902606 0.0902471
-0.995885 0.112948
-1.02881 0.116666
-1.00686 0.112948
-0.908093 0.0537426
-1.1166 0.0524781
-1.00137 0.0563167
-0.973937 0.0429041
-0.930041 0.0215433
-0.924554 0.019195
-0.946502 0.0294012
-0.891632 0.0429041
-0.869684 0.0384784
-0.919067 0.0384784
-1.05075 0.0686454
-0.946502 0.0374096
-0.951989 0.0169821
-1.04527 0.0275496
-1.07819 0.0353172
-1.06173 0.0215433
-1.03429 0.0512286
-0.951989 0.0429041
-0.875171 0.0395622
-0.946502 0.0429041
-0.979424 0.0284679
-0.897119 0.0275496
-0.957476 0.033285
-0.891632 0.0374096
-0.891632 0.0322914
-0.820302 0.0499943
-0.91358 0.058951
-0.919067 0.0512286
-0.990398 0.0700906
-0.96845 0.0395622
-0.886145 0.0294012
-0.946502 0.0105844
-0.941015 0.0215433
-0.935528 0.058951
-0.886145 0.058951
-0.84225 0.0429041
-0.91358 0.0406611
-0.880658 0.0303496
-0.957476 0.0429041
-0.990398 0.0177047
-0.930041 0.00795008
-1.01235 0.00746837
-1.01235 0.00137174
-0.924554 0.0031631
-0.924554 0.000318003
-1.00686 1.69351e-05
-1.02881 0.000423377
-0.919067 0.00489424
-0.962963 0.000829819
-0.990398 1.88168e-06
-0.908093 0.000995407
-0.957476 0.000679285
-0.984911 1.88168e-06
-0.96845 0.00257602
-0.946502 9.22021e-05
-1.07819 4.70419e-05
-0.957476 0.00286203
-0.973937 0.000152416
-1.01783 0.00137174
-0.990398 0.000543804
-0.902606 0.00286203
-0.908093 0.0155822
-0.919067 0.00415662
-0.930041 0.00257602
-0.984911 0.00257602
-0.979424 0.000227683
-1.00686 9.22021e-05
-1.01235 0.00230505
-0.962963 0.000829819
-0.96845 0.000995407
-0.962963 0.000543804
-0.91358 0.000423377
-0.886145 0.00204915
-0.946502 0.00795008
-0.858711 0.000423377
-0.858711 4.70419e-05
-0.962963 0.0105844
-0.957476 0.00117605
-0.886145 0.00795008
-1.01783 0.0117435
-0.930041 0.019195
-0.96845 0.00655012
-1.04527 0.0363559
-0.847737 0.0215433
-0.880658 0.019195
-0.91358 0.0550221
-0.924554 0.0353172
-0.930041 0.0374096
-0.946502 0.0322914
-0.858711 0.0322914
-0.951989 0.0111565
-1.01235 0.00948553
-0.941015 0.00347922
-0.91358 0.00381039
-0.880658 0.000318003
-0.91358 0.0100275
-0.891632 0.0155822
-0.858711 0.00257602
-0.864198 0.000829819
-0.869684 0.0155822
-0.96845 0.000829819
-0.946502 0.000543804
-0.908093 0.00795008
-0.979424 0.00746837
-1.04527 0.0231841
-1.06173 0.0266464
-1.09465 0.0177047
-1.06173 0.0149048
-1.08368 0.0111565
-1.06173 0.00286203
-1.00686 0.000543804
-1.00686 0.00158249
-0.951989 9.22021e-05
-1.00137 0.0031631
-0.930041 0.0031631
-1.03429 0.0162746
-1.01235 0.0417751
-1.05624 0.00948553
-0.990398 0.00180829
-1.02332 0.000543804
-0.96845 0.00451791
-0.941015 0.0105844
-0.957476 0.0248852
-0.957476 0.019195
-0.951989 0.0207455
-0.984911 0.0177047
-0.875171 0.0207455
-0.946502 0.0353172
-1.01783 0.0303496
-0.875171 0.0135951
-1.00686 0.0100275
-1.05624 0.00286203
-1.01783 0.000829819
-1.02332 0.000423377
-0.946502 4.70419e-05
-1.01235 0.000995407
-1.0727 0.0105844
-0.973937 0.00415662
-0.91358 0.00415662
-1.01783 0.00569207
-1.02332 0.00528563
-1.03429 0.0169821
-1.04527 0.0169821
-1.05075 0.019195
-1.03978 0.0257583
-0.935528 0.0142424
-0.924554 0.00451791
-0.902606 0.0135951
-0.897119 0.00137174
-0.902606 0.00257602
-0.847737 0.00204915
-0.853224 0.00347922
-0.951989 0.0135951
-0.984911 0.00895866
-0.995885 0.0215433
-0.946502 0.0177047
-0.941015 0.0129629
-1.02332 0.0576263
-0.891632 0.0463814
-1.02332 0.0644004
-0.902606 0.0487749
-0.875171 0.0294012
-0.91358 0.0322914
-0.864198 0.00948553
-0.836763 0.00655012
-0.820302 0.00381039
-0.792867 0.000995407
-0.864198 0.000995407
-0.864198 0.000679285
-0.951989 0.00569207
-0.957476 0.00451791
-0.935528 0.00795008
-0.924554 0.0199627
-0.919067 0.0223562
-0.908093 0.0105844
-1.05075 0.0169821
-1.03978 0.031313
-1.08916 0.0275496
-1.06173 0.00489424
-1.0727 0.00286203
-1.04527 0.00257602
-1.02332 0.000829819
-1.02332 0.000829819
-0.957476 0.00158249
-0.979424 0.00230505
-0.91358 0.00286203
-1.00137 0.00569207
-0.984911 0.00611357
-1.02332 0.0162746
-1.07819 0.0512286
-1.15501 0.0452073
-1.05624 0.0429041
-1.07819 0.0199627
-1.10014 0.0353172
-1.11111 0.0429041
-1.01783 0.0284679
-0.995885 0.0353172
-1.01235 0.0353172
-0.995885 0.0563167
-1.03429 0.0223562
-0.979424 0.0184423
-0.91358 0.0363559
-0.902606 0.0374096
-0.891632 0.031313
-0.847737 0.0240271
-0.946502 0.0452073
-0.946502 0.0686454
-0.979424 0.0658003
-0.919067 0.0563167
-0.91358 0.0475707
-0.902606 0.0342936
-0.902606 0.0475707
-0.831276 0.0129629
-0.951989 0.0602908
-1.03429 0.0745163
-1.04527 0.132141
-1.0727 0.10929
-1.13855 0.130154
-1.07819 0.0869805
-0.990398 0.0715507
-1.09465 0.0576263
-1.05075 0.0374096
-1.05075 0.0223562
-0.91358 0.0155822
-0.973937 0.000679285
-1.0727 1.69351e-05
-1.08916 0.000152416
-1.08368 0.000829819
-1.08368 0.000227683
-1.05624 1.88168e-06
-1.14403 0.000152416
-1.1166 1.88168e-06
-0.973937 0.000679285
-0.962963 0.00451791
-0.951989 0.0105844
-1.00686 0.0149048
-0.946502 0.0169821
-1.00686 0.019195
-1.02332 0.0294012
-1.02881 0.0406611
-0.990398 0.0342936
-0.96845 0.0452073
-0.957476 0.0616456
-0.935528 0.073026
-0.957476 0.0602908
-0.984911 0.0440482
-0.951989 0.0303496
-0.951989 0.0429041
-0.946502 0.0672154
-0.831276 0.080628
-0.946502 0.118547
-0.984911 0.0715507
-1.03429 0.0672154
-0.941015 0.0499943
-0.951989 0.0576263
-0.919067 0.0417751
-0.957476 0.0100275
-0.962963 0.0199627
-1.00686 0.0142424
-0.858711 0.0117435
-0.814815 0.00347922
-0.946502 0.00895866
-1.00137 0.033285
-1.04527 0.0524781
-1.00686 0.0463814
-1.01783 0.0902471
-1.02332 0.091903
-1.00686 0.0550221
-0.880658 0.0266464
-0.979424 0.0248852
-0.962963 0.0322914
-0.957476 0.0550221
-0.984911 0.0658003
-0.984911 0.080628
-1.03429 0.0715507
-0.962963 0.0475707
-0.957476 0.0100275
-0.919067 0.0266464
-1.02881 0.0248852
-1.02881 0.0616456
-1.00137 0.091903
-0.858711 0.0644004
-0.875171 0.0935739
-0.941015 0.134143
-0.935528 0.107483
-1.00137 0.168224
-1.08916 0.196313
-0.962963 0.146472
-1.05624 0.132141
-0.984911 0.111111
-1.01783 0.105692
-0.979424 0.152839
-0.951989 0.13616
-0.957476 0.112948
-1.04527 0.142302
-1.10014 0.170482
-1.06722 0.198752
-1.0727 0.19389
-1.03429 0.198752
-1.06722 0.175043
-1.03429 0.179664
-0.924554 0.181998
-1.00686 0.191481
-1.03978 0.150702
-1.03429 0.13616
-1.09465 0.142302
-0.946502 0.0952599
-1.06173 0.091903
-0.984911 0.0886063
-1.06722 0.0790775
-1.01783 0.118547
-1.04527 0.146472
-0.962963 0.111111
-0.990398 0.0686454
-0.984911 0.0463814
-0.935528 0.0429041
-0.902606 0.0123457
-0.962963 0.0155822
-0.891632 0.0155822
-0.891632 0.00230505
-0.858711 0.0199627
-0.853224 0.0142424
-0.809328 0.0129629
-0.875171 0.0294012
-0.951989 0.0395622
-0.864198 0.0395622
-0.96845 0.0475707
-1.03978 0.0374096
-0.979424 0.0452073
-0.957476 0.0463814
-1.02332 0.058951
-1.06722 0.0672154
-1.12209 0.091903
-1.11111 0.10929
-1.08916 0.114799
-1.11111 0.10929
-1.12757 0.10929
-1.17147 0.13616
-1.0727 0.191481
-1.10014 0.138192
-1.1166 0.134143
-1.08368 0.170482
-1.01783 0.144379
-1.01783 0.122356
-0.979424 0.126225
-0.979424 0.112948
-1.03978 0.114799
-1.03429 0.098677
-1.00137 0.091903
-1.03978 0.073026
-1.03429 0.0395622
-1.02332 0.0512286
-0.957476 0.019195
-0.973937 0.00948553
-0.979424 0.00655012
-1.03978 0.000679285
-0.979424 0.00204915
-0.919067 0.00230505
-0.979424 0.00415662
-1.03978 0.00489424
-0.941015 0.00137174
-1.00137 0.019195
-0.973937 0.0184423
-1.04527 0.0149048
-0.990398 0.0135951
-0.941015 0.0031631
-0.973937 0.00528563
-0.995885 9.22021e-05
-0.995885 0.00117605
-1.01235 0.00180829
-0.995885 1.88168e-06
-1.03429 0.0162746
-1.01235 0.00746837
-1.00686 0.00257602
-0.84225 0.000829819
-0.897119 0.00180829
-0.941015 0.00489424
-0.908093 0.00230505
-0.886145 0.000152416
-0.836763 0.00286203
-0.886145 0.00257602
-0.891632 0.00569207
-0.951989 0.0105844
-0.957476 0.00700172
-0.962963 0.00948553
-1.02332 0.00948553
-0.951989 0.00117605
-1.01783 0.00137174
-0.930041 0.0149048
-0.941015 0.0342936
-0.984911 0.0475707
-1.06173 0.0231841
-0.875171 0.0207455
-0.798354 0.0184423
-0.908093 0.0790775
-0.984911 0.0550221
-1.00137 0.0658003
-0.924554 0.0512286
-0.990398 0.0499943
-0.946502 0.0630155
-1.03429 0.0821935
-0.902606 0.0672154
-1.01783 0.0837741
-1.01235 0.0869805
-1.01783 0.0700906
-1.06173 0.073026
-1.05624 0.0452073
-1.00137 0.0184423
-1.02881 0.00700172
-1.00686 0.031313
-0.973937 0.0117435
-1.01783 0.0215433
-0.924554 0.00158249
-0.979424 0.00117605
-0.946502 0.00746837
-1.00686 0.00415662
-0.935528 0.00948553
-1.01783 0.0117435
-0.924554 0.0417751
-1.00686 0.0395622
-0.924554 0.0284679
-0.897119 0.0105844
-0.941015 0.0155822
-0.853224 0.0616456
-1.00137 0.0700906
-1.01783 0.0563167
-0.897119 0.0417751
-1.00137 0.0853698
-0.995885 0.0902471
-0.897119 0.0821935
-0.935528 0.0902471
-0.990398 0.058951
-0.962963 0.0199627
-1.02881 0.0100275
-1.01783 0.00895866
-1.00137 0.0231841
-0.924554 0.0322914
-0.91358 0.0487749
-0.875171 0.0294012
-1.00686 0.0342936
-0.930041 0.0576263
-0.979424 0.111111
-0.897119 0.10929
-0.858711 0.120444
-0.96845 0.13616
-0.930041 0.140239
-0.946502 0.2137
-1.00137 0.186709
-0.908093 0.16154
-0.84225 0.105692
-1.00686 0.13616
-1.03429 0.116666
-0.979424 0.118547
-0.847737 0.13616
-0.935528 0.165981
-0.908093 0.132141
-0.995885 0.10929
-0.864198 0.0672154
-0.935528 0.0440482
-0.990398 0.0760216
-0.984911 0.118547
-1.10014 0.13616
-1.06722 0.126225
-1.06173 0.0869805
-0.973937 0.0952599
-0.962963 0.112948
-1.00686 0.098677
-0.946502 0.0790775
-1.03978 0.0487749
-1.06173 0.0576263
-1.00686 0.0512286
-1.02332 0.0363559
-1.06173 0.0406611
-0.957476 0.0275496
-0.941015 0.0284679
-0.984911 0.0322914
-1.01235 0.0284679
-0.973937 0.0658003
-0.995885 0.0837741
-0.973937 0.077542
-0.941015 0.0658003
-0.897119 0.0512286
-1.00137 0.0745163
-0.96845 0.0384784
-0.924554 0.0275496
-0.924554 0.00655012
-1.03978 0.0031631
-1.01783 9.22021e-05
-0.979424 0.00117605
-0.973937 0.00948553
-0.941015 0.0142424
-0.979424 0.00204915
-0.957476 0.00489424
-0.825789 0.00451791
-0.770919 0.00489424
-0.924554 0.0155822
-0.891632 0.0207455
-0.858711 0.0215433
-0.853224 0.00655012
-0.858711 0.00746837
-0.930041 0.00286203
-0.96845 0.00569207
-1.10014 0.0177047
-0.919067 0.0177047
-0.869684 0.0322914
-0.836763 0.0512286
-0.891632 0.0644004
-0.941015 0.0700906
-0.919067 0.0563167
-0.930041 0.0363559
-0.84225 0.0384784
-0.935528 0.0342936
-0.984911 0.0149048
-0.962963 0.00286203
-0.995885 0.000152416
-1.01783 0.00347922
-0.847737 0.00611357
-0.831276 0.00230505
-0.924554 0.0135951
-0.924554 0.00746837
-0.962963 0.0215433
-1.00137 0.00895866
-0.935528 0.0129629
-0.941015 0.00137174
-0.858711 0.0111565
-0.946502 0.00230505
-0.902606 0.000829819
-0.853224 0.000829819
-0.820302 0.000829819
-0.902606 0.000318003
-0.831276 0.000152416
-0.776406 4.70419e-05
-0.930041 0.00489424
-0.858711 0.00611357
-0.91358 0.0303496
-0.91358 0.0475707
-1.11111 0.0537426
-1.05624 0.107483
-1.02332 0.102154
-1.11111 0.120444
-1.08916 0.138192
-1.04527 0.112948
-1.10014 0.098677
-0.973937 0.058951
-0.864198 0.0353172
-0.864198 0.0821935
-0.924554 0.112948
-1.00686 0.140239
-1.09465 0.189088
-1.10562 0.181998
-1.14952 0.172755
-1.06722 0.0935739
-1.01783 0.0869805
-1.11111 0.0821935
-1.00686 0.0821935
-1.13306 0.0869805
-1.05624 0.0658003
-1.07819 0.100408
-1.05075 0.0715507
-1.09465 0.0616456
-1.07819 0.098677
-1.16598 0.0969609
-1.05075 0.0821935
-0.990398 0.0869805
-0.973937 0.0700906
-0.908093 0.0429041
-1.02332 0.0686454
-0.962963 0.0563167
-0.924554 0.0686454
-0.897119 0.0417751
-0.930041 0.0363559
-0.825789 0.0602908
-0.781893 0.0223562
-0.858711 0.0576263
-0.770919 0.0452073
-0.831276 0.0257583
-0.875171 0.0162746
-0.946502 0.0155822
-0.946502 0.0149048
-1.05075 0.0294012
-1.07819 0.0353172
-1.06722 0.058951
-1.18244 0.107483
-1.1166 0.0686454
-1.1166 0.0837741
-0.984911 0.073026
-1.01783 0.0672154
-1.16049 0.105692
-1.06722 0.0821935
-1.08916 0.0902471
-0.995885 0.0616456
-1.02332 0.0487749
-1.08916 0.0760216
-1.02881 0.0700906
-1.05075 0.0616456
-0.984911 0.0499943
-0.973937 0.0406611
-0.941015 0.0322914
-0.962963 0.080628
-0.941015 0.0644004
-0.919067 0.0602908
-0.941015 0.0499943
-0.858711 0.0266464
-0.924554 0.0512286
-0.957476 0.0142424
-0.858711 0.0155822
-0.869684 0.0374096
-0.935528 0.0499943
-0.96845 0.0616456
-1.02881 0.098677
-1.09465 0.0902471
-0.962963 0.0969609
-1.01235 0.091903
-1.02881 0.0969609
-1.0727 0.0952599
-0.951989 0.073026
-0.919067 0.058951
-0.902606 0.0524781
-0.902606 0.0760216
-0.941015 0.0969609
-0.941015 0.0821935
-1.00686 0.0886063
-0.869684 0.0537426
-0.84225 0.080628
-0.858711 0.091903
-0.908093 0.0700906
-0.924554 0.0790775
-0.941015 0.0524781
-0.935528 0.0353172
-0.957476 0.031313
-0.962963 0.0240271
-0.995885 0.0266464
-1.01235 0.0248852
-0.957476 0.0231841
-0.951989 0.0215433
-0.990398 0.00844685
-1.00137 0.0111565
-0.995885 0.00948553
-0.979424 0.00948553
-0.962963 0.0111565
-0.908093 0.019195
-0.935528 0.0111565
-0.946502 0.00655012
-1.05075 0.0162746
-0.957476 0.00611357
-0.891632 0.00381039
-0.78738 0.000423377
-0.897119 0.0199627
-0.995885 0.0105844
-0.930041 0.000423377
-0.951989 0.00137174
-0.946502 0.00948553
-0.880658 0.0031631
-0.902606 0.000543804
-0.880658 0.00257602
-0.930041 0.0240271
-0.875171 0.0184423
-0.836763 0.0149048
-0.951989 0.0353172
-1.01783 0.0537426
-0.979424 0.0952599
-1.00686 0.0886063
-1.02332 0.0686454
-0.962963 0.0821935
-0.880658 0.073026
-0.957476 0.107483
-0.891632 0.118547
-1.05624 0.184346
-1.07819 0.179664
-1.03429 0.114799
-1.03978 0.140239
-1.08368 0.163753
-1.09465 0.234474
-1.00686 0.154992
-1.05075 0.218803
-1.00686 0.211171
-1.00686 0.114799
-1.03978 0.103916
-1.04527 0.134143
-1.00137 0.16154
-1.02332 0.163753
-0.979424 0.111111
-1.02332 0.130154
-0.902606 0.10929
-0.984911 0.0658003
-0.990398 0.0902471
-0.930041 0.0384784
-0.962963 0.0322914
-0.957476 0.0395622
-0.935528 0.0440482
-0.853224 0.0563167
-0.864198 0.0745163
-0.930041 0.091903
-0.935528 0.0952599
-1.00686 0.0630155
-0.941015 0.0512286
-1.03429 0.0616456
-0.908093 0.0537426
-1.00686 0.0700906
-0.930041 0.0790775
-1.01783 0.107483
-0.891632 0.114799
-1.03978 0.154992
-0.984911 0.154992
-0.973937 0.159342
-0.951989 0.146472
-0.984911 0.163753
-0.995885 0.126225
-0.941015 0.102154
-0.919067 0.0869805
-0.919067 0.0672154
-1.00686 0.0760216
-0.941015 0.0602908
-0.853224 0.058951
-0.880658 0.0869805
-1.00686 0.122356
-1.00686 0.0853698
-1.00137 0.10929
-0.984911 0.0952599
-0.984911 0.116666
-0.935528 0.148579
-0.941015 0.091903
-0.930041 0.0658003
-0.902606 0.0644004
-1.02332 0.0487749
-0.946502 0.073026
-1.04527 0.0602908
-1.06173 0.0616456
-0.995885 0.073026
-0.935528 0.0630155
-0.902606 0.0537426
-0.935528 0.0630155
-0.946502 0.0537426
-0.957476 0.0644004
-1.02332 0.0169821
-0.941015 0.0215433
-1.00137 0.0303496
-0.979424 0.019195
-0.962963 0.0303496
-0.924554 0.0248852
-0.962963 0.00948553
-1.01783 0.0266464
-0.902606 0.0240271
-0.962963 0.0576263
-0.96845 0.0550221
-1.01783 0.0550221
-1.00686 0.0487749
-0.990398 0.0374096
-0.902606 0.0602908
-0.809328 0.0853698
-0.886145 0.0658003
-0.962963 0.0760216
-0.897119 0.0644004
-0.951989 0.0715507
-0.924554 0.0512286
-0.995885 0.0700906
-1.08368 0.091903
-0.962963 0.0790775
-1.02881 0.0869805
-1.03429 0.0745163
-0.990398 0.0576263
-1.03429 0.0524781
-0.962963 0.0294012
-0.946502 0.0363559
-1.00686 0.0199627
-1.06722 0.0100275
-0.990398 0.00569207
-1.05624 0.00795008
-1.01783 0.00795008
-0.902606 0.00230505
-0.924554 0.0123457
-0.935528 0.0440482
-0.858711 0.0790775
-1.01783 0.0672154
-0.880658 0.0686454
-0.924554 0.073026
-0.984911 0.0902471
-0.995885 0.0524781
-1.03978 0.0952599
-1.02332 0.0452073
-0.979424 0.0475707
-0.96845 0.0672154
-0.979424 0.0374096
-0.995885 0.0248852
-0.902606 0.00948553
-1.01235 0.0149048
-1.01235 0.0100275
-1.13306 0.0223562
-0.96845 0.0384784
-0.973937 0.0363559
-0.990398 0.0100275
-1.03978 0.00746837
-0.930041 0.00286203
-0.930041 0.000995407
-0.984911 0.00257602
-0.891632 0.00700172
-0.941015 0.00117605
-0.847737 0.000318003
-0.941015 0.000152416
-0.946502 0.00158249
-1.00686 0.000423377
-1.02881 0.00347922
-1.02881 9.22021e-05
-0.951989 0.00230505
-1.03978 0.00746837
-1.06173 0.00655012
-1.09465 0.00489424
-1.07819 0.0031631
-0.957476 0.000227683
-0.908093 0.00451791
-0.902606 0.000829819
-0.924554 0.00117605
-0.880658 0.000318003
-0.973937 0.000423377
-0.897119 0.00137174
-0.935528 0.000543804
-0.984911 0.000995407
-1.02332 0.0223562
-1.03429 0.0177047
-1.08368 0.00844685
-1.06173 0.0162746
-1.00686 0.0395622
-1.08368 0.0537426
-0.979424 0.0429041
-0.886145 0.0487749
-0.902606 0.0155822
-0.951989 0.00528563
-1.05075 0.00257602
-0.91358 0.0031631
-0.962963 0.000679285
-1.03429 0.00611357
-1.04527 0.00795008
-0.990398 0.000829819
-0.995885 0.00451791
-1.05075 0.00655012
-1.06173 0.00451791
-0.979424 0.00611357
-1.00686 0.00700172
-0.946502 0.0117435
-1.00686 0.0177047
-0.91358 0.019195
-0.864198 0.0162746
-1.00686 0.0223562
-0.941015 0.0223562
-1.00137 0.0135951
-1.05075 0.00655012
-1.02332 0.00611357
-0.891632 0.00381039
-0.891632 0.0215433
-0.941015 0.0342936
-0.973937 0.0406611
-0.941015 0.0499943
-0.990398 0.0644004
-0.96845 0.0240271
-0.858711 0.0207455
-0.91358 0.0149048
-0.941015 0.00528563
-0.836763 0.00451791
-0.875171 0.000995407
-0.908093 0.0031631
-0.91358 1.88168e-06
-0.935528 0.000318003
-0.957476 0.00257602
-0.935528 0.000423377
-0.902606 0.000423377
-0.875171 0.00158249
-0.721536 0.00180829
-0.869684 0.00489424
-0.946502 0.00844685
-0.891632 0.0275496
-0.902606 0.0284679
-0.946502 0.0563167
-0.995885 0.0672154
-1.02332 0.0745163
-0.957476 0.0658003
-0.973937 0.0353172
-0.941015 0.0223562
-1.03978 0.0374096
-1.00686 0.0374096
-0.96845 0.0294012
-0.990398 0.0512286
-0.979424 0.0745163
-0.951989 0.073026
-1.08368 0.0935739
-1.01783 0.0452073
-1.10562 0.0602908
-1.06173 0.0342936
-1.00686 0.0284679
-1.04527 0.0406611
-1.02332 0.0644004
-1.06722 0.0952599
-0.979424 0.0969609
-0.990398 0.118547
-1.12209 0.124283
-1.03978 0.0869805
-1.00686 0.0658003
-1.0727 0.0440482
-1.00137 0.0353172
-0.995885 0.0257583
-1.04527 0.0199627
-0.941015 0.0199627
-0.990398 0.0135951
-1.03429 0.0207455
-1.05624 0.0294012
-1.0727 0.0199627
-1.03978 0.00569207
-1.05075 0.0123457
-0.973937 0.00117605
-0.990398 0.000543804
-1.01235 0.00204915
-0.946502 0.00137174
-0.962963 0.0162746
-0.84225 0.0100275
-0.825789 0.0149048
-0.91358 0.0322914
-0.96845 0.033285
-0.946502 0.0440482
-0.96845 0.0395622
-1.06722 0.0231841
-0.902606 0.0184423
-0.836763 0.0149048
-0.792867 0.0342936
-0.886145 0.0406611
-0.792867 0.0384784
-0.924554 0.0184423
-0.869684 0.0169821
-0.886145 0.0240271
-0.935528 0.00746837
-0.919067 0.00257602
-0.946502 4.70419e-05
-0.990398 0.00381039
-0.858711 0.00286203
-0.902606 0.00230505
-0.809328 0.00569207
-0.919067 0.00257602
-0.930041 0.00286203
-0.886145 0.00204915
-0.864198 0.000423377
-0.930041 0.000543804
-0.897119 9.22021e-05
-0.957476 0.000995407
-1.04527 0.00569207
-0.946502 0.00286203
-0.897119 0.00158249
-0.96845 0.00795008
-0.979424 0.0177047
-0.973937 0.0135951
-1.00137 0.0223562
-0.930041 0.0223562
-1.00686 0.0207455
-0.995885 0.0169821
-0.831276 0.0177047
-0.908093 0.0207455
-0.962963 0.00844685
-0.951989 0.000829819
-0.96845 0.00700172
-0.995885 0.0142424
-0.984911 0.0142424
-0.897119 0.0111565
-0.96845 0.0100275
-0.924554 0.00700172
-1.04527 0.00286203
-1.06173 0.00257602
-1.08916 0.0111565
-1.02881 0.0135951
-0.946502 0.0177047
-0.891632 0.0215433
-1.00137 0.0463814
-0.930041 0.0672154
-0.941015 0.0760216
-1.08368 0.0837741
-0.941015 0.0463814
-0.973937 0.0322914
-1.0727 0.0563167
-1.05075 0.0512286
-0.979424 0.0257583
-0.941015 0.0199627
-0.84225 0.0162746
-0.919067 0.00844685
-0.891632 0.00746837
-0.979424 0.00381039
-1.03978 0.000995407
-1.04527 9.22021e-05
-0.957476 0.000227683
-0.951989 0.000318003
-0.951989 0.000995407
-1.01783 0.00286203
-0.957476 0.00795008
-0.957476 0.0135951
-1.00137 0.0248852
-0.962963 0.0135951
-0.995885 0.0715507
-1.08916 0.0935739
-1.03978 0.0658003
-1.02881 0.0602908
-0.935528 0.0294012
-0.957476 0.0524781
-1.01783 0.0853698
-1.07819 0.098677
-1.06173 0.0715507
-1.02332 0.0440482
-1.00686 0.0322914
-1.02332 0.0499943
-0.946502 0.058951
-0.984911 0.0524781
-1.03978 0.0499943
-0.96845 0.0550221
-0.984911 0.0499943
-1.06173 0.0512286
-1.02332 0.0869805
-1.06722 0.0821935
-0.973937 0.0760216
-1.05624 0.073026
-1.05624 0.100408
-0.990398 0.0886063
-0.984911 0.080628
-0.990398 0.0395622
-1.01783 0.0512286
-0.979424 0.0658003
-0.930041 0.0745163
-1.06722 0.080628
-1.00137 0.128182
-1.06722 0.107483
-1.02332 0.140239
-1.02881 0.138192
-0.995885 0.073026
-1.04527 0.0395622
-0.995885 0.0184423
-0.979424 0.0342936
-0.979424 0.0169821
-0.990398 0.0105844
-0.96845 0.0105844
-1.02332 0.0215433
-0.96845 0.0284679
-1.01783 0.0303496
-1.05624 0.0463814
-1.1166 0.0322914
-1.02881 0.00381039
-0.869684 0.000829819
-0.930041 9.22021e-05
-0.962963 0.00451791
-0.924554 0.00489424
-0.897119 0.0105844
-1.0727 0.0275496
-1.01235 0.0322914
-1.06722 0.0524781
-1.06173 0.0700906
-1.06173 0.0487749
-0.930041 0.0417751
-0.84225 0.0524781
-0.919067 0.0463814
-0.941015 0.0342936
-0.973937 0.0199627
-1.01783 0.033285
-1.07819 0.0207455
-1.00137 0.0117435
-0.995885 0.00117605
-0.951989 0.000829819
-0.858711 0.000227683
-0.908093 0.00137174
-0.962963 0.00347922
-0.951989 1.69351e-05
-1.03429 1.69351e-05
-1.03429 0.00415662
-1.01783 0.00844685
-0.995885 0.0111565
-1.00686 0.00948553
-0.96845 0.0142424
-0.924554 0.00286203
-0.897119 0.00569207
-0.908093 0.0031631
-0.908093 1.88168e-06
-0.880658 1.88168e-06
-0.798354 0.00655012
-0.864198 0.0142424
-0.869684 0.0353172
-0.886145 0.0111565
-0.908093 0.00655012
-0.919067 0.00895866
-0.941015 0.0135951
-0.957476 0.0452073
-1.04527 0.0499943
-0.924554 0.0429041
-0.897119 0.0303496
-0.919067 0.0223562
-0.91358 0.00257602
-0.957476 0.00489424
-0.897119 9.22021e-05
-0.946502 1.88168e-06
-0.935528 0.00415662
-0.935528 4.70419e-05
-0.995885 0.00347922
-0.995885 0.000318003
-1.03429 0.000829819
-0.902606 0.000152416
-0.831276 0.00286203
-0.930041 0.00528563
-0.84225 0.000543804
-0.809328 1.88168e-06
-0.847737 0.00655012
-0.891632 0.00451791
-0.91358 0.00286203
-0.990398 0.00451791
-1.02332 0.00528563
-0.951989 0.00489424
-0.935528 0.00117605
-0.946502 0.000318003
-1.00686 0.000679285
-1.01235 0.00137174
-0.919067 0.000152416
-0.941015 0.00844685
-0.869684 0.0142424
-0.869684 0.0284679
-0.864198 0.00746837
-0.836763 0.00415662
-0.831276 0.00569207
-0.803841 0.00489424
-0.820302 0.000543804
-0.930041 0.00795008
-0.880658 0.00415662
-0.836763 0.000318003
-0.836763 0.000829819
-0.886145 0.00700172
-0.979424 0.00230505
-0.919067 0.000318003
-1.03978 0.00158249
-0.924554 0.00795008
-0.957476 0.0100275
-0.951989 0.00528563
-0.96845 0.000543804
-0.935528 0.0031631
-1.0727 0.00895866
-1.01783 0.00415662
-1.01783 0.00795008
-0.96845 0.00204915
-0.886145 0.000227683
-0.864198 9.22021e-05
-0.880658 0.0100275
-0.941015 0.0406611
-1.03429 0.0952599
-1.10014 0.13616
-1.03429 0.13616
-0.957476 0.111111
-1.01235 0.154992
-0.946502 0.120444
-0.962963 0.0952599
-0.91358 0.111111
-0.946502 0.111111
-0.930041 0.0760216
-0.957476 0.0169821
-0.897119 0.0123457
-0.858711 0.0135951
-0.858711 0.0105844
-0.919067 0.031313
-0.853224 0.0487749
-0.875171 0.0303496
-0.919067 0.0374096
-0.869684 0.0353172
-0.951989 0.0240271
-0.886145 0.0155822
-0.91358 0.0284679
-0.908093 0.0207455
-0.902606 0.033285
-0.919067 0.00700172
-0.919067 0.00347922
-0.973937 0.00895866
-1.01235 0.0184423
-0.946502 0.0105844
-1.00686 0.00257602
-0.973937 1.69351e-05
-0.995885 4.70419e-05
-1.02332 0.000152416
-0.96845 0.00451791
-0.990398 0.00746837
-0.951989 0.00451791
-0.858711 9.22021e-05
-0.875171 0.000227683
-0.84225 0.000227683
-0.809328 0.00347922
-0.869684 0.000227683
-0.792867 0.00415662
-0.946502 0.0177047
-0.995885 0.00655012
-1.06173 0.0248852
-0.96845 0.0162746
-1.02332 0.0275496
-0.935528 0.0294012
-0.984911 0.0672154
-1.04527 0.0715507
-0.995885 0.0576263
-1.00686 0.0686454
-0.990398 0.0463814
-0.897119 0.0303496
-0.990398 0.0417751
-0.919067 0.0284679
-0.962963 0.0563167
-0.957476 0.0303496
-0.962963 0.0135951
-0.919067 0.00415662
-0.91358 0.00180829
-0.951989 0.00286203
-0.886145 0.0031631
-0.84225 0.00746837
-0.908093 0.00489424
-0.973937 0.0031631
-0.869684 0.000679285
-0.957476 4.70419e-05
-0.886145 0.00137174
-0.951989 0.000318003
-0.946502 0.00746837
-0.995885 0.031313
-0.924554 0.0129629
-0.908093 0.00948553
-0.853224 0.0135951
-0.847737 0.0149048
-0.781893 0.0275496
-0.902606 0.0576263
-0.864198 0.0322914
-0.908093 0.0630155
-0.930041 0.0322914
-0.886145 0.0294012
-0.858711 0.0745163
-0.995885 0.0644004
-0.979424 0.0853698
-0.91358 0.0487749
-0.962963 0.0869805
-0.935528 0.0440482
-0.995885 0.031313
-1.05075 0.0162746
-0.979424 0.0155822
-1.10014 0.0452073
-1.05075 0.0248852
-1.05624 0.00569207
-1.14952 0.0342936
-1.09465 0.0463814
-1.06722 0.0207455
-1.07819 0.0199627
-1.05075 0.00795008
-1.02332 0.00347922
-0.979424 0.00117605
-0.957476 0.00204915
-0.957476 0.00286203
-0.957476 0.00347922
-0.908093 1.69351e-05
-0.995885 0.00158249
-0.962963 0.000318003
-1.00686 0.00451791
-0.946502 0.00700172
-0.825789 0.000152416
-0.803841 4.70419e-05
-0.902606 0.000995407
-0.919067 0.0111565
-1.03429 0.0117435
-0.957476 0.0111565
-0.946502 0.0135951
-0.946502 0.00381039
-0.908093 0.00746837
-1.01783 0.00948553
-1.10562 0.0215433
-1.10562 0.0384784
-0.919067 0.0294012
-1.01783 0.0275496
-0.962963 0.0215433
-0.935528 0.0149048
-1.06173 0.0135951
-1.08916 0.0266464
-1.12757 0.0760216
-1.10562 0.0902471
-1.18793 0.103916
-1.02332 0.098677
-1.13306 0.122356
-1.0727 0.120444
-1.00137 0.0935739
-1.07819 0.0935739
-0.897119 0.0275496
-0.809328 0.0257583
-0.919067 0.0111565
-0.891632 0.0105844
-0.91358 0.00948553
-0.924554 0.00569207
-0.902606 0.00895866
-0.995885 0.0231841
-0.951989 0.0275496
-1.0727 0.0384784
-1.07819 0.0223562
-1.00137 0.0257583
-0.957476 0.0240271
-0.990398 0.0406611
-1.02881 0.0240271
-1.01235 0.00611357
-0.924554 0.0162746
-0.875171 0.00844685
-0.930041 0.00137174
-0.908093 0.000423377
-0.91358 0.00415662
-0.809328 0.00286203
-0.973937 0.000543804
-0.886145 0.000543804
-0.781893 0.00257602
-0.897119 0.00204915
-0.935528 0.000318003
-0.897119 0.000679285
-0.935528 0.00569207
-0.902606 0.019195
-0.831276 0.00948553
-0.91358 0.00451791
-0.935528 0.0111565
-1.00137 0.0223562
-1.11111 0.0374096
-1.04527 0.0363559
-1.00686 0.0353172
-0.973937 0.0129629
-1.04527 0.0231841
-1.02881 0.0429041
-0.902606 0.0429041
-0.946502 0.0395622
-0.973937 0.0275496
-1.00686 0.00158249
-0.946502 1.88168e-06
-0.935528 0.00528563
-0.908093 0.00381039
-0.973937 0.000227683
-0.973937 1.88168e-06
-0.96845 0.00844685
-1.04527 0.00746837
-0.930041 0.0100275
-0.891632 0.00451791
-0.836763 0.00569207
-0.84225 0.00948553
-0.853224 0.000227683
-0.897119 0.000227683
-0.941015 0.00489424
-0.886145 0.0231841
-0.858711 0.0162746
-0.886145 0.019195
-0.902606 0.00948553
-0.902606 0.00347922
-0.792867 0.00204915
-0.78738 0.00700172
-0.836763 0.00528563
-0.930041 0.00528563
-0.897119 0.00158249
-0.869684 0.0031631
-0.847737 0.0123457
-0.869684 0.0142424
-0.941015 0.0142424
-1.05624 0.0100275
-1.02881 0.0231841
-0.902606 0.0155822
-1.05624 0.0105844
-0.990398 0.00204915
-1.02332 0.000829819
-1.02332 0.00158249
-1.05624 0.00415662
-1.00137 0.00700172
-1.02332 0.00180829
-0.946502 0.0135951
-1.00686 0.00528563
-0.984911 0.00286203
-1.03429 0.00117605
-0.919067 0.00700172
-0.869684 0.000829819
-0.908093 0.00137174
-1.04527 0.00569207
-1.01235 0.00948553
-1.05624 0.0155822
-1.10014 0.0123457
-1.12209 0.0149048
-0.930041 0.0111565
-0.951989 0.00844685
-0.935528 0.000995407
-0.946502 0.00381039
-1.00686 0.000423377
-0.951989 4.70419e-05
-1.03429 0.00611357
-1.00686 0.00137174
-0.979424 0.00137174
-0.919067 1.88168e-06
-0.973937 4.70419e-05
-0.875171 0.000995407
-0.973937 0.000543804
-0.924554 0.000152416
-0.91358 0.00257602
-0.902606 0.00844685
-0.96845 0.0155822
-1.08368 0.0257583
-1.13306 0.0248852
-1.14952 0.00895866
-1.12209 0.0117435
-0.990398 0.000679285
-1.05624 0.0031631
-1.01235 0.00451791
-1.09465 0.00569207
-1.01783 0.00528563
-1.01783 0.0199627
-0.941015 0.0353172
-1.01235 0.0417751
-1.12209 0.0499943
-1.03429 0.0322914
-1.07819 0.0672154
-1.05075 0.0886063
-1.10562 0.0630155
-1.13306 0.0524781
-0.990398 0.0616456
-1.04527 0.0524781
-1.03429 0.0499943
-0.979424 0.0284679
-1.02332 0.0207455
-1.08916 0.0499943
-1.12757 0.0499943
-1.00686 0.0576263
-1.01235 0.0576263
-0.990398 0.0284679
-0.990398 0.033285
-0.995885 0.0169821
-0.995885 0.0155822
-0.951989 1.69351e-05
-0.869684 0.00381039
-0.957476 0.0105844
-0.973937 0.0169821
-0.995885 0.0129629
-0.957476 0.0275496
-1.02881 0.0199627
-1.06722 0.00844685
-1.10014 0.00795008
-0.973937 0.000423377
-0.946502 0.00158249
-1.00137 0.000227683
-0.792867 0.00286203
-0.897119 0.00180829
-0.941015 1.88168e-06
-1.10562 0.00381039
-1.05624 0.000423377
-1.13855 0.00528563
-1.13306 0.00700172
-1.01235 9.22021e-05
-1.05624 4.70419e-05
-1.03429 1.88168e-06
-0.91358 0.000423377
-1.02332 0.000829819
-1.04527 9.22021e-05
-1.09465 0.000995407
-0.979424 0.0031631
-1.06173 0.00895866
-0.951989 0.000679285
-1.05075 0.00347922
-1.00686 0.000318003
-0.979424 0.00451791
-0.990398 1.69351e-05
-0.908093 0.00204915
-1.05075 0.000679285
-0.941015 0.00381039
-0.919067 0.000995407
-0.875171 0.000679285
-1.02332 0.00795008
-0.919067 0.00137174
-0.902606 4.70419e-05
-0.930041 0.00700172
-0.908093 0.0100275
-0.946502 0.0162746
-0.902606 0.0111565
-0.96845 0.00895866
-0.908093 0.00528563
-0.957476 0.00117605
-0.91358 0.000318003
-0.979424 4.70419e-05
-1.00686 4.70419e-05
-0.990398 0.000543804
-0.930041 0.00569207
-0.924554 0.0123457
-0.91358 0.033285
-1.01235 0.0207455
-1.05075 0.0303496
-1.03978 0.0463814
-1.10562 0.0284679
-1.05075 0.0384784
-1.06173 0.0363559
-0.995885 0.0417751
-1.09465 0.0322914
-1.03429 0.0207455
-1.13306 0.033285
-1.03978 0.0303496
-0.96845 0.0123457
-1.05624 0.0266464
-1.01783 0.0207455
-0.995885 0.0155822
-0.935528 0.0142424
-0.924554 0.0135951
-0.91358 0.00381039
-0.869684 0.00655012
-0.869684 0.00948553
-0.803841 0.00286203
-0.973937 9.22021e-05
-0.924554 0.00257602
-0.902606 0.000679285
-0.875171 0.000679285
-0.984911 0.00137174
-0.957476 0.000152416
-0.951989 0.00137174
-0.935528 1.88168e-06
-0.973937 0.00137174
-0.941015 0.00347922
-0.973937 0.00655012
-0.979424 0.00528563
-0.919067 0.0100275
-1.02332 0.0275496
-0.957476 0.0207455
-0.951989 0.00795008
-0.990398 0.0031631
-1.05075 0.0162746
-1.00686 0.0207455
-1.01783 0.0100275
-0.951989 0.00180829
-0.864198 0.00158249
-0.902606 0.000543804
-0.930041 0.00158249
-0.946502 0.000318003
-0.973937 0.000995407
-0.864198 0.0155822
-0.941015 0.00528563
-0.941015 0.00611357
-0.853224 0.00381039
-0.951989 0.00381039
-1.06722 0.00795008
-1.02332 0.000829819
-0.96845 0.000543804
-1.01783 0.00415662
-0.96845 0.00180829
-0.96845 1.88168e-06
-0.973937 0.000318003
-1.08368 0.00180829
-1.11111 0.00569207
-1.17695 0.0117435
-1.08916 0.0155822
-1.03978 0.00415662
-0.984911 4.70419e-05
-1.00686 0.0031631
-0.957476 0.00415662
-0.902606 0.000543804
-0.924554 1.88168e-06
-0.864198 0.00230505
-0.919067 0.00347922
-0.957476 0.0162746
-0.869684 0.00611357
-0.91358 0.0184423
-0.941015 0.00347922
-0.919067 0.000318003
-0.951989 9.22021e-05
-1.01235 0.000227683
-1.06173 0.00286203
-0.957476 0.00230505
-0.962963 0.000543804
-1.10014 1.88168e-06
-1.05075 0.00381039
-0.962963 0.0155822
-0.96845 0.0129629
-1.03978 0.033285
-1.03978 0.0406611
-1.02332 0.0452073
-1.02332 0.0215433
-0.902606 0.0199627
-0.935528 0.0257583
-1.00686 0.0275496
-0.951989 0.00611357
-0.984911 0.00204915
-0.979424 0.000995407
-0.979424 0.00257602
-0.979424 0.00230505
-0.897119 0.00137174
-0.951989 0.00347922
-1.05075 0.000152416
-0.995885 0.00746837
-0.941015 0.00204915
-0.96845 0.00204915
-1.12209 0.00746837
-1.17695 0.00844685
-1.17147 0.00528563
-1.10014 0.000423377
-1.1166 9.22021e-05
-1.05075 0.000423377
-1.16049 0.00347922
-1.1989 0.00489424
-1.11111 0.00415662
-1.02881 0.000679285
-1.11111 0.00700172
-1.08916 0.00528563
-0.995885 0.000318003
-1.04527 1.88168e-06
-0.946502 0.00700172
-0.979424 0.0129629
-1.00686 0.0440482
-0.984911 0.0452073
-1.00686 0.0452073
-0.935528 0.0184423
-0.891632 0.0353172
-0.979424 0.0440482
-1.05624 0.0440482
-1.03978 0.0215433
-1.05075 0.0406611
-1.03429 0.0821935
-1.10014 0.0644004
-1.03429 0.0686454
-1.08368 0.0686454
-1.05624 0.0700906
-0.951989 0.033285
-1.02881 0.0475707
-1.05075 0.0672154
-1.02332 0.0869805
-0.897119 0.138192
-0.930041 0.120444
-0.902606 0.0672154
-0.897119 0.058951
-0.908093 0.0686454
-0.831276 0.058951
-0.803841 0.00895866
-0.836763 0.000318003
-0.825789 0.000679285
-0.891632 0.000829819
-0.91358 0.00489424
-0.990398 0.000227683
-0.886145 0.00257602
-0.935528 0.00528563
-0.924554 0.00286203
-0.831276 0.000227683
-0.897119 4.70419e-05
-0.891632 0.000679285
-0.930041 0.00569207
-0.919067 0.00204915
-0.869684 0.00230505
-0.831276 0.00180829
-0.847737 0.00347922
-0.853224 4.70419e-05
-0.96845 0.00204915
-0.957476 0.00230505
-0.957476 0.0117435
-0.886145 0.019195
-0.897119 0.0395622
-0.853224 0.0429041
-0.836763 0.0363559
-0.770919 0.0374096
-0.705075 0.019195
-0.798354 0.0184423
-0.770919 0.0266464
-0.930041 0.0512286
-1.04527 0.0837741
-0.924554 0.0512286
-0.962963 0.0463814
-1.01783 0.073026
-1.05624 0.0686454
-0.951989 0.0686454
-0.96845 0.0429041
-0.951989 0.0395622
-0.984911 0.0537426
-0.990398 0.0487749
-0.924554 0.0353172
-0.979424 0.0384784
-1.0727 0.0303496
-1.02881 0.0406611
-1.00686 0.0257583
-1.06173 0.0284679
-1.03978 0.0487749
-0.935528 0.0149048
-1.00137 0.00746837
-0.957476 0.00158249
-0.847737 0.000227683
-0.924554 0.00795008
-0.880658 0.00611357
-0.875171 0.000152416
-0.875171 0.00611357
-0.935528 0.0111565
-0.847737 0.0105844
-0.924554 0.0142424
-1.12757 0.0123457
-0.96845 0.00381039
-0.880658 0.0031631
-0.951989 0.00286203
-0.908093 0.0117435
-0.951989 0.0100275
-0.891632 0.0215433
-0.946502 0.0240271
-0.951989 0.00795008
-0.809328 0.00528563
-0.897119 0.0257583
-0.930041 0.0117435
-0.990398 0.00347922
-0.935528 0.00381039
-0.891632 1.88168e-06
-0.924554 0.000152416
-0.902606 0.000543804
-0.869684 0.00230505
-0.930041 0.0177047
-0.897119 0.0135951
-0.935528 0.0284679
-0.902606 0.0275496
-0.902606 0.0248852
-1.02332 0.0294012
-1.06173 0.0275496
-1.05075 0.0294012
-0.990398 0.0240271
-0.962963 0.019195
-1.00686 0.031313
-0.946502 0.0384784
-0.908093 0.0440482
-0.919067 0.0303496
-0.864198 0.0207455
-0.886145 0.0284679
-0.847737 0.0149048
-0.979424 0.0162746
-0.886145 0.0135951
-1.00137 0.0135951
-0.924554 0.0284679
-0.951989 0.0563167
-0.96845 0.0353172
-0.869684 0.031313
-0.853224 0.0184423
-0.935528 0.0353172
-0.979424 0.0177047
-0.869684 0.00795008
-0.891632 0.0266464
-0.908093 0.0475707
-0.880658 0.058951
-0.908093 0.0487749
-0.902606 0.00611357
-0.930041 0.00204915
-0.91358 0.00528563
-1.01235 0.00844685
-0.930041 0.000423377
-0.995885 0.000423377
-1.07819 0.00204915
-1.10014 0.00451791
-1.00137 0.00528563
-1.10562 0.00611357
-1.03429 0.00117605
-1.04527 0.00117605
-0.979424 0.00230505
-0.984911 1.69351e-05
-0.951989 0.00180829
-0.897119 0.00137174
-0.941015 0.00180829
-0.853224 0.000318003
-0.91358 0.00180829
-0.919067 0.00528563
-0.908093 0.00257602
-0.820302 0.0169821
-0.96845 0.0440482
-0.979424 0.0524781
-0.990398 0.0499943
-0.984911 0.0342936
-1.01235 0.0475707
-0.891632 0.0440482
-0.96845 0.0275496
-1.05075 0.0207455
-0.979424 0.0129629
-0.930041 0.0162746
-0.902606 0.0429041
-0.973937 0.0630155
-0.930041 0.0275496
-0.995885 0.0440482
-1.08368 0.0602908
-1.01235 0.0672154
-0.973937 0.0658003
-0.962963 0.0658003
-0.84225 0.0440482
-0.935528 0.0135951
-0.941015 0.00655012
-0.924554 0.00230505
-0.979424 0.00451791
-1.05075 0.00381039
-1.01783 0.00700172
-0.951989 0.00381039
-0.984911 0.000152416
-1.02881 0.000679285
-1.02881 0.000423377
-1.08916 0.000543804
-1.10562 0.00746837
-0.924554 4.70419e-05
-0.930041 0.000152416
-0.902606 0.00700172
-0.902606 0.00117605
-0.930041 0.00204915
-0.957476 0.0155822
-1.00686 0.000318003
-1.03978 0.000829819
-0.995885 0.00230505
-1.03429 1.88168e-06
-1.00686 0.00451791
-0.973937 0.00230505
-0.941015 0.00180829
-0.924554 0.00611357
-0.995885 0.0111565
-1.00137 0.0177047
-0.869684 0.0303496
-1.00686 0.0487749
-0.957476 0.0429041
-0.930041 0.0284679
-0.847737 0.0149048
-0.864198 0.0215433
-0.979424 0.019195
-0.924554 0.0117435
-0.951989 0.0111565
-0.962963 0.00257602
-0.91358 0.0100275
-0.869684 0.00415662
-0.776406 0.033285
-0.995885 0.0760216
-0.825789 0.0475707
-0.875171 0.0303496
-0.973937 0.0463814
-0.984911 0.0512286
-1.03978 0.0658003
-0.979424 0.058951
-1.00137 0.0284679
-0.990398 0.0117435
-1.01783 0.00451791
-1.00686 0.0155822
-0.946502 0.0135951
-0.96845 0.0162746
-0.84225 0.000829819
-0.847737 0.0031631
-0.91358 0.00569207
-1.06722 0.019195
-1.00137 0.0266464
-1.04527 0.0184423
-1.05075 0.0215433
-1.1166 0.0537426
-1.15501 0.0576263
-1.0727 0.077542
-1.12209 0.0969609
-1.01235 0.10929
-0.96845 0.10929
-1.08368 0.0935739
-1.01235 0.0853698
-0.957476 0.132141
-1.00686 0.091903
-0.919067 0.077542
-0.951989 0.098677
-0.91358 0.073026
-1.06722 0.124283
-1.04527 0.132141
-1.08368 0.148579
-0.995885 0.148579
-0.995885 0.140239
-1.12209 0.111111
-1.17147 0.146472
-1.16049 0.130154
-1.09465 0.107483
-1.05075 0.103916
-0.864198 0.0715507
-0.984911 0.0686454
-0.869684 0.0537426
-0.864198 0.058951
-0.984911 0.080628
-1.02881 0.107483
-1.06722 0.134143
-0.957476 0.100408
-0.973937 0.073026
-0.951989 0.0374096
-0.941015 0.0322914
-0.897119 0.0395622
-0.995885 0.0499943
-1.00137 0.0487749
-0.957476 0.0303496
-0.957476 0.0199627
-1.00686 0.0111565
-1.09465 0.00895866
-0.995885 0.000829819
-1.00686 0.00451791
-0.990398 0.0149048
-0.946502 0.0215433
-0.935528 0.0215433
-0.995885 0.0207455
-1.00137 0.0231841
-1.01235 0.0294012
-0.973937 0.0184423
-1.10014 0.0275496
-1.02332 0.0524781
-0.930041 0.0257583
-0.984911 0.019195
-0.984911 0.00700172
-0.847737 0.00381039
-0.847737 0.00611357
-0.924554 0.0149048
-0.973937 0.0240271
-0.951989 0.031313
-1.05624 0.0231841
-0.962963 0.0630155
-0.957476 0.0700906
-0.941015 0.0602908
-0.941015 0.0384784
-0.891632 0.0215433
-0.891632 0.00655012
-0.941015 0.00569207
-0.962963 0.019195
-0.908093 0.0123457
-0.875171 0.0100275
-0.880658 0.0257583
-0.853224 0.0363559
-0.803841 0.0342936
-0.919067 0.0294012
-0.908093 0.0363559
-0.957476 0.0223562
-0.924554 0.0275496
-0.930041 0.0162746
-0.930041 0.0177047
-0.853224 0.0215433
-0.880658 0.0342936
-0.814815 0.00948553
-0.836763 0.00569207
-0.897119 0.00381039
-0.831276 0.00451791
-0.792867 0.00230505
-0.984911 0.00204915
-0.935528 0.00180829
-0.984911 0.00415662
-0.875171 0.000152416
-0.979424 0.00137174
-1.00137 0.000152416
-0.979424 0.000423377
-0.924554 0.00180829
-0.946502 1.88168e-06
-0.836763 0.00655012
-0.897119 0.00204915
-0.91358 0.000679285
-0.886145 0.000152416
-0.875171 0.000543804
-0.891632 0.000679285
-0.825789 0.000318003
-0.880658 0.00117605
-0.935528 0.00895866
-0.935528 0.0199627
-0.875171 0.0100275
-0.902606 0.00117605
-0.91358 0.00286203
-0.902606 0.019195
-0.91358 0.0240271
-0.979424 0.0644004
-0.897119 0.0576263
-0.930041 0.0406611
-0.984911 0.0384784
-1.01783 0.0512286
-0.973937 0.0452073
-0.91358 0.0303496
-0.984911 0.0406611
-0.935528 0.0207455
-0.973937 0.033285
-0.962963 0.0294012
-1.05075 0.0240271
-0.984911 0.00844685
-0.990398 0.0111565
-1.00137 0.00489424
-1.02332 0.00180829
-0.990398 0.00286203
-1.02332 0.00117605
-1.05624 0.00569207
-0.96845 0.00746837
-1.00686 0.000679285
-0.908093 0.00257602
-0.908093 0.000423377
-0.973937 0.00204915
-0.962963 0.00286203
-0.930041 0.0142424
-1.06722 0.0303496
-1.01235 0.0294012
-0.96845 0.0240271
-0.908093 0.0524781
-0.880658 0.031313
-0.946502 0.0475707
-0.979424 0.0869805
-0.96845 0.0886063
-1.10014 0.0821935
-1.10014 0.0869805
-1.01235 0.0537426
-1.03429 0.0672154
-0.979424 0.0524781
-1.00686 0.0257583
-1.00686 0.0215433
-0.919067 0.0207455
-0.864198 0.00257602
-0.84225 0.0123457
-0.924554 0.0499943
-0.886145 0.058951
-0.984911 0.0487749
-1.04527 0.0745163
-1.00137 0.0417751
-0.973937 0.00415662
-0.930041 0.00569207
-0.91358 9.22021e-05
-0.919067 0.00948553
-0.924554 0.000152416
-0.96845 1.69351e-05
-0.951989 0.00180829
-0.957476 0.000543804
-1.00686 0.000679285
-1.06173 4.70419e-05
-1.05624 0.000679285
-0.935528 0.0031631
-1.01783 0.00569207
-0.984911 0.00230505
-0.941015 0.00528563
-0.979424 0.0129629
-0.869684 0.0215433
-0.902606 0.0169821
-0.902606 0.0417751
-0.924554 0.0395622
-0.973937 0.0374096
-0.957476 0.0487749
-1.04527 0.073026
-1.14403 0.0935739
-1.06173 0.0837741
-1.08916 0.0902471
-1.02881 0.0524781
-1.00137 0.0550221
-1.05075 0.0475707
-0.891632 0.0406611
-1.08916 0.0512286
-1.02881 0.0550221
-1.01235 0.0686454
-0.957476 0.0199627
-0.973937 0.0231841
-0.91358 0.00948553
-1.01235 0.0184423
-1.08916 0.0384784
-1.02881 0.0406611
-0.951989 0.0215433
-0.91358 0.0149048
-0.858711 0.0303496
-0.880658 0.00611357
-0.91358 0.0142424
-0.962963 0.00381039
-0.875171 0.0129629
-0.891632 0.00795008
-0.853224 0.00611357
-0.946502 0.00347922
-0.831276 0.0123457
-0.891632 0.0111565
-0.930041 0.0231841
-0.880658 0.0248852
-0.902606 0.0248852
-0.973937 0.00415662
-0.880658 0.000543804
-0.962963 0.00137174
-0.831276 0.00137174
-0.84225 0.00117605
-0.814815 0.0149048
-0.919067 0.00655012
-0.84225 0.0105844
-0.96845 0.0184423
-0.930041 0.00569207
-0.897119 0.0142424
-0.973937 0.000995407
-0.984911 1.88168e-06
-0.951989 0.00180829
-0.91358 0.00230505
-0.924554 9.22021e-05
-0.930041 0.00204915
-0.96845 0.00230505
-0.96845 0.00347922
-0.995885 0.00451791
-1.02881 0.0129629
-0.984911 0.0363559
-0.91358 0.0417751
-0.96845 0.0294012
-0.919067 0.0199627
-0.941015 0.0550221
-0.924554 0.0499943
-0.84225 0.0487749
-0.973937 0.0524781
-1.02881 0.0837741
-1.06173 0.0969609
-1.00686 0.0853698
-0.990398 0.0524781
-0.941015 0.0452073
-0.984911 0.0487749
-0.973937 0.0550221
-0.919067 0.080628
-1.05075 0.165981
-1.13855 0.170482
-1.05624 0.120444
-1.07819 0.107483
-1.05624 0.0902471
-1.05075 0.0630155
-0.957476 0.0374096
-0.957476 0.0257583
-1.01783 0.0248852
-0.919067 0.0342936
-0.891632 0.0363559
-0.908093 0.0199627
-0.825789 0.0363559
-0.897119 0.0240271
-0.96845 0.0440482
-0.973937 0.0417751
-1.06722 0.0284679
-0.984911 0.0207455
-0.951989 0.00895866
-0.880658 0.0223562
-0.935528 0.0231841
-0.941015 0.0284679
-1.02332 0.0129629
-0.984911 0.00180829
-0.990398 0.00257602
-0.995885 0.000318003
-1.01235 9.22021e-05
-1.05075 9.22021e-05
-1.01783 0.00117605
-0.924554 0.00415662
-0.875171 0.0031631
-0.891632 0.00700172
-0.957476 0.0117435
-0.891632 0.00528563
-0.990398 0.0142424
-0.930041 0.0284679
-1.02881 0.0463814
-1.05075 0.0384784
-1.02881 0.0563167
-1.03429 0.0374096
-1.05624 0.0429041
-1.14952 0.0576263
-1.16049 0.058951
-1.04527 0.0322914
-1.03978 0.0275496
-1.00137 0.0275496
-0.91358 0.0240271
-0.886145 0.0257583
-1.00137 0.0248852
-1.09465 0.0384784
-1.08368 0.0257583
-1.0727 0.0417751
-1.10562 0.0169821
-0.984911 0.0169821
-0.979424 0.00489424
-0.924554 0.00180829
-1.00686 0.000423377
-0.919067 1.69351e-05
-0.990398 4.70419e-05
-0.91358 0.00451791
-0.935528 0.000829819
-0.951989 0.0105844
-1.01235 0.0322914
-1.00137 0.0440482
-1.01783 0.0853698
-0.995885 0.0644004
-1.06173 0.0616456
-1.04527 0.0700906
-0.919067 0.0563167
-0.902606 0.0374096
-0.935528 0.0342936
-1.08368 0.0353172
-1.02332 0.0353172
-1.01783 0.0322914
-1.05075 0.0231841
-1.02332 0.0207455
-0.924554 0.0248852
-0.91358 0.0177047
-0.825789 0.0207455
-0.891632 0.0169821
-0.962963 0.0199627
-1.10014 0.0512286
-1.04527 0.0686454
-1.08368 0.0550221
-1.03429 0.0563167
-1.01783 0.0658003
-1.01783 0.0952599
-0.908093 0.077542
-0.935528 0.0935739
-0.941015 0.0550221
-0.951989 0.077542
-0.891632 0.0429041
-0.891632 0.033285
-0.924554 0.0630155
-0.886145 0.0550221
-0.902606 0.0275496
-0.946502 0.0177047
-0.897119 0.0512286
-1.04527 0.0576263
-1.00137 0.0499943
-1.06173 0.0499943
-1.06173 0.073026
-1.12209 0.10929
-1.17147 0.100408
-1.12209 0.0563167
-1.05075 0.0275496
-0.990398 0.0123457
-1.01783 0.0231841
-0.946502 0.0215433
-0.973937 0.0550221
-0.946502 0.0658003
-0.962963 0.0602908
-0.908093 0.0902471
-0.897119 0.107483
-0.924554 0.102154
-0.962963 0.120444
-0.891632 0.0563167
-1.00137 0.0672154
-1.03978 0.0869805
-0.924554 0.0837741
-1.04527 0.107483
-0.96845 0.116666
-0.91358 0.0935739
-1.03429 0.130154
-0.973937 0.102154
-0.995885 0.0616456
-1.01783 0.0658003
-1.01783 0.0512286
-0.924554 0.0266464
-0.946502 0.019195
-0.886145 0.00700172
-0.935528 0.000227683
-0.946502 0.000829819
-0.941015 0.00257602
-0.973937 0.00948553
-0.864198 0.0123457
-0.897119 0.00347922
-0.91358 0.00746837
-0.962963 0.0177047
-0.995885 0.0231841
-0.951989 0.0231841
-0.995885 0.031313
-1.00686 0.0231841
-0.891632 0.0257583
-0.990398 0.0294012
-1.11111 0.019195
-1.05624 0.019195
-1.03429 0.0406611
-1.04527 0.0231841
-1.01235 0.0257583
-1.02332 0.00655012
-0.973937 0.0155822
-0.919067 0.0149048
-0.864198 0.00180829
-0.897119 0.00895866
-0.951989 0.0117435
-1.01783 0.0155822
-0.973937 0.0117435
-0.984911 0.0169821
-1.02332 0.0322914
-0.995885 0.0374096
-1.00137 0.0499943
-1.09465 0.0686454
-1.03429 0.0869805
-1.08368 0.0700906
-1.02332 0.0644004
-1.07819 0.0524781
-1.02881 0.080628
-1.17147 0.0869805
-1.01783 0.0869805
-1.01783 0.0760216
-1.13855 0.0886063
-1.08368 0.0790775
-1.05624 0.0869805
-1.12209 0.0700906
-1.01235 0.091903
-1.01783 0.122356
-1.00686 0.116666
-0.96845 0.0602908
-0.897119 0.0790775
-1.00137 0.132141
-1.08368 0.16154
-0.919067 0.0935739
-0.886145 0.177346
-1.05075 0.223967
-0.990398 0.181998
-1.00137 0.163753
-1.1166 0.172755
-1.02332 0.142302
-1.05624 0.16154
-1.04527 0.19389
-1.08368 0.184346
-1.05624 0.264611
-1.09465 0.281817
-1.08916 0.320956
-1.17147 0.406865
-1.16598 0.308642
-1.08916 0.270286
-1.06173 0.239818
-1.10014 0.287673
-1.10014 0.305601
-1.08916 0.287673
-1.1166 0.343084
-1.13306 0.372619
-1.08916 0.276021
-1.08916 0.308642
-1.14403 0.320956
-1.03978 0.218803
-1.01783 0.253441
-1.08368 0.273146
-1.19342 0.330349
-0.941015 0.264611
-1.10562 0.270286
-1.13306 0.256211
-1.11111 0.273146
-1.10014 0.247947
-1.06722 0.247947
-1.08916 0.253441
-1.11111 0.237138
-1.11111 0.196313
-0.941015 0.152839
-1.05075 0.179664
-0.979424 0.242512
-0.984911 0.206158
-1.00686 0.201206
-1.11111 0.281817
-1.10014 0.245222
-1.08916 0.250686
-1.17695 0.293589
-1.13855 0.218803
-1.08368 0.226571
-1.10562 0.242512
-1.12209 0.22919
-1.08368 0.211171
-1.01235 0.208657
-1.03978 0.144379
-0.984911 0.118547
-1.12757 0.144379
-1.12209 0.134143
-1.06722 0.177346
