-2 1
-1.8299 0.908897
-1.81893 0.893271
-1.73114 0.852266
-1.62689 0.787687
-1.69822 0.822144
-1.53909 0.707076
-1.46776 0.643957
-1.41838 0.592203
-1.39643 0.583788
-1.46228 0.622129
-1.47874 0.592203
-1.46228 0.522596
-1.42936 0.538583
-1.34156 0.487507
-1.29767 0.449948
-1.36351 0.392986
-1.31413 0.392986
-1.27572 0.343084
-1.17695 0.287673
-1.30316 0.343084
-1.28121 0.369277
-1.34156 0.396433
-1.34156 0.369277
-1.3251 0.379348
-1.41289 0.399896
-1.369 0.35606
-1.30316 0.33351
-1.26475 0.305601
-1.31413 0.327203
-1.34156 0.399896
-1.26475 0.362639
-1.33059 0.410373
-1.30864 0.362639
-1.37449 0.369277
-1.28121 0.330349
-1.3251 0.352794
-1.28669 0.299565
-1.28121 0.339878
-1.3251 0.343084
-1.39643 0.389554
-1.33608 0.346306
-1.369 0.327203
-1.3251 0.281817
-1.15501 0.226571
-1.18244 0.284737
-1.19342 0.276021
-1.18793 0.305601
-1.23731 0.270286
-1.3251 0.242512
-1.23731 0.186709
-1.37449 0.245222
-1.34705 0.256211
-1.28121 0.196313
-1.29218 0.211171
-1.27023 0.22919
-1.18244 0.226571
-1.26475 0.290623
-1.19342 0.247947
-1.2428 0.278911
-1.12209 0.267441
-1.23182 0.299565
-1.19342 0.296569
-1.21536 0.273146
-1.18793 0.302575
-1.2428 0.305601
-1.27023 0.330349
-1.30864 0.311698
-1.41289 0.359342
-1.27023 0.346306
-1.31413 0.352794
-1.37449 0.293589
-1.43484 0.293589
-1.30316 0.223967
-1.24829 0.206158
-1.30316 0.273146
-1.26475 0.273146
-1.3251 0.336686
-1.33059 0.223967
-1.35254 0.296569
-1.30316 0.278911
-1.26475 0.186709
-1.23182 0.165981
-1.3251 0.19389
-1.26475 0.211171
-1.1989 0.206158
-1.17695 0.245222
-1.28121 0.267441
-1.28121 0.311698
-1.28669 0.339878
-1.27572 0.396433
-1.40741 0.453636
-1.45679 0.495199
-1.27023 0.399896
-1.2428 0.410373
-1.22634 0.406865
-1.21536 0.379348
-1.29218 0.35606
-1.31962 0.36595
-1.20439 0.299565
-1.29218 0.343084
-1.29767 0.33351
-1.29218 0.349542
-1.31413 0.406865
-1.36351 0.417433
-1.29218 0.413895
-1.29218 0.386137
-1.42387 0.442617
-1.37997 0.449948
-1.28121 0.431734
-1.34705 0.502951
-1.34705 0.499068
-1.40741 0.604938
-1.31413 0.522596
-1.31413 0.514693
-1.20439 0.453636
-1.22085 0.410373
-1.23731 0.413895
-1.23731 0.392986
-1.27023 0.417433
-1.28669 0.420986
-1.31962 0.491345
-1.35802 0.491345
-1.37449 0.502951
-1.34156 0.510764
-1.41289 0.546667
-1.34156 0.476081
-1.33059 0.431734
-1.369 0.449948
-1.38546 0.491345
-1.44582 0.502951
-1.44033 0.45734
-1.47325 0.50685
-1.35254 0.502951
-1.42387 0.476081
-1.44033 0.514693
-1.47325 0.495199
-1.33608 0.442617
-1.34705 0.435347
-1.34705 0.359342
-1.25926 0.389554
-1.27572 0.389554
-1.29218 0.33351
-1.27572 0.317855
-1.27023 0.343084
-1.16598 0.273146
-1.16049 0.317855
-1.30316 0.314769
-1.28669 0.349542
-1.25926 0.324072
-1.23731 0.330349
-1.28121 0.382735
-1.369 0.428136
-1.22085 0.369277
-1.3251 0.35606
-1.29218 0.352794
-1.30864 0.311698
-1.34156 0.379348
-1.36351 0.410373
-1.39095 0.428136
-1.369 0.403373
-1.39095 0.382735
-1.31413 0.349542
-1.34156 0.352794
-1.35802 0.389554
-1.41289 0.420986
-1.40192 0.420986
-1.3251 0.320956
-1.27572 0.278911
-1.30316 0.308642
-1.35802 0.270286
-1.34705 0.247947
-1.28121 0.242512
-1.27572 0.196313
-1.20439 0.184346
-1.12757 0.184346
-1.25377 0.223967
-1.11111 0.184346
-1.13306 0.201206
-1.14403 0.186709
-1.17695 0.218803
-1.12757 0.175043
-1.14952 0.163753
-1.14952 0.19389
-1.23182 0.201206
-1.27572 0.206158
-1.16598 0.157159
-1.24829 0.231824
-1.15501 0.218803
-1.17695 0.226571
-1.23182 0.221377
-1.29767 0.276021
-1.27572 0.256211
-1.23182 0.267441
-1.23182 0.267441
-1.33059 0.267441
-1.30316 0.293589
-1.33059 0.284737
-1.33608 0.299565
-1.37449 0.296569
-1.42387 0.362639
-1.35802 0.349542
-1.37449 0.250686
-1.40741 0.239818
-1.36351 0.218803
-1.43484 0.270286
-1.3251 0.256211
-1.27023 0.256211
-1.31413 0.278911
-1.29767 0.302575
-1.28669 0.276021
-1.1989 0.179664
-1.21536 0.175043
-1.27023 0.168224
-1.23182 0.211171
-1.31413 0.237138
-1.36351 0.196313
-1.33059 0.226571
-1.29218 0.223967
-1.14952 0.186709
-1.18244 0.16154
-1.34156 0.211171
-1.34156 0.218803
-1.3251 0.142302
-1.24829 0.116666
-1.19342 0.116666
-1.17695 0.077542
-1.20439 0.0700906
-1.19342 0.0672154
-1.23731 0.0745163
-1.20439 0.077542
-1.22634 0.0512286
-1.25926 0.077542
-1.24829 0.0658003
-1.17147 0.0790775
-1.20439 0.116666
-1.1989 0.134143
-1.27023 0.152839
-1.12209 0.098677
-1.20988 0.0715507
-1.11111 0.0463814
-1.17695 0.0550221
-1.10014 0.0550221
-1.18244 0.0342936
-1.19342 0.0602908
-1.13306 0.0837741
-1.20439 0.091903
-1.18793 0.100408
-1.21536 0.111111
-1.18793 0.148579
-1.13306 0.100408
-1.27023 0.148579
-1.2428 0.150702
-1.3251 0.186709
-1.15501 0.13616
-1.27572 0.140239
-1.22085 0.159342
-1.25377 0.16154
-1.19342 0.142302
-1.19342 0.148579
-1.23731 0.211171
-1.30864 0.237138
-1.25926 0.206158
-1.3251 0.231824
-1.22634 0.206158
-1.25377 0.186709
-1.18244 0.168224
-1.25377 0.157159
-1.26475 0.124283
-1.35254 0.0902471
-1.2428 0.0353172
-1.22634 0.031313
-1.13855 0.0275496
-1.12757 0.0142424
-1.1166 0.0266464
-1.15501 0.0149048
-1.21536 0.0169821
-1.29767 0.0266464
-1.1989 0.0240271
-1.25377 0.0266464
-1.2428 0.0294012
-1.20988 0.0184423
-1.19342 0.0294012
-1.18244 0.0215433
-1.10562 0.0429041
-1.10562 0.0487749
-1.18244 0.0821935
-1.21536 0.0672154
-1.21536 0.0686454
-1.1989 0.0576263
-1.19342 0.0602908
-1.17147 0.0853698
-1.08916 0.0658003
-1.10562 0.0672154
-1.13306 0.0550221
-1.13855 0.0363559
-1.07819 0.0563167
-1.12209 0.0342936
-1.09465 0.019195
-1.07819 0.00655012
-1.08368 0.0142424
-1.07819 0.00700172
-1.03429 0.000543804
-0.919067 0.000318003
-1.08916 0.000543804
-1.13855 0.00180829
-1.13855 0.000679285
-1.10562 0.00795008
-1.10562 0.00286203
-1.10014 0.00180829
-1.10014 0.00655012
-1.06173 0.0135951
-1.10562 0.0129629
-1.20988 0.0353172
-1.10014 0.0135951
-1.00686 0.0207455
-1.12757 0.00746837
-1.06722 0.00489424
-1.14403 0.0155822
-1.14403 0.0231841
-1.1989 0.0177047
-1.20988 0.00844685
-1.2428 0.0207455
-1.27023 0.00489424
-1.17695 0.00257602
-1.19342 0.00257602
-1.16049 0.000995407
-1.23182 0.000543804
-1.17695 0.00655012
-1.19342 0.00700172
-1.08916 0.0257583
-1.07819 0.0294012
-1.05075 0.0322914
-1.17695 0.0303496
-1.20988 0.0440482
-1.22085 0.0821935
-1.20439 0.0524781
-1.15501 0.0512286
-1.18793 0.0550221
-1.25926 0.0563167
-1.18793 0.0199627
-1.20439 0.0248852
-1.12757 0.0162746
-1.16598 0.0184423
-1.13855 0.0117435
-1.10562 0.00569207
-1.12209 0.000995407
-1.04527 0.00230505
-1.08368 0.000543804
-1.08916 0.000679285
-1.10562 0.00381039
-1.10014 0.000679285
-1.25377 0.000679285
-1.29218 0.00746837
-1.24829 0.00611357
-1.19342 0.0100275
-1.19342 0.00257602
-1.17147 1.88168e-06
-1.12757 0.000318003
-1.1166 0.000152416
-1.2428 9.22021e-05
-1.19342 0.00230505
-1.22634 0.00381039
-1.12757 1.69351e-05
-1.17695 0.000679285
-1.20988 0.00180829
-1.16049 0.000679285
-1.23731 0.00347922
-1.25377 0.00204915
-1.14952 1.88168e-06
-1.23731 0.000423377
-1.27023 4.70419e-05
-1.18244 0.00746837
-1.16598 0.00795008
-1.12209 0.00451791
-1.20988 0.000543804
-1.22634 0.000679285
-1.14403 0.00655012
-1.14952 0.0135951
-1.17147 0.033285
-1.1989 0.0129629
-1.1989 0.0117435
-1.16049 0.0184423
-1.0727 0.0257583
-1.21536 0.0524781
-1.14952 0.0406611
-1.18793 0.0602908
-1.23731 0.0616456
-1.23182 0.0452073
-1.24829 0.0406611
-1.23182 0.0563167
-1.20439 0.0524781
-1.16598 0.0630155
-1.16049 0.080628
-1.20988 0.0745163
-1.25377 0.105692
-1.20439 0.0853698
-1.20988 0.091903
-1.1166 0.0760216
-1.09465 0.0475707
-1.12209 0.0406611
-1.0727 0.0374096
-1.17147 0.0440482
-1.12209 0.0630155
-1.13306 0.132141
-1.1989 0.198752
-1.26475 0.216244
-1.28121 0.196313
-1.22634 0.247947
-1.31413 0.267441
-1.26475 0.290623
-1.27023 0.267441
-1.24829 0.278911
-1.18793 0.231824
-1.29767 0.305601
-1.34705 0.296569
-1.36351 0.327203
-1.33608 0.264611
-1.28121 0.276021
-1.19342 0.239818
-1.17147 0.234474
-1.19342 0.191481
-1.21536 0.19389
-1.12757 0.175043
-1.16598 0.186709
-1.21536 0.177346
-1.23182 0.165981
-1.27023 0.172755
-1.29218 0.181998
-1.19342 0.196313
-1.24829 0.208657
-1.19342 0.179664
-1.1989 0.189088
-1.17695 0.19389
-1.21536 0.22919
-1.20439 0.201206
-1.27023 0.22919
-1.31962 0.264611
-1.26475 0.261796
-1.18244 0.175043
-1.2428 0.267441
-1.1166 0.33351
-1.26475 0.336686
-1.29218 0.379348
-1.34705 0.438974
-1.35802 0.483683
-1.39095 0.510764
-1.31962 0.472303
-1.34705 0.424553
-1.31962 0.410373
-1.25377 0.386137
-1.29767 0.413895
-1.3251 0.396433
-1.24829 0.352794
-1.23731 0.324072
-1.40741 0.399896
-1.31962 0.330349
-1.35802 0.349542
-1.30316 0.379348
-1.25377 0.317855
-1.3251 0.327203
-1.13306 0.256211
-1.13306 0.242512
-1.12757 0.242512
-1.17695 0.201206
-1.1989 0.175043
-1.29218 0.201206
-1.22634 0.170482
-1.18244 0.172755
-1.18793 0.130154
-1.19342 0.144379
-1.08916 0.184346
-1.13855 0.221377
-1.21536 0.211171
-1.20439 0.242512
-1.31962 0.372619
-1.34156 0.424553
-1.29767 0.362639
-1.16049 0.226571
-1.25926 0.267441
-1.1989 0.276021
-1.18244 0.317855
-1.23731 0.339878
-1.23182 0.336686
-1.22634 0.320956
-1.18793 0.281817
-1.14952 0.231824
-1.05624 0.201206
-1.12757 0.191481
-1.17695 0.206158
-1.21536 0.234474
-1.18244 0.239818
-1.24829 0.211171
-1.28669 0.258996
-1.26475 0.290623
-1.33059 0.278911
-1.34156 0.296569
-1.26475 0.299565
-1.30316 0.343084
-1.28121 0.299565
-1.30316 0.317855
-1.21536 0.276021
-1.27572 0.293589
-1.23731 0.264611
-1.27572 0.284737
-1.31413 0.336686
-1.33608 0.35606
-1.3251 0.327203
-1.25377 0.305601
-1.26475 0.359342
-1.27023 0.314769
-1.31962 0.417433
-1.31962 0.45734
-1.34705 0.446275
-1.42936 0.502951
-1.31962 0.392986
-1.29218 0.330349
-1.23182 0.290623
-1.26475 0.293589
-1.33059 0.396433
-1.35802 0.339878
-1.37449 0.369277
-1.39095 0.438974
-1.40741 0.420986
-1.3251 0.410373
-1.2428 0.330349
-1.30864 0.33351
-1.27572 0.320956
-1.23182 0.352794
-1.33059 0.399896
-1.30864 0.375976
-1.28121 0.296569
-1.35254 0.392986
-1.31962 0.382735
-1.40192 0.479875
-1.42387 0.472303
-1.25926 0.446275
-1.26475 0.386137
-1.18244 0.346306
-1.33059 0.386137
-1.38546 0.359342
-1.35802 0.336686
-1.30316 0.327203
-1.31962 0.375976
-1.36351 0.468539
-1.28669 0.392986
-1.25926 0.375976
-1.26475 0.431734
-1.18793 0.346306
-1.19342 0.349542
-1.28669 0.352794
-1.3251 0.424553
-1.37997 0.392986
-1.369 0.375976
-1.39095 0.362639
-1.34705 0.290623
-1.34705 0.302575
-1.31413 0.305601
-1.30316 0.379348
-1.34705 0.435347
-1.36351 0.446275
-1.29767 0.424553
-1.27572 0.375976
-1.31413 0.343084
-1.34156 0.428136
-1.2428 0.349542
-1.34705 0.330349
-1.24829 0.296569
-1.25377 0.339878
-1.20439 0.253441
-1.26475 0.281817
-1.30864 0.346306
-1.27572 0.290623
-1.21536 0.317855
-1.1989 0.324072
-1.10562 0.234474
-1.1166 0.221377
-1.03429 0.142302
-1.0727 0.132141
-1.12757 0.132141
-1.12209 0.140239
-1.26475 0.203675
-1.24829 0.198752
-1.20988 0.191481
-1.17147 0.208657
-1.16049 0.203675
-1.22634 0.299565
-1.28669 0.330349
-1.31962 0.375976
-1.3251 0.379348
-1.38546 0.36595
-1.29218 0.406865
-1.31962 0.428136
-1.29218 0.389554
-1.30316 0.369277
-1.25926 0.346306
-1.31962 0.346306
-1.3251 0.349542
-1.27572 0.33351
-1.25377 0.349542
-1.22085 0.352794
-1.23182 0.386137
-1.28121 0.45734
-1.4952 0.546667
-1.44033 0.406865
-1.51715 0.45734
-1.46776 0.464791
-1.39095 0.514693
-1.42387 0.558905
-1.3251 0.449948
-1.31413 0.472303
-1.37449 0.487507
-1.37449 0.476081
-1.3251 0.410373
-1.26475 0.36595
-1.33059 0.389554
-1.19342 0.305601
-1.20439 0.308642
-1.15501 0.201206
-1.20988 0.201206
-1.21536 0.175043
-1.31962 0.264611
-1.30316 0.242512
-1.23731 0.276021
-1.35802 0.308642
-1.31962 0.369277
-1.24829 0.308642
-1.20439 0.317855
-1.29767 0.446275
-1.30316 0.403373
-1.31962 0.403373
-1.22085 0.290623
-1.1989 0.314769
-1.23182 0.267441
-1.29218 0.308642
-1.30864 0.359342
-1.31413 0.403373
-1.33059 0.428136
-1.28669 0.45734
-1.20988 0.399896
-1.23731 0.346306
-1.23182 0.305601
-1.14952 0.302575
-1.18244 0.287673
-1.22634 0.299565
-1.1989 0.36595
-1.23182 0.330349
-1.15501 0.216244
-1.07819 0.218803
-1.03978 0.198752
-1.10014 0.239818
-1.03978 0.237138
-1.04527 0.191481
-1.06722 0.208657
-1.11111 0.276021
-1.07819 0.245222
-1.20439 0.290623
-1.27572 0.349542
-1.30316 0.382735
-1.27572 0.396433
-1.2428 0.339878
-1.25926 0.349542
-1.29767 0.33351
-1.3251 0.346306
-1.33059 0.359342
-1.31413 0.362639
-1.31962 0.36595
-1.30864 0.406865
-1.39095 0.386137
-1.23182 0.299565
-1.26475 0.278911
-1.3251 0.35606
-1.33608 0.346306
-1.38546 0.396433
-1.33059 0.424553
-1.27572 0.375976
-1.21536 0.311698
-1.13306 0.245222
-1.10014 0.239818
-1.24829 0.327203
-1.28121 0.317855
-1.29767 0.369277
-1.39095 0.389554
-1.38546 0.382735
-1.30316 0.36595
-1.34156 0.372619
-1.31962 0.396433
-1.2428 0.320956
-1.1989 0.314769
-1.13855 0.273146
-1.13855 0.290623
-1.10562 0.296569
-1.08368 0.216244
-1.2428 0.247947
-1.18244 0.211171
-1.26475 0.245222
-1.21536 0.245222
-1.2428 0.264611
-1.31413 0.305601
-1.29767 0.327203
-1.29767 0.308642
-1.28669 0.302575
-1.20439 0.287673
-1.23182 0.327203
-1.28669 0.336686
-1.28669 0.302575
-1.28669 0.35606
-1.25377 0.278911
-1.30316 0.261796
-1.29218 0.2137
-1.25926 0.231824
-1.18793 0.179664
-1.19342 0.206158
-1.23731 0.226571
-1.17695 0.245222
-1.17695 0.242512
-1.26475 0.264611
-1.27572 0.281817
-1.29767 0.284737
-1.369 0.330349
-1.35254 0.336686
-1.33059 0.327203
-1.27023 0.324072
-1.23182 0.330349
-1.16598 0.320956
-1.22634 0.314769
-1.27023 0.339878
-1.25377 0.36595
-1.24829 0.396433
-1.24829 0.424553
-1.14403 0.281817
-1.25926 0.308642
-1.31413 0.33351
-1.31962 0.308642
-1.23731 0.293589
-1.26475 0.320956
-1.22634 0.299565
-1.15501 0.317855
-1.22085 0.330349
-1.29218 0.343084
-1.40192 0.36595
-1.24829 0.287673
-1.2428 0.22919
-1.16598 0.253441
-1.12757 0.242512
-1.05624 0.168224
-1.12209 0.211171
-1.13306 0.242512
-1.12757 0.264611
-1.10014 0.2137
-0.995885 0.208657
-1.03429 0.2137
-1.16049 0.245222
-1.16598 0.198752
-1.15501 0.256211
-1.13855 0.281817
-1.1989 0.299565
-1.10014 0.258996
-1.18244 0.203675
-1.16598 0.184346
-1.1989 0.216244
-1.13855 0.226571
-1.12209 0.201206
-1.17147 0.208657
-1.16598 0.198752
-1.20988 0.189088
-1.24829 0.2137
-1.1989 0.203675
-1.19342 0.206158
-1.17695 0.19389
-1.23182 0.189088
-1.20988 0.196313
-1.21536 0.198752
-1.15501 0.211171
-1.1166 0.191481
-1.24829 0.256211
-1.23731 0.324072
-1.19342 0.250686
-1.17147 0.208657
-1.14952 0.179664
-1.25377 0.172755
-1.3251 0.159342
-1.1989 0.128182
-1.22085 0.181998
-1.22085 0.2137
-1.35254 0.264611
-1.35254 0.273146
-1.39643 0.317855
-1.34156 0.339878
-1.31962 0.276021
-1.33059 0.250686
-1.30316 0.221377
-1.22634 0.245222
-1.2428 0.22919
-1.19342 0.256211
-1.25926 0.247947
-1.23182 0.189088
-1.1166 0.144379
-1.07819 0.16154
-1.12209 0.165981
-1.11111 0.146472
-1.11111 0.114799
-1.16598 0.122356
-1.12757 0.140239
-1.14403 0.098677
-1.17147 0.111111
-1.18793 0.100408
-1.19342 0.112948
-1.19342 0.120444
-1.20439 0.098677
-1.18244 0.100408
-1.25926 0.130154
-1.25926 0.142302
-1.23731 0.152839
-1.24829 0.142302
-1.34705 0.154992
-1.34156 0.208657
-1.3251 0.247947
-1.34156 0.245222
-1.34705 0.218803
-1.35254 0.181998
-1.41289 0.165981
-1.4513 0.223967
-1.41838 0.253441
-1.30316 0.267441
-1.25377 0.247947
-1.31413 0.296569
-1.33059 0.327203
-1.39095 0.33351
-1.36351 0.299565
-1.27572 0.231824
-1.29767 0.2137
-1.23731 0.191481
-1.26475 0.201206
-1.20988 0.142302
-1.16598 0.0760216
-1.14952 0.0969609
-1.13855 0.124283
-1.21536 0.201206
-1.23731 0.234474
-1.27572 0.284737
-1.36351 0.327203
-1.33608 0.308642
-1.28669 0.276021
-1.33059 0.296569
-1.29218 0.287673
-1.35802 0.324072
-1.23731 0.264611
-1.1166 0.19389
-1.11111 0.175043
-1.18793 0.138192
-1.17695 0.0902471
-1.14403 0.130154
-1.2428 0.163753
-1.15501 0.150702
-1.19342 0.144379
-1.1989 0.159342
-1.23182 0.116666
-1.19342 0.128182
-1.12209 0.107483
-1.22085 0.112948
-1.21536 0.138192
-1.21536 0.105692
-1.30316 0.124283
-1.25377 0.100408
-1.23182 0.122356
-1.18793 0.0700906
-1.17147 0.0715507
-1.13306 0.0952599
-1.11111 0.100408
-1.17695 0.0715507
-1.19342 0.0644004
-1.17147 0.058951
-1.16049 0.0700906
-1.1989 0.0463814
-1.10562 0.0644004
-1.07819 0.0672154
-1.10562 0.0602908
-1.12757 0.0537426
-1.14403 0.058951
-1.08368 0.0644004
-1.14403 0.0440482
-1.12209 0.0384784
-1.17147 0.0294012
-1.14952 0.0215433
-1.13306 0.0322914
-1.16049 0.0275496
-1.22085 0.0177047
-1.14403 0.0155822
-1.1989 0.0294012
-1.18244 0.0353172
-1.19342 0.0363559
-1.17147 0.0384784
-1.1989 0.0463814
-1.22634 0.0869805
-1.19342 0.077542
-1.28121 0.0672154
-1.28669 0.0644004
-1.29767 0.0363559
-1.37997 0.033285
-1.28669 0.019195
-1.19342 0.0223562
-1.20439 0.0123457
-1.1989 0.00569207
-1.27572 0.0184423
-1.26475 0.0199627
-1.20988 0.0248852
-1.26475 0.0275496
-1.1989 0.031313
-1.20439 0.0429041
-1.25377 0.0644004
-1.22085 0.0760216
-1.18793 0.058951
-1.28669 0.0602908
-1.14952 0.0935739
-1.09465 0.0886063
-1.14952 0.0760216
-0.990398 0.0715507
-1.14952 0.0644004
-1.14403 0.098677
-1.14403 0.122356
-1.15501 0.189088
-1.23182 0.191481
-1.24829 0.237138
-1.37997 0.293589
-1.42936 0.327203
-1.42387 0.302575
-1.40741 0.242512
-1.41289 0.302575
-1.37449 0.293589
-1.35254 0.293589
-1.34705 0.242512
-1.31413 0.203675
-1.28121 0.191481
-1.33059 0.191481
-1.23182 0.165981
-1.20988 0.159342
-1.28669 0.148579
-1.29767 0.122356
-1.22634 0.118547
-1.25377 0.102154
-1.13855 0.0700906
-1.19342 0.0686454
-1.20988 0.098677
-1.24829 0.098677
-1.20439 0.100408
-1.16598 0.0745163
-1.14403 0.077542
-1.07819 0.058951
-1.06722 0.0576263
-1.1166 0.0184423
-1.17147 0.0395622
-1.2428 0.0363559
-1.22085 0.0672154
-1.1166 0.0576263
-1.03429 0.0353172
-1.09465 0.0537426
-1.14403 0.0322914
-1.25377 0.0303496
-1.18793 0.0429041
-1.07819 0.0395622
-1.12209 0.0395622
-1.27023 0.0363559
-1.26475 0.0395622
-1.27572 0.0284679
-1.29767 0.0475707
-1.30864 0.0452073
-1.20439 0.0487749
-1.16598 0.0384784
-1.08368 0.0395622
-0.96845 0.0135951
-1.03978 0.019195
-1.00686 0.0231841
-1.17147 0.0363559
-1.26475 0.0363559
-1.22085 0.0142424
-1.09465 0.0155822
-1.05624 0.0374096
-1.07819 0.0440482
-1.06173 0.0395622
-1.05624 0.0576263
-1.09465 0.0342936
-1.07819 0.0406611
-1.10562 0.0417751
-1.25377 0.0284679
-1.19342 0.0353172
-1.18244 0.0463814
-1.11111 0.0630155
-1.08368 0.0630155
-1.08368 0.0602908
-1.07819 0.0550221
-1.08368 0.0630155
-1.21536 0.0512286
-1.20439 0.0440482
-1.10014 0.0616456
-1.18244 0.0658003
-1.18793 0.0429041
-1.26475 0.0550221
-1.23182 0.0215433
-1.24829 0.031313
-1.26475 0.0294012
-1.25926 0.0463814
-1.30864 0.0658003
-1.28121 0.0790775
-1.20988 0.0760216
-1.25377 0.0429041
-1.17147 0.031313
-1.12757 0.0384784
-1.13855 0.0440482
-1.21536 0.0417751
-1.15501 0.058951
-1.22085 0.0576263
-1.25926 0.0672154
-1.17695 0.0537426
-1.19342 0.0452073
-1.18244 0.0700906
-1.17695 0.0658003
-1.16049 0.100408
-1.17147 0.114799
-1.2428 0.16154
-1.22634 0.218803
-1.2428 0.198752
-1.23731 0.226571
-1.28669 0.267441
-1.22634 0.198752
-1.21536 0.186709
-1.20988 0.208657
-1.22634 0.250686
-1.28121 0.242512
-1.21536 0.242512
-1.22634 0.2137
-1.18244 0.165981
-1.17695 0.163753
-1.22085 0.13616
-1.20988 0.0969609
-1.21536 0.0837741
-1.13306 0.0760216
-1.20439 0.098677
-1.22634 0.098677
-1.12209 0.105692
-1.20439 0.0821935
-1.10562 0.0700906
-1.08916 0.073026
-1.11111 0.112948
-1.07819 0.0969609
-1.12209 0.118547
-1.11111 0.126225
-1.01235 0.118547
-1.08916 0.122356
-1.20988 0.148579
-1.20439 0.130154
-1.18793 0.150702
-1.16049 0.140239
-1.18793 0.0935739
-1.14403 0.0616456
-1.17147 0.0576263
-1.10014 0.0524781
-1.08368 0.0384784
-1.12757 0.0105844
-1.17147 0.0487749
-1.17695 0.0417751
-1.12209 0.0123457
-1.01783 0.0117435
-1.08368 0.0129629
-1.05075 0.00286203
-1.08368 0.00381039
-1.08916 0.000829819
-1.14952 4.70419e-05
-1.06173 0.00746837
-1.06722 0.000829819
-1.01235 0.0111565
-1.06722 0.0149048
-1.09465 0.0215433
-0.990398 0.00895866
-1.07819 0.000995407
-1.02881 1.88168e-06
-1.03429 1.69351e-05
-1.10014 0.000227683
-1.10562 0.000152416
-1.07819 0.00611357
-1.1166 0.00117605
-1.03429 0.00230505
-1.08916 1.88168e-06
-1.0727 0.00137174
-1.20439 0.0135951
-1.08916 0.0463814
-1.0727 0.0284679
-1.16049 0.0275496
-1.16049 0.033285
-1.05075 0.0452073
-1.15501 0.0475707
-1.12209 0.0563167
-1.14403 0.0499943
-1.20988 0.0658003
-1.20439 0.0563167
-1.16049 0.0550221
-1.14952 0.0384784
-1.13306 0.0231841
-1.23182 0.0135951
-1.20439 0.00611357
-1.23731 0.00230505
-1.29767 0.0031631
-1.20439 0.000543804
-1.16598 0.000829819
-1.15501 0.00230505
-1.12757 0.000829819
-1.27023 0.000152416
-1.1989 0.00347922
-1.17695 0.00381039
-1.1989 0.0207455
-1.20439 0.0406611
-1.16598 0.031313
-1.26475 0.0440482
-1.20439 0.0563167
-1.16598 0.0363559
-1.14952 0.0155822
-1.2428 0.0177047
-1.31413 0.00844685
-1.22634 0.0223562
-1.30316 0.0149048
-1.31962 0.0169821
-1.20988 0.0135951
-1.14403 0.00948553
-1.25377 0.00286203
-1.15501 0.00180829
-1.20988 0.00746837
-1.28669 0.0162746
-1.25926 0.0135951
-1.29218 0.019195
-1.37997 0.0384784
-1.28121 0.0294012
-1.28121 0.0177047
-1.25926 0.00844685
-1.33608 0.00795008
-1.33608 0.019195
-1.369 0.0169821
-1.28669 0.00700172
-1.42936 0.00795008
-1.37449 0.00381039
-1.39643 0.00451791
-1.28669 0.0031631
-1.27023 0.000679285
-1.20988 0.00528563
-1.28121 0.0162746
-1.30316 0.019195
-1.22085 0.0257583
-1.22634 0.0169821
-1.24829 0.0142424
-1.1989 0.0149048
-1.17147 0.0240271
-1.12209 0.00948553
-1.02881 0.0135951
-1.0727 0.0294012
-1.2428 0.0602908
-1.20439 0.0524781
-1.20439 0.0463814
-1.29767 0.0294012
-1.22085 0.0395622
-1.30316 0.0353172
-1.22634 0.0363559
-1.23731 0.0417751
-1.16049 0.00286203
-1.21536 0.00655012
-1.22085 0.0248852
-1.2428 0.0184423
-1.24829 0.0169821
-1.23731 0.0149048
-1.25926 0.0135951
-1.23182 0.0162746
-1.29767 0.0294012
-1.14952 0.0155822
-1.16598 0.0231841
-1.12757 0.0294012
-1.08916 0.0207455
-1.06722 0.0294012
-1.13855 0.0257583
-1.16049 0.0363559
-1.1989 0.0266464
-1.10014 0.0550221
-1.17147 0.0853698
-1.13855 0.0658003
-1.14952 0.0563167
-1.2428 0.0644004
-1.20439 0.0550221
-1.20988 0.0417751
-1.20439 0.0199627
-1.23182 0.00844685
-1.14403 0.0303496
-1.13306 0.0184423
-1.11111 0.0207455
-1.05075 0.00700172
-1.05624 0.000543804
-1.15501 1.69351e-05
-1.14952 0.000679285
-1.14952 0.00415662
-1.11111 0.00347922
-1.02881 0.00257602
-1.18244 9.22021e-05
-1.14952 0.000152416
-1.13855 4.70419e-05
-1.13306 0.00204915
-1.15501 0.00257602
-1.13306 0.0123457
-1.12757 0.019195
-1.14952 0.0207455
-1.06722 0.0129629
-1.12757 0.0223562
-1.14403 0.0215433
-1.13306 0.0231841
-1.13306 0.0475707
-1.12209 0.0616456
-1.05075 0.0512286
-1.05075 0.019195
-1.03429 0.0184423
-1.06173 0.0177047
-1.16049 0.0266464
-1.13855 0.0512286
-1.06722 0.0155822
-0.91358 0.0177047
-1.04527 0.019195
-1.05075 0.0275496
-1.09465 0.0686454
-1.07819 0.0576263
-1.14403 0.0487749
-1.08368 0.0374096
-1.03978 0.0524781
-1.14952 0.0406611
-1.20988 0.058951
-1.17147 0.0745163
-1.14952 0.0700906
-1.14952 0.0760216
-1.17695 0.0644004
-1.18244 0.0700906
-1.31962 0.100408
-1.23731 0.0821935
-1.21536 0.077542
-1.23731 0.100408
-1.27023 0.0952599
-1.36351 0.0821935
-1.31413 0.0969609
-1.18793 0.122356
-1.2428 0.13616
-1.23731 0.186709
-1.18244 0.168224
-1.17695 0.16154
-1.25377 0.154992
-1.22085 0.196313
-1.27572 0.165981
-1.2428 0.170482
-1.23731 0.13616
-1.22085 0.152839
-1.17695 0.114799
-1.14403 0.098677
-1.17695 0.0715507
-1.17695 0.0686454
-1.15501 0.0537426
-1.0727 0.0303496
-1.10562 0.0384784
-1.01783 0.0284679
-1.03429 0.0155822
-1.0727 0.0177047
-1.13855 0.0135951
-1.17695 0.00489424
-1.07819 0.0135951
-1.01783 0.00415662
-1.02881 0.00948553
-1.09465 0.00655012
-1.10562 0.0111565
-1.09465 0.0111565
-1.11111 0.0342936
-1.05075 0.0231841
-1.00686 0.0184423
-1.06722 0.0162746
-1.02881 0.00180829
-1.1166 0.000152416
-1.10014 0.00158249
-1.03429 0.00700172
-1.06173 0.0248852
-1.07819 0.0417751
-1.0727 0.0384784
-1.09465 0.0630155
-1.13306 0.0550221
-1.18793 0.0563167
-1.17695 0.0266464
-1.17147 0.0149048
-1.20988 0.033285
-1.15501 0.031313
-1.17147 0.033285
-1.14952 0.0524781
-1.19342 0.0363559
-1.19342 0.0231841
-1.17695 0.0563167
-1.18793 0.0353172
-1.14403 0.0429041
-1.10014 0.0374096
-1.12209 0.0429041
-1.22634 0.0576263
-1.2428 0.0630155
-1.18793 0.0463814
-1.22634 0.0452073
-1.12757 0.0563167
-1.10562 0.0869805
-1.22085 0.0563167
-1.13855 0.0284679
-1.07819 0.0363559
-1.10562 0.0686454
-1.19342 0.080628
-1.13306 0.0715507
-1.09465 0.0837741
-1.20439 0.0969609
-1.19342 0.0869805
-1.16049 0.103916
-1.27023 0.100408
-1.29767 0.0869805
-1.20439 0.0700906
-1.369 0.103916
-1.40192 0.116666
-1.34156 0.112948
-1.28669 0.0969609
-1.2428 0.0790775
-1.3251 0.0790775
-1.34705 0.0790775
-1.33608 0.0616456
-1.28669 0.0440482
-1.28669 0.0499943
-1.14952 0.0215433
-1.17695 0.0284679
-1.25926 0.0384784
-1.12757 0.031313
-1.16049 0.0686454
-1.22085 0.0672154
-1.19342 0.0417751
-1.20439 0.0266464
-1.23182 0.033285
-1.20988 0.0207455
-1.16598 0.0169821
-1.14403 0.0149048
-1.18793 0.0149048
-1.1166 0.0303496
-0.995885 0.0155822
-1.05624 0.00569207
-1.05075 0.0155822
-1.00137 0.0149048
-1.05624 0.00489424
-1.06722 0.0111565
-1.14952 0.0384784
-1.03429 0.0537426
-1.12209 0.0257583
-1.19342 0.0266464
-1.21536 0.0123457
-1.28121 0.0142424
-1.20439 0.0215433
-1.22634 0.0353172
-1.16049 0.0240271
-1.19342 0.0223562
-1.14403 0.0223562
-1.12209 0.0142424
-1.14403 0.0142424
-1.18244 0.00611357
-1.16049 0.0231841
-1.18244 0.0129629
-1.10014 0.00230505
-1.03429 0.000227683
-1.11111 0.00746837
-1.09465 0.0155822
-1.11111 0.0100275
-1.1166 0.0169821
-1.08368 0.0155822
-1.05075 0.00795008
-1.12209 0.00286203
-1.16049 0.00895866
-1.0727 0.00257602
-1.16049 0.00611357
-1.03429 0.00347922
-1.16049 0.0169821
-1.06722 0.0215433
-1.16049 0.0184423
-1.2428 0.0275496
-1.28121 0.0248852
-1.22085 0.0215433
-1.14403 0.0100275
-1.13855 0.00948553
-1.17695 0.000829819
-1.09465 9.22021e-05
-1.14952 4.70419e-05
-1.16598 0.00204915
-1.24829 0.0031631
-1.27023 0.000423377
-1.16049 0.000152416
-1.10562 0.00158249
-1.09465 0.0155822
-1.13855 0.0231841
-1.17695 0.0223562
-1.1989 0.0184423
-1.14403 0.0135951
-1.10562 0.0142424
-1.0727 0.0223562
-1.1166 0.0155822
-1.19342 0.0342936
-1.18793 0.0512286
-1.21536 0.0248852
-1.12209 0.0155822
-1.1166 0.0155822
-1.2428 0.0177047
-1.18793 0.0129629
-1.12209 0.00381039
-1.04527 0.0162746
-1.05075 0.0231841
-1.01783 0.0142424
-1.05624 0.0169821
-1.09465 0.00746837
-1.19342 0.00528563
-1.15501 0.00180829
-1.21536 0.00528563
-1.20988 0.00257602
-1.21536 0.00204915
-1.14403 0.0111565
-1.10562 0.00655012
-1.06722 0.000227683
-1.14403 0.000995407
-1.12209 0.00489424
-1.03429 0.00230505
-1.10562 0.00948553
-1.06722 0.00158249
-1.1166 0.000227683
-1.08368 9.22021e-05
-1.03978 0.00257602
-1.09465 0.000829819
-1.10014 1.69351e-05
-1.16598 0.00158249
-1.18793 9.22021e-05
-1.25926 0.00204915
-1.25926 0.0031631
-1.20439 0.0031631
-1.08368 0.00257602
-1.03978 0.000543804
-1.14403 4.70419e-05
-1.08916 0.000152416
-1.25377 0.0031631
-1.26475 0.00528563
-1.26475 0.00489424
-1.18244 0.000995407
-1.27023 0.0129629
-1.25926 0.00381039
-1.20988 0.00415662
-1.1989 0.00286203
-1.18244 0.000679285
-1.17695 0.000679285
-1.17695 0.0111565
-1.09465 0.000995407
-1.18793 0.00117605
-1.2428 0.00415662
-1.23182 0.0111565
-1.27023 0.00347922
-1.2428 0.000318003
-1.23182 0.00158249
-1.20988 0.000423377
-1.22634 0.00286203
-1.16049 0.0117435
-1.17695 0.0199627
-1.19342 0.0363559
-1.22634 0.0576263
-1.22634 0.0487749
-1.17695 0.0363559
-1.16049 0.0384784
-1.10562 0.0512286
-1.14403 0.0821935
-1.10562 0.0902471
-1.17147 0.134143
-1.27572 0.144379
-1.22085 0.159342
-1.24829 0.107483
-1.1989 0.0837741
-1.25377 0.100408
-1.22085 0.132141
-1.23731 0.132141
-1.22634 0.120444
-1.23182 0.114799
-1.18793 0.134143
-1.08916 0.126225
-1.05624 0.112948
-1.17147 0.118547
-1.13855 0.142302
-1.08916 0.16154
-1.09465 0.172755
-1.13306 0.144379
-1.20439 0.196313
-1.20439 0.165981
-1.17695 0.152839
-1.25926 0.165981
-1.27023 0.154992
-1.1166 0.132141
-1.18244 0.150702
-1.2428 0.107483
-1.20988 0.114799
-1.26475 0.124283
-1.20439 0.124283
-1.26475 0.138192
-1.21536 0.134143
-1.10562 0.098677
-1.13855 0.13616
-1.13306 0.134143
-1.13855 0.132141
-1.16598 0.126225
-1.10014 0.138192
-1.11111 0.134143
-1.18244 0.159342
-1.27023 0.179664
-1.2428 0.157159
-1.2428 0.186709
-1.18793 0.144379
-1.10562 0.118547
-1.17147 0.144379
-1.09465 0.103916
-1.12757 0.103916
-1.14403 0.0853698
-1.15501 0.0524781
-1.12757 0.0602908
-1.20439 0.0715507
-1.15501 0.058951
-1.17695 0.0463814
-1.28669 0.0275496
-1.18244 0.0207455
-1.1989 0.0169821
-1.17147 0.0135951
-1.23731 0.0248852
-1.29767 0.0257583
-1.28121 0.0406611
-1.2428 0.0537426
-1.25926 0.0384784
-1.16598 0.0395622
-1.25377 0.0512286
-1.30864 0.0440482
-1.27572 0.0353172
-1.30864 0.0384784
-1.23182 0.0602908
-1.26475 0.0760216
-1.29767 0.073026
-1.20988 0.0700906
-1.22634 0.0644004
-1.28121 0.0602908
-1.29767 0.0837741
-1.27572 0.080628
-1.15501 0.0537426
-1.16598 0.0550221
-1.20988 0.031313
-1.1989 0.0563167
-1.20439 0.0821935
-1.18244 0.118547
-1.17695 0.140239
-1.17147 0.132141
-1.22634 0.130154
-1.20988 0.152839
-1.25377 0.168224
-1.25926 0.179664
-1.2428 0.189088
-1.30864 0.186709
-1.21536 0.168224
-1.20988 0.172755
-1.20988 0.2137
-1.24829 0.239818
-1.17147 0.226571
-1.25926 0.299565
-1.28121 0.270286
-1.33059 0.267441
-1.26475 0.287673
-1.18793 0.261796
-1.22085 0.223967
-1.19342 0.172755
-1.28669 0.208657
-1.24829 0.170482
-1.31962 0.245222
-1.30316 0.211171
-1.28121 0.211171
-1.26475 0.191481
-1.35254 0.247947
-1.22634 0.170482
-1.25377 0.237138
-1.28121 0.242512
-1.27572 0.281817
-1.28121 0.311698
-1.35802 0.33351
-1.46228 0.399896
-1.40192 0.379348
-1.27023 0.349542
-1.2428 0.375976
-1.39643 0.435347
-1.29767 0.406865
-1.40741 0.522596
-1.4513 0.510764
-1.46776 0.499068
-1.48422 0.491345
-1.35254 0.461058
-1.28121 0.417433
-1.24829 0.417433
-1.2428 0.449948
-1.40192 0.446275
-1.26475 0.369277
-1.26475 0.413895
-1.29767 0.403373
-1.25926 0.392986
-1.25926 0.336686
-1.22634 0.369277
-1.22085 0.327203
-1.22634 0.296569
-1.29218 0.382735
-1.31962 0.372619
-1.22085 0.33351
-1.23731 0.417433
-1.27572 0.464791
-1.33608 0.428136
-1.41289 0.461058
-1.41289 0.413895
-1.35254 0.382735
-1.19342 0.308642
-1.1989 0.327203
-1.23731 0.33351
-1.28121 0.346306
-1.30864 0.349542
-1.31962 0.36595
-1.35254 0.339878
-1.44582 0.410373
-1.37997 0.35606
-1.34156 0.314769
-1.44033 0.359342
-1.42387 0.352794
-1.46228 0.424553
-1.40741 0.453636
-1.27572 0.346306
-1.31962 0.33351
-1.20439 0.242512
-1.20988 0.22919
-1.27023 0.184346
-1.24829 0.203675
-1.33059 0.206158
-1.22634 0.181998
-1.29218 0.237138
-1.3251 0.264611
-1.34705 0.247947
-1.29767 0.206158
-1.30864 0.206158
-1.26475 0.203675
-1.23731 0.216244
-1.31962 0.223967
-1.37449 0.231824
-1.28669 0.223967
-1.25926 0.172755
-1.34156 0.221377
-1.19342 0.184346
-1.1166 0.150702
-1.1166 0.10929
-1.06722 0.0790775
-1.17695 0.0745163
-1.15501 0.0384784
-1.11111 0.0417751
-1.1989 0.0374096
-1.12757 0.0374096
-1.18793 0.0363559
-1.1166 0.031313
-1.0727 0.0223562
-1.06722 0.0353172
-1.11111 0.0184423
-1.02881 0.0353172
-1.06173 0.0524781
-1.13855 0.0700906
-1.20439 0.0853698
-1.17147 0.0644004
-1.23182 0.0322914
-1.27023 0.0616456
-1.20439 0.0395622
-1.16049 0.0700906
-1.18793 0.0837741
-1.22634 0.0935739
-1.16049 0.0853698
-1.16598 0.0790775
-1.14952 0.105692
-1.12209 0.130154
-1.13855 0.10929
-1.14403 0.10929
-1.10014 0.114799
-1.1989 0.0952599
-1.23182 0.0790775
-1.16049 0.0616456
-1.16598 0.0550221
-1.10562 0.0686454
-1.16049 0.0616456
-1.22634 0.0452073
-1.23731 0.0537426
-1.27023 0.0440482
-1.31962 0.0487749
-1.23731 0.0429041
-1.27023 0.0417751
-1.26475 0.0294012
-1.28669 0.0499943
-1.35254 0.058951
-1.21536 0.0322914
-1.2428 0.0199627
-1.21536 0.0142424
-1.31413 0.0142424
-1.27023 0.0184423
-1.23182 0.0177047
-1.1989 0.0123457
-1.24829 1.69351e-05
-1.15501 9.22021e-05
-1.1989 0.000152416
-1.23182 0.000543804
-1.20988 0.00230505
-1.1166 0.0135951
-1.08368 0.0149048
-1.17695 0.019195
-1.22085 0.00795008
-1.23731 0.019195
-1.24829 0.0155822
-1.14403 0.0177047
-1.12757 0.0275496
-1.13855 0.0440482
-1.18244 0.0630155
-1.18244 0.0630155
-1.17695 0.0616456
-1.15501 0.0837741
-1.14952 0.114799
-1.1989 0.0969609
-1.2428 0.091903
-1.18244 0.0952599
-1.20988 0.0952599
-1.21536 0.0837741
-1.22634 0.100408
-1.28121 0.116666
-1.29218 0.142302
-1.369 0.172755
-1.36351 0.157159
-1.3251 0.128182
-1.36351 0.142302
-1.35254 0.146472
-1.34156 0.189088
-1.27572 0.181998
-1.35802 0.203675
-1.39643 0.181998
-1.31962 0.201206
-1.34156 0.211171
-1.34156 0.19389
-1.30316 0.189088
-1.33608 0.170482
-1.28669 0.126225
-1.23182 0.146472
-1.24829 0.142302
-1.20988 0.100408
-1.1989 0.0672154
-1.30316 0.112948
-1.22634 0.0821935
-1.22634 0.0952599
-1.19342 0.0524781
-1.18244 0.0700906
-1.22634 0.073026
-1.12209 0.0576263
-1.15501 0.0363559
-1.17695 0.0550221
-1.1989 0.0240271
-1.20988 0.0266464
-1.17695 0.0630155
-1.25377 0.0406611
-1.1989 0.0294012
-1.12209 0.00700172
-1.09465 0.00746837
-1.09465 1.88168e-06
-1.04527 0.00230505
-1.01783 0.00180829
-1.00686 0.00347922
-0.973937 0.000543804
-1.00686 0.000995407
-1.12209 0.000227683
-1.01235 1.69351e-05
-1.18793 0.00158249
-1.22634 0.000995407
-1.16598 9.22021e-05
-1.09465 0.000995407
-1.18244 0.00117605
-1.12209 0.00257602
-1.24829 0.0123457
-1.24829 0.00347922
-1.20439 0.00655012
-1.12209 0.000679285
-1.19342 0.00117605
-1.23731 0.00257602
-1.24829 0.00451791
-1.12209 0.00795008
-1.01235 0.0135951
-1.06722 0.00569207
-1.06173 0.00451791
-1.1166 0.0100275
-1.13306 0.019195
-1.18793 0.0129629
-1.13855 0.00347922
-1.10014 0.00158249
-1.17147 0.00158249
-1.16598 1.88168e-06
-1.15501 0.00528563
-1.20439 0.00489424
-1.24829 0.0135951
-1.22634 0.00489424
-1.36351 0.00286203
-1.27023 0.00158249
-1.19342 0.00230505
-1.27572 0.00137174
-1.24829 0.00180829
-1.19342 0.000543804
-1.16049 9.22021e-05
-1.08368 0.000679285
-1.11111 1.69351e-05
-1.04527 0.00158249
-0.951989 0.00204915
-1.01783 0.00451791
-1.08368 0.000318003
-1.15501 0.000423377
-1.10562 0.0105844
-1.02881 0.0105844
-1.05075 0.00948553
-1.12757 0.00844685
-1.17695 0.00381039
-1.16598 0.00180829
-1.19342 0.0031631
-1.16049 0.00528563
-1.20439 0.00746837
-1.13855 0.0105844
-1.16049 0.000152416
-1.12209 0.000227683
-1.03978 0.000543804
-1.10014 0.000152416
-1.08368 0.000318003
-1.0727 0.00286203
-1.16598 1.69351e-05
-1.07819 0.000318003
-1.23182 0.00137174
-1.17147 0.000152416
-1.14952 0.00347922
-1.17147 0.00895866
-1.13306 0.00700172
-1.09465 0.0117435
-1.11111 0.019195
-1.12757 0.0207455
-1.14403 0.0231841
-1.19342 0.0215433
-1.17147 0.0215433
-1.18793 0.0395622
-1.1989 0.0616456
-1.21536 0.0524781
-1.34156 0.0417751
-1.28121 0.0417751
-1.25377 0.0602908
-1.16598 0.0384784
-1.17147 0.0616456
-1.14403 0.0715507
-1.11111 0.0630155
-1.17695 0.0452073
-1.25377 0.105692
-1.29767 0.122356
-1.26475 0.148579
-1.23182 0.16154
-1.18244 0.168224
-1.18793 0.177346
-1.20439 0.154992
-1.16598 0.140239
-1.16049 0.114799
-1.08916 0.0715507
-1.05624 0.0550221
-1.08368 0.0550221
-1.13855 0.0760216
-1.09465 0.080628
-1.06173 0.0935739
-1.10562 0.111111
-1.1989 0.114799
-1.15501 0.0686454
-1.10562 0.0550221
-1.08368 0.0384784
-1.14952 0.0417751
-1.16049 0.0429041
-1.13306 0.0869805
-1.14403 0.0853698
-1.03978 0.0630155
-1.08368 0.0790775
-1.09465 0.0790775
-1.07819 0.0658003
-1.01235 0.0374096
-1.07819 0.0475707
-1.08368 0.0700906
-1.02332 0.0363559
-1.00137 0.0240271
-1.05624 0.0215433
-1.08916 0.0223562
-1.15501 0.0207455
-1.15501 0.00700172
-1.11111 0.0169821
-1.14403 0.0123457
-1.03429 0.0149048
-0.990398 0.0231841
-1.01235 0.00286203
-1.06173 0.000152416
-1.10014 0.00137174
-1.02332 1.69351e-05
-1.16598 0.000829819
-1.08916 0.000679285
-1.13306 0.000227683
-1.1166 0.00700172
-1.17695 0.00381039
-1.17695 0.00569207
-1.15501 0.00795008
-1.13306 0.000152416
-1.13855 0.00286203
-1.13306 0.00895866
-1.03429 0.0149048
-1.08916 0.0149048
-1.12757 0.0199627
-1.11111 0.0123457
-1.12209 0.0129629
-1.13306 0.00700172
-1.06722 0.00611357
-1.10562 0.00158249
-1.13855 0.000423377
-1.01235 0.00528563
-1.01235 0.00528563
-1.06722 0.00230505
-1.02881 0.00257602
-1.08368 0.00489424
-1.05624 0.00286203
-1.08368 0.00746837
-1.13306 1.88168e-06
-1.20988 4.70419e-05
-1.18793 0.00451791
-1.21536 0.0135951
-1.13306 0.00700172
-1.12757 0.0129629
-1.14952 0.0275496
-1.12757 0.031313
-1.08368 0.0550221
-1.05075 0.0223562
-1.05075 0.033285
-1.03978 0.0395622
-1.16598 0.031313
-1.21536 0.0563167
-1.14403 0.0499943
-1.12209 0.0429041
-1.17147 0.0821935
-1.14952 0.0550221
-1.12757 0.0537426
-1.22085 0.0602908
-1.17695 0.0499943
-1.14403 0.0644004
-1.13855 0.0576263
-1.07819 0.0524781
-1.09465 0.0602908
-1.22634 0.111111
-1.20988 0.0853698
-1.21536 0.0475707
-1.16049 0.0524781
-1.23731 0.0395622
-1.25377 0.0303496
-1.369 0.0537426
-1.34156 0.0395622
-1.27572 0.0440482
-1.28669 0.0550221
-1.1989 0.0322914
-1.29767 0.0322914
-1.3251 0.033285
-1.26475 0.0223562
-1.20439 0.0135951
-1.24829 0.0184423
-1.27023 0.0117435
-1.23182 0.019195
-1.15501 0.031313
-1.08368 0.031313
-0.962963 0.0149048
-1.15501 0.00948553
-1.17695 0.00257602
-1.21536 0.00451791
-1.21536 0.0117435
-1.13306 0.00795008
-1.1166 0.0117435
-1.18244 0.0303496
-1.1166 0.0374096
-1.1166 0.0524781
-1.13855 0.033285
-1.28669 0.0630155
-1.22085 0.0240271
-1.22085 0.0105844
-1.18244 0.0031631
-1.20439 9.22021e-05
-1.17147 0.000318003
-1.16049 4.70419e-05
-1.16049 0.000829819
-1.06173 0.00795008
-1.05624 0.00286203
-1.07819 0.000543804
-1.20988 0.000152416
-1.18244 0.000829819
-1.17695 0.000995407
-1.22085 0.00655012
-1.16598 0.0199627
-1.17695 0.0463814
-1.13306 0.0821935
-1.1166 0.0902471
-1.16598 0.100408
-1.12757 0.120444
-1.14952 0.116666
-1.07819 0.102154
-1.1166 0.132141
-1.18244 0.130154
-1.10014 0.111111
-1.13855 0.144379
-1.11111 0.0902471
-1.12209 0.0902471
-1.08916 0.103916
-1.06173 0.122356
-1.08916 0.132141
-1.05075 0.148579
-1.07819 0.154992
-1.15501 0.181998
-1.21536 0.142302
-1.28121 0.146472
-1.27023 0.186709
-1.39095 0.22919
-1.29767 0.264611
-1.25926 0.239818
-1.33059 0.287673
-1.39095 0.293589
-1.3251 0.250686
-1.24829 0.273146
-1.27023 0.237138
-1.33608 0.287673
-1.22085 0.299565
-1.20439 0.267441
-1.25377 0.278911
-1.39095 0.343084
-1.35802 0.346306
-1.23731 0.308642
-1.27572 0.339878
-1.41838 0.431734
-1.43484 0.468539
-1.47874 0.464791
-1.44582 0.45734
-1.42387 0.461058
-1.44582 0.464791
-1.39643 0.518637
-1.37997 0.534564
-1.35254 0.50685
-1.41289 0.534564
-1.48422 0.558905
-1.35254 0.487507
-1.31962 0.446275
-1.42936 0.479875
-1.33608 0.449948
-1.35802 0.476081
-1.50617 0.583788
-1.4952 0.558905
-1.4513 0.600678
-1.4513 0.55481
-1.47874 0.639561
-1.41838 0.575434
-1.44033 0.587988
-1.44582 0.499068
-1.50069 0.558905
-1.47874 0.542617
-1.34705 0.538583
-1.44033 0.55481
-1.47325 0.550731
-1.36351 0.518637
-1.41289 0.530559
-1.43484 0.52657
-1.51166 0.491345
-1.36351 0.472303
-1.369 0.417433
-1.3251 0.386137
-1.30864 0.406865
-1.30864 0.472303
-1.31413 0.472303
-1.30316 0.461058
-1.31962 0.518637
-1.3251 0.499068
-1.27023 0.403373
-1.30316 0.431734
-1.23731 0.372619
-1.22634 0.438974
-1.31413 0.435347
-1.22634 0.420986
-1.33608 0.446275
-1.40741 0.514693
-1.42936 0.522596
-1.4513 0.583788
-1.52263 0.626465
-1.43484 0.542617
-1.45679 0.563015
-1.52812 0.643957
-1.55007 0.643957
-1.47325 0.600678
-1.39095 0.538583
-1.30316 0.464791
-1.31413 0.479875
-1.37449 0.495199
-1.40741 0.571279
-1.37997 0.550731
-1.36351 0.571279
-1.44033 0.648367
-1.39095 0.609213
-1.39095 0.579603
-1.29218 0.495199
-1.35802 0.571279
-1.50617 0.670646
-1.50617 0.670646
-1.51715 0.716334
-1.46228 0.648367
-1.48422 0.622129
-1.43484 0.583788
-1.43484 0.592203
-1.41838 0.542617
-1.43484 0.579603
-1.4513 0.575434
-1.42936 0.558905
-1.47874 0.550731
-1.45679 0.575434
-1.4513 0.55481
-1.42387 0.546667
-1.52812 0.630815
-1.54458 0.600678
-1.4513 0.534564
-1.33059 0.479875
-1.41289 0.522596
-1.34156 0.476081
-1.39095 0.483683
-1.39095 0.446275
-1.34156 0.446275
-1.37449 0.468539
-1.36351 0.483683
-1.41289 0.538583
-1.38546 0.518637
-1.40741 0.522596
-1.33059 0.417433
-1.30864 0.362639
-1.30316 0.339878
-1.26475 0.284737
-1.37997 0.278911
-1.1989 0.221377
-1.19342 0.256211
-1.27572 0.201206
-1.23731 0.186709
-1.1989 0.22919
-1.31962 0.276021
-1.33059 0.264611
-1.23182 0.250686
-1.33608 0.327203
-1.33059 0.302575
-1.35254 0.320956
-1.41289 0.314769
-1.27023 0.281817
-1.28121 0.245222
-1.25377 0.245222
-1.27572 0.2137
-1.27572 0.218803
-1.29218 0.216244
-1.18793 0.168224
-1.23731 0.13616
-1.19342 0.102154
-1.12757 0.0686454
-1.06722 0.0821935
-1.12757 0.058951
-1.05075 0.0524781
-1.13306 0.0644004
-1.18793 0.0644004
-1.08916 0.0417751
-1.20439 0.0384784
-1.17147 0.0322914
-1.15501 0.0129629
-1.16049 0.0135951
-1.14403 0.00204915
-1.09465 0.000995407
-1.14403 0.00895866
-1.12757 0.00895866
-1.08916 0.0149048
-1.13855 0.00347922
-1.12757 0.000995407
-1.14403 0.00137174
-1.1166 0.000543804
-1.14952 0.000423377
-1.1989 0.000995407
-1.0727 0.00137174
-1.02881 0.000227683
-1.04527 0.000318003
-1.15501 0.000679285
-1.14403 0.0031631
-1.01783 0.00451791
-1.16049 0.00286203
-1.17695 0.00158249
-1.1989 0.00611357
-1.18793 0.00204915
-1.14403 0.00528563
-1.08916 0.000829819
-1.18244 4.70419e-05
-1.13306 0.00158249
-1.18793 0.000543804
-1.20988 0.000318003
-1.20988 9.22021e-05
-1.10562 0.00180829
-1.16049 0.00286203
-1.23731 0.0031631
-1.18244 0.000829819
-1.18244 0.00137174
-1.22085 0.000829819
-1.17695 0.000543804
-1.18793 0.00569207
-1.17147 0.0111565
-1.16598 0.00844685
-1.16049 0.00415662
-1.20988 0.00948553
-1.18244 0.0223562
-1.20988 0.0303496
-1.20988 0.0135951
-1.20439 0.0149048
-1.23182 0.0100275
-1.18244 0.0135951
-1.1989 0.0215433
-1.15501 0.00948553
-1.14952 0.0123457
-1.21536 0.0149048
-1.25377 0.0199627
-1.2428 0.0169821
-1.15501 0.0342936
-1.16598 0.0395622
-1.18793 0.0537426
-1.2428 0.0686454
-1.25377 0.0821935
-1.17695 0.0658003
-1.11111 0.0563167
-1.09465 0.0576263
-1.08916 0.0886063
-1.13306 0.0869805
-1.21536 0.114799
-1.20988 0.134143
-1.1989 0.170482
-1.16598 0.128182
-1.16598 0.138192
-1.25926 0.226571
-1.26475 0.237138
-1.20988 0.196313
-1.18244 0.250686
-1.15501 0.216244
-1.28121 0.308642
-1.30316 0.299565
-1.28669 0.245222
-1.22085 0.198752
-1.19342 0.148579
-1.19342 0.118547
-1.25377 0.163753
-1.26475 0.152839
-1.30864 0.177346
-1.14952 0.142302
-1.21536 0.148579
-1.19342 0.168224
-1.20439 0.157159
-1.18793 0.191481
-1.21536 0.191481
-1.26475 0.216244
-1.31413 0.253441
-1.23731 0.245222
-1.25926 0.327203
-1.25926 0.302575
-1.31413 0.293589
-1.29218 0.245222
-1.1989 0.22919
-1.23182 0.208657
-1.29218 0.237138
-1.33059 0.273146
-1.30316 0.264611
-1.29218 0.237138
-1.1166 0.146472
-1.1989 0.16154
-1.16598 0.168224
-1.18244 0.150702
-1.23182 0.150702
-1.24829 0.186709
-1.28121 0.203675
-1.30316 0.253441
-1.27572 0.245222
-1.22085 0.203675
-1.20439 0.270286
-1.21536 0.198752
-1.21536 0.191481
-1.27572 0.242512
-1.28121 0.256211
-1.34156 0.293589
-1.38546 0.302575
-1.2428 0.290623
-1.25377 0.270286
-1.28121 0.234474
-1.14952 0.191481
-1.10562 0.206158
-1.22634 0.189088
-1.22634 0.201206
-1.18793 0.196313
-1.17147 0.140239
-1.18793 0.111111
-1.18244 0.152839
-1.16598 0.165981
-1.27023 0.170482
-1.29218 0.189088
-1.25926 0.184346
-1.29218 0.140239
-1.29767 0.150702
-1.27023 0.126225
-1.21536 0.077542
-1.20988 0.0760216
-1.21536 0.0499943
-1.18793 0.0616456
-1.15501 0.0886063
-1.24829 0.0853698
-1.20439 0.112948
-1.27023 0.111111
-1.23182 0.0902471
-1.25377 0.0686454
-1.23182 0.0715507
-1.28121 0.0630155
-1.14952 0.0537426
-1.04527 0.0644004
-1.16049 0.0524781
-1.16049 0.0512286
-1.18793 0.0869805
-1.23182 0.134143
-1.18793 0.102154
-1.14403 0.16154
-1.15501 0.150702
-1.13306 0.168224
-1.12209 0.16154
-1.16598 0.157159
-1.17147 0.165981
-1.1166 0.146472
-1.10562 0.126225
-1.1989 0.148579
-1.11111 0.134143
-1.23182 0.132141
-1.13306 0.111111
-1.14952 0.10929
-1.15501 0.0790775
-1.15501 0.103916
-1.16598 0.0853698
-1.17695 0.080628
-1.22634 0.0935739
-1.20988 0.122356
-1.14403 0.114799
-1.0727 0.177346
-1.08368 0.242512
-1.13306 0.242512
-1.16598 0.276021
-1.25377 0.234474
-1.21536 0.22919
-1.2428 0.256211
-1.22085 0.242512
-1.17695 0.250686
-1.16049 0.237138
-1.25926 0.261796
-1.30864 0.305601
-1.34705 0.256211
-1.30864 0.206158
-1.2428 0.221377
-1.15501 0.203675
-1.10562 0.181998
-1.12209 0.159342
-1.25377 0.242512
-1.17147 0.208657
-1.18244 0.186709
-1.19342 0.189088
-1.15501 0.203675
-1.12209 0.172755
-1.10014 0.130154
-1.16598 0.142302
-1.29767 0.130154
-1.25926 0.0935739
-1.18244 0.0952599
-1.19342 0.116666
-1.06722 0.0952599
-1.13306 0.091903
-1.14952 0.103916
-1.19342 0.098677
-1.25926 0.114799
-1.18793 0.0886063
-1.0727 0.0658003
-1.15501 0.0576263
-1.22634 0.077542
-1.31962 0.077542
-1.30316 0.073026
-1.31413 0.0886063
-1.30316 0.105692
-1.18244 0.116666
-1.23731 0.114799
-1.20988 0.107483
-1.22634 0.111111
-1.20439 0.0512286
-1.18793 0.0440482
-1.17695 0.0303496
-1.16049 0.0602908
-1.18244 0.091903
-1.20439 0.114799
-1.22085 0.126225
-1.29218 0.150702
-1.33059 0.181998
-1.34156 0.203675
-1.3251 0.191481
-1.22085 0.179664
-1.23731 0.191481
-1.23182 0.154992
-1.1989 0.148579
-1.17147 0.0760216
-1.22085 0.111111
-1.21536 0.140239
-1.25377 0.181998
-1.3251 0.267441
-1.18244 0.186709
-1.13306 0.179664
-1.13855 0.154992
-1.15501 0.172755
-1.12209 0.157159
-1.08368 0.130154
-1.12209 0.175043
-1.16598 0.184346
-1.12757 0.111111
-1.14403 0.091903
-1.17147 0.0760216
-1.14952 0.116666
-1.21536 0.175043
-1.25377 0.168224
-1.18244 0.126225
-1.23182 0.120444
-1.27023 0.138192
-1.2428 0.157159
-1.22085 0.175043
-1.35254 0.211171
-1.33608 0.234474
-1.23731 0.261796
-1.22085 0.290623
-1.27572 0.308642
-1.27572 0.330349
-1.25926 0.273146
-1.26475 0.223967
-1.22634 0.242512
-1.16598 0.186709
-1.17147 0.142302
-1.22634 0.16154
-1.31962 0.179664
-1.27572 0.170482
-1.27023 0.159342
-1.22085 0.157159
-1.24829 0.175043
-1.22085 0.140239
-1.28669 0.157159
-1.33608 0.181998
-1.35802 0.191481
-1.34705 0.206158
-1.37997 0.231824
-1.37449 0.247947
-1.31413 0.203675
-1.30316 0.19389
-1.16598 0.168224
-1.17695 0.216244
-1.2428 0.196313
-1.23182 0.179664
-1.22085 0.157159
-1.27023 0.157159
-1.20988 0.165981
-1.28669 0.211171
-1.31413 0.250686
-1.25377 0.211171
-1.22634 0.140239
-1.23731 0.170482
-1.20988 0.196313
-1.1989 0.223967
-1.18793 0.256211
-1.23731 0.253441
-1.25926 0.317855
-1.29767 0.396433
-1.27023 0.299565
-1.22085 0.324072
-1.23731 0.247947
-1.07819 0.154992
-1.18244 0.170482
-1.16598 0.165981
-1.22634 0.19389
-1.22085 0.177346
-1.22085 0.181998
-1.24829 0.2137
-1.23182 0.231824
-1.13855 0.165981
-1.13855 0.163753
-1.1166 0.152839
-1.21536 0.140239
-1.16049 0.114799
-1.0727 0.120444
-1.02332 0.120444
-1.07819 0.0886063
-1.08916 0.091903
-1.06722 0.0658003
-1.05075 0.0524781
-1.03978 0.0630155
-1.12209 0.073026
-1.06722 0.098677
-1.06722 0.152839
-1.1166 0.168224
-1.1166 0.206158
-1.09465 0.159342
-1.16049 0.175043
-1.13855 0.186709
-1.16049 0.234474
-1.13855 0.216244
-1.25926 0.250686
-1.22085 0.311698
-1.28121 0.375976
-1.26475 0.413895
-1.33059 0.446275
-1.21536 0.406865
-1.369 0.417433
-1.369 0.382735
-1.39643 0.406865
-1.3251 0.375976
-1.33608 0.403373
-1.41838 0.442617
-1.37997 0.45734
-1.30316 0.435347
-1.3251 0.424553
-1.40192 0.472303
-1.29218 0.362639
-1.33608 0.392986
-1.35802 0.403373
-1.34156 0.403373
-1.3251 0.396433
-1.39095 0.483683
-1.34156 0.424553
-1.29218 0.403373
-1.41289 0.487507
-1.40192 0.495199
-1.37449 0.483683
-1.39643 0.52657
-1.47325 0.563015
-1.48422 0.587988
-1.4513 0.567139
-1.42936 0.575434
-1.42936 0.563015
-1.38546 0.534564
-1.44033 0.592203
-1.4513 0.592203
-1.41289 0.522596
-1.39643 0.442617
-1.44033 0.464791
-1.39643 0.464791
-1.39095 0.472303
-1.23731 0.424553
-1.18793 0.346306
-1.29218 0.324072
-1.25926 0.324072
-1.20439 0.287673
-1.17147 0.278911
-1.2428 0.349542
-1.12757 0.281817
-1.13855 0.256211
-1.16598 0.320956
-1.15501 0.327203
-1.1989 0.352794
-1.1989 0.250686
-1.18244 0.216244
-1.24829 0.242512
-1.22085 0.208657
-1.12209 0.126225
-1.0727 0.150702
-1.10562 0.142302
-1.10562 0.198752
-1.16598 0.19389
-1.13306 0.177346
-1.20988 0.2137
-1.24829 0.206158
-1.19342 0.172755
-1.17147 0.146472
-1.16049 0.13616
-1.20988 0.132141
-1.18793 0.0821935
-1.08368 0.0837741
-1.15501 0.0686454
-1.1989 0.0576263
-1.23182 0.0322914
-1.22085 0.0342936
-1.08368 0.0123457
-1.16598 0.0248852
-1.15501 0.0240271
-1.16049 0.0142424
-1.13855 0.0248852
-1.18793 0.00844685
-1.18793 0.00158249
-1.20439 0.00655012
-1.19342 0.00347922
-1.17147 0.00286203
-1.21536 0.000423377
-1.23182 0.00117605
-1.1166 0.0100275
-1.16049 0.0207455
-1.14403 0.0100275
-1.07819 0.00700172
-1.08368 0.00381039
-1.16598 0.00611357
-1.13306 0.00286203
-1.15501 0.00117605
-1.13855 0.0303496
-1.12209 0.0417751
-1.24829 0.0440482
-1.27023 0.0563167
-1.17695 0.077542
-1.14403 0.0760216
-1.2428 0.0452073
-1.16598 0.0550221
-1.06173 0.0395622
-1.10014 0.0184423
-1.11111 0.0248852
-1.17695 0.0248852
-1.12757 0.0169821
-1.02332 0.0429041
-1.10562 0.0294012
-1.23182 0.0537426
-1.23731 0.0429041
-1.1989 0.0463814
-1.24829 0.031313
-1.23182 0.0353172
-1.20988 0.0223562
-1.08368 0.031313
-1.14952 0.0111565
-1.08916 0.00895866
-1.15501 0.0162746
-1.17147 0.0231841
-1.17695 0.0231841
-1.20988 0.0207455
-1.2428 0.031313
-1.19342 0.033285
-1.17147 0.0155822
-1.15501 0.0155822
-1.13306 0.00746837
-1.10562 0.000227683
-1.16049 0.00204915
-1.15501 0.00257602
-1.08916 0.00895866
-1.03429 0.00569207
-1.14952 0.0207455
-1.09465 0.0184423
-1.13855 0.0284679
-1.14403 0.0406611
-1.15501 0.0395622
-1.18244 0.0395622
-1.04527 0.0257583
-1.08916 0.0184423
-1.03429 0.0223562
-1.15501 0.0630155
-1.08916 0.0616456
-1.08916 0.0700906
-1.15501 0.077542
-0.96845 0.0630155
-0.995885 0.0869805
-1.00686 0.0869805
-0.984911 0.0886063
-1.06173 0.091903
-1.06173 0.0837741
-1.08916 0.0616456
-1.10014 0.0550221
-1.0727 0.0576263
-1.10562 0.0499943
-1.09465 0.0440482
-1.10014 0.0630155
-1.12209 0.0658003
-1.03429 0.0294012
-1.04527 0.0395622
-1.06173 0.0475707
-1.16049 0.0537426
-1.21536 0.0760216
-1.23731 0.0537426
-1.20988 0.0602908
-1.25926 0.0512286
-1.30864 0.0550221
-1.29767 0.0869805
-1.26475 0.058951
-1.27023 0.0406611
-1.20988 0.0353172
-1.1989 0.0406611
-1.10014 0.0952599
-1.12209 0.0935739
-1.20439 0.0790775
-1.18244 0.0686454
-1.12757 0.0512286
-1.14403 0.0429041
-1.14952 0.0342936
-1.14403 0.0537426
-1.16049 0.058951
-1.12757 0.0463814
-1.18793 0.077542
-1.22634 0.0790775
-1.21536 0.0969609
-1.31962 0.124283
-1.25377 0.130154
-1.29218 0.140239
-1.27023 0.130154
-1.24829 0.107483
-1.1989 0.102154
-1.24829 0.0935739
-1.25377 0.124283
-1.29218 0.126225
-1.23731 0.114799
-1.28121 0.107483
-1.20988 0.0902471
-1.18793 0.0700906
-1.22634 0.0969609
-1.27572 0.114799
-1.23731 0.126225
-1.22085 0.102154
-1.25377 0.103916
-1.21536 0.142302
-1.27572 0.165981
-1.369 0.179664
-1.33059 0.168224
-1.21536 0.154992
-1.17147 0.118547
-0.979424 0.0602908
-1.03429 0.0487749
-1.10562 0.0537426
-1.10014 0.0524781
-1.06722 0.0440482
-1.13306 0.0658003
-1.18793 0.0837741
-1.24829 0.0644004
-1.20439 0.0322914
-1.12757 0.0215433
-1.17147 0.0123457
-1.14403 0.00895866
-1.17695 0.00286203
-1.14952 0.000995407
-1.22085 0.000679285
-1.23182 4.70419e-05
-1.25377 0.00117605
-1.28121 0.00137174
-1.17695 0.00381039
-1.18244 0.00381039
-1.11111 0.0031631
-1.10562 0.000679285
-1.16049 0.00415662
-1.14952 0.00528563
-1.1166 0.00158249
-1.25377 0.00655012
-1.24829 0.0100275
-1.23182 0.00844685
-1.24829 0.00655012
-1.25377 0.0162746
-1.20988 0.0100275
-1.28121 0.0303496
-1.27023 0.0487749
-1.23182 0.0275496
-1.20439 0.0223562
-1.1989 0.0162746
-1.28669 0.00844685
-1.2428 0.00655012
-1.24829 0.0162746
-1.18244 0.0100275
-1.20988 0.0117435
-1.23731 0.0155822
-1.23182 0.0215433
-1.26475 0.00611357
-1.27572 0.0031631
-1.27572 0.00381039
-1.18244 0.00381039
-1.13855 0.00948553
-1.18793 0.00655012
-1.28669 0.00795008
-1.25377 0.0266464
-1.24829 0.0686454
-1.22085 0.073026
-1.2428 0.0630155
-1.27023 0.0576263
-1.23731 0.0537426
-1.17695 0.0576263
-1.14952 0.0616456
-1.2428 0.058951
-1.31413 0.0837741
-1.28669 0.098677
-1.23731 0.103916
-1.34156 0.13616
-1.28121 0.163753
-1.15501 0.140239
-1.12757 0.128182
-1.27023 0.216244
-1.20439 0.165981
-1.2428 0.163753
-1.23731 0.201206
-1.23182 0.206158
-1.1989 0.191481
-1.17147 0.124283
-1.09465 0.124283
-1.2428 0.165981
-1.33608 0.16154
-1.27023 0.138192
-1.20439 0.150702
-1.20988 0.165981
-1.2428 0.181998
-1.31413 0.203675
-1.37449 0.242512
-1.3251 0.16154
-1.37997 0.170482
-1.35802 0.142302
-1.34156 0.181998
-1.3251 0.206158
-1.30316 0.203675
-1.28121 0.191481
-1.24829 0.218803
-1.30316 0.276021
-1.29767 0.256211
-1.23731 0.320956
-1.26475 0.36595
-1.35254 0.406865
-1.44582 0.461058
-1.35254 0.424553
-1.31962 0.435347
-1.34705 0.413895
-1.30864 0.449948
-1.3251 0.502951
-1.40192 0.55481
-1.38546 0.499068
-1.39643 0.52657
-1.39095 0.495199
-1.47325 0.534564
-1.43484 0.534564
-1.35254 0.487507
-1.35254 0.468539
-1.34705 0.530559
-1.37449 0.514693
-1.38546 0.491345
-1.35802 0.52657
-1.369 0.546667
-1.36351 0.542617
-1.45679 0.617809
-1.44033 0.635181
-1.40741 0.583788
-1.47874 0.626465
-1.40741 0.613504
-1.54458 0.675147
-1.51715 0.652793
-1.40741 0.617809
-1.42387 0.626465
-1.37997 0.550731
-1.42936 0.596433
-1.46776 0.52657
-1.30316 0.476081
-1.31413 0.464791
-1.30316 0.464791
-1.18244 0.406865
-1.27023 0.386137
-1.30316 0.330349
-1.08368 0.273146
-1.17695 0.237138
-1.2428 0.245222
-1.23182 0.2137
-1.30316 0.234474
-1.23182 0.221377
-1.25926 0.284737
-1.22085 0.256211
-1.34705 0.305601
-1.37997 0.352794
-1.34705 0.330349
-1.41838 0.270286
-1.31413 0.245222
-1.28669 0.218803
-1.28669 0.177346
-1.24829 0.142302
-1.31962 0.191481
-1.39643 0.264611
-1.31413 0.284737
-1.30316 0.305601
-1.3251 0.305601
-1.23182 0.237138
-1.31413 0.339878
-1.31962 0.311698
-1.25377 0.293589
-1.28669 0.324072
-1.24829 0.399896
-1.20439 0.359342
-1.22634 0.305601
-1.21536 0.245222
-1.23182 0.234474
-1.34705 0.305601
-1.31962 0.314769
-1.15501 0.245222
-1.15501 0.184346
-1.16049 0.186709
-1.18244 0.16154
-1.18793 0.201206
-1.25377 0.172755
-1.26475 0.221377
-1.28121 0.223967
-1.27023 0.186709
-1.2428 0.172755
-1.21536 0.19389
-1.23182 0.237138
-1.18244 0.253441
-1.34705 0.250686
-1.3251 0.270286
-1.31413 0.267441
-1.37997 0.290623
-1.1989 0.234474
-1.34705 0.290623
-1.28121 0.296569
-1.16049 0.226571
-1.10014 0.177346
-1.23731 0.221377
-1.27572 0.191481
-1.35802 0.22919
-1.27023 0.218803
-1.2428 0.245222
-1.2428 0.181998
-1.30316 0.2137
-1.17695 0.144379
-1.22085 0.152839
-1.27023 0.163753
-1.28121 0.179664
-1.29767 0.196313
-1.34156 0.201206
-1.28121 0.237138
-1.23731 0.163753
-1.23731 0.107483
-1.18244 0.0512286
-1.14403 0.0512286
-1.1989 0.058951
-1.17147 0.0550221
-1.05075 0.0417751
-1.06173 0.0576263
-1.15501 0.0700906
-1.20439 0.0700906
-1.17147 0.0475707
-1.28669 0.073026
-1.23182 0.0499943
-1.22085 0.0487749
-1.16598 0.0475707
-1.26475 0.0240271
-1.25377 0.0142424
-1.26475 0.00655012
-1.20439 0.00895866
-1.18244 0.019195
-1.22634 0.0223562
-1.21536 0.033285
-1.23731 0.0395622
-1.20988 0.0266464
-1.27023 0.0169821
-1.23731 0.0199627
-1.21536 0.0199627
-1.22634 0.0199627
-1.26475 0.0463814
-1.22634 0.0563167
-1.18793 0.058951
-1.20439 0.0760216
-1.20439 0.0563167
-1.27572 0.0294012
-1.35254 0.033285
-1.42387 0.0215433
-1.29218 0.0162746
-1.23731 0.0169821
-1.28669 0.0257583
-1.16049 0.019195
-1.12757 0.033285
-1.25377 0.0417751
-1.29218 0.0284679
-1.33608 0.0406611
-1.41289 0.080628
-1.39643 0.073026
-1.37449 0.0700906
-1.4513 0.073026
-1.369 0.0512286
-1.31962 0.058951
-1.41838 0.0760216
-1.37997 0.0602908
-1.39095 0.0487749
-1.28669 0.0395622
-1.18244 0.019195
-1.13855 0.00611357
-1.02881 0.00415662
-1.05075 0.00655012
-1.16598 0.00700172
-1.13855 0.00158249
-1.10562 0.000543804
-1.07819 0.00655012
-1.05075 0.0135951
-1.05624 0.0105844
-1.06173 0.0149048
-1.06722 0.0149048
-1.06173 0.0031631
-1.16598 0.00948553
-1.17695 0.00844685
-1.17147 0.00180829
-1.23182 4.70419e-05
-1.24829 0.00158249
-1.09465 0.000995407
-1.08916 0.000829819
-1.09465 4.70419e-05
-1.1989 0.000829819
-1.18793 0.000995407
-1.11111 0.00257602
-1.20988 0.00746837
-1.28669 0.00746837
-1.23731 0.00381039
-1.23182 0.00286203
-1.11111 0.00655012
-1.08916 0.019195
-1.09465 0.0169821
-1.18244 0.0240271
-1.19342 0.0231841
-1.17695 0.0155822
-1.17695 0.00700172
-1.1989 0.0123457
-1.18793 0.0248852
-1.10562 0.0215433
-1.09465 0.0303496
-1.23731 0.033285
-1.14403 0.0452073
-1.16049 0.0837741
-1.16598 0.0672154
-1.09465 0.0616456
-1.21536 0.0935739
-1.14403 0.0550221
-1.28121 0.0658003
-1.26475 0.058951
-1.20988 0.0524781
-1.30864 0.033285
-1.28669 0.0248852
-1.31962 0.0342936
-1.27572 0.0644004
-1.29218 0.0537426
-1.25377 0.0886063
-1.17147 0.0886063
-1.23731 0.124283
-1.12757 0.103916
-1.10562 0.077542
-1.21536 0.0853698
-1.19342 0.0790775
-1.22085 0.0790775
-1.19342 0.0616456
-1.14403 0.0760216
-1.13855 0.091903
-1.17147 0.103916
-1.20988 0.073026
-1.17147 0.080628
-1.18793 0.116666
-1.369 0.165981
-1.33608 0.196313
-1.30864 0.223967
-1.35802 0.22919
-1.30316 0.152839
-1.26475 0.191481
-1.2428 0.152839
-1.2428 0.170482
-1.22634 0.170482
-1.27023 0.186709
-1.31962 0.198752
-1.369 0.218803
-1.37997 0.270286
-1.38546 0.330349
-1.4513 0.428136
-1.52263 0.417433
-1.41289 0.382735
-1.39095 0.399896
-1.35254 0.379348
-1.45679 0.396433
-1.40741 0.359342
-1.45679 0.392986
-1.369 0.33351
-1.44033 0.362639
-1.35254 0.327203
-1.37997 0.369277
-1.29218 0.330349
-1.3251 0.33351
-1.33059 0.327203
-1.27023 0.261796
-1.23731 0.216244
-1.31962 0.211171
-1.31413 0.2137
-1.27572 0.245222
-1.22085 0.203675
-1.23731 0.237138
-1.34705 0.299565
-1.1989 0.250686
-1.1989 0.221377
-1.13855 0.208657
-1.20988 0.152839
-1.24829 0.126225
-1.27023 0.138192
-1.20988 0.165981
-1.20439 0.170482
-1.13855 0.142302
-1.12757 0.111111
-1.16049 0.0869805
-1.10014 0.0760216
-1.12209 0.0869805
-1.20439 0.126225
-1.15501 0.148579
-1.28121 0.170482
-1.30316 0.172755
-1.21536 0.165981
-1.26475 0.168224
-1.11111 0.150702
-1.10014 0.107483
-1.13306 0.111111
-1.30864 0.154992
-1.28121 0.152839
-1.14952 0.146472
-1.28669 0.16154
-1.17695 0.19389
-1.16049 0.216244
-1.18793 0.245222
-1.27572 0.317855
-1.26475 0.237138
-1.18793 0.223967
-1.10014 0.172755
-1.12757 0.152839
-1.10014 0.191481
-1.21536 0.198752
-1.35254 0.245222
-1.37997 0.284737
-1.36351 0.261796
-1.31962 0.253441
-1.30316 0.250686
-1.28121 0.198752
-1.30864 0.206158
-1.25926 0.223967
-1.33608 0.258996
-1.24829 0.245222
-1.24829 0.261796
-1.369 0.270286
-1.36351 0.234474
-1.369 0.231824
-1.35254 0.19389
-1.39643 0.223967
-1.36351 0.201206
-1.33608 0.189088
-1.28669 0.150702
-1.29218 0.130154
-1.29218 0.120444
-1.23731 0.105692
-1.22634 0.140239
-1.33059 0.152839
-1.34705 0.138192
-1.30316 0.118547
-1.29218 0.159342
-1.3251 0.181998
-1.31962 0.157159
-1.31413 0.142302
-1.30316 0.175043
-1.25926 0.132141
-1.27023 0.157159
-1.25926 0.13616
-1.19342 0.107483
-1.24829 0.114799
-1.20988 0.118547
-1.26475 0.152839
-1.23182 0.13616
-1.1989 0.126225
-1.2428 0.102154
-1.25377 0.107483
-1.30316 0.111111
-1.28669 0.0602908
-1.22634 0.0440482
-1.18244 0.0550221
-1.18793 0.077542
-1.11111 0.0790775
-1.03978 0.0524781
-1.12209 0.0395622
-1.13306 0.0353172
-1.24829 0.0475707
-1.22085 0.0452073
-1.14403 0.0644004
-1.20439 0.0658003
-1.19342 0.073026
-1.23731 0.0760216
-1.16598 0.0869805
-1.23182 0.10929
-1.30864 0.150702
-1.28669 0.19389
-1.42387 0.261796
-1.36351 0.184346
-1.30864 0.159342
-1.22085 0.208657
-1.30316 0.273146
-1.44582 0.299565
-1.30864 0.237138
-1.29218 0.247947
-1.23731 0.247947
-1.23182 0.270286
-1.10562 0.267441
-1.27572 0.343084
-1.27572 0.311698
-1.36351 0.314769
-1.44033 0.33351
-1.42936 0.375976
-1.43484 0.349542
-1.40192 0.389554
-1.369 0.362639
-1.42936 0.330349
-1.40741 0.343084
-1.27023 0.314769
-1.31413 0.302575
-1.33059 0.336686
-1.35254 0.308642
-1.35254 0.320956
-1.369 0.296569
-1.25377 0.237138
-1.24829 0.175043
-1.29767 0.179664
-1.29218 0.216244
-1.35254 0.211171
-1.24829 0.221377
-1.30316 0.237138
-1.31962 0.234474
-1.35802 0.203675
-1.25377 0.170482
-1.21536 0.16154
-1.2428 0.148579
-1.18793 0.159342
-1.2428 0.124283
-1.12209 0.105692
-1.18244 0.126225
-1.16598 0.132141
-1.15501 0.124283
-1.17147 0.150702
-1.22085 0.165981
-1.26475 0.154992
-1.23182 0.159342
-1.18793 0.177346
-1.20988 0.181998
-1.23731 0.256211
-1.3251 0.281817
-1.31413 0.250686
-1.30864 0.242512
-1.23731 0.201206
-1.27572 0.203675
-1.19342 0.196313
-1.2428 0.208657
-1.20439 0.181998
-1.27023 0.211171
-1.18244 0.165981
-1.28121 0.206158
-1.19342 0.181998
-1.22634 0.140239
-1.24829 0.10929
-1.20439 0.0686454
-1.17147 0.0658003
-1.27572 0.0672154
-1.27023 0.0463814
-1.23731 0.0257583
-1.23731 0.0248852
-1.33059 0.0155822
-1.21536 0.0257583
-1.14403 0.0257583
-1.22634 0.0184423
-1.28669 0.0184423
-1.27023 0.0231841
-1.1989 0.019195
-1.2428 0.0284679
-1.22634 0.0215433
-1.17695 0.0129629
-1.01783 0.019195
-1.0727 0.0223562
-1.05075 0.0303496
-1.06722 0.0395622
-1.05624 0.0417751
-1.10562 0.0284679
-1.13306 0.0284679
-1.16049 0.0322914
-1.18244 0.0275496
-1.19342 0.0231841
-1.19342 0.0199627
-1.20439 0.0199627
-1.12209 0.0275496
-1.16049 0.019195
-1.23182 0.00795008
-1.13306 0.0215433
-1.29218 0.0100275
-1.20988 0.0129629
-1.20439 0.00489424
-1.1989 0.00347922
-1.3251 0.0105844
-1.27023 0.0135951
-1.27572 0.00611357
-1.11111 0.000227683
-1.16598 0.00451791
-1.22634 0.00180829
-1.2428 0.00381039
-1.21536 0.00415662
-1.19342 0.00347922
-1.16049 0.00180829
-1.18244 0.00746837
-1.14403 0.0257583
-1.13855 0.0169821
-1.06173 0.0162746
-1.12209 0.0105844
-1.10562 0.00948553
-1.17147 0.00569207
-1.23731 0.00137174
-1.23182 0.00257602
-1.25377 0.000318003
-1.31962 0.00844685
-1.30316 0.0155822
-1.23731 0.0275496
-1.13306 0.00700172
-1.10562 0.0162746
-1.07819 0.00895866
-1.18793 0.0162746
-1.22085 0.0142424
-1.33608 0.033285
-1.1989 0.00844685
-1.23182 0.00948553
-1.25377 0.0303496
-1.2428 0.0155822
-1.31962 0.0123457
-1.27572 0.0184423
-1.25377 0.0100275
-1.23182 0.00528563
-1.26475 0.00415662
-1.19342 0.000423377
-1.25377 0.000423377
-1.30316 0.000995407
-1.28121 0.00286203
-1.23182 0.00117605
-1.21536 0.00655012
-1.31413 0.0149048
-1.369 0.0123457
-1.35254 0.019195
-1.30316 0.0162746
-1.33608 0.0149048
-1.27023 0.0177047
-1.24829 0.0177047
-1.18244 0.0162746
-1.27023 0.00844685
-1.26475 0.0142424
-1.20439 0.0169821
-1.13855 0.0303496
-1.17695 0.0135951
-1.15501 0.00611357
-1.17695 0.00137174
-1.14952 0.000423377
-1.19342 0.000318003
-1.1166 0.00204915
-1.12209 0.000995407
-1.12209 0.00948553
-1.05075 0.0142424
-1.1166 0.0284679
-1.10014 0.0155822
-1.15501 0.0155822
-1.14952 0.0142424
-1.25377 0.019195
-1.22085 0.0199627
-1.22085 0.0223562
-1.28121 0.0294012
-1.23182 0.0417751
-1.2428 0.0353172
-1.19342 0.0117435
-1.0727 0.00611357
-1.05075 0.000679285
-1.08368 0.00230505
-1.13855 0.000829819
-1.12209 0.0177047
-1.05624 0.0149048
-1.06173 0.0149048
-1.08368 0.00844685
-1.12209 0.0169821
-1.03978 0.00655012
-1.22634 0.00489424
-1.13306 0.00895866
-1.15501 0.0142424
-1.10014 0.00528563
-1.05624 0.00611357
-1.09465 0.0111565
-1.10014 0.00415662
-1.12209 0.0142424
-1.13306 0.0149048
-1.12209 0.0162746
-1.13855 0.0169821
-1.11111 0.00286203
-1.10014 9.22021e-05
-1.18793 0.00895866
-1.28669 0.0149048
-1.24829 0.0162746
-1.23731 0.0475707
-1.22085 0.0406611
-1.23731 0.0715507
-1.24829 0.077542
-1.27023 0.0952599
-1.12757 0.091903
-1.16598 0.114799
-1.20988 0.100408
-1.21536 0.107483
-1.25926 0.098677
-1.16049 0.132141
-1.16049 0.138192
-1.16049 0.0902471
-1.14952 0.0821935
-1.1166 0.112948
-1.11111 0.107483
-1.10014 0.116666
-1.16049 0.0563167
-1.17147 0.0886063
-1.16049 0.102154
-1.1989 0.142302
-1.18244 0.126225
-1.16049 0.0969609
-1.11111 0.0886063
-1.05624 0.091903
-1.13855 0.0886063
-1.10562 0.0821935
-1.17147 0.100408
-1.17695 0.128182
-1.1166 0.154992
-1.21536 0.179664
-1.17147 0.208657
-1.24829 0.16154
-1.16598 0.150702
-1.17695 0.134143
-1.18793 0.146472
-1.20988 0.10929
-1.27023 0.116666
-1.1989 0.102154
-1.27572 0.111111
-1.21536 0.116666
-1.19342 0.111111
-1.17147 0.0969609
-1.15501 0.152839
-1.11111 0.163753
-1.1166 0.172755
-1.15501 0.208657
-1.10014 0.144379
-1.06173 0.172755
-1.08368 0.150702
-1.1989 0.148579
-1.29218 0.256211
-1.18793 0.261796
-1.36351 0.330349
-1.21536 0.284737
-1.26475 0.314769
-1.34705 0.35606
-1.39643 0.352794
-1.36351 0.314769
-1.36351 0.293589
-1.33059 0.299565
-1.22634 0.284737
-1.23182 0.296569
-1.29218 0.276021
-1.2428 0.211171
-1.31962 0.191481
-1.24829 0.221377
-1.17695 0.181998
-1.12209 0.132141
-1.12757 0.134143
-1.20439 0.0853698
-1.1989 0.091903
-1.20988 0.098677
-1.29218 0.146472
-1.34156 0.157159
-1.1989 0.148579
-1.13855 0.122356
-1.14403 0.154992
-1.1166 0.177346
-1.11111 0.128182
-1.09465 0.126225
-1.06173 0.0902471
-0.990398 0.0969609
-1.0727 0.0952599
-1.17695 0.175043
-1.22634 0.201206
-1.22634 0.179664
-1.2428 0.152839
-1.20439 0.107483
-1.18244 0.148579
-1.25926 0.124283
-1.27023 0.157159
-1.25377 0.163753
-1.33059 0.159342
-1.22085 0.152839
-1.16049 0.10929
-1.15501 0.107483
-1.23731 0.105692
-1.18793 0.114799
-1.12757 0.159342
-1.0727 0.146472
-1.08916 0.122356
-1.06722 0.0853698
-1.16049 0.105692
-1.18244 0.105692
-1.13855 0.105692
-1.04527 0.0760216
-1.12757 0.0616456
-1.06722 0.077542
-1.0727 0.0499943
-1.14952 0.0658003
-1.12757 0.0257583
-1.14952 0.0363559
-1.10014 0.0363559
-1.19342 0.0686454
-1.20988 0.0630155
-1.18244 0.0672154
-1.17147 0.0672154
-1.18244 0.0700906
-1.17147 0.073026
-1.17695 0.0563167
-1.24829 0.0303496
-1.1989 0.0374096
-1.2428 0.0384784
-1.20439 0.0417751
-1.17147 0.0342936
-1.20439 0.0760216
-1.20439 0.098677
-1.25377 0.170482
-1.3251 0.175043
-1.28121 0.177346
-1.23731 0.179664
-1.23731 0.13616
-1.17695 0.128182
-1.12757 0.0616456
-1.20439 0.0630155
-1.14952 0.0374096
-1.12757 0.0342936
-1.06722 0.0342936
-1.12757 0.0524781
-1.18793 0.0602908
-1.15501 0.0550221
-1.1166 0.0463814
-1.08916 0.0342936
-1.14403 0.0155822
-1.16049 0.0105844
-1.17147 0.0105844
-1.2428 0.00844685
-1.1989 0.0142424
-1.22634 0.0576263
-1.18244 0.0658003
-1.18793 0.080628
-1.14952 0.0700906
-1.10014 0.0658003
-1.0727 0.100408
-1.08916 0.0853698
-1.06722 0.0745163
-1.06173 0.0524781
-1.08368 0.10929
-1.20988 0.112948
-1.21536 0.146472
-1.16049 0.146472
-1.1166 0.128182
-1.22634 0.196313
-1.2428 0.189088
-1.21536 0.201206
-1.25377 0.221377
-1.19342 0.191481
-1.23182 0.198752
-1.27023 0.221377
-1.25926 0.206158
-1.23182 0.234474
-1.20439 0.223967
-1.22085 0.2137
-1.22085 0.242512
-1.24829 0.281817
-1.22085 0.264611
-1.26475 0.245222
-1.22085 0.226571
-1.3251 0.22919
-1.30864 0.267441
-1.27572 0.264611
-1.38546 0.346306
-1.46228 0.476081
-1.4513 0.446275
-1.37449 0.389554
-1.42936 0.33351
-1.33059 0.324072
-1.40192 0.346306
-1.46228 0.352794
-1.44033 0.330349
-1.46776 0.36595
-1.37997 0.35606
-1.31962 0.287673
-1.3251 0.290623
-1.31413 0.290623
-1.40192 0.324072
-1.40192 0.276021
-1.41289 0.258996
-1.35802 0.247947
-1.37449 0.296569
-1.31962 0.221377
-1.33059 0.221377
-1.31962 0.239818
-1.38546 0.284737
-1.35802 0.258996
-1.35802 0.253441
-1.30316 0.258996
-1.29767 0.247947
-1.25377 0.201206
-1.20988 0.116666
-1.26475 0.144379
-1.22085 0.126225
-1.20439 0.128182
-1.20988 0.128182
-1.27023 0.103916
-1.29218 0.0616456
-1.20439 0.0686454
-1.14403 0.0384784
-1.16049 0.0576263
-1.20988 0.0384784
-1.16049 0.0248852
-1.25377 0.0240271
-1.17695 0.0303496
-1.22634 0.0342936
-1.20439 0.0353172
-1.20988 0.0537426
-1.11111 0.0630155
-1.16049 0.0524781
-1.13855 0.0686454
-1.05075 0.0837741
-1.1166 0.080628
-1.16049 0.0745163
-1.0727 0.0616456
-1.15501 0.0512286
-1.14952 0.0499943
-1.16049 0.0837741
-1.16049 0.0760216
-1.1166 0.091903
-1.10562 0.116666
-1.17695 0.120444
-1.13306 0.091903
-1.18244 0.114799
-1.14952 0.120444
-1.1989 0.103916
-1.22634 0.126225
-1.15501 0.105692
-1.20988 0.0902471
-1.27572 0.0512286
-1.18244 0.0672154
-1.18793 0.107483
-1.10014 0.0745163
-1.17147 0.073026
-1.22085 0.0935739
-1.1989 0.116666
-1.17147 0.138192
-1.17147 0.179664
-1.19342 0.208657
-1.08916 0.168224
-1.12757 0.179664
-1.21536 0.198752
-1.17147 0.201206
-1.14952 0.196313
-1.24829 0.203675
-1.13855 0.159342
-1.13855 0.170482
-1.10562 0.16154
-1.02332 0.122356
-1.12757 0.130154
-1.19342 0.102154
-1.17695 0.111111
-1.23182 0.142302
-1.21536 0.107483
-1.24829 0.10929
-1.30316 0.118547
-1.30864 0.128182
-1.28121 0.144379
-1.22085 0.148579
-1.18244 0.16154
-1.16598 0.116666
-1.12757 0.098677
-1.22085 0.103916
-1.29218 0.179664
-1.18793 0.163753
-1.15501 0.16154
-1.29218 0.170482
-1.28121 0.203675
-1.31962 0.22919
-1.28121 0.231824
-1.15501 0.165981
-1.15501 0.152839
-1.13306 0.157159
-1.10562 0.111111
-1.06722 0.146472
-1.18793 0.150702
-1.12757 0.134143
-1.14403 0.114799
-1.18244 0.13616
-1.27023 0.152839
-1.25926 0.144379
-1.17695 0.170482
-1.12757 0.168224
-1.09465 0.138192
-1.19342 0.16154
-1.22085 0.126225
-1.16598 0.140239
-1.20439 0.128182
-1.16049 0.138192
-1.2428 0.111111
-1.22634 0.144379
-1.19342 0.138192
-1.08368 0.130154
-1.05075 0.122356
-1.03978 0.107483
-1.06722 0.128182
-1.22085 0.19389
-1.18793 0.234474
-1.15501 0.181998
-1.13306 0.134143
-1.02332 0.0658003
-1.00686 0.0487749
-1.09465 0.0935739
-1.22634 0.128182
-1.25926 0.116666
-1.25926 0.0869805
-1.17695 0.0869805
-1.1989 0.0853698
-1.11111 0.0886063
-1.16598 0.122356
-1.18793 0.140239
-1.18244 0.132141
-1.26475 0.146472
-1.22634 0.140239
-1.14952 0.150702
-1.18244 0.103916
-1.18244 0.0700906
-1.10562 0.0487749
-1.20439 0.0395622
-1.14403 0.0177047
-1.19342 0.0199627
-1.23182 0.00844685
-1.17695 0.000995407
-1.20988 0.000995407
-1.1989 0.00158249
-1.23182 0.00746837
-1.09465 0.0031631
-1.08916 0.00451791
-1.10562 0.00204915
-1.08368 1.69351e-05
-1.1166 0.000995407
-1.03429 0.00158249
-1.08916 0.00381039
-1.0727 0.00489424
-1.0727 0.000227683
-1.08916 9.22021e-05
-0.990398 1.69351e-05
-0.957476 0.00158249
-0.984911 0.0031631
-0.957476 0.00569207
-1.09465 0.0184423
-1.17695 0.0266464
-1.1989 0.00895866
-1.24829 0.00230505
-1.22085 0.000423377
-1.25926 0.00230505
-1.28121 0.000318003
-1.24829 0.000543804
-1.2428 0.00746837
-1.31413 0.0155822
-1.17147 0.0135951
-1.23731 0.00895866
-1.21536 0.0149048
-1.25926 0.019195
-1.12757 0.0248852
-1.16598 0.0384784
-1.09465 0.033285
-1.13306 0.0294012
-1.17147 0.0303496
-1.18244 0.0248852
-1.10014 0.0105844
-1.24829 0.0162746
-1.18244 0.0129629
-1.16598 0.0129629
-1.14403 0.0031631
-1.17147 0.00158249
-1.16049 0.00347922
-1.16598 0.00746837
-1.25926 0.00569207
-1.25926 0.000679285
-1.30864 0.00158249
-1.30864 1.88168e-06
-1.21536 0.00415662
-1.25926 0.000227683
-1.21536 0.00700172
-1.23731 0.00895866
-1.28669 0.0031631
-1.26475 0.00286203
-1.14403 0.000543804
-1.19342 0.00137174
-1.14952 0.00180829
-1.08916 1.69351e-05
-1.10562 0.000227683
-1.20439 0.00746837
-1.14952 0.00347922
-1.12757 0.0129629
-1.1989 0.0149048
-1.17147 0.00795008
-1.22085 0.0117435
-1.21536 0.00415662
-1.2428 0.0123457
-1.13306 0.00489424
-1.09465 0.0123457
-1.05075 0.0223562
-1.08368 0.00844685
-1.10014 0.0322914
-1.12757 0.0537426
-1.14403 0.0512286
-1.14403 0.0342936
-1.14952 0.0463814
-1.17695 0.0322914
-1.18793 0.0135951
-1.1989 0.0231841
-1.15501 0.0429041
-1.22634 0.0342936
-1.14403 0.0207455
-1.17147 0.0169821
-1.19342 0.0155822
-1.20439 0.0142424
-1.17147 0.0248852
-1.18244 0.0199627
-1.14952 0.00795008
-1.12757 0.00700172
-1.14403 0.00746837
-1.17695 0.0129629
-1.12757 0.0342936
-1.16049 0.033285
-1.15501 0.0135951
-1.1989 0.0123457
-1.16049 0.00948553
-1.09465 0.000995407
-1.16598 1.69351e-05
-1.22634 0.000318003
-1.02881 9.22021e-05
-1.02881 0.00415662
-1.03978 0.00700172
-1.12209 0.000152416
-1.12757 9.22021e-05
-1.19342 0.000318003
-1.12757 0.000423377
-1.10014 0.00137174
-1.16049 1.88168e-06
-1.13855 0.000152416
-1.25377 0.00528563
-1.25926 0.00204915
-1.27572 0.00204915
-1.18244 0.000318003
-1.21536 0.000318003
-1.28669 0.000679285
-1.21536 0.00381039
-1.17695 0.00257602
-1.14952 0.00117605
-1.16598 0.000679285
-1.14403 0.00230505
-1.22634 0.000679285
-1.1166 0.000543804
-1.13306 4.70419e-05
-1.04527 0.000227683
-1.16049 0.000829819
-1.22085 0.00286203
-1.08916 1.88168e-06
-1.1166 0.000152416
-1.18793 0.000318003
-1.14403 0.00137174
-1.14403 0.00137174
-1.10014 0.00415662
-1.19342 0.00230505
-1.16049 0.00844685
-1.11111 0.00700172
-1.22085 0.0135951
-1.2428 0.00204915
-1.19342 0.00230505
-1.21536 1.88168e-06
-1.25926 0.000995407
-1.23731 0.0135951
-1.20988 0.0129629
-1.16598 0.00746837
-1.22634 0.00230505
-1.23182 1.69351e-05
-1.25377 0.00257602
-1.1989 0.00180829
-1.18244 0.00655012
-1.12209 0.00700172
-1.22634 0.00180829
-1.12757 0.000227683
-1.16049 0.000543804
-1.14952 0.000227683
-1.1989 0.00948553
-1.22634 0.0123457
-1.22085 0.0162746
-1.21536 0.00948553
-1.14403 0.00795008
-1.22085 0.000543804
-1.15501 0.000423377
-1.19342 0.00117605
-1.1989 0.00489424
-1.12209 0.00611357
-1.10014 0.0135951
-1.05075 0.00451791
-1.14952 9.22021e-05
-1.20988 1.88168e-06
-1.10562 0.00528563
-1.10562 0.0129629
-1.12757 0.0123457
-1.13855 0.0129629
-1.20988 0.0223562
-1.29767 0.0223562
-1.30316 0.0248852
-1.23182 0.0248852
-1.20439 0.0155822
-1.26475 0.031313
-1.17147 0.0207455
-1.13306 0.0155822
-1.14403 0.0452073
-1.26475 0.0550221
-1.20439 0.0322914
-1.1166 0.0149048
-1.16598 0.000227683
-1.15501 0.000679285
-1.07819 0.000152416
-1.17147 0.0031631
-1.15501 0.00158249
-1.19342 0.00746837
-1.11111 0.00415662
-1.13306 0.00257602
-1.15501 0.000829819
-1.10562 0.00569207
-1.13306 0.00895866
-1.19342 0.0149048
-1.18244 0.0231841
-1.20439 0.0248852
-1.10562 0.0275496
-1.14403 0.0135951
-1.13306 0.0184423
-1.08368 0.0240271
-1.06173 0.031313
-1.11111 0.0100275
-1.16598 0.0105844
-1.09465 0.00844685
-1.06722 0.0248852
-1.11111 0.00381039
-1.03978 0.019195
-1.17695 0.0105844
-1.13855 0.019195
-1.17695 0.0135951
-1.22634 0.0169821
-1.25377 0.0284679
-1.22085 0.0275496
-1.22634 0.0395622
-1.31413 0.0602908
-1.23731 0.0487749
-1.29218 0.077542
-1.27023 0.100408
-1.369 0.098677
-1.24829 0.098677
-1.22085 0.0715507
-1.22085 0.0837741
-1.20988 0.0550221
-1.20988 0.0760216
-1.17147 0.058951
-1.15501 0.103916
-1.13306 0.102154
-1.1989 0.120444
-1.17695 0.126225
-1.13855 0.105692
-1.11111 0.102154
-1.2428 0.114799
-1.20988 0.0902471
-1.03978 0.102154
-1.15501 0.144379
-1.06722 0.103916
-1.1166 0.140239
-1.22085 0.118547
-1.22634 0.163753
-1.20988 0.19389
-1.22085 0.163753
-1.27023 0.208657
-1.29218 0.2137
-1.14403 0.150702
-1.15501 0.175043
-1.17147 0.157159
-1.10562 0.16154
-1.10562 0.206158
-1.10014 0.175043
-1.13855 0.19389
-1.23182 0.218803
-1.20988 0.270286
-1.17695 0.284737
-1.21536 0.314769
-1.28121 0.428136
-1.28669 0.406865
-1.22085 0.349542
-1.23182 0.359342
-1.28669 0.389554
-1.30864 0.406865
-1.31413 0.410373
-1.3251 0.399896
-1.31413 0.431734
-1.29767 0.372619
-1.29218 0.346306
-1.31962 0.399896
-1.29767 0.379348
-1.2428 0.343084
-1.20439 0.273146
-1.27023 0.349542
-1.3251 0.438974
-1.31413 0.435347
-1.33059 0.461058
-1.41289 0.413895
-1.30316 0.420986
-1.3251 0.468539
-1.34705 0.45734
-1.31962 0.442617
-1.3251 0.349542
-1.35802 0.379348
-1.40741 0.417433
-1.35802 0.375976
-1.369 0.349542
-1.33608 0.308642
-1.25926 0.22919
-1.27023 0.201206
-1.22085 0.181998
-1.25926 0.189088
-1.14952 0.157159
-1.26475 0.181998
-1.24829 0.177346
-1.31413 0.218803
-1.28669 0.290623
-1.35802 0.33351
-1.34705 0.324072
-1.28669 0.320956
-1.369 0.320956
-1.26475 0.330349
-1.1166 0.221377
-1.17147 0.237138
-1.17695 0.242512
-1.27023 0.258996
-1.29218 0.261796
-1.17695 0.250686
-1.28121 0.264611
-1.28121 0.290623
-1.24829 0.311698
-1.11111 0.181998
-1.05624 0.134143
-0.930041 0.0700906
-0.935528 0.0644004
-1.04527 0.091903
-1.09465 0.103916
-1.13306 0.120444
-1.14403 0.146472
-1.18793 0.13616
-1.19342 0.100408
-1.1166 0.0760216
-1.19342 0.0700906
-1.28669 0.122356
-1.31413 0.148579
-1.24829 0.128182
-1.13306 0.0969609
-1.17695 0.073026
-1.25926 0.091903
-1.22634 0.0952599
-1.24829 0.091903
-1.23182 0.0524781
-1.11111 0.0475707
-1.03978 0.0303496
-1.12209 0.0672154
-1.11111 0.0384784
-1.20439 0.0248852
-1.21536 0.0155822
-1.20988 0.00895866
-1.18244 0.00180829
-1.22085 0.00137174
-1.24829 0.00257602
-1.22085 0.0123457
-1.33059 0.0135951
-1.25377 0.031313
-1.31413 0.0135951
-1.29218 4.70419e-05
-1.31962 9.22021e-05
-1.37449 0.00230505
-1.42387 0.00137174
-1.28669 1.88168e-06
-1.30864 0.00230505
-1.26475 0.00611357
-1.20439 0.00655012
-1.26475 0.0123457
-1.25377 0.0135951
-1.27023 0.0111565
-1.30316 0.0142424
-1.23731 0.031313
-1.25926 0.0322914
-1.20988 0.0406611
-1.2428 0.0395622
-1.2428 0.0524781
-1.22634 0.0512286
-1.25377 0.0563167
-1.23731 0.0537426
-1.14403 0.0384784
-1.17147 0.0322914
-1.23182 0.0353172
-1.31962 0.0384784
-1.23182 0.0417751
-1.21536 0.0700906
-1.20439 0.0658003
-1.21536 0.0537426
-1.20439 0.0745163
-1.20439 0.0524781
-1.14952 0.0463814
-1.22634 0.0524781
-1.2428 0.0475707
-1.29218 0.0616456
-1.13855 0.0395622
-1.15501 0.0821935
-1.13855 0.0715507
-1.08368 0.033285
-1.13855 0.0353172
-1.20439 0.0240271
-1.23182 0.0417751
-1.14403 0.0275496
-1.13306 0.0135951
-1.10014 0.0155822
-1.12757 0.0177047
-1.15501 0.0100275
-1.12209 0.00257602
-1.13855 0.00347922
-1.09465 0.000318003
-1.16598 0.00117605
-1.22634 9.22021e-05
-1.20988 0.00257602
-1.22085 0.00528563
-1.27572 4.70419e-05
-1.29218 0.00451791
-1.16598 0.00528563
-1.25926 0.000423377
-1.27572 0.000995407
-1.19342 0.000995407
-1.18244 0.00230505
-1.14403 0.00230505
-1.17695 0.00611357
-1.19342 0.000995407
-1.18793 0.000995407
-1.23182 0.000543804
-1.2428 0.00381039
-1.2428 0.00948553
-1.14403 0.00451791
-1.18244 0.00230505
-1.19342 0.000152416
-1.20988 0.000679285
-1.09465 0.00655012
-1.05075 0.0105844
-1.12209 0.0100275
-1.15501 0.0275496
-1.14403 0.0363559
-1.17147 0.0322914
-1.12757 0.0374096
-1.13855 0.0275496
-1.06173 0.0199627
-1.00137 0.0169821
-1.10562 0.0322914
-1.08368 0.0105844
-1.15501 0.0169821
-1.12757 0.019195
-1.15501 0.019195
-1.05624 0.0248852
-1.03978 0.0322914
-1.00686 0.0248852
-1.12209 0.0512286
-1.12209 0.0644004
-1.2428 0.0440482
-1.35254 0.0630155
-1.25377 0.0524781
-1.26475 0.0700906
-1.29767 0.0644004
-1.26475 0.0602908
-1.34705 0.098677
-1.27572 0.116666
-1.29218 0.100408
-1.21536 0.100408
-1.24829 0.0790775
-1.25926 0.0512286
-1.24829 0.0658003
-1.30316 0.0869805
-1.26475 0.124283
-1.20439 0.128182
-1.22085 0.105692
-1.25377 0.16154
-1.25926 0.163753
-1.14403 0.181998
-1.26475 0.256211
-1.21536 0.253441
-1.27572 0.270286
-1.35254 0.302575
-1.19342 0.264611
-1.21536 0.256211
-1.33608 0.276021
-1.29767 0.218803
-1.28669 0.239818
-1.25926 0.218803
-1.28669 0.191481
-1.34156 0.22919
-1.31962 0.281817
-1.27572 0.247947
-1.25377 0.218803
-1.17147 0.22919
-1.31962 0.267441
-1.28669 0.256211
-1.35802 0.245222
-1.27023 0.22919
-1.15501 0.2137
-1.18793 0.223967
-1.26475 0.281817
-1.29218 0.270286
-1.19342 0.270286
-1.29218 0.392986
-1.38546 0.372619
-1.27572 0.359342
-1.34156 0.399896
-1.39643 0.389554
-1.36351 0.362639
-1.38546 0.442617
-1.3251 0.369277
-1.38546 0.386137
-1.26475 0.330349
-1.12757 0.299565
-1.17147 0.287673
-1.16049 0.267441
-1.34156 0.386137
-1.25377 0.375976
-1.18244 0.33351
-1.23182 0.324072
-1.24829 0.359342
-1.14403 0.327203
-1.21536 0.36595
-1.17695 0.382735
-1.22634 0.389554
-1.30316 0.372619
-1.28121 0.386137
-1.37449 0.483683
-1.17147 0.382735
-1.25926 0.392986
-1.33608 0.442617
-1.38546 0.464791
-1.31962 0.396433
-1.33608 0.399896
-1.34705 0.35606
-1.31413 0.302575
-1.30316 0.287673
-1.36351 0.35606
-1.39643 0.349542
-1.33608 0.406865
-1.33608 0.324072
-1.27023 0.403373
-1.34705 0.392986
-1.3251 0.392986
-1.29767 0.389554
-1.2428 0.308642
-1.17695 0.308642
-1.35254 0.359342
-1.39643 0.392986
-1.39643 0.435347
-1.4952 0.52657
-1.52812 0.538583
-1.53909 0.558905
-1.50069 0.530559
-1.39643 0.479875
-1.40192 0.476081
-1.37997 0.468539
-1.35802 0.476081
-1.41838 0.538583
-1.47325 0.579603
-1.44033 0.571279
-1.42387 0.583788
-1.48971 0.639561
-1.53909 0.66169
-1.48422 0.617809
-1.44582 0.609213
-1.47325 0.600678
-1.47325 0.600678
-1.47325 0.648367
-1.46228 0.600678
-1.39643 0.542617
-1.29767 0.472303
-1.38546 0.546667
-1.34705 0.55481
-1.30864 0.487507
-1.29767 0.495199
-1.26475 0.45734
-1.1989 0.362639
-1.30316 0.343084
-1.31413 0.330349
-1.1989 0.284737
-1.3251 0.362639
-1.36351 0.372619
-1.3251 0.410373
-1.35802 0.392986
-1.30864 0.314769
-1.26475 0.33351
-1.29218 0.339878
-1.29218 0.375976
-1.36351 0.346306
-1.39095 0.317855
-1.36351 0.305601
-1.30864 0.270286
-1.36351 0.305601
-1.37449 0.314769
-1.33059 0.270286
-1.29767 0.324072
-1.39643 0.349542
-1.34705 0.352794
-1.31413 0.346306
-1.3251 0.346306
-1.28121 0.327203
-1.20988 0.320956
-1.27023 0.299565
-1.28669 0.36595
-1.37449 0.379348
-1.3251 0.372619
-1.29218 0.336686
-1.23731 0.324072
-1.23731 0.287673
-1.28669 0.267441
-1.31962 0.245222
-1.35802 0.253441
-1.33608 0.231824
-1.39643 0.226571
-1.46228 0.253441
-1.34705 0.203675
-1.3251 0.208657
-1.14952 0.22919
-1.17147 0.206158
-1.27023 0.2137
-1.22634 0.191481
-1.31413 0.231824
-1.33059 0.258996
-1.28121 0.208657
-1.23731 0.216244
-1.14952 0.211171
-1.22085 0.208657
-1.12209 0.191481
-1.16049 0.128182
-1.12757 0.120444
-1.20439 0.107483
-1.20439 0.0563167
-1.08916 0.0463814
-1.10562 0.0284679
-1.06173 0.073026
-1.03978 0.0790775
-1.13306 0.0853698
-1.14952 0.102154
-1.11111 0.0886063
-1.08916 0.107483
-1.2428 0.152839
-1.1989 0.138192
-1.16598 0.128182
-1.10014 0.152839
-1.10014 0.130154
-1.11111 0.128182
-1.13855 0.198752
-1.10562 0.148579
-1.1989 0.154992
-1.18244 0.13616
-1.18244 0.0935739
-1.13306 0.0969609
-1.09465 0.124283
-1.14952 0.112948
-1.10562 0.0869805
-1.06722 0.058951
-1.17695 0.0686454
-1.19342 0.0886063
-1.21536 0.0853698
-1.19342 0.0869805
-1.20988 0.128182
-1.17695 0.138192
-1.14403 0.148579
-1.15501 0.186709
-1.31413 0.250686
-1.13855 0.159342
-1.17695 0.114799
-1.23182 0.177346
-1.25377 0.181998
-1.19342 0.175043
-1.1989 0.19389
-1.17147 0.157159
-1.23731 0.186709
-1.2428 0.181998
-1.1989 0.122356
-1.25377 0.124283
-1.24829 0.142302
-1.30864 0.203675
-1.2428 0.218803
-1.20439 0.191481
-1.31413 0.242512
-1.369 0.247947
-1.30316 0.198752
-1.28669 0.250686
-1.22634 0.223967
-1.19342 0.278911
-1.30316 0.299565
-1.23731 0.308642
-1.25926 0.305601
-1.17147 0.270286
-1.22634 0.223967
-1.22634 0.206158
-1.20988 0.211171
-1.22634 0.216244
-1.14403 0.247947
-1.20988 0.256211
-1.33059 0.314769
-1.30316 0.375976
-1.369 0.379348
-1.40741 0.382735
-1.36351 0.428136
-1.34705 0.406865
-1.30316 0.386137
-1.27023 0.406865
-1.27023 0.403373
-1.17695 0.343084
-1.27572 0.324072
-1.24829 0.258996
-1.23731 0.189088
-1.2428 0.234474
-1.20439 0.256211
-1.20439 0.22919
-1.20988 0.216244
-1.18793 0.177346
-1.30316 0.247947
-1.33059 0.247947
-1.2428 0.226571
-1.20988 0.211171
-1.23182 0.245222
-1.17695 0.216244
-1.18793 0.216244
-1.22634 0.163753
-1.14952 0.237138
-1.17147 0.247947
-1.14952 0.264611
-1.16049 0.253441
-1.29218 0.290623
-1.25926 0.234474
-1.23182 0.22919
-1.28669 0.189088
-1.27023 0.203675
-1.25377 0.19389
-1.0727 0.120444
-1.1166 0.175043
-1.09465 0.16154
-1.0727 0.148579
-1.15501 0.116666
-1.19342 0.148579
-1.18244 0.208657
-1.20988 0.191481
-1.20988 0.172755
-1.27023 0.198752
-1.30316 0.234474
-1.21536 0.2137
-1.23182 0.22919
-1.22634 0.231824
-1.24829 0.211171
-1.35254 0.203675
-1.35254 0.189088
-1.26475 0.150702
-1.29767 0.13616
-1.33608 0.175043
-1.27023 0.13616
-1.20439 0.120444
-1.21536 0.0869805
-1.22634 0.105692
-1.22085 0.124283
-1.13855 0.100408
-1.16598 0.114799
-1.28121 0.10929
-1.29767 0.118547
-1.2428 0.114799
-1.24829 0.142302
-1.22634 0.144379
-1.23731 0.148579
-1.1989 0.107483
-1.11111 0.098677
-1.10562 0.118547
-1.14952 0.126225
-1.25377 0.114799
-1.16598 0.103916
-1.10562 0.0745163
-1.14952 0.0672154
-1.16598 0.0537426
-1.18244 0.0524781
-1.33059 0.0353172
-1.2428 0.033285
-1.29767 0.0342936
-1.2428 0.0475707
-1.27023 0.0644004
-1.24829 0.102154
-1.29218 0.0837741
-1.33608 0.0672154
-1.33059 0.0630155
-1.29218 0.0745163
-1.35802 0.16154
-1.38546 0.114799
-1.35254 0.0969609
-1.31962 0.0969609
-1.29218 0.103916
-1.27023 0.0869805
-1.28669 0.126225
-1.29218 0.134143
-1.369 0.170482
-1.23731 0.16154
-1.03978 0.159342
-1.27023 0.239818
-1.25926 0.253441
-1.3251 0.293589
-1.36351 0.302575
-1.23182 0.261796
-1.23182 0.284737
-1.27023 0.314769
-1.24829 0.247947
-1.29218 0.218803
-1.24829 0.22919
-1.30316 0.256211
-1.25926 0.216244
-1.3251 0.239818
-1.20988 0.206158
-1.26475 0.218803
-1.25377 0.284737
-1.37449 0.320956
-1.27572 0.223967
-1.27023 0.198752
-1.18793 0.2137
-1.23731 0.231824
-1.35254 0.223967
-1.31413 0.22919
-1.14952 0.237138
-1.3251 0.264611
-1.31413 0.302575
-1.30864 0.290623
-1.39643 0.308642
-1.31413 0.2137
-1.35254 0.203675
-1.35802 0.216244
-1.23182 0.242512
-1.25926 0.264611
-1.26475 0.250686
-1.28669 0.245222
-1.20439 0.184346
-1.2428 0.258996
-1.29218 0.267441
-1.23182 0.242512
-1.25377 0.234474
-1.25377 0.270286
-1.27023 0.281817
-1.29767 0.287673
-1.31413 0.270286
-1.22085 0.253441
-1.35254 0.296569
-1.39643 0.352794
-1.36351 0.287673
-1.33608 0.311698
-1.30316 0.308642
-1.40741 0.327203
-1.43484 0.327203
-1.34705 0.324072
-1.33608 0.267441
-1.27572 0.226571
-1.34705 0.349542
-1.30864 0.317855
-1.30316 0.352794
-1.33059 0.392986
-1.29218 0.336686
-1.25377 0.287673
-1.30316 0.308642
-1.27023 0.339878
-1.23182 0.308642
-1.34156 0.327203
-1.26475 0.314769
-1.37449 0.359342
-1.31962 0.327203
-1.27572 0.349542
-1.34705 0.352794
-1.36351 0.35606
-1.35254 0.403373
-1.25926 0.359342
-1.36351 0.396433
-1.29218 0.449948
-1.3251 0.502951
-1.30316 0.483683
-1.33059 0.438974
-1.28669 0.435347
-1.35254 0.483683
-1.40192 0.52657
-1.35802 0.464791
-1.4952 0.558905
-1.48422 0.579603
-1.44033 0.514693
-1.34156 0.442617
-1.34705 0.483683
-1.42387 0.464791
-1.31962 0.35606
-1.35802 0.389554
-1.22634 0.36595
-1.35802 0.369277
-1.39095 0.386137
-1.40192 0.442617
-1.3251 0.417433
-1.42387 0.472303
-1.38546 0.424553
-1.31413 0.417433
-1.28669 0.372619
-1.26475 0.33351
-1.27023 0.372619
-1.28669 0.382735
-1.31962 0.320956
-1.34156 0.36595
-1.22634 0.308642
-1.24829 0.346306
-1.25926 0.396433
-1.29218 0.369277
-1.2428 0.33351
-1.3251 0.420986
-1.33059 0.534564
-1.42936 0.604938
-1.39643 0.579603
-1.36351 0.563015
-1.29218 0.50685
-1.34156 0.538583
-1.44582 0.575434
-1.35802 0.534564
-1.42387 0.487507
-1.39095 0.510764
-1.31413 0.479875
-1.28669 0.431734
-1.34705 0.510764
-1.30316 0.449948
-1.29767 0.431734
-1.35254 0.435347
-1.34156 0.424553
-1.39643 0.442617
-1.43484 0.442617
-1.43484 0.413895
-1.4513 0.479875
-1.37449 0.514693
-1.37997 0.461058
-1.33059 0.461058
-1.33059 0.386137
-1.34156 0.403373
-1.28121 0.372619
-1.22634 0.362639
-1.35802 0.446275
-1.40192 0.50685
-1.39095 0.558905
-1.369 0.510764
-1.48971 0.587988
-1.40192 0.579603
-1.44033 0.567139
-1.33608 0.487507
-1.27023 0.453636
-1.24829 0.468539
-1.26475 0.420986
-1.28121 0.389554
-1.30316 0.417433
-1.27572 0.417433
-1.1989 0.349542
-1.2428 0.33351
-1.23182 0.327203
-1.31962 0.36595
-1.23182 0.231824
-1.23182 0.172755
-1.30864 0.226571
-1.29218 0.253441
-1.33608 0.314769
-1.31413 0.324072
-1.39643 0.362639
-1.37449 0.369277
-1.36351 0.327203
-1.42936 0.372619
-1.45679 0.396433
-1.35802 0.327203
-1.29218 0.302575
-1.16049 0.299565
-1.22085 0.258996
-1.29218 0.253441
-1.25377 0.237138
-1.21536 0.239818
-1.26475 0.276021
-1.23731 0.239818
-1.34156 0.311698
-1.39095 0.253441
-1.41838 0.293589
-1.26475 0.287673
-1.33608 0.386137
-1.24829 0.35606
-1.28669 0.406865
-1.29218 0.386137
-1.36351 0.406865
-1.30864 0.386137
-1.29218 0.349542
-1.29767 0.352794
-1.33059 0.369277
-1.33059 0.346306
-1.27023 0.33351
-1.33608 0.314769
-1.23731 0.327203
-1.1989 0.253441
-1.29767 0.264611
-1.25377 0.206158
-1.20439 0.189088
-1.22085 0.154992
-1.27572 0.177346
-1.30864 0.154992
-1.33059 0.144379
-1.29767 0.103916
-1.22085 0.138192
-1.29218 0.098677
-1.27023 0.105692
-1.23182 0.120444
-1.16049 0.0952599
-1.28121 0.105692
-1.29218 0.0869805
-1.20439 0.080628
-1.1989 0.0886063
-1.19342 0.0790775
-1.25377 0.152839
-1.25926 0.122356
-1.26475 0.138192
-1.19342 0.120444
-1.19342 0.116666
-1.2428 0.103916
-1.24829 0.100408
-1.20988 0.10929
-1.30316 0.13616
-1.30316 0.116666
-1.2428 0.152839
-1.24829 0.124283
-1.22634 0.118547
-1.37997 0.103916
-1.2428 0.0821935
-1.27023 0.058951
-1.17695 0.0512286
-1.22634 0.0616456
-1.10014 0.077542
-1.05075 0.0248852
-1.02332 0.0294012
-1.02881 0.0177047
-1.16598 0.0248852
-1.23182 0.0406611
-1.22634 0.0257583
-1.21536 0.031313
-1.27023 0.0524781
-1.25377 0.0952599
-1.3251 0.0475707
-1.40741 0.091903
-1.38546 0.124283
-1.29767 0.130154
-1.2428 0.102154
-1.24829 0.0700906
-1.21536 0.0715507
-1.18793 0.0550221
-1.17147 0.0550221
-1.26475 0.0821935
-1.28121 0.0715507
-1.1989 0.0406611
-1.10014 0.0463814
-1.15501 0.0475707
-1.06173 0.058951
-1.13855 0.0499943
-1.13855 0.0207455
-1.11111 0.0524781
-1.06173 0.0487749
-1.1166 0.077542
-1.13855 0.0700906
-1.24829 0.146472
-1.25377 0.154992
-1.19342 0.154992
-1.23182 0.203675
-1.19342 0.203675
-1.27023 0.264611
-1.21536 0.258996
-1.18793 0.206158
-1.16049 0.223967
-1.26475 0.317855
-1.16049 0.273146
-1.11111 0.253441
-1.25926 0.223967
-1.16598 0.208657
-1.20988 0.218803
-1.29218 0.293589
-1.42936 0.33351
-1.33059 0.317855
-1.42387 0.284737
-1.4513 0.346306
-1.41838 0.359342
-1.38546 0.379348
-1.33608 0.359342
-1.44582 0.399896
-1.44033 0.417433
-1.46228 0.420986
-1.39095 0.372619
-1.26475 0.324072
-1.29218 0.317855
-1.25926 0.296569
-1.27572 0.278911
-1.25926 0.267441
-1.27572 0.273146
-1.27023 0.290623
-1.39095 0.369277
-1.30316 0.399896
-1.23731 0.33351
-1.12209 0.247947
-1.21536 0.258996
-1.3251 0.314769
-1.22634 0.290623
-1.22634 0.317855
-1.30316 0.343084
-1.21536 0.293589
-1.17147 0.245222
-1.20988 0.245222
-1.27572 0.299565
-1.26475 0.324072
-1.2428 0.293589
-1.24829 0.308642
-1.31413 0.242512
-1.23731 0.231824
-1.20988 0.216244
-1.24829 0.22919
-1.30316 0.273146
-1.33608 0.293589
-1.30864 0.293589
-1.27572 0.287673
-1.29767 0.327203
-1.3251 0.314769
-1.29218 0.349542
-1.29218 0.396433
-1.3251 0.476081
-1.40192 0.449948
-1.33059 0.442617
-1.37997 0.453636
-1.20988 0.317855
-1.13306 0.242512
-1.14952 0.242512
-1.31962 0.305601
-1.39095 0.410373
-1.33059 0.362639
-1.3251 0.417433
-1.40192 0.435347
-1.40741 0.491345
-1.37449 0.502951
-1.36351 0.472303
-1.30316 0.410373
-1.41289 0.453636
-1.40192 0.410373
-1.40192 0.424553
-1.30316 0.359342
-1.20439 0.327203
-1.2428 0.330349
-1.24829 0.324072
-1.33608 0.389554
-1.31413 0.386137
-1.30864 0.403373
-1.34705 0.392986
-1.37997 0.461058
-1.42936 0.468539
-1.35254 0.45734
-1.41838 0.550731
-1.47325 0.639561
-1.52263 0.688741
-1.54458 0.730333
-1.5775 0.73503
-1.52263 0.657234
-1.47325 0.609213
-1.50617 0.613504
-1.51166 0.66169
-1.48971 0.643957
-1.50617 0.643957
-1.51166 0.702469
-1.56104 0.697878
-1.50069 0.617809
-1.4513 0.600678
-1.39643 0.534564
-1.3251 0.487507
-1.42936 0.575434
-1.40192 0.52657
-1.37997 0.514693
-1.41289 0.542617
-1.38546 0.464791
-1.25377 0.438974
-1.16598 0.324072
-1.10562 0.296569
-1.08916 0.261796
-1.23182 0.35606
-1.24829 0.343084
-1.26475 0.33351
-1.34156 0.417433
-1.34705 0.449948
-1.3251 0.45734
-1.35254 0.483683
-1.39095 0.45734
-1.37449 0.479875
-1.3251 0.45734
-1.42936 0.476081
-1.30316 0.435347
-1.21536 0.406865
-1.24829 0.428136
-1.22634 0.403373
-1.29767 0.410373
-1.26475 0.382735
-1.27572 0.406865
-1.33608 0.379348
-1.28121 0.372619
-1.20439 0.349542
-1.18793 0.336686
-1.17147 0.330349
-1.26475 0.386137
-1.19342 0.369277
-1.29218 0.375976
-1.22085 0.287673
-1.22085 0.33351
-1.2428 0.372619
-1.2428 0.406865
-1.33059 0.428136
-1.35254 0.417433
-1.41838 0.453636
-1.33608 0.372619
-1.34705 0.389554
-1.29218 0.352794
-1.42936 0.413895
-1.37997 0.369277
-1.3251 0.339878
-1.37997 0.399896
-1.44033 0.413895
-1.369 0.413895
-1.41289 0.431734
-1.29218 0.369277
-1.3251 0.336686
-1.24829 0.296569
-1.27023 0.369277
-1.2428 0.349542
-1.29218 0.35606
-1.25926 0.359342
-1.31962 0.320956
-1.36351 0.278911
-1.31413 0.247947
-1.33059 0.221377
-1.23731 0.226571
-1.23182 0.234474
-1.16049 0.201206
-1.14403 0.170482
-1.17147 0.2137
-1.22634 0.239818
-1.28121 0.245222
-1.20988 0.264611
-1.23182 0.256211
-1.29767 0.267441
-1.18244 0.234474
-1.18244 0.208657
-1.17147 0.231824
-1.2428 0.206158
-1.22085 0.226571
-1.33059 0.273146
-1.29218 0.221377
-1.21536 0.168224
-1.30316 0.203675
-1.35254 0.234474
-1.31962 0.242512
-1.33608 0.242512
-1.27572 0.221377
-1.20988 0.206158
-1.22634 0.2137
-1.21536 0.211171
-1.18793 0.189088
-1.23731 0.234474
-1.33059 0.299565
-1.2428 0.284737
-1.27572 0.287673
-1.30316 0.290623
-1.20988 0.226571
-1.1166 0.261796
-1.15501 0.253441
-1.23182 0.247947
-1.20988 0.273146
-1.0727 0.177346
-1.20439 0.2137
-1.2428 0.245222
-1.22085 0.2137
-1.18793 0.201206
-1.18793 0.258996
-1.18244 0.221377
-1.27572 0.258996
-1.25377 0.261796
-1.3251 0.242512
-1.35802 0.293589
-1.37997 0.270286
-1.34156 0.273146
-1.22634 0.270286
-1.21536 0.250686
-1.29218 0.237138
-1.35802 0.281817
-1.33059 0.221377
-1.34705 0.189088
-1.39095 0.239818
-1.27023 0.22919
-1.34705 0.273146
-1.22085 0.221377
-1.21536 0.218803
-1.17695 0.177346
-1.13306 0.134143
-1.18244 0.124283
-1.13855 0.0745163
-1.20439 0.0616456
-1.08916 0.0644004
-1.17147 0.080628
-1.18244 0.0935739
-1.29218 0.114799
