-2 1
-1.9561 0.978173
-1.9177 0.956586
-1.92867 0.96196
-1.94513 0.972753
-1.85185 0.919389
-1.8299 0.898465
-1.78052 0.872648
-1.86283 0.924658
-1.8299 0.898465
-1.87929 0.93524
-1.92867 0.96196
-1.90672 0.940554
-1.88477 0.940554
-1.93416 0.967349
-1.89026 0.940554
-1.93964 0.967349
-1.9177 0.956586
-1.92318 0.956586
-1.93964 0.967349
-1.93964 0.967349
-1.92318 0.96196
-1.94513 0.967349
-1.9177 0.956586
-1.9177 0.956586
-1.8738 0.929941
-1.87929 0.924658
-1.9177 0.956586
-1.89575 0.940554
-1.93416 0.96196
-1.8738 0.929941
-1.88477 0.940554
-1.90123 0.945883
-1.92867 0.96196
-1.87929 0.93524
-1.91221 0.956586
-1.90123 0.945883
-1.8738 0.93524
-1.82442 0.898465
-1.84636 0.919389
-1.84088 0.908897
-1.85734 0.919389
-1.84088 0.903673
-1.90672 0.940554
-1.8738 0.919389
-1.84636 0.914135
-1.92867 0.96196
-1.90123 0.945883
-1.90672 0.945883
-1.9177 0.951227
-1.93416 0.96196
-1.93416 0.967349
-1.90672 0.951227
-1.96708 0.983607
-1.96708 0.983607
-1.95062 0.972753
-1.9561 0.972753
-1.96708 0.983607
-1.89575 0.93524
-1.90123 0.945883
-1.91221 0.956586
-1.90123 0.945883
-1.8299 0.893271
-1.7915 0.857339
-1.78601 0.842165
-1.84636 0.86753
-1.84636 0.872648
-1.84636 0.903673
-1.87929 0.919389
-1.84088 0.893271
-1.89026 0.914135
-1.88477 0.898465
-1.90123 0.93524
-1.90123 0.919389
-1.9177 0.919389
-1.92318 0.945883
-1.8738 0.924658
-1.85734 0.919389
-1.8738 0.929941
-1.9177 0.956586
-1.85185 0.914135
-1.83539 0.908897
-1.83539 0.908897
-1.8738 0.93524
-1.86831 0.929941
-1.94513 0.967349
-1.93416 0.967349
-1.93416 0.967349
-1.89575 0.945883
-1.88477 0.940554
-1.83539 0.908897
-1.90123 0.93524
-1.89575 0.940554
-1.9561 0.978173
-1.93416 0.96196
-1.87929 0.929941
-1.86831 0.929941
-1.85185 0.914135
-1.85185 0.898465
-1.86831 0.924658
-1.89026 0.93524
-1.93416 0.96196
-1.94513 0.967349
-1.92318 0.96196
-1.93416 0.967349
-1.92318 0.96196
-1.85734 0.929941
-1.88477 0.924658
-1.89575 0.93524
-1.91221 0.945883
-1.87929 0.929941
-1.87929 0.924658
-1.84636 0.898465
-1.85185 0.914135
-1.86283 0.919389
-1.85734 0.914135
-1.86831 0.924658
-1.86831 0.914135
-1.8738 0.93524
-1.9177 0.951227
-1.92867 0.96196
-1.92318 0.956586
-1.8738 0.929941
-1.88477 0.929941
-1.93964 0.96196
-1.92318 0.951227
-1.92318 0.96196
-1.91221 0.956586
-1.9561 0.978173
-1.88477 0.940554
-1.8299 0.877781
-1.85734 0.903673
-1.89575 0.940554
-1.84636 0.919389
-1.81893 0.88293
-1.84088 0.88293
-1.76406 0.842165
-1.85185 0.908897
-1.87929 0.903673
-1.86283 0.88293
-1.83539 0.86753
-1.81344 0.888093
-1.82442 0.862427
-1.77503 0.837137
-1.89026 0.919389
-1.89575 0.93524
-1.86283 0.919389
-1.85734 0.919389
-1.8738 0.929941
-1.94513 0.972753
-1.93416 0.956586
-1.89026 0.945883
-1.86283 0.924658
-1.86831 0.919389
-1.9177 0.956586
-1.92318 0.956586
-1.91221 0.951227
-1.92867 0.96196
-1.90123 0.951227
-1.9177 0.956586
-1.90672 0.951227
-1.90123 0.945883
-1.89026 0.945883
-1.92318 0.96196
-1.91221 0.956586
-1.89026 0.945883
-1.88477 0.93524
-1.8738 0.93524
-1.88477 0.940554
-1.88477 0.940554
-1.86831 0.929941
-1.8738 0.929941
-1.86283 0.929941
-1.85734 0.919389
-1.86831 0.929941
-1.88477 0.93524
-1.91221 0.951227
-1.87929 0.93524
-1.88477 0.940554
-1.87929 0.93524
-1.8299 0.903673
-1.79698 0.888093
-1.82442 0.908897
-1.84636 0.919389
-1.89575 0.940554
-1.90123 0.945883
-1.92867 0.96196
-1.91221 0.951227
-1.93964 0.967349
-1.93416 0.967349
-1.86283 0.929941
-1.83539 0.88293
-1.86831 0.924658
-1.85734 0.919389
-1.8738 0.919389
-1.84088 0.893271
-1.89575 0.945883
-1.86831 0.929941
-1.89575 0.945883
-1.92867 0.96196
-1.91221 0.956586
-1.92318 0.96196
-1.9177 0.956586
-1.87929 0.93524
-1.86283 0.914135
-1.87929 0.93524
-1.89026 0.940554
-1.91221 0.945883
-1.87929 0.919389
-1.9177 0.945883
-1.88477 0.93524
-1.86831 0.929941
-1.84636 0.914135
-1.89026 0.940554
-1.84636 0.914135
-1.87929 0.929941
-1.89575 0.945883
-1.92318 0.956586
-1.89575 0.940554
-1.86283 0.919389
-1.8738 0.924658
-1.92318 0.96196
-1.9561 0.978173
-1.87929 0.929941
-1.89026 0.940554
-1.97805 0.989056
-1.94513 0.972753
-1.90672 0.951227
-1.91221 0.956586
-1.90123 0.951227
-1.92867 0.96196
-1.9561 0.978173
-1.9561 0.978173
-1.92318 0.956586
-1.9177 0.951227
-1.86831 0.929941
-1.90672 0.951227
-1.90672 0.93524
-1.8738 0.924658
-1.9177 0.956586
-1.93416 0.96196
-1.9177 0.956586
-1.8738 0.929941
-1.93416 0.967349
-1.93964 0.967349
-1.90123 0.951227
-1.89575 0.940554
-1.88477 0.940554
-1.9177 0.956586
-1.89026 0.940554
-1.9177 0.956586
-1.90672 0.945883
-1.89575 0.940554
-1.91221 0.951227
-1.89575 0.945883
-1.93416 0.967349
-1.93416 0.96196
-1.95062 0.972753
-1.89575 0.945883
-1.94513 0.967349
-1.92867 0.96196
-1.91221 0.951227
-1.81893 0.893271
-1.8738 0.93524
-1.9177 0.956586
-1.95062 0.972753
-1.94513 0.972753
-1.89026 0.929941
-1.85185 0.903673
-1.84088 0.914135
-1.8738 0.93524
-1.85185 0.924658
-1.90123 0.951227
-1.92867 0.96196
-1.93416 0.967349
-1.89026 0.940554
-1.85734 0.919389
-1.8738 0.93524
-1.88477 0.940554
-1.87929 0.940554
-1.88477 0.940554
-1.8738 0.93524
-1.86831 0.929941
-1.86831 0.929941
-1.81893 0.893271
-1.81893 0.88293
-1.84088 0.914135
-1.84088 0.903673
-1.87929 0.919389
-1.88477 0.940554
-1.92318 0.956586
-1.8738 0.924658
-1.80247 0.898465
-1.84636 0.914135
-1.85734 0.924658
-1.92867 0.96196
-1.92867 0.96196
-1.87929 0.929941
-1.90672 0.945883
-1.8299 0.908897
-1.89026 0.93524
-1.91221 0.945883
-1.92867 0.96196
-1.92867 0.96196
-1.88477 0.940554
-1.92867 0.96196
-1.92867 0.96196
-1.91221 0.951227
-1.90123 0.945883
-1.86831 0.929941
-1.89026 0.940554
-1.8299 0.903673
-1.89026 0.940554
-1.90672 0.940554
-1.89026 0.940554
-1.8738 0.929941
-1.84636 0.924658
-1.88477 0.93524
-1.88477 0.940554
-1.84088 0.914135
-1.83539 0.908897
-1.89575 0.940554
-1.90123 0.945883
-1.93964 0.967349
-1.93416 0.967349
-1.90123 0.951227
-1.94513 0.972753
-1.97805 0.989056
-1.95062 0.972753
-1.96159 0.978173
-1.9561 0.978173
-1.94513 0.972753
-1.93964 0.967349
-1.92318 0.956586
-1.92867 0.96196
-1.95062 0.972753
-1.91221 0.951227
-1.90672 0.940554
-1.90123 0.945883
-1.9177 0.951227
-1.92318 0.956586
-1.84636 0.919389
-1.84636 0.908897
-1.86831 0.929941
-1.90672 0.951227
-1.91221 0.951227
-1.84636 0.914135
-1.84636 0.914135
-1.95062 0.972753
-1.92867 0.96196
-1.92867 0.96196
-1.86831 0.929941
-1.95062 0.972753
-1.92318 0.96196
-1.92318 0.96196
-1.90672 0.951227
-1.8738 0.929941
-1.84088 0.914135
-1.89026 0.93524
-1.93416 0.96196
-1.92318 0.956586
-1.92318 0.96196
-1.92867 0.96196
-1.90123 0.951227
-1.93416 0.96196
-1.94513 0.967349
-1.93964 0.967349
-1.87929 0.93524
-1.90672 0.919389
-1.90672 0.951227
-1.93416 0.96196
-1.92318 0.956586
-1.95062 0.972753
-1.90672 0.945883
-1.89026 0.929941
-1.92318 0.96196
-1.91221 0.945883
-1.93416 0.967349
-1.8299 0.903673
-1.90123 0.945883
-1.89575 0.940554
-1.94513 0.972753
-1.90672 0.945883
-1.9561 0.978173
-1.88477 0.940554
-1.94513 0.972753
-1.86831 0.924658
-1.89575 0.929941
-1.90123 0.929941
-1.91221 0.951227
-1.89026 0.945883
-1.96708 0.983607
-1.92318 0.96196
-1.90672 0.945883
-1.89575 0.945883
-1.91221 0.951227
-1.8738 0.93524
-1.91221 0.951227
-1.86283 0.919389
-1.8299 0.898465
-1.83539 0.919389
-1.80247 0.898465
-1.82442 0.908897
-1.93416 0.967349
-1.89575 0.945883
-1.90123 0.951227
-1.85734 0.924658
-1.86831 0.929941
-1.92867 0.96196
-1.93416 0.967349
-1.87929 0.919389
-1.89575 0.93524
-1.87929 0.929941
-1.8738 0.929941
-1.83539 0.908897
-1.82442 0.903673
-1.89026 0.929941
-1.89026 0.940554
-1.92318 0.951227
-1.93964 0.967349
-1.90123 0.951227
-1.8738 0.929941
-1.89026 0.924658
-1.85185 0.903673
-1.90123 0.945883
-1.87929 0.93524
-1.91221 0.956586
-1.87929 0.93524
-1.87929 0.93524
-1.89575 0.929941
-1.73114 0.842165
-1.77503 0.857339
-1.86283 0.914135
-1.88477 0.93524
-1.85734 0.924658
-1.86283 0.924658
-1.84636 0.914135
-1.8738 0.929941
-1.90672 0.940554
-1.91221 0.945883
-1.87929 0.93524
-1.86283 0.924658
-1.87929 0.93524
-1.85734 0.924658
-1.83539 0.898465
-1.85185 0.919389
-1.84088 0.908897
-1.86283 0.924658
-1.83539 0.908897
-1.85734 0.924658
-1.89026 0.940554
-1.89026 0.940554
-1.92318 0.96196
-1.90672 0.951227
-1.92867 0.96196
-1.89026 0.929941
-1.85734 0.914135
-1.89575 0.945883
-1.91221 0.951227
-1.89575 0.945883
-1.8738 0.924658
-1.85734 0.919389
-1.90672 0.945883
-1.91221 0.945883
-1.92318 0.956586
-1.90672 0.945883
-1.93416 0.967349
-1.93416 0.96196
-1.92318 0.96196
-1.83539 0.898465
-1.88477 0.940554
-1.85734 0.919389
-1.84636 0.903673
-1.89575 0.940554
-1.86283 0.919389
-1.86283 0.924658
-1.9177 0.951227
-1.89026 0.929941
-1.90672 0.940554
-1.89575 0.945883
-1.9177 0.945883
-1.90123 0.951227
-1.88477 0.93524
-1.90123 0.940554
-1.86831 0.929941
-1.89575 0.940554
-1.92867 0.956586
-1.9177 0.951227
-1.90123 0.945883
-1.87929 0.93524
-1.90672 0.945883
-1.89575 0.93524
-1.89575 0.940554
-1.94513 0.967349
-1.92867 0.96196
-1.88477 0.93524
-1.85185 0.898465
-1.86283 0.908897
-1.81893 0.908897
-1.85734 0.919389
-1.83539 0.908897
-1.90123 0.945883
-1.90672 0.951227
-1.89026 0.940554
-1.85734 0.919389
-1.83539 0.898465
-1.84636 0.903673
-1.90672 0.951227
-1.84088 0.914135
-1.80796 0.903673
-1.8738 0.93524
-1.90672 0.940554
-1.92867 0.96196
-1.91221 0.951227
-1.94513 0.972753
-1.9177 0.945883
-1.90672 0.945883
-1.89575 0.945883
-1.83539 0.908897
-1.90123 0.945883
-1.93416 0.96196
-1.9177 0.956586
-1.86283 0.924658
-1.9561 0.978173
-1.93416 0.967349
-1.92318 0.96196
-1.91221 0.951227
-1.83539 0.898465
-1.84088 0.898465
-1.83539 0.893271
-1.85734 0.903673
-1.85185 0.898465
-1.8299 0.86753
-1.80247 0.86753
-1.83539 0.877781
-1.81344 0.872648
-1.84088 0.908897
-1.86283 0.919389
-1.86283 0.908897
-1.85734 0.919389
-1.84636 0.919389
-1.86831 0.93524
-1.90123 0.945883
-1.92318 0.96196
-1.85185 0.919389
-1.85185 0.924658
-1.89575 0.945883
-1.93964 0.967349
-1.95062 0.972753
-1.92867 0.96196
-1.85734 0.924658
-1.83539 0.908897
-1.87929 0.924658
-1.86831 0.924658
-1.89575 0.93524
-1.88477 0.924658
-1.86831 0.929941
-1.87929 0.93524
-1.90672 0.951227
-1.9177 0.956586
-1.84636 0.914135
-1.84088 0.908897
-1.83539 0.908897
-1.82442 0.903673
-1.85185 0.914135
-1.8738 0.93524
-1.85734 0.924658
-1.86283 0.924658
-1.89026 0.93524
-1.88477 0.924658
-1.93964 0.967349
-1.91221 0.956586
-1.93416 0.96196
-1.9177 0.951227
-1.8738 0.924658
-1.9177 0.956586
-1.93416 0.967349
-1.86831 0.914135
-1.86283 0.924658
-1.87929 0.93524
-1.90672 0.951227
-1.85185 0.919389
-1.84636 0.919389
-1.87929 0.940554
-1.85734 0.919389
-1.88477 0.940554
-1.94513 0.972753
-1.91221 0.951227
-1.87929 0.924658
-1.8299 0.903673
-1.88477 0.924658
-1.84636 0.914135
-1.84636 0.914135
-1.82442 0.893271
-1.76406 0.847208
-1.78052 0.872648
-1.84636 0.893271
-1.93416 0.96196
-1.90123 0.945883
-1.8738 0.93524
-1.85185 0.919389
-1.93416 0.96196
-1.95062 0.972753
-1.9177 0.951227
-1.86831 0.929941
-1.91221 0.956586
-1.85185 0.924658
-1.89026 0.945883
-1.86831 0.929941
-1.9177 0.956586
-1.90123 0.945883
-1.91221 0.956586
-1.90123 0.945883
-1.90123 0.945883
-1.90672 0.945883
-1.90123 0.945883
-1.8738 0.93524
-1.89026 0.940554
-1.87929 0.93524
-1.92318 0.945883
-1.90672 0.951227
-1.86283 0.924658
-1.89575 0.93524
-1.88477 0.924658
-1.85185 0.919389
-1.89575 0.940554
-1.8299 0.893271
-1.84088 0.898465
-1.77503 0.857339
-1.76406 0.827127
-1.80796 0.852266
-1.84088 0.888093
-1.8299 0.86753
-1.80796 0.847208
-1.85185 0.862427
-1.8299 0.86753
-1.79698 0.837137
-1.80796 0.837137
-1.80247 0.842165
-1.76406 0.777977
-1.81893 0.827127
-1.83539 0.857339
-1.81344 0.862427
-1.83539 0.88293
-1.85734 0.903673
-1.89575 0.945883
-1.90123 0.945883
-1.8738 0.903673
-1.82442 0.898465
-1.87929 0.93524
-1.88477 0.93524
-1.93964 0.967349
-1.90123 0.940554
-1.89026 0.940554
-1.86831 0.924658
-1.86831 0.919389
-1.85185 0.919389
-1.84088 0.903673
-1.84088 0.893271
-1.83539 0.893271
-1.80247 0.877781
-1.88477 0.929941
-1.84636 0.914135
-1.91221 0.956586
-1.97257 0.983607
-1.92318 0.956586
-1.9561 0.978173
-1.92867 0.96196
-1.87929 0.924658
-1.8738 0.929941
-1.86831 0.924658
-1.86831 0.919389
-1.90672 0.951227
-1.9177 0.945883
-1.8738 0.93524
-1.93416 0.967349
-1.90672 0.951227
-1.89575 0.945883
-1.9177 0.951227
-1.90672 0.951227
-1.90672 0.951227
-1.89026 0.940554
-1.91221 0.956586
-1.95062 0.972753
-1.95062 0.972753
-1.90123 0.945883
-1.88477 0.93524
-1.8738 0.929941
-1.85734 0.924658
-1.8299 0.903673
-1.89575 0.940554
-1.90672 0.940554
-1.96708 0.983607
-1.90123 0.951227
-1.90672 0.951227
-1.89575 0.940554
-1.9177 0.956586
-1.90123 0.951227
-1.89026 0.929941
-1.90123 0.940554
-1.8738 0.93524
-1.9177 0.956586
-1.91221 0.956586
-1.92867 0.951227
-1.92867 0.96196
-1.93416 0.967349
-1.93964 0.967349
-1.91221 0.951227
-1.89026 0.940554
-1.86283 0.924658
-1.84636 0.914135
-1.86831 0.929941
-1.92867 0.96196
-1.91221 0.951227
-1.93416 0.967349
-1.88477 0.940554
-1.93964 0.967349
-1.92867 0.96196
-1.91221 0.951227
-1.92318 0.96196
-1.86831 0.914135
-1.80796 0.872648
-1.78601 0.877781
-1.8738 0.93524
-1.86831 0.924658
-1.87929 0.929941
-1.89026 0.93524
-1.92318 0.956586
-1.87929 0.919389
-1.86831 0.93524
-1.91221 0.951227
-1.93964 0.967349
-1.9177 0.951227
-1.89575 0.93524
-1.89026 0.940554
-1.91221 0.956586
-1.87929 0.93524
-1.83539 0.914135
-1.90672 0.951227
-1.85185 0.908897
-1.86283 0.903673
-1.89575 0.940554
-1.87929 0.93524
-1.79698 0.877781
-1.82442 0.898465
-1.86831 0.914135
-1.87929 0.919389
-1.88477 0.924658
-1.8299 0.903673
-1.87929 0.93524
-1.94513 0.967349
-1.92318 0.956586
-1.87929 0.93524
-1.93416 0.967349
-1.98903 0.994521
-1.92867 0.96196
-1.93964 0.967349
-1.86283 0.919389
-1.85185 0.919389
-1.88477 0.929941
-1.8738 0.93524
-1.87929 0.929941
-1.87929 0.929941
-1.78601 0.888093
-1.83539 0.903673
-1.82442 0.903673
-1.86283 0.914135
-1.87929 0.929941
-1.88477 0.929941
-1.85185 0.908897
-1.8738 0.929941
-1.8299 0.898465
-1.84088 0.903673
-1.8299 0.893271
-1.8738 0.929941
-1.86283 0.919389
-1.85185 0.893271
-1.84088 0.908897
-1.85734 0.908897
-1.8738 0.919389
-1.86283 0.924658
-1.87929 0.93524
-1.87929 0.929941
-1.89575 0.945883
-1.93416 0.96196
-1.9561 0.978173
-1.90123 0.945883
-1.92867 0.96196
-1.90672 0.951227
-1.89026 0.940554
-1.91221 0.945883
-1.93416 0.967349
-1.96708 0.983607
-1.96708 0.983607
-1.97257 0.983607
-1.95062 0.972753
-1.92867 0.96196
-1.90123 0.945883
-1.96708 0.983607
-1.91221 0.956586
-1.94513 0.972753
-1.90672 0.945883
-1.90123 0.929941
-1.91221 0.945883
-1.89026 0.929941
-1.90672 0.951227
-1.86831 0.93524
-1.91221 0.951227
-1.88477 0.940554
-1.85185 0.919389
-1.89026 0.93524
-1.86283 0.924658
-1.89026 0.93524
-1.85734 0.924658
-1.90123 0.945883
-1.9177 0.951227
-1.86831 0.929941
-1.89026 0.93524
-1.86283 0.924658
-1.84636 0.908897
-1.93416 0.96196
-1.89575 0.945883
-1.88477 0.93524
-1.88477 0.908897
-1.91221 0.940554
-1.89575 0.929941
-1.92867 0.96196
-1.91221 0.956586
-1.93964 0.967349
-1.9177 0.956586
-1.85185 0.908897
-1.86831 0.919389
-1.92318 0.951227
-1.90123 0.945883
-1.88477 0.93524
-1.89575 0.929941
-1.89026 0.929941
-1.86283 0.919389
-1.85734 0.924658
-1.83539 0.908897
-1.88477 0.93524
-1.93416 0.967349
-1.97805 0.989056
-1.8738 0.93524
-1.94513 0.972753
-1.9561 0.978173
-1.93964 0.967349
-1.93416 0.96196
-1.9177 0.956586
-1.90672 0.945883
-1.88477 0.93524
-1.92318 0.956586
-1.9177 0.956586
-1.90672 0.951227
-1.91221 0.951227
-1.88477 0.940554
-1.90123 0.945883
-1.93416 0.967349
-1.89026 0.93524
-1.89575 0.945883
-1.93416 0.967349
-1.91221 0.956586
-1.91221 0.956586
-1.86283 0.924658
-1.8299 0.888093
-1.76955 0.857339
-1.84088 0.893271
-1.86831 0.903673
-1.89026 0.929941
-1.89575 0.940554
-1.84636 0.898465
-1.78601 0.88293
-1.80247 0.898465
-1.79698 0.857339
-1.84088 0.877781
-1.87929 0.924658
-1.85185 0.908897
-1.8738 0.924658
-1.82442 0.893271
-1.87929 0.940554
-1.94513 0.967349
-1.89026 0.940554
-1.86283 0.924658
-1.91221 0.945883
-1.9561 0.978173
-1.97805 0.989056
-1.93416 0.967349
-1.90672 0.951227
-1.92318 0.956586
-1.90672 0.940554
-1.82442 0.903673
-1.85734 0.924658
-1.91221 0.956586
-1.82442 0.893271
-1.85185 0.914135
-1.90123 0.951227
-1.90123 0.945883
-1.89575 0.945883
-1.90672 0.951227
-1.92318 0.96196
-1.90123 0.945883
-1.90672 0.945883
-1.96708 0.983607
-1.9177 0.956586
-1.94513 0.972753
-1.94513 0.967349
-1.93964 0.967349
-1.93416 0.96196
-1.92867 0.96196
-1.9177 0.951227
-1.92318 0.96196
-1.93416 0.967349
-1.95062 0.972753
-1.93964 0.967349
-1.87929 0.929941
-1.86283 0.908897
-1.8299 0.903673
-1.90672 0.951227
-1.8738 0.924658
-1.84636 0.898465
-1.86283 0.924658
-1.93964 0.967349
-1.94513 0.972753
-1.92867 0.96196
-1.95062 0.972753
-1.88477 0.929941
-1.89575 0.940554
-1.94513 0.972753
-1.93964 0.967349
-1.86283 0.924658
-1.89575 0.940554
-1.87929 0.93524
-1.8299 0.914135
-1.90123 0.945883
-1.88477 0.93524
-1.86283 0.929941
-1.88477 0.93524
-1.92318 0.96196
-1.88477 0.940554
-1.9177 0.945883
-1.89026 0.93524
-1.90123 0.945883
-1.85734 0.924658
-1.89026 0.940554
-1.86283 0.919389
-1.9177 0.951227
-1.92318 0.96196
-1.92318 0.956586
-1.89026 0.940554
-1.89575 0.940554
-1.89026 0.93524
-1.9177 0.951227
-1.8299 0.898465
-1.88477 0.93524
-1.83539 0.914135
-1.8299 0.903673
-1.84636 0.908897
-1.81893 0.903673
-1.89575 0.945883
-1.85185 0.908897
-1.8738 0.93524
-1.89575 0.945883
-1.90672 0.951227
-1.8738 0.919389
-1.80796 0.872648
-1.86283 0.908897
-1.88477 0.929941
-1.90672 0.951227
-1.89575 0.940554
-1.82442 0.893271
-1.75309 0.837137
-1.83539 0.898465
-1.82442 0.88293
-1.87929 0.919389
-1.9177 0.945883
-1.95062 0.972753
-1.92867 0.96196
-1.89575 0.940554
-1.90123 0.945883
-1.92318 0.956586
-1.92867 0.96196
-1.92867 0.96196
-1.86831 0.929941
-1.84088 0.914135
-1.84636 0.914135
-1.90672 0.951227
-1.93964 0.96196
-1.95062 0.967349
-1.91221 0.951227
-1.89026 0.93524
-1.90123 0.940554
-1.90672 0.951227
-1.84088 0.903673
-1.8738 0.924658
-1.8738 0.914135
-1.88477 0.924658
-1.90123 0.945883
-1.87929 0.93524
-1.95062 0.972753
-1.93416 0.967349
-1.92318 0.951227
-1.91221 0.945883
-1.90672 0.951227
-1.95062 0.972753
-1.85734 0.924658
-1.87929 0.929941
-1.9177 0.956586
-1.92867 0.951227
-1.89026 0.940554
-1.92318 0.96196
-1.90123 0.951227
-1.92318 0.956586
-1.90123 0.945883
-1.89026 0.940554
-1.9561 0.978173
-1.93964 0.967349
-1.89575 0.945883
-1.91221 0.951227
-1.9561 0.978173
-1.93416 0.967349
-1.9561 0.972753
-1.92318 0.96196
-1.91221 0.945883
-1.86831 0.929941
-1.93416 0.96196
-1.95062 0.972753
-1.9177 0.951227
-1.90123 0.945883
-1.88477 0.93524
-1.90123 0.945883
-1.86831 0.929941
-1.87929 0.940554
-1.85185 0.908897
-1.84088 0.914135
-1.86831 0.929941
-1.85734 0.919389
-1.86831 0.914135
-1.8738 0.919389
-1.92867 0.96196
-1.92318 0.96196
-1.9177 0.956586
-1.89026 0.929941
-1.85185 0.914135
-1.85185 0.919389
-1.86283 0.924658
-1.86283 0.914135
-1.82442 0.88293
-1.83539 0.893271
-1.89026 0.93524
-1.91221 0.951227
-1.9177 0.956586
-1.90672 0.951227
-1.91221 0.956586
-1.90123 0.945883
-1.89026 0.945883
-1.91221 0.956586
-1.87929 0.929941
-1.9177 0.951227
-1.9561 0.978173
-1.91221 0.951227
-1.93964 0.96196
-1.9177 0.951227
-1.8738 0.929941
-1.86283 0.919389
-1.88477 0.924658
-1.93416 0.967349
-1.94513 0.972753
-1.93416 0.96196
-1.89575 0.945883
-1.89575 0.945883
-1.92318 0.96196
-1.90672 0.951227
-1.9177 0.956586
-1.85734 0.924658
-1.86831 0.929941
-1.9177 0.956586
-1.93416 0.96196
-1.92867 0.956586
-1.89026 0.924658
-1.91221 0.956586
-1.91221 0.956586
-1.86283 0.924658
-1.89026 0.940554
-1.84088 0.908897
-1.89026 0.940554
-1.89026 0.940554
-1.90123 0.951227
-1.84636 0.919389
-1.87929 0.929941
-1.88477 0.93524
-1.89575 0.945883
-1.93416 0.967349
-1.90123 0.951227
-1.92318 0.951227
-1.91221 0.956586
-1.96159 0.978173
-1.92318 0.96196
-1.89575 0.929941
-1.88477 0.929941
-1.86283 0.914135
-1.88477 0.924658
-1.84636 0.908897
-1.9177 0.945883
-1.92318 0.956586
-1.92318 0.96196
-1.84636 0.914135
-1.82442 0.898465
-1.7915 0.857339
-1.82442 0.88293
-1.8299 0.86753
-1.85185 0.86753
-1.85734 0.898465
-1.83539 0.862427
-1.76955 0.827127
-1.81893 0.86753
-1.85734 0.898465
-1.85185 0.914135
-1.86831 0.929941
-1.87929 0.929941
-1.83539 0.888093
-1.85185 0.903673
-1.84088 0.908897
-1.88477 0.940554
-1.8299 0.898465
-1.83539 0.908897
-1.84636 0.914135
-1.92318 0.956586
-1.94513 0.972753
-1.87929 0.929941
-1.85734 0.919389
-1.8299 0.898465
-1.85185 0.919389
-1.82442 0.903673
-1.78052 0.88293
-1.90123 0.945883
-1.86283 0.914135
-1.85734 0.924658
-1.96159 0.978173
-1.94513 0.967349
-1.96708 0.983607
-1.93416 0.967349
-1.92318 0.96196
-1.94513 0.972753
-1.93416 0.967349
-1.86831 0.919389
-1.82442 0.893271
-1.88477 0.93524
-1.87929 0.93524
-1.88477 0.93524
-1.88477 0.93524
-1.93964 0.967349
-1.91221 0.951227
-1.90123 0.945883
-1.84636 0.914135
-1.84088 0.908897
-1.81893 0.893271
-1.80796 0.88293
-1.83539 0.908897
-1.86283 0.929941
-1.90123 0.945883
-1.86831 0.93524
-1.83539 0.914135
-1.83539 0.914135
-1.9177 0.956586
-1.94513 0.967349
-1.92867 0.96196
-1.88477 0.940554
-1.88477 0.940554
-1.91221 0.951227
-1.9177 0.951227
-1.89026 0.940554
-1.92867 0.940554
-1.89026 0.93524
-1.92867 0.96196
-1.91221 0.951227
-1.90123 0.945883
-1.84636 0.914135
-1.90123 0.945883
-1.82442 0.908897
-1.85185 0.914135
-1.89026 0.940554
-1.93416 0.96196
-1.90123 0.945883
-1.9561 0.972753
-1.94513 0.972753
-1.92867 0.956586
-1.91221 0.951227
-1.88477 0.93524
-1.90672 0.951227
-1.92867 0.96196
-1.9177 0.956586
-1.89026 0.940554
-1.88477 0.929941
-1.84088 0.893271
-1.89575 0.945883
-1.93416 0.967349
-1.90123 0.940554
-1.93416 0.967349
-1.89026 0.945883
-1.90672 0.951227
-1.92867 0.96196
-1.89575 0.93524
-1.92318 0.956586
-1.89575 0.945883
-1.9177 0.956586
-1.88477 0.940554
-1.9561 0.978173
-1.92318 0.96196
-1.89026 0.940554
-1.92318 0.951227
-1.86831 0.914135
-1.86831 0.929941
-1.8299 0.908897
-1.85734 0.919389
-1.91221 0.956586
-1.89026 0.929941
-1.8738 0.924658
-1.91221 0.951227
-1.89026 0.940554
-1.88477 0.93524
-1.84636 0.903673
-1.79698 0.857339
-1.83539 0.88293
-1.90123 0.93524
-1.90123 0.945883
-1.87929 0.929941
-1.86831 0.919389
-1.85185 0.914135
-1.88477 0.93524
-1.86283 0.924658
-1.86283 0.919389
-1.8738 0.929941
-1.9177 0.956586
-1.92867 0.956586
-1.94513 0.96196
-1.92867 0.956586
-1.87929 0.93524
-1.86831 0.93524
-1.89575 0.93524
-1.90672 0.951227
-1.93416 0.967349
-1.90672 0.951227
-1.87929 0.93524
-1.84088 0.903673
-1.85185 0.908897
-1.86831 0.924658
-1.8738 0.929941
-1.83539 0.903673
-1.84636 0.903673
-1.84088 0.898465
-1.86831 0.929941
-1.92318 0.951227
-1.89575 0.940554
-1.94513 0.972753
-1.93416 0.967349
-1.9177 0.956586
-1.86831 0.919389
-1.92867 0.956586
-1.8738 0.924658
-1.85185 0.924658
-1.90123 0.951227
-1.92318 0.956586
-1.90672 0.940554
-1.89575 0.940554
-1.9177 0.951227
-1.92318 0.96196
-1.89026 0.945883
-1.89575 0.945883
-1.89575 0.940554
-1.87929 0.924658
-1.90672 0.951227
-1.93964 0.967349
-1.93416 0.96196
-1.92318 0.956586
-1.88477 0.940554
-1.91221 0.945883
-1.92318 0.956586
-1.9177 0.951227
-1.8738 0.929941
-1.90123 0.940554
-1.86283 0.919389
-1.90123 0.929941
-1.89575 0.940554
-1.89026 0.945883
-1.91221 0.956586
-1.90123 0.945883
-1.94513 0.967349
-1.89026 0.940554
-1.94513 0.967349
-1.9177 0.951227
-1.86831 0.914135
-1.91221 0.956586
-1.93416 0.967349
-1.92867 0.956586
-1.90123 0.951227
-1.92318 0.956586
-1.8738 0.929941
-1.7915 0.88293
-1.82442 0.893271
-1.86283 0.919389
-1.89026 0.929941
-1.83539 0.898465
-1.89575 0.945883
-1.86831 0.924658
-1.89026 0.940554
-1.88477 0.929941
-1.88477 0.929941
-1.94513 0.972753
-1.94513 0.972753
-1.90123 0.940554
-1.88477 0.93524
-1.86831 0.929941
-1.86831 0.924658
-1.80796 0.893271
-1.80796 0.877781
-1.81893 0.893271
-1.81893 0.893271
-1.84636 0.898465
-1.89575 0.929941
-1.84088 0.908897
-1.84088 0.914135
-1.84088 0.914135
-1.92318 0.945883
-1.88477 0.929941
-1.93416 0.96196
-1.89575 0.93524
-1.84636 0.908897
-1.89026 0.940554
-1.9177 0.956586
-1.87929 0.93524
-1.93416 0.96196
-1.90672 0.951227
-1.85185 0.924658
-1.90123 0.945883
-1.85185 0.914135
-1.89575 0.945883
-1.8738 0.929941
-1.90123 0.945883
-1.84088 0.903673
-1.87929 0.914135
-1.9177 0.945883
-1.89575 0.940554
-1.84088 0.903673
-1.85734 0.919389
-1.83539 0.908897
-1.90672 0.940554
-1.92867 0.96196
-1.89026 0.940554
-1.90672 0.945883
-1.89575 0.945883
-1.87929 0.93524
-1.86831 0.919389
-1.8738 0.924658
-1.87929 0.93524
-1.90672 0.951227
-1.90123 0.945883
-1.91221 0.951227
-1.96708 0.983607
-1.96708 0.983607
-1.91221 0.956586
-1.94513 0.972753
-1.89026 0.940554
-1.86831 0.919389
-1.88477 0.924658
-1.93416 0.96196
-1.92867 0.96196
-1.9177 0.956586
-1.91221 0.951227
-1.86283 0.924658
-1.88477 0.940554
-1.89575 0.945883
-1.89575 0.929941
-1.83539 0.903673
-1.80796 0.893271
-1.83539 0.914135
-1.90672 0.945883
-1.93964 0.967349
-1.91221 0.956586
-1.89575 0.940554
-1.92867 0.96196
-1.85734 0.914135
-1.87929 0.929941
-1.91221 0.951227
-1.92867 0.956586
-1.91221 0.951227
-1.8738 0.929941
-1.89026 0.940554
-1.90672 0.951227
-1.85185 0.919389
-1.90123 0.940554
-1.90123 0.940554
-1.8738 0.929941
-1.91221 0.940554
-1.88477 0.929941
-1.86831 0.914135
-1.8299 0.898465
-1.85734 0.919389
-1.92867 0.96196
-1.90123 0.951227
-1.85734 0.924658
-1.84088 0.898465
-1.90672 0.945883
-1.90123 0.940554
-1.92318 0.956586
-1.91221 0.951227
-1.89575 0.945883
-1.90672 0.951227
-1.89026 0.940554
-1.8738 0.924658
-1.9177 0.945883
-1.85734 0.914135
-1.85185 0.919389
-1.92867 0.956586
-1.90123 0.945883
-1.85734 0.908897
-1.90123 0.945883
-1.90123 0.945883
-1.90672 0.951227
-1.85734 0.924658
-1.85734 0.903673
-1.81893 0.88293
-1.84636 0.914135
-1.87929 0.929941
-1.90672 0.945883
-1.9177 0.956586
-1.90672 0.951227
-1.96708 0.983607
-1.97805 0.989056
-1.95062 0.972753
-1.90672 0.951227
-1.89575 0.945883
-1.82442 0.898465
-1.86831 0.908897
-1.8738 0.929941
-1.97805 0.983607
-1.91221 0.951227
-1.90123 0.945883
-1.89026 0.945883
-1.83539 0.914135
-1.88477 0.940554
-1.85185 0.908897
-1.84636 0.898465
-1.88477 0.929941
-1.90672 0.951227
-1.84636 0.919389
-1.92318 0.96196
-1.94513 0.972753
-1.92318 0.956586
-1.91221 0.951227
-1.97805 0.989056
-1.96708 0.983607
-1.96708 0.983607
-1.93964 0.967349
-1.90123 0.945883
-1.87929 0.93524
-1.94513 0.972753
-1.95062 0.972753
-1.92867 0.956586
-1.91221 0.945883
-1.9177 0.956586
-1.91221 0.951227
-1.86283 0.919389
-1.90672 0.951227
-1.9177 0.940554
-1.93416 0.96196
-1.93964 0.967349
-1.87929 0.93524
-1.90123 0.951227
-1.93416 0.96196
-1.85185 0.924658
-1.85185 0.914135
-1.89026 0.945883
-1.85734 0.924658
-1.92867 0.96196
-1.89026 0.940554
-1.94513 0.972753
-1.89575 0.940554
-1.89575 0.945883
-1.89575 0.945883
-1.90123 0.951227
-1.89026 0.940554
-1.92318 0.951227
-1.89575 0.945883
-1.86831 0.924658
-1.8738 0.914135
-1.87929 0.93524
-1.86283 0.914135
-1.89026 0.93524
-1.91221 0.951227
-1.93964 0.967349
-1.93416 0.967349
-1.93416 0.96196
-1.9177 0.945883
-1.90123 0.940554
-1.86831 0.929941
-1.88477 0.93524
-1.8738 0.929941
-1.89575 0.940554
-1.8299 0.893271
-1.81344 0.893271
-1.85185 0.914135
-1.84088 0.908897
-1.8738 0.924658
-1.87929 0.924658
-1.85734 0.893271
-1.84088 0.862427
-1.86283 0.872648
-1.89026 0.893271
-1.79698 0.857339
-1.84636 0.88293
-1.84088 0.898465
-1.89575 0.93524
-1.89575 0.945883
-1.8299 0.908897
-1.86831 0.929941
-1.90672 0.940554
-1.90123 0.951227
-1.9177 0.956586
-1.92318 0.96196
-1.89575 0.93524
-1.90123 0.940554
-1.9177 0.956586
-1.93416 0.96196
-1.90672 0.945883
-1.89575 0.940554
-1.86831 0.929941
-1.80247 0.893271
-1.85734 0.919389
-1.9177 0.951227
-1.96708 0.983607
-1.96159 0.972753
-1.94513 0.967349
-1.89026 0.93524
-1.89026 0.945883
-1.86283 0.929941
-1.86283 0.924658
-1.93416 0.96196
-1.94513 0.967349
-1.92867 0.956586
-1.88477 0.940554
-1.92867 0.96196
-1.92318 0.96196
-1.90123 0.93524
-1.8738 0.919389
-1.92867 0.956586
-1.91221 0.956586
-1.91221 0.951227
-1.92867 0.96196
-1.89575 0.93524
-1.90123 0.93524
-1.86831 0.914135
-1.81893 0.88293
-1.8299 0.903673
-1.81893 0.893271
-1.85185 0.919389
-1.87929 0.93524
-1.87929 0.929941
-1.90123 0.945883
-1.86831 0.914135
-1.90123 0.940554
-1.93416 0.967349
-1.86283 0.929941
-1.89575 0.945883
-1.92318 0.96196
-1.90123 0.945883
-1.80247 0.877781
-1.84636 0.903673
-1.84088 0.908897
-1.87929 0.93524
-1.90672 0.951227
-1.84088 0.914135
-1.86283 0.924658
-1.8299 0.898465
-1.89026 0.940554
-1.8738 0.929941
-1.8738 0.93524
-1.88477 0.940554
-1.9561 0.978173
-1.91221 0.956586
-1.95062 0.967349
-1.9561 0.978173
-1.96708 0.978173
-1.93416 0.96196
-1.92318 0.956586
-1.90123 0.945883
-1.89026 0.929941
-1.85734 0.903673
-1.84636 0.898465
-1.85734 0.914135
-1.8738 0.929941
-1.86283 0.924658
-1.93416 0.967349
-1.89026 0.940554
-1.91221 0.951227
-1.8738 0.93524
-1.90123 0.945883
-1.88477 0.93524
-1.89026 0.93524
-1.86283 0.929941
-1.92867 0.96196
-1.96708 0.983607
-1.94513 0.967349
-1.88477 0.929941
-1.90123 0.945883
-1.8738 0.929941
-1.9177 0.956586
-1.95062 0.967349
-1.89026 0.93524
-1.91221 0.945883
-1.90123 0.945883
-1.86831 0.929941
-1.86831 0.929941
-1.91221 0.951227
-1.89026 0.945883
-1.85734 0.919389
-1.90672 0.945883
-1.88477 0.93524
-1.89026 0.945883
-1.91221 0.951227
-1.94513 0.967349
-1.90672 0.951227
-1.87929 0.919389
-1.92318 0.956586
-1.88477 0.93524
-1.86831 0.929941
-1.87929 0.929941
-1.92318 0.951227
-1.82442 0.903673
-1.84088 0.908897
-1.88477 0.93524
-1.86831 0.924658
-1.89575 0.940554
-1.85734 0.919389
-1.8738 0.924658
-1.8738 0.914135
-1.92318 0.951227
-1.89026 0.93524
-1.84636 0.914135
-1.84088 0.914135
-1.80247 0.888093
-1.78601 0.862427
-1.89026 0.929941
-1.9177 0.951227
-1.86283 0.929941
-1.7915 0.872648
-1.78052 0.86753
-1.90123 0.940554
-1.87929 0.924658
-1.86831 0.924658
-1.89026 0.93524
-1.87929 0.929941
-1.90123 0.940554
-1.93416 0.956586
-1.89026 0.93524
-1.89575 0.93524
-1.89575 0.945883
-1.84636 0.908897
-1.80247 0.888093
-1.82442 0.903673
-1.82442 0.898465
-1.85185 0.924658
-1.92318 0.956586
-1.89026 0.940554
-1.84636 0.914135
-1.9177 0.956586
-1.92318 0.951227
-1.93416 0.96196
-1.97805 0.989056
-1.93416 0.967349
-1.96708 0.983607
-1.94513 0.972753
-1.9177 0.951227
-1.93964 0.956586
-1.89026 0.929941
-1.8738 0.919389
-1.90672 0.940554
-1.84636 0.914135
-1.82442 0.908897
-1.85734 0.914135
-1.87929 0.93524
-1.87929 0.929941
-1.8738 0.924658
-1.85734 0.893271
-1.83539 0.872648
-1.84636 0.888093
-1.84088 0.908897
-1.8738 0.924658
-1.90123 0.940554
-1.89575 0.940554
-1.89575 0.945883
-1.84088 0.898465
-1.9177 0.956586
-1.89026 0.93524
-1.8299 0.908897
-1.8738 0.919389
-1.90672 0.945883
-1.89026 0.940554
-1.90123 0.951227
-1.91221 0.951227
-1.88477 0.93524
-1.87929 0.93524
-1.83539 0.893271
-1.78601 0.857339
-1.91221 0.945883
-1.8738 0.908897
-1.85734 0.914135
-1.87929 0.924658
-1.92318 0.940554
-1.86283 0.919389
-1.89575 0.93524
-1.91221 0.945883
-1.9177 0.951227
-1.84636 0.893271
-1.8738 0.908897
-1.9177 0.951227
-1.86831 0.929941
-1.84088 0.914135
-1.89575 0.93524
-1.90672 0.940554
-1.88477 0.924658
-1.85734 0.888093
-1.90123 0.919389
-1.90123 0.919389
-1.86831 0.898465
-1.84088 0.903673
-1.88477 0.929941
-1.86283 0.924658
-1.92867 0.956586
-1.91221 0.951227
-1.93416 0.967349
-1.96708 0.983607
-1.96708 0.983607
-1.91221 0.956586
-1.86283 0.919389
-1.85734 0.924658
-1.81893 0.893271
-1.88477 0.93524
-1.9177 0.956586
-1.96159 0.978173
-1.97257 0.983607
-1.90123 0.914135
-1.86283 0.903673
-1.8299 0.893271
-1.80247 0.86753
-1.86283 0.898465
-1.8738 0.929941
-1.92318 0.956586
-1.94513 0.972753
-1.8738 0.924658
-1.90123 0.940554
-1.89575 0.940554
-1.87929 0.929941
-1.91221 0.951227
-1.93416 0.96196
-1.91221 0.945883
-1.93416 0.956586
-1.89575 0.940554
-1.91221 0.956586
-1.92867 0.96196
-1.86831 0.924658
-1.86831 0.929941
-1.87929 0.929941
-1.9177 0.951227
-1.93964 0.967349
-1.93964 0.967349
-1.88477 0.93524
-1.87929 0.93524
-1.8299 0.903673
-1.90672 0.951227
-1.85185 0.914135
-1.85185 0.877781
-1.7915 0.86753
-1.76406 0.847208
-1.77503 0.862427
-1.82442 0.893271
-1.86831 0.924658
-1.86831 0.929941
-1.93416 0.96196
-1.90123 0.945883
-1.94513 0.967349
-1.92867 0.96196
-1.93964 0.967349
-1.90672 0.951227
-1.9177 0.956586
-1.92867 0.96196
-1.92867 0.96196
-1.94513 0.967349
-1.89026 0.940554
-1.93416 0.967349
-1.94513 0.972753
-1.96159 0.978173
-1.88477 0.940554
-1.88477 0.93524
-1.9177 0.951227
-1.93416 0.967349
-1.9177 0.956586
-1.90672 0.951227
-1.86831 0.919389
-1.89026 0.940554
-1.86831 0.924658
-1.86831 0.929941
-1.89026 0.940554
-1.86283 0.924658
-1.92318 0.956586
-1.92867 0.96196
-1.94513 0.972753
-1.90123 0.951227
-1.92867 0.96196
-1.94513 0.972753
-1.9561 0.978173
-1.91221 0.951227
-1.87929 0.929941
-1.89026 0.945883
-1.93416 0.96196
-1.90123 0.945883
-1.88477 0.93524
-1.90123 0.951227
-1.92318 0.956586
-1.88477 0.940554
-1.98903 0.994521
-1.97805 0.989056
-1.96708 0.983607
-1.90672 0.951227
-1.92318 0.96196
-1.9177 0.956586
-1.93964 0.967349
-1.88477 0.940554
-1.85185 0.919389
-1.85734 0.914135
-1.86283 0.919389
-1.88477 0.929941
-1.91221 0.951227
-1.87929 0.93524
-1.85734 0.924658
-1.87929 0.940554
-1.93416 0.96196
-1.93416 0.96196
-1.84088 0.919389
-1.87929 0.929941
-1.8299 0.88293
-1.84636 0.893271
-1.82442 0.893271
-1.84636 0.914135
-1.86283 0.908897
-1.86831 0.929941
-1.8738 0.929941
-1.91221 0.951227
-1.91221 0.951227
-1.9177 0.956586
-1.90123 0.945883
-1.89575 0.945883
-1.9177 0.956586
-1.89026 0.945883
-1.89575 0.929941
-1.87929 0.924658
-1.87929 0.908897
-1.86831 0.924658
-1.90672 0.951227
-1.91221 0.951227
-1.90123 0.945883
-1.8738 0.929941
-1.8738 0.93524
-1.90672 0.951227
-1.90123 0.945883
-1.90123 0.951227
-1.83539 0.914135
-1.91221 0.951227
-1.92318 0.96196
-1.94513 0.972753
-1.92318 0.96196
-1.93416 0.967349
-1.91221 0.940554
-1.95062 0.972753
-1.91221 0.951227
-1.89026 0.929941
-1.87929 0.929941
-1.89026 0.93524
-1.80796 0.898465
-1.88477 0.940554
-1.86283 0.924658
-1.89026 0.945883
-1.90123 0.951227
-1.92867 0.96196
-1.92318 0.956586
-1.89026 0.940554
-1.89575 0.929941
-1.93416 0.96196
-1.94513 0.972753
-1.89575 0.93524
-1.80247 0.88293
-1.81344 0.86753
-1.80796 0.88293
-1.90672 0.945883
-1.90123 0.951227
-1.84088 0.914135
-1.90123 0.951227
-1.90123 0.945883
-1.91221 0.945883
-1.83539 0.908897
-1.86831 0.919389
-1.90123 0.951227
-1.91221 0.951227
-1.90123 0.945883
-1.96159 0.978173
-1.93416 0.967349
-1.96708 0.983607
-1.92867 0.956586
-1.8738 0.929941
-1.90672 0.951227
-1.92318 0.96196
-1.90672 0.951227
-1.9177 0.956586
-1.93416 0.96196
-1.89575 0.945883
-1.86283 0.924658
-1.88477 0.924658
-1.8738 0.924658
-1.8738 0.929941
-1.91221 0.951227
-1.89575 0.940554
-1.91221 0.945883
-1.93964 0.967349
-1.90123 0.940554
-1.86831 0.929941
-1.92318 0.956586
-1.8738 0.93524
-1.91221 0.951227
-1.89575 0.940554
-1.91221 0.951227
-1.89575 0.940554
-1.90672 0.945883
-1.90123 0.940554
-1.90123 0.940554
-1.94513 0.972753
-1.89575 0.945883
-1.88477 0.93524
-1.85734 0.924658
-1.88477 0.93524
-1.93416 0.967349
-1.90672 0.951227
-1.89026 0.945883
-1.83539 0.908897
-1.8299 0.908897
-1.84088 0.908897
-1.83539 0.908897
-1.89026 0.93524
-1.91221 0.951227
-1.89575 0.940554
-1.88477 0.940554
-1.9177 0.956586
-1.88477 0.93524
-1.88477 0.924658
-1.8738 0.924658
-1.89026 0.940554
-1.91221 0.956586
-1.87929 0.93524
-1.92318 0.956586
-1.90123 0.945883
-1.92318 0.956586
-1.94513 0.967349
-1.91221 0.956586
-1.9561 0.978173
-1.89575 0.945883
-1.9177 0.956586
-1.9561 0.978173
-1.90123 0.945883
-1.84636 0.924658
-1.89026 0.940554
-1.94513 0.967349
-1.96708 0.978173
-1.92867 0.96196
-1.87929 0.929941
-1.96708 0.983607
-1.93964 0.967349
-1.92867 0.956586
-1.91221 0.93524
-1.92318 0.96196
-1.90672 0.945883
-1.88477 0.940554
-1.91221 0.956586
-1.93964 0.967349
-1.91221 0.956586
-1.92867 0.96196
-1.9177 0.956586
-1.87929 0.93524
-1.92318 0.96196
-1.9561 0.978173
-1.9177 0.956586
-1.86831 0.924658
-1.92318 0.951227
-1.92867 0.96196
-1.9177 0.951227
-1.89575 0.93524
-1.90672 0.945883
-1.96159 0.978173
-1.91221 0.956586
-1.9177 0.951227
-1.90123 0.945883
-1.87929 0.93524
-1.89026 0.940554
-1.87929 0.940554
-1.89575 0.93524
-1.92318 0.956586
-1.89026 0.940554
-1.8738 0.93524
-1.92318 0.956586
-1.89026 0.93524
-1.90123 0.951227
-1.88477 0.93524
-1.88477 0.940554
-1.90123 0.940554
-1.91221 0.945883
-1.90672 0.945883
-1.85734 0.924658
-1.87929 0.929941
-1.84088 0.914135
-1.83539 0.919389
-1.90672 0.945883
-1.89026 0.940554
-1.89026 0.93524
-1.8299 0.903673
-1.86283 0.919389
-1.87929 0.929941
-1.86831 0.924658
-1.90123 0.945883
-1.87929 0.93524
-1.84636 0.908897
-1.89026 0.919389
-1.8738 0.929941
-1.92867 0.96196
-1.9177 0.956586
-1.94513 0.967349
-1.91221 0.945883
-1.9177 0.945883
-1.81344 0.893271
-1.82442 0.88293
-1.80247 0.893271
-1.87929 0.93524
-1.83539 0.903673
-1.82442 0.898465
-1.79698 0.893271
-1.82442 0.908897
-1.86831 0.914135
-1.8299 0.903673
-1.79698 0.88293
-1.89026 0.929941
-1.88477 0.93524
-1.90672 0.945883
-1.86831 0.924658
-1.89575 0.940554
-1.9177 0.956586
-1.86283 0.919389
-1.83539 0.893271
-1.86283 0.908897
-1.85734 0.914135
-1.81344 0.877781
-1.86283 0.919389
-1.84088 0.903673
-1.83539 0.88293
-1.90123 0.93524
-1.89575 0.93524
-1.85734 0.924658
-1.93416 0.967349
-1.90672 0.945883
-1.83539 0.898465
-1.91221 0.951227
-1.90672 0.945883
-1.85734 0.898465
-1.75857 0.847208
-1.81893 0.872648
-1.84088 0.86753
-1.83539 0.893271
-1.79698 0.86753
-1.79698 0.86753
-1.8299 0.893271
-1.92318 0.956586
-1.90672 0.945883
-1.89575 0.929941
-1.86831 0.919389
-1.89026 0.93524
-1.93416 0.967349
-1.93964 0.96196
-1.92867 0.96196
-1.92318 0.956586
-1.86283 0.924658
-1.87929 0.929941
-1.80796 0.888093
-1.82442 0.872648
-1.85185 0.908897
-1.84636 0.914135
-1.91221 0.951227
-1.93416 0.967349
-1.90123 0.951227
-1.89026 0.940554
-1.89026 0.940554
-1.88477 0.924658
-1.90672 0.951227
-1.91221 0.951227
-1.8738 0.929941
-1.90672 0.951227
-1.90672 0.951227
-1.90672 0.951227
-1.96708 0.983607
-1.89575 0.945883
-1.92867 0.956586
-1.87929 0.929941
-1.89575 0.940554
-1.93416 0.96196
-1.91221 0.945883
-1.95062 0.972753
-1.92318 0.96196
-1.90123 0.951227
-1.93416 0.967349
-1.90123 0.940554
-1.88477 0.940554
-1.84636 0.919389
-1.89575 0.93524
-1.88477 0.929941
-1.85185 0.919389
-1.89575 0.945883
-1.89026 0.93524
-1.92318 0.956586
-1.90672 0.945883
-1.95062 0.972753
-1.90672 0.945883
-1.85734 0.924658
-1.80796 0.898465
-1.85185 0.898465
-1.84636 0.888093
-1.8738 0.908897
-1.86283 0.919389
-1.87929 0.929941
-1.88477 0.924658
-1.90123 0.940554
-1.90123 0.945883
-1.94513 0.967349
-1.90123 0.940554
-1.84636 0.908897
-1.8299 0.908897
-1.87929 0.93524
-1.86831 0.929941
-1.93416 0.96196
-1.9177 0.956586
-1.89026 0.929941
-1.81893 0.88293
-1.80247 0.893271
-1.89575 0.93524
-1.94513 0.972753
-1.93416 0.967349
-1.92318 0.951227
-1.89575 0.929941
-1.90672 0.940554
-1.85185 0.914135
-1.86283 0.919389
-1.85185 0.908897
-1.85185 0.903673
-1.8738 0.924658
-1.88477 0.908897
-1.86831 0.919389
-1.92318 0.956586
-1.92867 0.96196
-1.85734 0.924658
-1.9177 0.956586
-1.89026 0.940554
-1.8738 0.929941
-1.85185 0.919389
-1.91221 0.951227
-1.89575 0.945883
-1.90123 0.945883
-1.92867 0.96196
-1.91221 0.945883
-1.87929 0.898465
-1.85185 0.888093
-1.86831 0.888093
-1.87929 0.877781
-1.89026 0.908897
-1.88477 0.919389
-1.92318 0.956586
-1.87929 0.93524
-1.86283 0.914135
-1.92867 0.956586
-1.93964 0.967349
-1.90672 0.951227
-1.85734 0.924658
-1.85185 0.914135
-1.88477 0.929941
-1.93416 0.96196
-1.8738 0.929941
-1.85734 0.924658
-1.88477 0.940554
-1.90672 0.951227
-1.91221 0.951227
-1.86283 0.924658
-1.8299 0.898465
-1.85734 0.919389
-1.88477 0.929941
-1.85185 0.914135
-1.89575 0.940554
-1.89026 0.945883
-1.90672 0.945883
-1.89575 0.93524
-1.90123 0.945883
-1.90672 0.945883
-1.9177 0.956586
-1.8738 0.929941
-1.92867 0.951227
-1.9177 0.940554
-1.8738 0.914135
-1.76406 0.842165
-1.80247 0.86753
-1.83539 0.88293
-1.81893 0.888093
-1.90123 0.93524
-1.9177 0.956586
-1.91221 0.956586
-1.94513 0.972753
-1.90123 0.951227
-1.89575 0.93524
-1.83539 0.908897
-1.84088 0.914135
-1.89575 0.940554
-1.84636 0.908897
-1.86831 0.929941
-1.89575 0.93524
-1.91221 0.951227
-1.8738 0.929941
-1.91221 0.951227
-1.90672 0.951227
-1.91221 0.956586
-1.92867 0.956586
-1.94513 0.967349
-1.9177 0.956586
-1.86283 0.924658
-1.8738 0.914135
-1.8738 0.924658
-1.91221 0.956586
-1.84636 0.914135
-1.83539 0.898465
-1.81893 0.888093
-1.85734 0.924658
-1.86831 0.919389
-1.84636 0.919389
-1.88477 0.940554
-1.89026 0.940554
-1.91221 0.951227
-1.85734 0.924658
-1.90672 0.945883
-1.85734 0.924658
-1.83539 0.908897
-1.89026 0.93524
-1.84636 0.914135
-1.8738 0.914135
-1.86283 0.919389
-1.92318 0.940554
-1.92318 0.956586
-1.9561 0.978173
-1.81893 0.903673
-1.85734 0.914135
-1.88477 0.93524
-1.8738 0.929941
-1.80247 0.872648
-1.78601 0.852266
-1.80796 0.893271
-1.86831 0.919389
-1.82442 0.86753
-1.84636 0.888093
-1.86283 0.903673
-1.83539 0.862427
-1.82442 0.86753
-1.8738 0.898465
-1.86283 0.908897
-1.92318 0.945883
-1.94513 0.967349
-1.92867 0.951227
-1.8738 0.929941
-1.83539 0.898465
-1.86283 0.919389
-1.89026 0.93524
-1.92318 0.956586
-1.89575 0.940554
-1.90123 0.945883
-1.90123 0.945883
-1.90123 0.945883
-1.86831 0.924658
-1.90672 0.945883
-1.92867 0.96196
-1.92318 0.96196
-1.92867 0.96196
-1.93416 0.967349
-1.92867 0.96196
-1.9561 0.978173
-1.8738 0.93524
-1.89575 0.940554
-1.89026 0.93524
-1.89575 0.945883
-1.81344 0.893271
-1.81893 0.888093
-1.84088 0.888093
-1.86283 0.898465
-1.89026 0.914135
-1.89575 0.940554
-1.95062 0.972753
-1.95062 0.972753
-1.95062 0.972753
-1.93416 0.967349
-1.89575 0.945883
-1.95062 0.972753
-1.92318 0.96196
-1.88477 0.924658
-1.90672 0.945883
-1.96159 0.978173
-1.90672 0.945883
-1.89575 0.940554
-1.88477 0.929941
-1.90672 0.945883
-1.9177 0.956586
-1.92318 0.96196
-1.90672 0.951227
-1.9177 0.951227
-1.92867 0.96196
-1.90123 0.945883
-1.92318 0.956586
-1.89026 0.940554
-1.91221 0.951227
-1.84088 0.914135
-1.90123 0.945883
-1.90672 0.940554
-1.90672 0.951227
-1.89575 0.945883
-1.9177 0.956586
-1.92318 0.96196
-1.8738 0.93524
-1.83539 0.903673
-1.85734 0.908897
-1.85734 0.898465
-1.91221 0.93524
-1.89026 0.929941
-1.89575 0.940554
-1.93416 0.967349
-1.89026 0.945883
-1.85734 0.908897
-1.80247 0.888093
-1.86831 0.919389
-1.92318 0.956586
-1.95062 0.972753
-1.8738 0.929941
-1.85185 0.924658
-1.87929 0.93524
-1.90672 0.945883
-1.89026 0.940554
-1.88477 0.940554
-1.91221 0.951227
-1.90672 0.945883
-1.88477 0.940554
-1.89026 0.940554
-1.87929 0.929941
-1.86831 0.93524
-1.87929 0.93524
-1.92318 0.96196
-1.90123 0.945883
-1.86831 0.924658
-1.90123 0.951227
-1.92318 0.96196
-1.93964 0.967349
-1.8738 0.929941
-1.88477 0.919389
-1.85185 0.914135
-1.87929 0.93524
-1.86283 0.924658
-1.89575 0.940554
-1.91221 0.951227
-1.85734 0.924658
-1.89575 0.945883
-1.82442 0.908897
-1.8738 0.93524
-1.86283 0.919389
-1.85734 0.914135
-1.90123 0.951227
-1.91221 0.951227
-1.9177 0.951227
-1.84636 0.919389
-1.86831 0.908897
-1.83539 0.893271
-1.8299 0.88293
-1.8738 0.919389
-1.87929 0.929941
-1.90123 0.940554
-1.93416 0.967349
-1.89575 0.940554
-1.88477 0.929941
-1.87929 0.924658
-1.89575 0.945883
-1.88477 0.940554
-1.85734 0.919389
-1.8738 0.93524
-1.91221 0.951227
-1.89026 0.940554
-1.89026 0.940554
-1.90123 0.945883
-1.87929 0.924658
-1.85734 0.919389
-1.86283 0.929941
-1.73663 0.857339
-1.76955 0.872648
-1.82442 0.86753
-1.8738 0.903673
-1.88477 0.914135
-1.8299 0.888093
-1.82442 0.888093
-1.8299 0.888093
-1.8299 0.908897
-1.92318 0.96196
-1.89575 0.940554
-1.82442 0.908897
-1.81893 0.888093
-1.83539 0.903673
-1.89575 0.93524
-1.91221 0.951227
-1.96159 0.978173
-1.92867 0.96196
-1.89026 0.940554
-1.89026 0.940554
-1.88477 0.93524
-1.81893 0.903673
-1.92318 0.956586
-1.89026 0.945883
-1.91221 0.956586
-1.84636 0.919389
-1.86283 0.929941
-1.88477 0.93524
-1.90123 0.940554
-1.87929 0.93524
-1.85185 0.919389
-1.8738 0.929941
-1.86831 0.924658
-1.89575 0.940554
-1.93416 0.96196
-1.87929 0.93524
-1.90672 0.945883
-1.86283 0.919389
-1.93416 0.967349
-1.89026 0.940554
-1.89026 0.924658
-1.83539 0.872648
-1.81893 0.898465
-1.82442 0.893271
-1.85734 0.914135
-1.79698 0.877781
-1.8299 0.898465
-1.85185 0.908897
-1.86831 0.924658
-1.85185 0.914135
-1.87929 0.924658
-1.89026 0.93524
-1.85734 0.914135
-1.89026 0.945883
-1.90123 0.940554
-1.8738 0.914135
-1.8738 0.929941
-1.88477 0.919389
-1.85734 0.903673
-1.82442 0.903673
-1.84636 0.919389
-1.89026 0.945883
-1.85734 0.924658
-1.95062 0.972753
-1.8738 0.929941
-1.89026 0.945883
-1.84088 0.919389
-1.80796 0.893271
-1.87929 0.93524
-1.86283 0.914135
-1.90123 0.945883
-1.87929 0.929941
-1.90672 0.945883
-1.86283 0.919389
-1.83539 0.903673
-1.8299 0.903673
-1.85185 0.924658
-1.84636 0.919389
-1.88477 0.940554
-1.94513 0.972753
-1.9177 0.929941
-1.92867 0.951227
-1.89026 0.940554
-1.89575 0.945883
-1.7915 0.88293
-1.89575 0.929941
-1.9177 0.951227
-1.92867 0.956586
-1.87929 0.919389
-1.80247 0.872648
-1.85734 0.898465
-1.8299 0.898465
-1.83539 0.893271
-1.82442 0.888093
-1.85734 0.903673
-1.80247 0.877781
-1.81893 0.88293
-1.90123 0.945883
-1.87929 0.929941
-1.83539 0.908897
-1.81893 0.893271
-1.85185 0.919389
-1.82442 0.898465
-1.85185 0.903673
-1.8738 0.919389
-1.86283 0.924658
-1.8299 0.903673
-1.86831 0.929941
-1.84088 0.914135
-1.89026 0.940554
-1.90672 0.951227
-1.91221 0.956586
-1.86283 0.924658
-1.86831 0.924658
-1.9177 0.951227
-1.93416 0.967349
-1.90672 0.951227
-1.8738 0.929941
-1.89575 0.940554
-1.88477 0.940554
-1.85734 0.924658
-1.90123 0.951227
-1.92318 0.96196
-1.91221 0.945883
-1.88477 0.93524
-1.93964 0.967349
-1.8738 0.929941
-1.84088 0.914135
-1.84636 0.919389
-1.84088 0.898465
-1.9177 0.951227
-1.91221 0.940554
-1.86831 0.924658
-1.88477 0.929941
-1.90672 0.940554
-1.89575 0.940554
-1.93416 0.96196
-1.9561 0.978173
-1.93416 0.96196
-1.90672 0.945883
-1.90672 0.951227
-1.86283 0.919389
-1.86283 0.924658
-1.89575 0.945883
-1.86283 0.908897
-1.91221 0.951227
-1.90672 0.951227
-1.94513 0.972753
-1.92867 0.956586
-1.90123 0.940554
-1.9177 0.951227
-1.92318 0.96196
-1.91221 0.951227
-1.8738 0.924658
-1.86831 0.924658
-1.8738 0.924658
-1.81893 0.893271
-1.87929 0.940554
-1.86283 0.924658
-1.84088 0.903673
-1.85734 0.919389
-1.84088 0.914135
-1.86831 0.929941
-1.91221 0.951227
-1.90672 0.951227
-1.86831 0.929941
-1.86283 0.914135
-1.90672 0.945883
-1.89575 0.93524
-1.85734 0.914135
-1.90123 0.945883
-1.83539 0.908897
-1.89026 0.929941
-1.84088 0.903673
-1.89026 0.919389
-1.8299 0.898465
-1.8738 0.924658
-1.87929 0.93524
-1.91221 0.956586
-1.90123 0.951227
-1.90123 0.940554
-1.91221 0.945883
-1.84088 0.898465
-1.84088 0.898465
-1.89026 0.929941
-1.84088 0.908897
-1.84088 0.914135
-1.86831 0.924658
-1.88477 0.924658
-1.92867 0.956586
-1.92318 0.956586
-1.95062 0.972753
-1.92867 0.96196
-1.93416 0.967349
-1.93964 0.967349
-1.86283 0.919389
-1.86283 0.914135
-1.84088 0.893271
-1.78601 0.857339
-1.7915 0.877781
-1.85734 0.908897
-1.85734 0.908897
-1.79698 0.888093
-1.86283 0.929941
-1.90672 0.945883
-1.93416 0.967349
-1.92867 0.956586
-1.82442 0.898465
-1.80796 0.88293
-1.80796 0.86753
-1.80796 0.877781
-1.80247 0.857339
-1.81344 0.877781
-1.81893 0.888093
-1.79698 0.852266
-1.80796 0.86753
-1.8299 0.898465
-1.84088 0.888093
-1.85734 0.914135
-1.84088 0.888093
-1.87929 0.929941
-1.81893 0.88293
-1.90123 0.929941
-1.9177 0.956586
-1.92318 0.951227
-1.9177 0.956586
-1.8299 0.898465
-1.85734 0.924658
-1.87929 0.919389
-1.89575 0.93524
-1.85734 0.914135
-1.89026 0.929941
-1.87929 0.929941
-1.91221 0.951227
-1.94513 0.972753
-1.93964 0.967349
-1.93964 0.967349
-1.89026 0.940554
-1.84088 0.908897
-1.85185 0.888093
-1.85185 0.888093
-1.85734 0.893271
-1.8738 0.903673
-1.85185 0.898465
-1.86831 0.924658
-1.92867 0.951227
-1.90123 0.940554
-1.88477 0.93524
-1.90123 0.945883
-1.87929 0.929941
-1.89026 0.940554
-1.87929 0.93524
-1.90672 0.951227
-1.87929 0.93524
-1.90123 0.945883
-1.91221 0.951227
-1.92318 0.956586
-1.89575 0.940554
-1.90672 0.945883
-1.87929 0.93524
-1.89026 0.945883
-1.8738 0.929941
-1.85734 0.908897
-1.86283 0.929941
-1.8738 0.929941
-1.82442 0.88293
-1.86283 0.924658
-1.86283 0.929941
-1.87929 0.940554
-1.8738 0.93524
-1.92318 0.956586
-1.92867 0.956586
-1.92318 0.956586
-1.89026 0.940554
-1.90672 0.945883
-1.89575 0.940554
-1.85734 0.919389
-1.90123 0.940554
-1.89026 0.945883
-1.89026 0.940554
-1.88477 0.929941
-1.8738 0.914135
-1.89575 0.945883
-1.90672 0.945883
-1.96159 0.967349
-1.9177 0.945883
-1.94513 0.972753
-1.97805 0.989056
-1.90123 0.945883
-1.90672 0.951227
-1.9177 0.956586
-1.87929 0.940554
-1.90672 0.945883
-1.87929 0.929941
-1.93964 0.967349
-1.9177 0.951227
-1.92318 0.951227
-1.86283 0.924658
-1.87929 0.929941
-1.88477 0.93524
-1.92318 0.96196
-1.86283 0.908897
-1.84088 0.903673
-1.86831 0.924658
-1.8299 0.893271
-1.84088 0.898465
-1.81893 0.898465
-1.80796 0.893271
-1.80796 0.877781
-1.81893 0.872648
-1.91221 0.951227
-1.88477 0.940554
-1.93416 0.967349
-1.94513 0.972753
-1.93964 0.96196
-1.95062 0.972753
-1.89575 0.945883
-1.89026 0.93524
-1.87929 0.929941
-1.89575 0.93524
-1.88477 0.93524
-1.9561 0.978173
-1.9177 0.956586
-1.89026 0.940554
-1.8738 0.93524
-1.84636 0.919389
-1.83539 0.903673
-1.85185 0.914135
-1.84636 0.888093
-1.8299 0.877781
-1.86283 0.903673
-1.81344 0.893271
-1.91221 0.951227
-1.90672 0.940554
-1.9177 0.956586
-1.86283 0.924658
-1.88477 0.924658
-1.94513 0.972753
-1.91221 0.951227
-1.8738 0.929941
-1.85734 0.893271
-1.8738 0.914135
-1.92867 0.951227
-1.92867 0.956586
-1.89026 0.940554
-1.92867 0.96196
-1.94513 0.972753
-1.94513 0.972753
-1.96159 0.978173
-1.94513 0.972753
-1.92867 0.96196
-1.92867 0.96196
-1.9177 0.951227
-1.89026 0.940554
-1.89026 0.945883
-1.88477 0.93524
-1.8738 0.924658
-1.88477 0.93524
-1.89026 0.93524
-1.92318 0.96196
-1.93964 0.967349
-1.90672 0.951227
-1.84088 0.908897
-1.8738 0.93524
-1.86831 0.929941
-1.90123 0.940554
-1.90123 0.945883
-1.8738 0.914135
-1.86283 0.903673
-1.86831 0.908897
-1.88477 0.924658
-1.87929 0.914135
-1.88477 0.919389
-1.89026 0.940554
-1.85185 0.908897
-1.86831 0.919389
-1.93416 0.951227
-1.87929 0.914135
-1.92318 0.945883
-1.90123 0.929941
-1.89575 0.945883
-1.87929 0.929941
-1.8738 0.919389
-1.88477 0.924658
-1.85734 0.919389
-1.83539 0.893271
-1.8738 0.929941
-1.90123 0.951227
-1.87929 0.940554
-1.85185 0.914135
-1.86831 0.929941
-1.85185 0.903673
-1.85185 0.914135
-1.88477 0.940554
-1.89575 0.940554
-1.90672 0.951227
-1.85734 0.908897
-1.85734 0.898465
-1.82442 0.88293
-1.84088 0.908897
-1.86831 0.924658
-1.86831 0.929941
-1.8738 0.919389
-1.88477 0.929941
-1.89575 0.940554
-1.92318 0.956586
-1.89026 0.93524
-1.85185 0.903673
-1.87929 0.924658
-1.92867 0.951227
-1.88477 0.940554
-1.84088 0.88293
-1.83539 0.872648
-1.81344 0.857339
-1.79698 0.862427
-1.83539 0.898465
-1.82442 0.898465
-1.7915 0.872648
-1.81344 0.893271
-1.84088 0.888093
-1.89575 0.919389
-1.90672 0.924658
-1.86831 0.908897
-1.9177 0.945883
-1.89575 0.93524
-1.91221 0.951227
-1.89575 0.945883
-1.90672 0.951227
-1.92867 0.96196
-1.96708 0.983607
-1.9177 0.956586
-1.87929 0.93524
-1.93416 0.967349
-1.93416 0.96196
-1.94513 0.972753
-1.94513 0.972753
-1.94513 0.972753
-1.89026 0.929941
-1.90123 0.93524
-1.9177 0.951227
-1.89026 0.940554
-1.84088 0.908897
-1.85734 0.908897
-1.9177 0.951227
-1.91221 0.956586
-1.91221 0.951227
-1.89026 0.940554
-1.90123 0.940554
-1.91221 0.956586
-1.92318 0.956586
-1.93964 0.967349
-1.92318 0.96196
-1.94513 0.972753
-1.89026 0.929941
-1.86831 0.924658
-1.89575 0.945883
-1.90672 0.945883
-1.89575 0.940554
-1.88477 0.924658
-1.83539 0.903673
-1.82442 0.908897
-1.95062 0.972753
-1.9177 0.956586
-1.86831 0.929941
-1.85185 0.919389
-1.90672 0.951227
-1.88477 0.940554
-1.86831 0.924658
-1.9177 0.956586
-1.91221 0.956586
-1.83539 0.903673
-1.8738 0.93524
-1.9177 0.956586
-1.86831 0.924658
-1.90123 0.951227
-1.9177 0.956586
-1.88477 0.929941
-1.87929 0.940554
-1.91221 0.945883
-1.93964 0.967349
-2 1
-1.93416 0.96196
-1.92867 0.96196
-1.95062 0.967349
-1.94513 0.972753
-1.93964 0.967349
-1.93416 0.967349
-1.94513 0.972753
-1.94513 0.967349
-1.93416 0.96196
-1.9177 0.945883
-1.91221 0.945883
-1.89575 0.940554
-1.86831 0.919389
-1.91221 0.951227
-1.87929 0.93524
-1.86831 0.919389
-1.85734 0.914135
-1.87929 0.929941
-1.86283 0.903673
-1.8738 0.924658
-1.91221 0.951227
-1.93964 0.967349
-1.92318 0.96196
-1.91221 0.945883
-1.8738 0.914135
-1.89575 0.929941
-1.85734 0.903673
-1.86283 0.919389
-1.88477 0.924658
-1.89026 0.919389
-1.8738 0.93524
-1.81344 0.893271
-1.91221 0.951227
-1.93416 0.967349
-1.93964 0.967349
-1.93964 0.96196
-1.92318 0.951227
-1.88477 0.93524
-1.8738 0.929941
-1.84088 0.893271
-1.84088 0.914135
-1.89026 0.93524
-1.87929 0.924658
-1.85185 0.908897
-1.85734 0.914135
-1.88477 0.93524
-1.85734 0.919389
-1.89575 0.940554
-1.91221 0.951227
-1.87929 0.929941
-1.85734 0.924658
-1.92867 0.96196
-1.92867 0.96196
-1.93416 0.96196
-1.8738 0.929941
-1.94513 0.967349
-1.87929 0.929941
-1.90123 0.951227
-1.93416 0.967349
-1.90123 0.945883
-1.8738 0.93524
-1.90672 0.951227
-1.90672 0.929941
-1.92318 0.951227
-1.87929 0.919389
-1.89026 0.919389
-1.84636 0.857339
-1.86831 0.877781
-1.86283 0.862427
-1.8738 0.877781
-1.86283 0.88293
-1.85185 0.893271
-1.86283 0.893271
-1.86831 0.877781
-1.82442 0.827127
-1.84636 0.86753
-1.86283 0.888093
-1.82442 0.847208
-1.80796 0.842165
-1.8738 0.86753
-1.84636 0.898465
-1.86283 0.914135
-1.84088 0.914135
-1.82442 0.877781
-1.89026 0.924658
-1.83539 0.898465
-1.8738 0.924658
-1.84636 0.903673
-1.86283 0.924658
-1.90672 0.951227
-1.88477 0.940554
-1.96708 0.983607
-1.90123 0.951227
-1.84636 0.898465
-1.84636 0.908897
-1.84636 0.903673
-1.88477 0.93524
-1.93416 0.956586
-1.92318 0.96196
-1.89026 0.945883
-1.91221 0.956586
-1.84088 0.919389
-1.92867 0.96196
-1.92318 0.96196
-1.84636 0.914135
-1.84636 0.914135
-1.85185 0.908897
-1.84088 0.898465
-1.84636 0.914135
-1.85734 0.914135
-1.86831 0.919389
-1.89026 0.93524
-1.91221 0.956586
-1.8738 0.924658
-1.88477 0.924658
-1.80796 0.888093
-1.84088 0.908897
-1.86831 0.893271
-1.85185 0.898465
-1.83539 0.903673
-1.85734 0.914135
-1.8738 0.919389
-1.88477 0.924658
-1.90123 0.940554
-1.9177 0.951227
-1.9561 0.972753
-1.94513 0.972753
-1.8738 0.93524
-1.87929 0.940554
-1.87929 0.93524
-1.90672 0.945883
-1.89026 0.940554
-1.96159 0.978173
-1.94513 0.972753
-1.93416 0.951227
-1.9177 0.956586
-1.92318 0.956586
-1.90123 0.940554
-1.92867 0.96196
-1.88477 0.93524
-1.9561 0.978173
-1.92318 0.956586
-1.86831 0.919389
-1.90123 0.945883
-1.92318 0.945883
-1.91221 0.951227
-1.91221 0.956586
-1.89026 0.945883
-1.86283 0.929941
-1.89026 0.93524
-1.90672 0.945883
-1.89026 0.940554
-1.80796 0.893271
-1.84088 0.903673
-1.81893 0.893271
-1.90672 0.945883
-1.87929 0.919389
-1.87929 0.924658
-1.88477 0.929941
-1.86831 0.929941
-1.84088 0.908897
-1.86283 0.919389
-1.86283 0.929941
-1.86831 0.929941
-1.84636 0.914135
-1.75857 0.847208
-1.80796 0.893271
-1.8299 0.903673
-1.81893 0.888093
-1.80796 0.86753
-1.81344 0.888093
-1.77503 0.86753
-1.80796 0.893271
-1.87929 0.929941
-1.87929 0.93524
-1.83539 0.919389
-1.91221 0.956586
-1.87929 0.940554
-1.88477 0.93524
-1.84636 0.908897
-1.84088 0.903673
-1.81344 0.86753
-1.83539 0.86753
-1.77503 0.837137
-1.8738 0.908897
-1.83539 0.898465
-1.8299 0.898465
-1.82442 0.903673
-1.84636 0.919389
-1.85185 0.919389
-1.88477 0.940554
-1.88477 0.93524
-1.89575 0.940554
-1.90123 0.945883
-1.89575 0.940554
-1.88477 0.924658
-1.87929 0.924658
-1.85734 0.914135
-1.88477 0.929941
-1.81893 0.877781
-1.83539 0.898465
-1.89575 0.929941
-1.88477 0.93524
-1.92867 0.96196
-1.92867 0.96196
-1.87929 0.924658
-1.89575 0.945883
-1.8738 0.924658
-1.92318 0.96196
-1.95062 0.972753
-1.90672 0.951227
-1.9177 0.956586
-1.88477 0.929941
-1.85734 0.929941
-1.84088 0.914135
-1.85734 0.924658
-1.90123 0.945883
-1.92867 0.96196
-1.89575 0.93524
-1.89026 0.940554
-1.9561 0.978173
-1.8738 0.929941
-1.88477 0.940554
-1.86831 0.924658
-1.8738 0.929941
-1.8738 0.929941
-1.90123 0.951227
-1.92318 0.951227
-1.93416 0.96196
-1.84088 0.914135
-1.8299 0.898465
-1.8299 0.888093
-1.85185 0.893271
-1.85734 0.908897
-1.8299 0.893271
-1.82442 0.898465
-1.90672 0.951227
-1.92318 0.956586
-1.93416 0.967349
-1.97805 0.989056
-1.9177 0.956586
-1.94513 0.972753
-1.9561 0.978173
-1.9561 0.978173
-1.92318 0.96196
-1.93416 0.967349
-1.92867 0.96196
-1.87929 0.93524
-1.86283 0.924658
-1.83539 0.908897
-1.89026 0.919389
-1.86831 0.898465
-1.88477 0.903673
-1.87929 0.908897
-1.85185 0.898465
-1.91221 0.945883
-1.92318 0.96196
-1.86283 0.919389
-1.91221 0.956586
-1.90123 0.940554
-1.92867 0.96196
-1.90123 0.940554
-1.8299 0.898465
-1.91221 0.951227
-1.89575 0.940554
-1.91221 0.951227
-1.86831 0.929941
-1.86831 0.924658
-1.84088 0.919389
-1.84636 0.914135
-1.92318 0.96196
-1.91221 0.956586
-1.95062 0.972753
-1.88477 0.929941
-1.85734 0.908897
-1.85734 0.914135
-1.8738 0.924658
-1.83539 0.908897
-1.84088 0.914135
-1.84636 0.908897
-1.86283 0.924658
-1.89575 0.940554
-1.90123 0.945883
-1.80796 0.888093
-1.8738 0.929941
-1.88477 0.93524
-1.9177 0.945883
-1.90672 0.951227
-1.93416 0.96196
-1.90672 0.951227
-1.84088 0.893271
-1.85185 0.888093
-1.81893 0.888093
-1.85734 0.903673
-1.89026 0.929941
-1.85734 0.919389
-1.85734 0.919389
-1.86283 0.929941
-1.9177 0.951227
-1.90123 0.945883
-1.89026 0.93524
-1.87929 0.914135
-1.86283 0.924658
-1.86831 0.919389
-1.88477 0.93524
-1.88477 0.93524
-1.86831 0.93524
-1.89575 0.945883
-1.89575 0.93524
-1.9561 0.978173
-1.9561 0.978173
-1.91221 0.951227
-1.86831 0.929941
-1.89575 0.940554
-1.84088 0.908897
-1.81893 0.893271
-1.82442 0.88293
-1.86283 0.919389
-1.89026 0.945883
-1.82442 0.903673
-1.89575 0.945883
-1.86831 0.93524
-1.86831 0.908897
-1.8738 0.903673
-1.85734 0.893271
-1.87929 0.908897
-1.8738 0.924658
-1.86831 0.924658
-1.86831 0.924658
-1.88477 0.924658
-1.85734 0.903673
-1.8738 0.919389
-1.8299 0.888093
-1.89575 0.924658
-1.86283 0.908897
-1.87929 0.929941
-1.9177 0.951227
-1.97257 0.983607
-1.87929 0.940554
-1.8738 0.93524
-1.90672 0.951227
-1.91221 0.956586
-1.90672 0.951227
-1.93416 0.96196
-1.90672 0.951227
-1.8738 0.929941
-1.89026 0.940554
-1.88477 0.940554
-1.83539 0.903673
-1.89026 0.93524
-1.93416 0.967349
-1.89575 0.945883
-1.93964 0.967349
-1.8738 0.924658
-1.86831 0.924658
-1.90672 0.951227
-1.91221 0.951227
-1.93416 0.967349
-1.92318 0.96196
-1.86831 0.929941
-1.84636 0.898465
-1.84636 0.919389
-1.85185 0.914135
-1.82442 0.898465
-1.85734 0.924658
-1.90672 0.951227
-1.92867 0.96196
-1.8738 0.929941
-1.90123 0.951227
-1.82442 0.903673
-1.83539 0.914135
-1.84636 0.924658
-1.81893 0.898465
-1.86831 0.93524
-1.8738 0.924658
-1.84088 0.908897
-1.85185 0.919389
-1.8738 0.919389
-1.89575 0.940554
-1.9177 0.956586
-1.86831 0.919389
-1.85734 0.919389
-1.90123 0.940554
-1.89575 0.945883
-1.93416 0.967349
-1.96159 0.972753
-1.90672 0.940554
-1.92867 0.945883
-1.93964 0.967349
-1.91221 0.956586
-1.9177 0.956586
-1.86831 0.924658
-1.89026 0.940554
-1.93416 0.967349
-1.97257 0.983607
-1.93964 0.96196
-1.92867 0.951227
-1.92318 0.96196
-1.91221 0.951227
-1.89026 0.929941
-1.88477 0.914135
-1.8738 0.929941
-1.89575 0.940554
-1.92867 0.956586
-1.90672 0.951227
-1.88477 0.924658
-1.84636 0.903673
-1.86283 0.924658
-1.90123 0.940554
-1.81344 0.903673
-1.89026 0.940554
-1.90123 0.940554
-1.90123 0.945883
-1.90672 0.951227
-1.85185 0.914135
-1.86283 0.919389
-1.83539 0.908897
-1.9177 0.951227
-1.90123 0.951227
-1.90672 0.945883
-1.92867 0.96196
-1.9561 0.978173
-1.94513 0.96196
-1.89026 0.93524
-1.88477 0.93524
-1.89575 0.945883
-1.96159 0.978173
-1.88477 0.93524
-1.88477 0.940554
-1.92318 0.96196
-1.9177 0.956586
-1.92867 0.96196
-1.9177 0.956586
-1.87929 0.914135
-1.86831 0.908897
-1.89575 0.924658
-1.90123 0.940554
-1.85734 0.914135
-1.92867 0.96196
-1.96708 0.983607
-1.89026 0.945883
-1.8738 0.93524
-1.82442 0.893271
-1.81893 0.888093
-1.79698 0.852266
-1.80247 0.88293
-1.87929 0.93524
-1.94513 0.967349
-1.92867 0.96196
-1.86283 0.919389
-1.84636 0.908897
-1.86831 0.929941
-1.85185 0.924658
-1.8738 0.919389
-1.8738 0.929941
-1.91221 0.956586
-1.86831 0.924658
-1.86283 0.924658
-1.88477 0.93524
-1.89575 0.929941
-1.88477 0.940554
-1.90123 0.951227
-1.89026 0.93524
-1.90672 0.945883
-1.83539 0.893271
-1.86283 0.919389
-1.90123 0.945883
-1.90123 0.951227
-1.89575 0.945883
-1.92318 0.951227
-1.92867 0.956586
-1.95062 0.967349
-1.96159 0.978173
-1.9177 0.956586
-1.89026 0.940554
-1.93416 0.96196
-1.9177 0.956586
-1.8299 0.903673
-1.84636 0.919389
-1.8299 0.898465
-1.86831 0.908897
-1.9177 0.945883
-1.7915 0.877781
-1.8738 0.929941
-1.85185 0.908897
-1.8738 0.908897
-1.84088 0.903673
-1.85185 0.919389
-1.86283 0.919389
-1.86283 0.924658
-1.89026 0.93524
-1.92867 0.96196
-1.90123 0.951227
-1.88477 0.940554
-1.89026 0.940554
-1.87929 0.93524
-1.9177 0.956586
-1.93416 0.967349
-1.94513 0.972753
-1.93416 0.96196
-1.94513 0.967349
-1.93416 0.96196
-1.9561 0.978173
-1.88477 0.93524
-1.87929 0.929941
-1.91221 0.951227
-1.90672 0.945883
-1.88477 0.93524
-1.90672 0.945883
-1.86283 0.924658
-1.90672 0.945883
-1.92867 0.956586
-1.92318 0.956586
-1.91221 0.951227
-1.92867 0.96196
-1.8738 0.93524
-1.92318 0.956586
-1.93416 0.967349
-1.91221 0.956586
-1.94513 0.967349
-1.90672 0.951227
-1.8738 0.93524
-1.93416 0.967349
-1.95062 0.972753
-1.93416 0.967349
-1.89575 0.945883
-1.90123 0.945883
-1.88477 0.940554
-1.90672 0.951227
-1.9561 0.978173
-1.9561 0.978173
-1.91221 0.951227
-1.90123 0.945883
-1.93416 0.96196
-1.91221 0.951227
-1.90123 0.951227
-1.92318 0.96196
-1.92318 0.956586
-1.89026 0.940554
-1.85185 0.914135
-1.86283 0.919389
-1.78052 0.862427
-1.8299 0.888093
-1.81893 0.877781
-1.77503 0.872648
-1.79698 0.862427
-1.85734 0.914135
-1.8738 0.93524
-1.90672 0.951227
-1.88477 0.940554
-1.93416 0.967349
-1.86831 0.924658
-1.90123 0.945883
-1.85185 0.908897
-1.85734 0.914135
-1.81344 0.877781
-1.86283 0.914135
-1.78052 0.86753
-1.9177 0.951227
-1.9177 0.956586
-1.85185 0.903673
-1.90672 0.93524
-1.90123 0.945883
-1.92867 0.951227
-1.90123 0.945883
-1.8738 0.924658
-1.93416 0.967349
-1.92318 0.96196
-1.90123 0.951227
-1.93964 0.96196
-1.87929 0.93524
-1.90672 0.945883
-1.92867 0.951227
-1.92867 0.956586
-1.89575 0.93524
-1.89575 0.93524
-1.8738 0.924658
-1.91221 0.956586
-1.93416 0.967349
-1.89575 0.945883
-1.8738 0.93524
-1.94513 0.972753
-1.89026 0.940554
-1.76955 0.86753
-1.84088 0.898465
-1.89026 0.93524
-1.92867 0.96196
-1.93416 0.967349
-1.92318 0.96196
-1.93416 0.96196
-1.89575 0.945883
-1.88477 0.940554
-1.89026 0.929941
-1.89575 0.940554
-1.93416 0.96196
-1.87929 0.93524
-1.91221 0.951227
-1.84088 0.914135
-1.89026 0.940554
-1.86283 0.929941
-1.90123 0.951227
-1.90123 0.945883
-1.93416 0.967349
-1.85185 0.919389
-1.87929 0.929941
-1.84636 0.914135
-1.86283 0.914135
-1.85185 0.908897
-1.8299 0.908897
-1.87929 0.940554
-1.89026 0.940554
-1.9177 0.956586
-1.9561 0.978173
-1.92867 0.96196
-1.92867 0.96196
-1.90123 0.951227
-1.90672 0.951227
-1.8738 0.929941
-1.84088 0.914135
-1.85185 0.919389
-1.86831 0.93524
-1.8738 0.919389
-1.90123 0.951227
-1.85734 0.919389
-1.8299 0.893271
-1.87929 0.919389
-1.91221 0.940554
-1.92318 0.956586
-1.86283 0.924658
-1.80796 0.888093
-1.84088 0.903673
-1.87929 0.929941
-1.83539 0.893271
-1.93416 0.96196
-1.91221 0.940554
-1.88477 0.919389
-1.9561 0.967349
-1.92867 0.96196
-1.9177 0.956586
-1.89026 0.93524
-1.8299 0.908897
-1.86831 0.93524
-1.93416 0.96196
-1.9177 0.956586
-1.92318 0.951227
-1.89575 0.945883
-1.85734 0.919389
-1.86831 0.919389
-1.7915 0.872648
-1.80247 0.88293
-1.85734 0.919389
-1.86283 0.908897
-1.86831 0.908897
-1.8738 0.88293
-1.90123 0.919389
-1.85185 0.893271
-1.7915 0.852266
-1.85185 0.893271
-1.90672 0.951227
-1.84636 0.893271
-1.86283 0.898465
-1.83539 0.893271
-1.82442 0.88293
-1.83539 0.888093
-1.82442 0.893271
-1.84088 0.908897
-1.93416 0.96196
-1.90123 0.945883
-1.90123 0.945883
-1.93416 0.967349
-1.8738 0.93524
-1.90123 0.951227
-1.91221 0.945883
-1.86283 0.924658
-1.80796 0.86753
-1.83539 0.898465
-1.81893 0.888093
-1.81344 0.898465
-1.8299 0.898465
-1.8738 0.93524
-1.87929 0.93524
-1.94513 0.972753
-1.90672 0.940554
-1.84636 0.914135
-1.79698 0.893271
-1.84636 0.903673
-1.84088 0.898465
-1.87929 0.93524
-1.82442 0.903673
-1.85734 0.919389
-1.89026 0.940554
-1.85734 0.919389
-1.88477 0.924658
-1.89575 0.940554
-1.87929 0.93524
-1.85734 0.908897
-1.87929 0.914135
-1.81893 0.86753
-1.90123 0.924658
-1.86283 0.924658
-1.89575 0.940554
-1.92867 0.96196
-1.91221 0.951227
-1.90123 0.945883
-1.90672 0.951227
-1.90123 0.945883
-1.9177 0.956586
-1.91221 0.945883
-1.93416 0.967349
-1.92318 0.96196
-1.96708 0.983607
-1.95062 0.972753
-1.92318 0.96196
-1.93416 0.967349
-1.92318 0.96196
-1.92318 0.96196
-1.9177 0.956586
-1.96159 0.978173
-1.93964 0.96196
-1.93416 0.96196
-1.8738 0.929941
-1.85734 0.898465
-1.82442 0.877781
-1.83539 0.888093
-1.86283 0.929941
-1.84088 0.908897
-1.81344 0.88293
-1.85734 0.924658
-1.96159 0.978173
-1.96708 0.983607
-1.93964 0.96196
-1.9561 0.978173
-1.96159 0.978173
-1.96708 0.983607
-1.9177 0.951227
-1.92867 0.96196
-1.89575 0.945883
-1.90123 0.945883
-1.89575 0.945883
-1.87929 0.929941
-1.91221 0.945883
-1.85185 0.898465
-1.86283 0.908897
-1.91221 0.945883
-1.88477 0.93524
-1.8738 0.93524
-1.86831 0.924658
-1.80247 0.893271
-1.85185 0.898465
-1.87929 0.929941
-1.89026 0.93524
-1.92318 0.956586
-1.93416 0.967349
-1.93416 0.967349
-1.91221 0.951227
-1.9177 0.956586
-1.85185 0.924658
-1.92867 0.96196
-1.88477 0.940554
-1.92318 0.96196
-1.9177 0.956586
-1.9561 0.978173
-1.92318 0.96196
-1.93416 0.967349
-1.93416 0.967349
-1.90672 0.951227
-1.96708 0.983607
-1.89026 0.945883
-1.9177 0.956586
-1.86831 0.924658
-1.8738 0.924658
-1.9177 0.951227
-1.93964 0.967349
-1.86283 0.924658
-1.84636 0.914135
-1.89026 0.940554
-1.90123 0.945883
-1.93416 0.967349
-1.91221 0.956586
-1.9177 0.956586
-1.92867 0.96196
-1.92318 0.956586
-1.95062 0.972753
-1.93964 0.967349
-1.9177 0.951227
-1.89575 0.945883
-1.85734 0.924658
-1.8738 0.924658
-1.86283 0.914135
-1.89026 0.940554
-1.93416 0.967349
-1.90123 0.940554
-1.94513 0.967349
-1.92318 0.956586
-1.93964 0.96196
-1.90123 0.945883
-1.96159 0.978173
-1.93416 0.967349
-1.89026 0.940554
-1.84636 0.914135
-1.85185 0.914135
-1.89026 0.940554
-1.84636 0.919389
-1.89026 0.940554
-1.90123 0.945883
-1.92318 0.96196
-1.87929 0.93524
-1.90123 0.945883
-1.85185 0.919389
-1.87929 0.929941
-1.8738 0.93524
-1.89575 0.940554
-1.94513 0.972753
-1.90123 0.940554
-1.85185 0.903673
-1.87929 0.914135
-1.80247 0.888093
-1.84636 0.914135
-1.78601 0.888093
-1.84636 0.919389
-1.88477 0.93524
-1.88477 0.940554
-1.86831 0.93524
-1.92867 0.96196
-1.9177 0.951227
-1.89575 0.945883
-1.89575 0.940554
-1.93416 0.967349
-1.87929 0.93524
-1.87929 0.929941
-1.87929 0.93524
-1.89575 0.945883
-1.90123 0.940554
-1.90672 0.951227
-1.92867 0.96196
-1.86831 0.93524
-1.91221 0.956586
-1.89026 0.945883
-1.90123 0.945883
-1.92867 0.96196
-1.9177 0.951227
-1.92867 0.96196
-1.88477 0.940554
-1.9177 0.956586
-1.86283 0.919389
-1.80796 0.88293
-1.80247 0.877781
-1.84088 0.888093
-1.8299 0.893271
-1.88477 0.93524
-1.86831 0.929941
-1.9177 0.956586
-1.9177 0.951227
-1.85734 0.924658
-1.9177 0.956586
-1.92867 0.956586
-1.89026 0.93524
-1.90123 0.940554
-1.90123 0.940554
-1.92318 0.96196
-1.9177 0.956586
-1.92318 0.96196
-1.90672 0.945883
-1.84636 0.919389
-1.84088 0.914135
-1.86831 0.914135
-1.88477 0.940554
-1.90672 0.951227
-1.90123 0.951227
-1.9561 0.978173
-1.92318 0.956586
-1.90672 0.940554
-1.88477 0.929941
-1.81344 0.86753
-1.81344 0.847208
-1.81893 0.852266
-1.80247 0.86753
-1.88477 0.914135
-1.8738 0.908897
-1.87929 0.908897
-1.83539 0.888093
-1.82442 0.88293
-1.84088 0.908897
-1.92318 0.956586
-1.95062 0.972753
-1.89026 0.940554
-1.90672 0.951227
-1.94513 0.972753
-1.92318 0.951227
-1.95062 0.972753
-1.9177 0.945883
-1.86283 0.908897
-1.86283 0.919389
-1.88477 0.940554
-1.87929 0.940554
-1.92867 0.96196
-1.88477 0.93524
-1.85734 0.929941
-1.85734 0.924658
-1.93416 0.951227
-1.8738 0.924658
-1.88477 0.940554
-1.93416 0.967349
-1.95062 0.972753
-1.96708 0.983607
-1.92318 0.956586
-1.92867 0.96196
-1.92867 0.96196
-1.93964 0.967349
-1.96159 0.978173
-1.94513 0.967349
-1.97257 0.983607
-1.92318 0.96196
-1.89575 0.945883
-1.86283 0.924658
-1.89026 0.929941
-1.8299 0.898465
-1.83539 0.898465
-1.87929 0.919389
-1.89026 0.945883
-1.87929 0.929941
-1.86831 0.919389
-1.92318 0.956586
-1.93416 0.967349
-1.90672 0.951227
-1.90123 0.951227
-1.85734 0.919389
-1.8299 0.898465
-1.88477 0.919389
-1.81344 0.88293
-1.92318 0.96196
-1.84088 0.919389
-1.81344 0.903673
-1.83539 0.893271
-1.81344 0.88293
-1.86283 0.919389
-1.85734 0.919389
-1.80796 0.893271
-1.82442 0.903673
-1.80247 0.888093
-1.88477 0.940554
-1.85734 0.914135
-1.76955 0.852266
-1.85734 0.914135
-1.84088 0.908897
-1.8299 0.914135
-1.83539 0.888093
-1.86831 0.924658
-1.91221 0.940554
-1.91221 0.93524
-1.92867 0.940554
-1.88477 0.924658
-1.91221 0.929941
-1.85734 0.903673
-1.92318 0.956586
-1.9561 0.972753
-1.90123 0.929941
-1.8738 0.914135
-1.92867 0.951227
-1.94513 0.967349
-1.93416 0.967349
-1.8738 0.924658
-1.85185 0.919389
-1.92867 0.96196
-1.93416 0.967349
-1.92867 0.96196
-1.90672 0.951227
-1.90123 0.945883
-1.9177 0.956586
-1.89026 0.940554
-1.89026 0.945883
-1.93416 0.967349
-1.9561 0.978173
-1.91221 0.951227
-1.89026 0.945883
-1.86831 0.924658
-1.85734 0.914135
-1.84088 0.919389
-1.80796 0.888093
-1.86283 0.919389
-1.8299 0.898465
-1.81893 0.893271
-1.8299 0.893271
-1.85185 0.914135
-1.91221 0.956586
-1.91221 0.956586
-1.89575 0.93524
-1.86283 0.919389
-1.93416 0.967349
-1.89026 0.945883
-1.9177 0.956586
-1.91221 0.951227
-1.88477 0.93524
-1.85734 0.914135
-1.8299 0.893271
-1.78052 0.872648
-1.85185 0.914135
-1.8738 0.929941
-1.89026 0.945883
-1.85734 0.924658
-1.8738 0.93524
-1.91221 0.951227
-1.8299 0.903673
-1.83539 0.908897
-1.86831 0.924658
-1.85734 0.924658
-1.89575 0.945883
-1.89026 0.940554
-1.86831 0.929941
-1.8738 0.93524
-1.89575 0.940554
-1.90672 0.940554
-1.93964 0.967349
-1.92318 0.956586
-1.92318 0.96196
-1.94513 0.972753
-1.9177 0.956586
-1.92318 0.956586
-1.94513 0.972753
-1.98903 0.994521
-1.98903 0.994521
-1.95062 0.972753
-1.92318 0.96196
-1.92867 0.96196
-1.91221 0.951227
-1.87929 0.924658
-1.89026 0.929941
-1.9177 0.951227
-1.88477 0.940554
-1.89026 0.93524
-1.86283 0.919389
-1.92318 0.951227
-1.8738 0.924658
-1.90672 0.951227
-1.91221 0.951227
-1.89575 0.93524
-1.91221 0.945883
-1.90672 0.951227
-1.98903 0.994521
-1.98903 0.994521
-1.93964 0.967349
-1.97805 0.989056
-1.92867 0.96196
-1.93964 0.967349
-1.9561 0.978173
-1.93964 0.967349
-1.86283 0.919389
-1.86831 0.924658
-1.90672 0.951227
-1.90123 0.945883
-1.93416 0.967349
-1.90672 0.951227
-1.93964 0.967349
-1.93416 0.967349
-1.87929 0.940554
-1.84636 0.914135
-1.92318 0.96196
-1.85734 0.924658
-1.84088 0.919389
-1.86283 0.908897
-1.87929 0.924658
-1.91221 0.929941
-1.90123 0.951227
-1.89026 0.940554
-1.85185 0.914135
-1.89026 0.93524
-1.91221 0.956586
-1.86831 0.919389
-1.89026 0.93524
-1.92318 0.956586
-1.9177 0.956586
-1.92318 0.956586
-1.88477 0.93524
-1.9177 0.956586
-1.94513 0.972753
-1.90672 0.951227
-1.88477 0.940554
-1.93964 0.967349
-1.8738 0.93524
-1.89026 0.940554
-1.86831 0.924658
-1.90672 0.940554
-1.86283 0.929941
-1.93416 0.967349
-1.94513 0.972753
-1.92318 0.96196
-1.86831 0.914135
-1.89575 0.945883
-1.92867 0.96196
-1.8738 0.929941
-1.86831 0.914135
-1.8299 0.893271
-1.88477 0.93524
-1.89575 0.93524
-1.9561 0.978173
-1.92318 0.96196
-1.93964 0.967349
-1.93964 0.967349
-1.93964 0.967349
-1.92318 0.956586
-1.91221 0.956586
-1.89575 0.940554
-1.89575 0.940554
-1.9177 0.956586
-1.84636 0.919389
-1.90123 0.945883
-1.89575 0.945883
-1.9177 0.956586
-1.86831 0.929941
-1.80796 0.893271
-1.90672 0.945883
-1.91221 0.956586
-1.88477 0.93524
-1.92318 0.956586
-1.90672 0.951227
-1.90672 0.945883
-1.86831 0.898465
-1.89575 0.929941
-1.92318 0.956586
-1.89026 0.929941
-1.92867 0.96196
-1.9177 0.956586
-1.96159 0.978173
-1.93964 0.967349
-1.88477 0.940554
-1.93964 0.967349
-1.85734 0.919389
-1.81344 0.903673
-1.84636 0.914135
-1.84088 0.903673
-1.89575 0.940554
-1.82442 0.877781
-1.87929 0.929941
-1.84636 0.919389
-1.90123 0.945883
-1.9561 0.978173
-1.94513 0.972753
-1.86831 0.924658
-1.83539 0.893271
-1.8738 0.919389
-1.8738 0.924658
-1.86283 0.924658
-1.88477 0.93524
-1.86283 0.924658
-1.9177 0.951227
-1.90672 0.951227
-1.94513 0.972753
-1.93416 0.967349
-1.92867 0.96196
-1.92318 0.951227
-1.89575 0.940554
-1.85734 0.919389
-1.86283 0.919389
-1.90123 0.940554
-1.88477 0.93524
-1.90123 0.945883
-1.93416 0.96196
-1.92867 0.956586
-1.89026 0.940554
-1.85185 0.919389
-1.91221 0.951227
-1.90672 0.940554
-1.89026 0.945883
-1.84088 0.903673
-1.82442 0.888093
-1.88477 0.924658
-1.90123 0.940554
-1.89026 0.919389
-1.85734 0.888093
-1.85734 0.898465
-1.86283 0.893271
-1.84088 0.914135
-1.84088 0.903673
-1.83539 0.903673
-1.87929 0.919389
-1.89026 0.93524
-1.88477 0.93524
-1.9561 0.978173
-1.94513 0.972753
-1.88477 0.93524
-1.90672 0.940554
-1.8299 0.898465
-1.80247 0.888093
-1.80796 0.872648
-1.81893 0.888093
-1.81344 0.86753
-1.84636 0.919389
-1.83539 0.919389
-1.8738 0.924658
-1.89575 0.940554
-1.89575 0.940554
-1.9561 0.972753
-1.92867 0.96196
-1.90672 0.951227
-1.9177 0.956586
-1.93964 0.967349
-1.86283 0.924658
-1.88477 0.93524
-1.85734 0.914135
-1.85734 0.908897
-1.8299 0.877781
-1.82442 0.862427
-1.89026 0.924658
-1.90672 0.940554
-1.93416 0.956586
-1.94513 0.972753
-1.95062 0.972753
-1.90672 0.951227
-1.94513 0.972753
-1.84088 0.908897
-1.86283 0.914135
-1.85734 0.919389
-1.89026 0.93524
-1.94513 0.96196
-1.85185 0.898465
-1.81344 0.857339
-1.80247 0.842165
-1.81344 0.857339
-1.82442 0.847208
-1.85734 0.903673
-1.85734 0.919389
-1.84088 0.919389
-1.85185 0.924658
-1.91221 0.945883
-1.89575 0.940554
-1.86831 0.924658
-1.88477 0.929941
-1.90123 0.945883
-1.86831 0.914135
-1.8738 0.929941
-1.88477 0.929941
-1.90672 0.951227
-1.92318 0.96196
-1.89026 0.940554
-1.87929 0.940554
-1.93964 0.967349
-1.90672 0.951227
-1.85185 0.914135
-1.84636 0.919389
-1.81893 0.903673
-1.80796 0.903673
-1.87929 0.929941
-1.90672 0.951227
-1.91221 0.951227
-1.85185 0.924658
-1.82442 0.898465
-1.81893 0.888093
-1.73663 0.862427
-1.83539 0.908897
-1.8299 0.893271
-1.87929 0.924658
-1.85185 0.898465
-1.91221 0.956586
-1.89026 0.929941
-1.81344 0.872648
-1.75309 0.832124
-1.84088 0.88293
-1.86831 0.908897
-1.87929 0.929941
-1.8738 0.929941
-1.89026 0.945883
-1.89575 0.945883
-1.88477 0.93524
-1.87929 0.93524
-1.91221 0.956586
-1.89026 0.93524
-1.87929 0.924658
-1.8738 0.929941
-1.84636 0.914135
-1.85734 0.919389
-1.86283 0.914135
-1.88477 0.93524
-1.84088 0.914135
-1.84636 0.903673
-1.85185 0.914135
-1.87929 0.929941
-1.9177 0.956586
-1.9561 0.978173
-1.92867 0.96196
-1.95062 0.972753
-1.9177 0.956586
-1.88477 0.929941
-1.88477 0.940554
-1.94513 0.972753
-1.92318 0.956586
-1.89575 0.940554
-1.8738 0.929941
-1.89026 0.929941
-1.85734 0.919389
-1.9177 0.956586
-1.93416 0.967349
-1.9177 0.951227
-1.89026 0.929941
-1.86283 0.914135
-1.86283 0.919389
-1.91221 0.93524
-1.89575 0.929941
-1.90123 0.93524
-1.89575 0.940554
-1.87929 0.929941
-1.89026 0.93524
-1.90672 0.945883
-1.90672 0.945883
-1.9177 0.945883
-1.90123 0.940554
-1.85185 0.919389
-1.84636 0.919389
-1.79698 0.88293
-1.85185 0.908897
-1.8738 0.919389
-1.91221 0.951227
-1.8738 0.93524
-1.84088 0.914135
-1.87929 0.93524
-1.91221 0.956586
-1.92318 0.96196
-1.93964 0.967349
-1.9561 0.978173
-1.93416 0.967349
-1.89575 0.940554
-1.93416 0.967349
-1.93964 0.967349
-1.9561 0.978173
-1.94513 0.967349
-1.92318 0.951227
-1.92867 0.96196
-1.82442 0.888093
-1.85734 0.924658
-1.90672 0.945883
-1.85734 0.924658
-1.85734 0.898465
-1.81893 0.893271
-1.85185 0.888093
-1.85734 0.908897
-1.82442 0.888093
-1.83539 0.893271
-1.86831 0.919389
-1.87929 0.924658
-1.92867 0.96196
-1.87929 0.929941
-1.85734 0.924658
-1.91221 0.951227
-1.86283 0.919389
-1.85734 0.919389
-1.86283 0.914135
-1.93964 0.967349
-1.94513 0.967349
-1.88477 0.929941
-1.90672 0.940554
-1.89026 0.940554
-1.88477 0.929941
-1.92318 0.956586
-1.90123 0.951227
-1.87929 0.929941
-1.86283 0.924658
-1.89026 0.940554
-1.9177 0.951227
-1.90123 0.951227
-1.83539 0.914135
-1.88477 0.940554
-1.88477 0.940554
-1.89026 0.940554
-1.8299 0.888093
-1.85185 0.919389
-1.8738 0.93524
-1.84088 0.919389
-1.92318 0.96196
-1.92318 0.951227
-1.92867 0.956586
-1.93964 0.967349
-1.91221 0.951227
-1.88477 0.929941
-1.85734 0.914135
-1.77503 0.862427
-1.84636 0.908897
-1.8738 0.924658
-1.89575 0.940554
-1.85734 0.919389
-1.84636 0.914135
-1.84636 0.919389
-1.92867 0.96196
-1.89026 0.93524
-1.90672 0.945883
-1.90123 0.945883
-1.9561 0.978173
-1.96159 0.978173
-1.97805 0.989056
-1.93416 0.967349
-1.9177 0.956586
-1.97257 0.983607
-1.9561 0.978173
-1.8738 0.924658
-1.90123 0.951227
-1.92318 0.96196
-1.95062 0.972753
-1.91221 0.956586
-1.89575 0.940554
-1.9561 0.96196
-1.92867 0.956586
-1.86283 0.914135
-1.86831 0.914135
-1.89575 0.940554
-1.90123 0.940554
-1.88477 0.940554
-1.8738 0.924658
-1.93416 0.956586
-1.86831 0.929941
-1.86283 0.914135
-1.88477 0.93524
-1.91221 0.951227
-1.92867 0.96196
-1.93416 0.967349
-1.89026 0.93524
-1.90672 0.951227
-1.91221 0.951227
-1.87929 0.93524
-1.92867 0.96196
-1.89026 0.945883
-1.89575 0.945883
-1.87929 0.929941
-1.86283 0.898465
-1.86831 0.893271
-1.84088 0.893271
-1.85185 0.893271
-1.89575 0.940554
-1.89575 0.945883
-1.89026 0.940554
-1.89575 0.93524
-1.91221 0.929941
-1.85734 0.924658
-1.91221 0.956586
-1.92318 0.96196
-1.89575 0.945883
-1.90672 0.951227
-1.89026 0.940554
-1.92318 0.956586
-1.8738 0.93524
-1.86831 0.929941
-1.86283 0.924658
-1.87929 0.924658
-1.84636 0.908897
-1.90672 0.940554
-1.93416 0.967349
-1.9177 0.956586
-1.9561 0.978173
-1.89026 0.940554
-1.92867 0.96196
-1.94513 0.972753
-1.91221 0.951227
-1.92318 0.96196
-1.88477 0.940554
-1.93964 0.967349
-1.89575 0.940554
-1.92867 0.951227
-1.84088 0.898465
-1.79698 0.88293
-1.88477 0.93524
-1.92867 0.956586
-1.90672 0.93524
-1.91221 0.93524
-1.9561 0.972753
-1.90672 0.945883
-1.85185 0.919389
-1.93964 0.967349
-1.90672 0.945883
-1.89575 0.945883
-1.89026 0.940554
-1.90672 0.945883
-1.92318 0.956586
-1.89575 0.945883
-1.86831 0.929941
-1.84636 0.919389
-1.86831 0.929941
-1.92318 0.956586
-1.89575 0.945883
-1.86831 0.914135
-1.85185 0.908897
-1.87929 0.93524
-1.85185 0.908897
-1.82442 0.903673
-1.90123 0.940554
-1.87929 0.940554
-1.88477 0.908897
-1.85185 0.898465
-1.8299 0.86753
-1.8738 0.86753
-1.7915 0.797456
-1.7476 0.782824
-1.81344 0.802364
-1.8299 0.797456
-1.77503 0.792564
-1.83539 0.847208
-1.82442 0.862427
-1.8299 0.827127
-1.84088 0.872648
-1.86283 0.903673
-1.86283 0.908897
-1.86831 0.929941
-1.88477 0.93524
-1.91221 0.956586
-1.91221 0.956586
-1.85734 0.929941
-1.86831 0.924658
-1.84088 0.893271
-1.87929 0.93524
-1.85734 0.908897
-1.80247 0.862427
-1.75857 0.852266
-1.81893 0.877781
-1.81344 0.877781
-1.89575 0.940554
-1.87929 0.908897
-1.86283 0.914135
-1.91221 0.951227
-1.9177 0.956586
-1.9177 0.956586
-1.89575 0.93524
-1.87929 0.924658
-1.86283 0.919389
-1.9177 0.945883
-1.90123 0.945883
-1.86831 0.924658
-1.89026 0.929941
-1.89026 0.93524
-1.85185 0.914135
-1.90123 0.951227
-1.85185 0.914135
-1.90123 0.945883
-1.92318 0.951227
-1.9177 0.951227
-1.96159 0.978173
-1.95062 0.972753
-1.92867 0.96196
-1.90123 0.951227
-1.90672 0.951227
-1.90672 0.951227
-1.95062 0.972753
-1.89575 0.945883
-1.85185 0.919389
-1.81344 0.888093
-1.86283 0.924658
-1.85185 0.919389
-1.92318 0.956586
-1.90123 0.945883
-1.88477 0.924658
-1.85185 0.919389
-1.82442 0.888093
-1.81344 0.877781
-1.88477 0.940554
-1.88477 0.93524
-1.85734 0.914135
-1.91221 0.945883
-1.86831 0.929941
-1.84636 0.898465
-1.89026 0.924658
-1.84088 0.898465
-1.85734 0.919389
-1.9177 0.956586
-1.90123 0.945883
-1.8738 0.929941
-1.87929 0.940554
-1.89575 0.940554
-1.90123 0.940554
-1.91221 0.951227
-1.9177 0.956586
-1.90672 0.945883
-1.82442 0.88293
-1.77503 0.872648
-1.8738 0.929941
-1.9177 0.956586
-1.94513 0.972753
-1.93964 0.967349
-1.85734 0.914135
-1.85185 0.908897
-1.82442 0.898465
-1.85734 0.919389
-1.83539 0.908897
-1.87929 0.93524
-1.8738 0.929941
-1.92318 0.956586
-1.89575 0.945883
-1.89575 0.945883
-1.89026 0.93524
-1.83539 0.898465
-1.91221 0.956586
-1.92867 0.96196
-1.92867 0.96196
-1.93964 0.956586
-1.90123 0.945883
-1.90123 0.940554
-1.92867 0.96196
-1.94513 0.972753
-1.94513 0.972753
-1.96159 0.978173
-1.90123 0.951227
-1.88477 0.940554
-1.88477 0.940554
-1.86831 0.929941
-1.86283 0.919389
-1.89575 0.940554
-1.91221 0.951227
-1.89026 0.945883
-1.88477 0.940554
-1.9561 0.978173
-1.92867 0.96196
-1.93964 0.967349
-1.94513 0.972753
-1.89026 0.945883
-1.93416 0.967349
-1.89575 0.945883
-1.90672 0.945883
-1.93416 0.96196
-1.92867 0.96196
-1.91221 0.956586
-1.91221 0.956586
-1.93416 0.967349
-1.88477 0.924658
-1.88477 0.914135
-1.84088 0.88293
-1.84636 0.888093
-1.86283 0.908897
-1.90672 0.945883
-1.85734 0.903673
-1.85185 0.908897
-1.91221 0.956586
-1.90672 0.951227
-1.8738 0.929941
-1.89026 0.940554
-1.80247 0.888093
-1.84636 0.919389
-1.88477 0.93524
-1.88477 0.929941
-1.8738 0.93524
-1.92318 0.956586
-1.93416 0.96196
-1.9177 0.951227
-1.89026 0.93524
-1.88477 0.929941
-1.9561 0.978173
-1.92867 0.96196
-1.92318 0.96196
-1.93416 0.967349
-1.90123 0.945883
-1.89575 0.945883
-1.82442 0.893271
-1.81344 0.893271
-1.91221 0.945883
-1.90123 0.945883
-1.91221 0.945883
-1.89575 0.924658
-1.83539 0.888093
-1.80796 0.88293
-1.86283 0.919389
-1.9177 0.951227
-1.92318 0.956586
-1.88477 0.940554
-1.92318 0.956586
-1.9561 0.978173
-1.96708 0.983607
-1.89026 0.945883
-1.92867 0.96196
-1.92867 0.96196
-1.92867 0.96196
-1.89026 0.93524
-1.94513 0.951227
-1.8738 0.914135
-1.86283 0.908897
-1.85734 0.919389
-1.90123 0.945883
-1.90672 0.951227
-1.9177 0.956586
-1.92318 0.956586
-1.91221 0.951227
-1.92867 0.96196
-1.90672 0.951227
-1.89575 0.945883
-1.89575 0.940554
-1.9177 0.951227
-1.92318 0.96196
-1.93416 0.967349
-1.9561 0.972753
-1.90123 0.945883
-1.90123 0.945883
-1.89575 0.945883
-1.93416 0.967349
-1.92867 0.96196
-1.8738 0.924658
-1.87929 0.929941
-1.89575 0.940554
-1.85185 0.914135
-1.90123 0.945883
-1.89575 0.945883
-1.91221 0.951227
-1.88477 0.940554
-1.85734 0.924658
-1.85734 0.924658
-1.88477 0.924658
-1.83539 0.903673
-1.8738 0.93524
-1.88477 0.93524
-1.88477 0.940554
-1.8738 0.924658
-1.91221 0.929941
-1.90672 0.945883
-1.92318 0.956586
-1.9561 0.978173
-1.89575 0.945883
-1.90123 0.945883
-1.88477 0.93524
-1.90672 0.940554
-1.92318 0.96196
-1.90672 0.951227
-1.90123 0.951227
-1.94513 0.967349
-1.89575 0.940554
-1.85185 0.908897
-1.86831 0.924658
-1.87929 0.929941
-1.85185 0.919389
-1.89026 0.93524
-1.90672 0.940554
-1.89575 0.945883
-1.93416 0.96196
-1.92318 0.956586
-1.9177 0.945883
-1.88477 0.93524
-1.92867 0.96196
-1.9561 0.978173
-1.97257 0.983607
-1.93416 0.96196
-1.89026 0.929941
-1.90672 0.951227
-1.89575 0.940554
-1.9177 0.945883
-1.88477 0.929941
-1.84088 0.898465
-1.86831 0.924658
-1.84636 0.914135
-1.89026 0.940554
-1.86283 0.914135
-1.82442 0.893271
-1.8738 0.914135
-1.8738 0.919389
-1.86831 0.919389
-1.87929 0.929941
-1.85185 0.908897
-1.83539 0.898465
-1.87929 0.93524
-1.9177 0.956586
-1.85185 0.919389
-1.8738 0.929941
-1.92867 0.96196
-1.90672 0.951227
-1.84636 0.914135
-1.85734 0.914135
-1.84088 0.877781
-1.84088 0.86753
-1.87929 0.893271
-1.86831 0.888093
-1.83539 0.877781
-1.89026 0.903673
-1.87929 0.893271
-1.86283 0.877781
-1.90672 0.951227
-1.85734 0.903673
-1.84088 0.898465
-1.86831 0.914135
-1.91221 0.945883
-1.90672 0.945883
-1.88477 0.924658
-1.91221 0.951227
-1.9177 0.956586
-1.91221 0.956586
-1.91221 0.956586
-1.8299 0.903673
-1.92318 0.956586
-1.89026 0.93524
-1.91221 0.945883
-1.89575 0.945883
-1.8738 0.93524
-1.89026 0.940554
-1.9177 0.956586
-1.9177 0.956586
-1.92318 0.956586
-1.86283 0.924658
-1.85734 0.908897
-1.89575 0.940554
-1.9177 0.956586
-1.90672 0.951227
-1.80796 0.893271
-1.88477 0.93524
-1.92867 0.96196
-1.92867 0.96196
-1.90672 0.945883
-1.87929 0.93524
-1.88477 0.93524
-1.92318 0.96196
-1.95062 0.972753
-1.9177 0.951227
-1.8738 0.929941
-1.90123 0.93524
-1.89026 0.924658
-1.90123 0.929941
-1.85734 0.908897
-1.76955 0.852266
-1.79698 0.872648
-1.92318 0.956586
-1.86283 0.929941
-1.85185 0.924658
-1.9177 0.951227
-1.89026 0.945883
-1.88477 0.929941
-1.92318 0.96196
-1.89575 0.945883
-1.94513 0.972753
-1.90123 0.945883
-1.84636 0.919389
-1.86283 0.919389
-1.83539 0.919389
-1.91221 0.951227
-1.90672 0.951227
-1.9177 0.940554
-1.82442 0.898465
-1.84088 0.893271
-1.86831 0.93524
-1.89575 0.945883
-1.88477 0.924658
-1.90672 0.940554
-1.92867 0.96196
-1.95062 0.972753
-1.96708 0.983607
-1.89575 0.940554
-1.88477 0.929941
-1.86831 0.924658
-1.89575 0.945883
-1.87929 0.93524
-1.85185 0.914135
-1.86831 0.929941
-1.88477 0.940554
-1.90123 0.951227
-1.8738 0.929941
-1.91221 0.951227
-1.92867 0.96196
-1.93416 0.967349
-1.93416 0.967349
-1.96708 0.983607
-1.91221 0.940554
-1.8738 0.929941
-1.9177 0.951227
-1.92318 0.951227
-1.92867 0.96196
-1.92867 0.96196
-1.87929 0.93524
-1.94513 0.972753
-1.87929 0.929941
-1.90123 0.951227
-1.88477 0.93524
-1.86831 0.929941
-1.97257 0.983607
-1.94513 0.972753
-1.91221 0.945883
-1.90123 0.951227
-1.90672 0.951227
-1.89026 0.940554
-1.90123 0.940554
-1.9177 0.956586
-1.96708 0.983607
-1.92318 0.96196
-1.9561 0.978173
-1.88477 0.940554
-1.89026 0.940554
-1.91221 0.956586
-1.88477 0.940554
-1.8738 0.929941
-1.89026 0.945883
-1.92318 0.956586
-1.92318 0.956586
-1.88477 0.940554
-1.89026 0.945883
-1.80796 0.893271
-1.79698 0.86753
-1.84636 0.914135
-1.8299 0.903673
-1.79698 0.893271
-1.81893 0.888093
-1.86283 0.919389
-1.8738 0.929941
-1.88477 0.929941
-1.89575 0.93524
-1.90123 0.940554
-1.85185 0.924658
-1.87929 0.93524
-1.93964 0.96196
-1.93416 0.967349
-1.89026 0.945883
-1.91221 0.951227
-1.90123 0.945883
-1.92867 0.956586
-1.8738 0.93524
-1.90123 0.93524
-1.87929 0.924658
-1.86283 0.924658
-1.90672 0.940554
-1.91221 0.929941
-1.90672 0.929941
-1.85734 0.908897
-1.82442 0.88293
-1.88477 0.903673
-1.86831 0.924658
-1.85734 0.924658
-1.84636 0.919389
-1.86283 0.919389
-1.83539 0.908897
-1.83539 0.903673
-1.86831 0.919389
-1.9177 0.956586
-1.8738 0.924658
-1.93416 0.96196
-1.91221 0.951227
-1.92318 0.96196
-1.89026 0.940554
-1.91221 0.956586
-1.92867 0.96196
-1.90672 0.951227
-1.92318 0.96196
-1.94513 0.972753
-1.9177 0.956586
-1.90123 0.951227
-1.93964 0.967349
-1.89026 0.93524
-1.90672 0.945883
-1.92867 0.96196
-1.89575 0.945883
-1.91221 0.956586
-1.89575 0.945883
-1.93964 0.96196
-1.9177 0.951227
-1.92867 0.96196
-1.91221 0.956586
-1.90123 0.951227
-1.9561 0.978173
-1.96708 0.967349
-1.9177 0.956586
-1.88477 0.93524
-1.89575 0.940554
-1.85185 0.908897
-1.89026 0.940554
-1.84636 0.908897
-1.93416 0.951227
-1.93416 0.967349
-1.9177 0.940554
-1.90672 0.951227
-1.92867 0.96196
-1.90672 0.951227
-1.90672 0.951227
-1.85185 0.914135
-1.90123 0.951227
-1.8738 0.919389
-1.9177 0.951227
-1.90672 0.951227
-1.90672 0.951227
-1.93416 0.96196
-1.9561 0.978173
-1.90672 0.945883
-1.90672 0.945883
-1.90672 0.940554
-1.87929 0.93524
-1.88477 0.93524
-1.9561 0.978173
-1.94513 0.972753
-1.93416 0.96196
-1.92318 0.956586
-1.88477 0.93524
-1.89026 0.924658
-1.90123 0.924658
-1.89575 0.929941
-1.8738 0.929941
-1.9177 0.951227
-1.89026 0.945883
-1.90672 0.951227
-1.91221 0.956586
-1.86283 0.908897
-1.85734 0.919389
-1.8738 0.93524
-1.88477 0.93524
-1.86283 0.908897
-1.90672 0.940554
-1.90123 0.93524
-1.90123 0.93524
-1.91221 0.951227
-1.88477 0.929941
-1.90672 0.940554
-1.95062 0.972753
-1.92867 0.956586
-1.90672 0.951227
-1.9177 0.956586
-1.88477 0.93524
-1.87929 0.929941
-1.93416 0.967349
-1.91221 0.951227
-1.9177 0.956586
-1.8738 0.929941
-1.9177 0.956586
-1.9561 0.978173
-1.92867 0.96196
-1.9561 0.978173
-1.9177 0.956586
-1.88477 0.940554
-1.89026 0.940554
-1.92867 0.956586
-1.89575 0.93524
-1.90123 0.945883
-1.9177 0.956586
-1.89026 0.945883
-1.89026 0.93524
-1.85734 0.924658
-1.91221 0.951227
-1.86831 0.924658
-1.89575 0.93524
-1.85185 0.908897
-1.84636 0.908897
-1.84636 0.914135
-1.81893 0.888093
-1.82442 0.862427
-1.83539 0.847208
-1.79698 0.837137
-1.8299 0.888093
-1.89575 0.93524
-1.8738 0.924658
-1.92867 0.96196
-1.91221 0.956586
-1.83539 0.908897
-1.89026 0.945883
-1.90672 0.951227
-1.93964 0.967349
-1.92867 0.96196
-1.95062 0.972753
-1.93964 0.967349
-1.93416 0.96196
-1.90672 0.940554
-1.92867 0.956586
-1.93416 0.967349
-1.93416 0.967349
-1.87929 0.919389
-1.90123 0.940554
-1.90123 0.945883
-1.96708 0.983607
-1.9177 0.956586
-1.89575 0.945883
-1.8738 0.919389
-1.9177 0.951227
-1.89575 0.93524
-1.87929 0.93524
-1.89575 0.945883
-1.90672 0.951227
-1.89575 0.945883
-1.85185 0.914135
-1.84088 0.919389
-1.86831 0.919389
-1.84088 0.898465
-1.92318 0.956586
-1.90123 0.951227
-1.95062 0.972753
-1.93416 0.967349
-1.9177 0.956586
-1.93964 0.956586
-1.89026 0.93524
-1.92318 0.951227
-1.94513 0.972753
-1.93416 0.967349
-1.93416 0.967349
-1.93416 0.967349
-1.89026 0.940554
-1.78601 0.852266
-1.87929 0.924658
-1.85734 0.924658
-1.8738 0.929941
-1.81893 0.877781
-1.85734 0.914135
-1.89026 0.940554
-1.9561 0.978173
-1.90123 0.945883
-1.87929 0.929941
-1.88477 0.940554
-1.87929 0.93524
-1.84636 0.914135
-1.81344 0.903673
-1.83539 0.908897
-1.86283 0.924658
-1.86831 0.919389
-1.89575 0.940554
-1.87929 0.914135
-1.83539 0.898465
-1.80247 0.862427
-1.8299 0.88293
-1.81344 0.872648
-1.81893 0.86753
-1.79698 0.862427
-1.87929 0.924658
-1.89026 0.914135
-1.87929 0.908897
-1.86283 0.914135
-1.8299 0.903673
-1.81344 0.872648
-1.75309 0.847208
-1.77503 0.812224
-1.78052 0.847208
-1.80796 0.832124
-1.7915 0.86753
-1.80796 0.852266
-1.8299 0.86753
-1.87929 0.919389
-1.89575 0.929941
-1.90672 0.951227
-1.93416 0.967349
-1.94513 0.972753
-1.96708 0.983607
