-2 1
-1.81893 0.903673
-1.81893 0.893271
-1.71468 0.842165
-1.62689 0.787687
-1.63786 0.782824
-1.52263 0.702469
-1.44033 0.622129
-1.44033 0.626465
-1.41838 0.596433
-1.47874 0.66169
-1.48422 0.617809
-1.46228 0.558905
-1.38546 0.550731
-1.29218 0.50685
-1.22085 0.410373
-1.19342 0.324072
-1.15501 0.305601
-1.18244 0.287673
-1.06722 0.231824
-1.20439 0.281817
-1.17695 0.290623
-1.20439 0.245222
-1.28121 0.258996
-1.25926 0.242512
-1.31962 0.314769
-1.30316 0.330349
-1.29767 0.317855
-1.18793 0.281817
-1.20439 0.273146
-1.25926 0.320956
-1.23731 0.299565
-1.16598 0.296569
-1.17147 0.33351
-1.23731 0.417433
-1.26475 0.428136
-1.3251 0.424553
-1.25377 0.396433
-1.1989 0.392986
-1.28121 0.372619
-1.31413 0.33351
-1.16049 0.276021
-1.22634 0.343084
-1.28669 0.359342
-1.22634 0.320956
-1.18793 0.36595
-1.22085 0.362639
-1.25377 0.330349
-1.2428 0.349542
-1.33059 0.33351
-1.37449 0.379348
-1.44033 0.449948
-1.4513 0.446275
-1.38546 0.406865
-1.37449 0.417433
-1.29218 0.399896
-1.16049 0.330349
-1.16049 0.343084
-1.17695 0.339878
-1.19342 0.320956
-1.12209 0.242512
-1.18793 0.305601
-1.15501 0.302575
-1.29767 0.343084
-1.17147 0.308642
-1.22085 0.330349
-1.22634 0.299565
-1.18244 0.299565
-1.20988 0.256211
-1.17147 0.216244
-1.22634 0.247947
-1.24829 0.261796
-1.24829 0.258996
-1.16049 0.234474
-1.17695 0.211171
-1.26475 0.170482
-1.19342 0.201206
-1.20439 0.163753
-1.17147 0.19389
-1.13855 0.218803
-1.13855 0.19389
-1.11111 0.19389
-1.00137 0.186709
-1.19342 0.308642
-1.18793 0.293589
-1.08916 0.273146
-1.05075 0.305601
-1.28121 0.317855
-1.23182 0.317855
-1.19342 0.311698
-1.15501 0.346306
-1.24829 0.379348
-1.369 0.468539
-1.22085 0.375976
-1.10562 0.336686
-1.08368 0.284737
-1.06722 0.250686
-1.11111 0.218803
-1.12209 0.237138
-1.10562 0.239818
-1.14952 0.179664
-1.14952 0.198752
-1.12209 0.172755
-1.12209 0.13616
-1.1166 0.157159
-1.02881 0.0902471
-1.1166 0.0886063
-1.23731 0.0869805
-1.16598 0.0658003
-1.21536 0.0602908
-1.23182 0.0550221
-1.22085 0.0616456
-1.20439 0.0524781
-1.08368 0.0475707
-1.08916 0.0550221
-1.06173 0.0524781
-1.04527 0.0223562
-0.995885 0.0275496
-1.05624 0.0440482
-1.01235 0.0550221
-0.946502 0.0303496
-1.03978 0.0475707
-1.06173 0.0240271
-1.10562 0.0294012
-1.1166 0.0322914
-1.20439 0.0417751
-1.17695 0.0363559
-1.18244 0.0602908
-1.15501 0.0374096
-1.20439 0.0563167
-1.24829 0.0499943
-1.25377 0.0475707
-1.14403 0.0353172
-1.16598 0.0223562
-1.19342 0.0169821
-1.22085 0.0266464
-1.18793 0.0184423
-1.14403 0.0169821
-1.08916 0.0384784
-1.05624 0.0177047
-1.00137 0.0155822
-1.05624 0.0207455
-1.02881 0.00611357
-1.06722 0.0117435
-1.08916 0.0284679
-0.973937 0.0223562
-0.973937 0.0223562
-1.04527 0.0207455
-1.14403 0.033285
-1.10562 0.0463814
-1.06722 0.0207455
-1.07819 0.00746837
-1.0727 0.00158249
-1.00137 0.000543804
-1.08916 0.00117605
-1.11111 0.0169821
-1.17695 0.00948553
-1.08916 0.00347922
-1.17147 0.00844685
-1.17147 4.70419e-05
-1.12757 0.00180829
-1.16049 0.00655012
-1.06173 0.00895866
-1.11111 0.0117435
-1.14403 0.0275496
-1.14403 0.0374096
-1.09465 0.0440482
-1.07819 0.019195
-0.995885 0.0100275
-1.12209 0.00895866
-1.09465 0.00655012
-1.17695 0.00347922
-1.1989 0.00204915
-1.19342 0.000679285
-1.12209 0.000423377
-1.04527 0.000227683
-1.03978 0.00117605
-0.995885 0.0111565
-1.02881 0.00895866
-1.03429 4.70419e-05
-1.02881 0.0031631
-1.0727 0.000829819
-1.04527 0.000227683
-0.979424 0.000152416
-1.05624 0.000152416
-1.18793 0.00746837
-1.1166 0.00700172
-1.08368 0.00117605
-1.12757 1.69351e-05
-1.05075 9.22021e-05
-1.09465 0.000318003
-1.05624 0.000679285
-1.1166 0.00117605
-1.00686 0.00489424
-1.11111 0.0142424
-1.14952 0.0149048
-1.17147 0.0142424
-1.20439 0.00895866
-1.12209 0.0162746
-1.06173 0.0322914
-1.07819 0.0266464
-1.0727 0.0240271
-1.10562 0.0616456
-1.17147 0.0524781
-1.15501 0.0616456
-1.19342 0.0550221
-1.19342 0.0499943
-1.18244 0.0512286
-1.23182 0.0902471
-1.2428 0.105692
-1.2428 0.0616456
-1.13306 0.031313
-1.15501 0.0475707
-1.1989 0.0266464
-1.05075 0.0169821
-1.10014 0.0117435
-1.22634 0.0322914
-1.2428 0.0353172
-1.22085 0.0177047
-1.17147 0.0135951
-1.12757 0.00137174
-1.20439 0.00286203
-1.20988 0.0031631
-1.18793 1.69351e-05
-1.15501 0.000423377
-1.10014 0.00180829
-1.08916 0.00286203
-1.05075 0.00257602
-0.96845 0.000679285
-1.04527 0.00286203
-1.06722 0.00795008
-1.13306 0.0129629
-1.10562 0.0169821
-1.18793 0.0223562
-1.1166 0.019195
-1.13306 0.0199627
-1.16598 0.019195
-1.1989 0.0142424
-1.11111 0.00158249
-1.05075 0.000423377
-1.08916 0.00286203
-1.04527 0.00655012
-1.01783 0.0111565
-1.10562 0.0374096
-1.12757 0.0417751
-0.995885 0.0524781
-1.11111 0.0487749
-1.13855 0.0512286
-1.17147 0.0475707
-1.18793 0.0563167
-1.13855 0.033285
-1.21536 0.0303496
-1.14403 0.00611357
-1.17695 0.0105844
-1.13855 0.00844685
-1.14403 0.00895866
-1.14952 0.00158249
-1.20988 0.000543804
-1.14952 0.00655012
-1.18244 0.00257602
-1.19342 0.00700172
-1.20439 0.00569207
-1.14403 0.00180829
-1.19342 0.00569207
-1.15501 0.00700172
-1.15501 0.00948553
-1.17695 0.00948553
-1.22634 0.00528563
-1.21536 0.000679285
-1.3251 0.00180829
-1.25926 1.69351e-05
-1.20988 1.69351e-05
-1.14952 0.000829819
-1.2428 0.00117605
-1.22634 0.000829819
-1.23182 0.00569207
-1.16598 0.00180829
-1.2428 0.000318003
-1.26475 0.000423377
-1.20988 0.000423377
-1.2428 0.000679285
-1.19342 0.00347922
-1.17695 0.00569207
-1.22085 0.0117435
-1.18244 0.0100275
-1.09465 0.00795008
-1.18244 0.00451791
-1.13855 0.00347922
-1.17147 0.00795008
-1.10014 0.00528563
-1.16049 0.00611357
-1.17695 0.00528563
-1.02881 0.00655012
-1.08916 0.00381039
-1.05075 0.000829819
-1.11111 0.00528563
-1.06173 1.88168e-06
-1.04527 0.00158249
-1.04527 0.00528563
-1.10562 0.00746837
-1.07819 0.0100275
-0.984911 0.0117435
-0.995885 0.00655012
-0.924554 0.00655012
-0.984911 0.00451791
-1.00137 0.00795008
-1.00686 0.019195
-1.01783 0.0177047
-0.957476 0.0177047
-0.908093 0.0162746
-0.924554 0.033285
-1.01235 0.0223562
-1.08916 0.0576263
-1.14952 0.0512286
-1.08368 0.0616456
-1.04527 0.0616456
-1.08368 0.0760216
-1.06722 0.091903
-1.11111 0.0837741
-1.13855 0.0902471
-1.17147 0.0853698
-1.1166 0.0886063
-1.08368 0.0821935
-1.23731 0.0952599
-1.12757 0.0602908
-1.1989 0.0715507
-1.18244 0.0342936
-1.14403 0.0417751
-1.13855 0.0223562
-1.09465 0.0123457
-1.11111 0.0487749
-1.18793 0.0616456
-1.13855 0.0672154
-1.13306 0.0821935
-1.16598 0.0537426
-1.1989 0.0616456
-1.25926 0.0760216
-1.13306 0.0576263
-1.22634 0.0616456
-1.29218 0.0463814
-1.25377 0.0658003
-1.25926 0.0686454
-1.17147 0.073026
-1.24829 0.0463814
-1.23731 0.0342936
-1.20988 0.00895866
-1.22085 0.00844685
-1.08916 0.0100275
-1.22085 0.0105844
-1.12757 0.0199627
-1.22634 0.0463814
-1.22085 0.0303496
-1.22085 0.033285
-1.35802 0.0406611
-1.24829 0.0231841
-1.25377 0.0117435
-1.17695 0.00451791
-1.19342 0.00257602
-1.19342 0.00180829
-1.10562 0.00746837
-1.16598 0.0266464
-1.15501 0.033285
-1.17695 0.019195
-1.12209 0.0429041
-1.13855 0.0294012
-1.07819 0.0284679
-1.06722 0.0199627
-1.12757 0.031313
-1.24829 0.0353172
-1.16598 0.0440482
-1.22634 0.0353172
-1.2428 0.0240271
-1.14403 0.0231841
-1.14952 0.0452073
-1.13855 0.0169821
-1.22085 0.0257583
-1.15501 0.0353172
-1.2428 0.0169821
-1.18793 0.0142424
-1.17147 0.00451791
-1.13855 1.88168e-06
-1.10014 0.00415662
-1.11111 0.0129629
-1.02332 0.0142424
-1.14403 0.0105844
-1.08368 0.0105844
-1.07819 0.00795008
-1.02332 0.00347922
-1.07819 0.000318003
-1.07819 0.0031631
-1.16598 0.00180829
-1.12757 0.000227683
-1.0727 0.000543804
-1.14403 0.000318003
-1.22085 0.000152416
-1.13855 0.000829819
-1.14403 0.0149048
-1.21536 0.00948553
-1.15501 0.00655012
-1.14952 0.000679285
-1.16049 0.00257602
-1.08916 0.0149048
-1.20988 0.00381039
-1.13306 1.88168e-06
-1.16049 0.000152416
-1.18793 0.0105844
-1.19342 0.00451791
-1.20988 0.00844685
-1.2428 0.00286203
-1.19342 0.00746837
-1.15501 0.00257602
-1.1166 0.00611357
-1.20439 1.88168e-06
-1.16049 9.22021e-05
-1.22634 0.00489424
-1.26475 0.00158249
-1.23182 0.000423377
-1.2428 0.00257602
-1.23182 0.00180829
-1.10562 4.70419e-05
-1.04527 9.22021e-05
-1.04527 0.000152416
-1.0727 0.000227683
-1.07819 4.70419e-05
-1.02881 0.000227683
-1.06722 0.000227683
-1.1166 0.000152416
-1.05624 0.00795008
-1.07819 0.00286203
-1.01783 0.000152416
-1.08916 0.00117605
-1.10014 0.00230505
-1.07819 0.00844685
-1.06722 0.00137174
-1.10014 0.00381039
-1.09465 0.0155822
-1.0727 0.00844685
-1.08916 0.00795008
-0.995885 0.00655012
-0.990398 0.0342936
-1.06722 0.0149048
-1.05075 0.00528563
-1.16049 0.0184423
-1.12757 0.00948553
-1.12209 0.0142424
-1.08368 0.00611357
-1.16598 0.00948553
-1.19342 0.00844685
-1.1166 0.00746837
-1.08916 0.00415662
-1.01783 0.00528563
-1.04527 0.0111565
-1.12209 0.0257583
-1.10562 0.0149048
-1.05075 0.0240271
-1.17147 0.0406611
-1.14403 0.0395622
-1.11111 0.0248852
-1.10562 0.0395622
-1.0727 0.0129629
-1.18244 0.0231841
-1.1166 0.0499943
-1.1166 0.0374096
-1.16049 0.0395622
-1.06173 0.0487749
-1.08368 0.0700906
-1.16049 0.100408
-1.2428 0.116666
-1.20988 0.103916
-1.20988 0.0672154
-1.23182 0.0429041
-1.09465 0.0342936
-1.18244 0.0322914
-1.22085 0.0658003
-1.08916 0.0550221
-1.17147 0.0524781
-1.12757 0.019195
-1.06722 0.019195
-1.01783 0.0363559
-1.06722 0.0406611
-1.05624 0.0100275
-1.12209 0.00204915
-1.14403 0.00528563
-1.20439 0.00381039
-1.16049 0.00528563
-1.14403 0.0223562
-1.06173 0.00700172
-1.02332 1.88168e-06
-1.10562 0.000679285
-1.20988 0.000679285
-1.20439 0.0123457
-1.20988 0.00655012
-1.14952 0.00611357
-1.12757 0.0111565
-1.17695 0.00528563
-1.24829 0.00451791
-1.20439 0.0294012
-1.17147 0.0499943
-1.16049 0.0463814
-1.02881 0.0672154
-1.03429 0.0672154
-0.957476 0.0463814
-1.11111 0.102154
-1.10562 0.0644004
-1.14403 0.0406611
-1.18244 0.0524781
-1.19342 0.0487749
-1.14403 0.0512286
-1.10014 0.0129629
-1.13306 0.0149048
-1.00137 0.0363559
-0.995885 0.0440482
-1.00686 0.0563167
-1.09465 0.0745163
-1.17147 0.0658003
-1.16598 0.0902471
-1.14952 0.0745163
-1.08916 0.0853698
-1.1989 0.077542
-1.22634 0.13616
-1.1989 0.177346
-1.20439 0.152839
-1.16049 0.146472
-1.17695 0.157159
-1.04527 0.144379
-1.0727 0.140239
-1.16598 0.142302
-1.06722 0.124283
-1.08916 0.0869805
-1.14403 0.0935739
-1.04527 0.0853698
-1.07819 0.0499943
-1.14952 0.0715507
-1.17695 0.0821935
-1.20988 0.0644004
-1.25377 0.0658003
-1.01235 0.0935739
-1.07819 0.0952599
-1.03978 0.073026
-1.0727 0.0760216
-1.13855 0.077542
-1.10014 0.0630155
-1.01783 0.0395622
-1.12209 0.077542
-1.1989 0.103916
-1.14403 0.0952599
-1.03978 0.0886063
-1.08916 0.080628
-1.13306 0.0524781
-1.12757 0.0700906
-1.01235 0.0417751
-1.08368 0.033285
-1.0727 0.0199627
-1.13855 0.00795008
-1.07819 0.0031631
-1.0727 0.00257602
-1.08916 9.22021e-05
-1.07819 0.00844685
-1.13306 0.00528563
-1.12757 0.0155822
-1.16049 0.0199627
-1.12757 0.0240271
-1.23182 0.0149048
-1.1989 0.0169821
-1.1989 0.0177047
-1.0727 0.0149048
-1.17147 0.00700172
-1.10014 0.000543804
-1.10562 0.000227683
-1.04527 0.000995407
-1.07819 0.00230505
-1.12757 0.00746837
-1.17147 0.0129629
-1.09465 0.0257583
-1.06722 0.033285
-0.995885 0.0240271
-0.995885 0.0155822
-0.853224 0.00528563
-0.946502 0.0100275
-0.924554 0.00569207
-1.07819 0.0294012
-1.17147 0.0417751
-1.12757 0.0672154
-1.18244 0.0576263
-1.12757 0.0512286
-1.12209 0.0537426
-1.10562 0.058951
-1.12757 0.0602908
-1.16598 0.0715507
-1.19342 0.0658003
-1.14403 0.0745163
-1.1166 0.0886063
-1.12209 0.077542
-1.09465 0.0969609
-1.04527 0.0630155
-1.04527 0.107483
-1.13855 0.128182
-1.10562 0.150702
-1.08916 0.124283
-1.11111 0.13616
-1.05075 0.0837741
-1.05075 0.0902471
-1.08916 0.0672154
-1.19342 0.0499943
-1.11111 0.0658003
-1.19342 0.0837741
-1.23182 0.116666
-1.10562 0.0902471
-1.18793 0.103916
-1.16598 0.118547
-1.19342 0.105692
-1.24829 0.107483
-1.22634 0.111111
-1.12757 0.0952599
-1.07819 0.102154
-1.16049 0.150702
-1.12209 0.148579
-1.22634 0.130154
-1.20988 0.0563167
-1.19342 0.0537426
-1.16598 0.0537426
-1.25926 0.0853698
-1.19342 0.0969609
-1.12209 0.0837741
-1.15501 0.080628
-1.1166 0.107483
-1.05075 0.077542
-1.02881 0.091903
-1.01783 0.118547
-1.07819 0.144379
-1.14952 0.170482
-1.16049 0.130154
-1.14952 0.132141
-1.20439 0.122356
-1.25926 0.091903
-1.2428 0.0760216
-1.13855 0.077542
-1.1166 0.0644004
-1.08368 0.058951
-0.984911 0.0576263
-1.03978 0.0266464
-1.04527 0.0155822
-1.0727 0.0248852
-1.08916 0.0417751
-1.10014 0.0821935
-1.03429 0.080628
-0.995885 0.0935739
-0.919067 0.0524781
-1.03429 0.0452073
-1.01235 0.080628
-1.12757 0.116666
-1.07819 0.107483
-1.05624 0.0550221
-1.05075 0.073026
-1.00686 0.0644004
-1.01235 0.077542
-0.962963 0.0475707
-0.995885 0.0363559
-1.00137 0.0384784
-1.01783 0.0384784
-1.08916 0.0869805
-1.03978 0.091903
-1.16598 0.111111
-1.18793 0.132141
-1.22634 0.098677
-1.14952 0.132141
-1.17147 0.13616
-1.19342 0.168224
-1.22085 0.154992
-1.05075 0.0902471
-1.12209 0.0837741
-1.15501 0.0821935
-1.12757 0.080628
-1.13855 0.100408
-1.14403 0.120444
-1.20439 0.170482
-1.18244 0.150702
-1.14952 0.170482
-1.12757 0.177346
-1.26475 0.189088
-1.22085 0.116666
-1.17147 0.122356
-1.14403 0.144379
-1.1989 0.181998
-1.13855 0.163753
-1.15501 0.189088
-1.12209 0.201206
-1.17695 0.184346
-1.1989 0.181998
-1.12209 0.170482
-1.18244 0.237138
-1.1166 0.189088
-1.08368 0.184346
-1.09465 0.157159
-1.14403 0.118547
-1.18244 0.148579
-1.16598 0.172755
-1.11111 0.159342
-1.18793 0.150702
-1.15501 0.13616
-1.15501 0.111111
-1.19342 0.0790775
-1.10014 0.100408
-1.02332 0.107483
-1.0727 0.10929
-1.10562 0.107483
-1.16049 0.181998
-1.20439 0.196313
-1.25926 0.2137
-1.22634 0.211171
-1.25377 0.189088
-1.17147 0.154992
-1.20439 0.170482
-1.16049 0.196313
-1.17147 0.223967
-1.17695 0.242512
-1.21536 0.247947
-1.20439 0.276021
-1.10014 0.206158
-1.16598 0.203675
-1.17147 0.231824
-1.25377 0.250686
-1.14952 0.203675
-1.22634 0.16154
-1.1989 0.148579
-1.2428 0.146472
-1.21536 0.201206
-1.1166 0.128182
-1.13306 0.105692
-1.18793 0.118547
-1.16598 0.0952599
-1.12757 0.091903
-1.14403 0.091903
-1.20988 0.0821935
-1.19342 0.080628
-1.16049 0.080628
-1.13855 0.091903
-1.06722 0.0563167
-1.12757 0.0406611
-1.16049 0.033285
-1.3251 0.0353172
-1.09465 0.0384784
-1.16598 0.0374096
-1.12209 0.0537426
-1.09465 0.0475707
-1.11111 0.0563167
-1.16049 0.080628
-1.10562 0.0790775
-1.12757 0.0576263
-1.08368 0.0452073
-1.07819 0.0303496
-1.01783 0.0284679
-1.12757 0.0452073
-1.08368 0.0231841
-0.995885 0.019195
-1.02881 0.0284679
-1.01783 0.033285
-0.919067 0.0266464
-1.06722 0.00895866
-1.13855 0.0169821
-1.10014 0.0240271
-1.11111 0.0303496
-1.08368 0.0177047
-1.12209 0.0177047
-1.06722 0.0105844
-1.00137 0.00655012
-0.990398 0.019195
-1.05075 0.0240271
-0.990398 0.0475707
-1.01783 0.102154
-1.00686 0.0853698
-1.07819 0.146472
-1.14403 0.107483
-1.10562 0.0790775
-1.16049 0.0952599
-1.22085 0.150702
-1.13306 0.138192
-1.22085 0.198752
-1.09465 0.16154
-1.16049 0.168224
-1.19342 0.159342
-1.2428 0.120444
-1.10014 0.0837741
-1.17695 0.0658003
-1.13306 0.0512286
-1.12757 0.0248852
-1.14952 0.0417751
-1.17147 0.0395622
-1.16049 0.0700906
-1.14403 0.0576263
-1.16598 0.0342936
-1.10014 0.033285
-1.19342 0.033285
-1.14952 0.0155822
-1.12209 0.00795008
-1.14403 0.0199627
-1.08368 0.0452073
-1.02332 0.0248852
-1.03429 0.00489424
-1.11111 0.0117435
-1.12209 0.00347922
-1.11111 0.00158249
-1.11111 0.00528563
-1.08368 0.00451791
-1.08368 0.00795008
-1.00137 0.00158249
-0.973937 0.000318003
-0.96845 0.00230505
-1.00137 0.00746837
-1.03978 0.0142424
-1.08368 0.0031631
-1.10014 0.00347922
-1.20439 0.00204915
-1.17147 0.000829819
-1.18244 0.00381039
-1.29218 0.0031631
-1.27572 0.00844685
-1.30316 0.00844685
-1.24829 0.00611357
-1.22085 0.0353172
-1.20439 0.0275496
-1.26475 0.0512286
-1.18793 0.0275496
-1.2428 0.00569207
-1.22085 0.000152416
-1.16049 0.0031631
-1.18244 0.0129629
-1.22085 0.0155822
-1.23731 0.00415662
-1.23182 1.88168e-06
-1.23731 0.00347922
-1.27572 0.000829819
-1.28121 0.000829819
-1.28121 1.88168e-06
-1.22085 0.000829819
-1.1989 0.00204915
-1.2428 0.00948553
-1.15501 0.00158249
-1.16598 0.00180829
-1.22085 0.000829819
-1.25926 0.00204915
-1.27023 0.000679285
-1.26475 4.70419e-05
-1.12209 1.88168e-06
-1.14403 0.000679285
-1.13306 0.00137174
-1.16598 1.88168e-06
-1.16049 1.69351e-05
-1.10562 0.000318003
-1.01783 0.00746837
-1.13306 0.0105844
-1.10562 0.00381039
-1.02881 0.00451791
-1.13855 0.00655012
-1.10014 0.00528563
-1.07819 0.00528563
-1.11111 4.70419e-05
-1.11111 0.00795008
-1.08916 0.00746837
-1.17147 0.00451791
-1.0727 0.00286203
-1.00137 9.22021e-05
-1.06722 0.000543804
-1.13306 0.00180829
-1.16049 0.000227683
-1.13306 0.0100275
-1.05624 0.00489424
-1.06722 0.00158249
-1.05075 0.000995407
-1.00686 4.70419e-05
-1.00686 0.000679285
-1.00686 0.00611357
-0.995885 0.0240271
-1.0727 0.0162746
-1.05075 0.0231841
-1.09465 0.0275496
-1.10562 0.0207455
-1.03429 0.0223562
-1.06173 0.00451791
-1.08916 0.00347922
-0.990398 0.00948553
-1.02332 0.0294012
-0.995885 0.0384784
-1.02332 0.0499943
-1.12757 0.0686454
-1.08368 0.0700906
-1.11111 0.0853698
-1.12757 0.111111
-1.1989 0.13616
-1.18244 0.181998
-1.21536 0.175043
-1.15501 0.148579
-1.22085 0.186709
-1.17695 0.278911
-1.30864 0.327203
-1.23182 0.258996
-1.24829 0.247947
-1.35254 0.281817
-1.29218 0.278911
-1.33059 0.270286
-1.23731 0.281817
-1.16049 0.218803
-1.10562 0.2137
-1.13855 0.216244
-1.22085 0.245222
-1.25377 0.245222
-1.1166 0.177346
-1.10562 0.231824
-1.17147 0.278911
-1.20988 0.261796
-1.14952 0.2137
-1.12209 0.175043
-1.16598 0.120444
-1.23731 0.100408
-1.12757 0.080628
-1.0727 0.0745163
-1.18793 0.0760216
-1.03429 0.0257583
-1.07819 0.0129629
-1.05075 0.0135951
-0.979424 0.0123457
-1.01235 0.00746837
-1.05624 0.019195
-1.06722 0.0223562
-1.09465 0.0123457
-1.0727 0.0123457
-1.20988 0.0223562
-1.2428 0.0169821
-1.24829 0.0284679
-1.30864 0.0342936
-1.24829 0.0440482
-1.28121 0.0475707
-1.20439 0.0790775
-1.18244 0.0475707
-1.16598 0.077542
-1.16049 0.0284679
-1.13306 0.0284679
-1.16049 0.0248852
-1.26475 0.0395622
-1.18793 0.0207455
-1.20439 0.0231841
-1.08916 0.0231841
-1.15501 0.0790775
-1.20439 0.0745163
-1.28669 0.0935739
-1.22085 0.0969609
-1.18793 0.107483
-1.13855 0.130154
-1.12209 0.100408
-1.18244 0.132141
-1.25377 0.184346
-1.29218 0.157159
-1.35802 0.168224
-1.34156 0.184346
-1.23182 0.152839
-1.13855 0.124283
-1.12209 0.116666
-1.13306 0.0886063
-1.16598 0.100408
-1.04527 0.0853698
-1.00137 0.0487749
-0.935528 0.0417751
-1.06722 0.073026
-1.09465 0.0715507
-1.18793 0.112948
-1.13855 0.124283
-1.18793 0.112948
-1.22085 0.112948
-1.21536 0.126225
-1.12757 0.0672154
-1.14403 0.077542
-1.15501 0.0576263
-1.12209 0.077542
-1.16598 0.0952599
-1.18793 0.0935739
-1.20988 0.140239
-1.04527 0.0902471
-1.03429 0.146472
-1.16049 0.175043
-1.07819 0.208657
-1.1166 0.152839
-1.16598 0.152839
-1.08916 0.134143
-1.12209 0.128182
-1.18793 0.118547
-1.06173 0.105692
-1.02332 0.0672154
-0.990398 0.0384784
-1.03978 0.0499943
-0.96845 0.0363559
-0.962963 0.0417751
-1.02881 0.0512286
-1.07819 0.0111565
-1.14403 0.00257602
-1.10014 0.00137174
-1.12757 0.00117605
-1.02881 0.00415662
-1.13855 0.0149048
-1.10014 0.0294012
-1.07819 0.0342936
-1.16598 0.0117435
-1.15501 0.0123457
-1.1989 0.0199627
-1.07819 0.0363559
-1.06173 0.0294012
-1.05624 0.0821935
-1.08368 0.107483
-1.12209 0.140239
-1.13855 0.157159
-1.08368 0.150702
-1.10562 0.0886063
-1.1166 0.100408
-1.21536 0.114799
-1.06722 0.126225
-1.14952 0.126225
-1.16049 0.172755
-1.12209 0.128182
-1.18244 0.13616
-1.22085 0.107483
-1.21536 0.107483
-1.16598 0.0790775
-1.17147 0.0630155
-1.15501 0.0363559
-1.09465 0.0463814
-1.12209 0.0902471
-1.12209 0.0821935
-1.10014 0.0686454
-1.08368 0.0837741
-1.12757 0.107483
-1.13855 0.140239
-1.20988 0.148579
-1.07819 0.132141
-1.06722 0.163753
-1.16598 0.159342
-1.12757 0.175043
-1.20439 0.138192
-1.08368 0.146472
-1.21536 0.184346
-1.17695 0.181998
-1.04527 0.177346
-1.16049 0.163753
-1.12757 0.144379
-1.06722 0.126225
-1.06173 0.148579
-1.07819 0.191481
-1.12757 0.208657
-1.17695 0.148579
-1.10562 0.157159
-1.05624 0.146472
-1.10562 0.116666
-1.11111 0.126225
-1.08916 0.148579
-1.08368 0.126225
-1.12209 0.0869805
-1.12757 0.0902471
-1.11111 0.103916
-1.09465 0.134143
-1.10014 0.107483
-1.12209 0.118547
-1.1166 0.130154
-1.22085 0.124283
-1.24829 0.124283
-1.15501 0.130154
-1.10562 0.112948
-0.990398 0.112948
-1.01783 0.103916
-1.09465 0.130154
-1.03978 0.126225
-0.984911 0.091903
-1.01783 0.0550221
-1.03978 0.0475707
-1.13855 0.0499943
-1.1989 0.0406611
-1.12209 0.0342936
-1.13306 0.0440482
-1.08368 0.0576263
-1.10014 0.0576263
-1.13306 0.0821935
-1.10014 0.0452073
-1.17147 0.0550221
-1.17695 0.033285
-1.16598 0.077542
-1.17147 0.120444
-1.13306 0.152839
-1.18793 0.157159
-1.13855 0.140239
-1.10014 0.138192
-1.19342 0.144379
-1.20439 0.189088
-1.13855 0.170482
-1.16049 0.126225
-1.12757 0.172755
-1.27023 0.234474
-1.27023 0.234474
-1.27572 0.223967
-1.20439 0.196313
-1.24829 0.284737
-1.22634 0.278911
-1.22085 0.311698
-1.14403 0.375976
-1.1989 0.369277
-1.35254 0.464791
-1.35802 0.464791
-1.3251 0.479875
-1.28669 0.392986
-1.30316 0.389554
-1.34705 0.386137
-1.26475 0.386137
-1.22085 0.369277
-1.26475 0.336686
-1.21536 0.296569
-1.17147 0.308642
-1.22634 0.379348
-1.19342 0.375976
-1.20439 0.359342
-1.20988 0.293589
-1.26475 0.278911
-1.21536 0.284737
-1.25377 0.281817
-1.19342 0.206158
-1.17147 0.245222
-1.20439 0.191481
-1.14403 0.165981
-1.16049 0.198752
-1.14403 0.234474
-1.18793 0.290623
-1.23182 0.237138
-1.25377 0.22919
-1.25926 0.22919
-1.29767 0.270286
-1.23731 0.237138
-1.24829 0.256211
-1.27572 0.223967
-1.31413 0.261796
-1.35254 0.299565
-1.37449 0.293589
-1.27572 0.278911
-1.40741 0.299565
-1.31962 0.237138
-1.35802 0.196313
-1.27023 0.218803
-1.23182 0.201206
-1.05624 0.142302
-1.22634 0.208657
-1.17147 0.253441
-1.29767 0.284737
-1.1989 0.2137
-1.17147 0.237138
-1.1989 0.247947
-1.13306 0.237138
-1.13855 0.221377
-1.09465 0.198752
-1.10562 0.211171
-1.25377 0.237138
-1.24829 0.221377
-1.19342 0.148579
-1.21536 0.134143
-1.29767 0.157159
-1.28669 0.159342
-1.22634 0.154992
-1.1989 0.140239
-1.15501 0.140239
-1.20988 0.146472
-1.19342 0.112948
-1.17147 0.098677
-1.23731 0.080628
-1.20988 0.0760216
-1.16049 0.0550221
-1.18244 0.0576263
-1.2428 0.0524781
-1.19342 0.0672154
-1.27572 0.080628
-1.29767 0.077542
-1.23731 0.0969609
-1.25926 0.091903
-1.16598 0.0821935
-1.11111 0.073026
-1.06722 0.0524781
-1.16049 0.0644004
-1.12209 0.0616456
-1.14403 0.0821935
-1.05075 0.077542
-1.13306 0.091903
-1.14952 0.0837741
-1.14403 0.0837741
-1.18793 0.0745163
-1.18793 0.0658003
-1.12209 0.0760216
-1.02332 0.0537426
-1.01235 0.0429041
-0.995885 0.0363559
-0.990398 0.0440482
-1.08916 0.0644004
-1.08916 0.0576263
-1.03978 0.0563167
-1.05075 0.0902471
-1.06722 0.073026
-1.09465 0.0463814
-1.13306 0.0353172
-1.17695 0.0257583
-1.16598 0.0207455
-1.10562 0.0149048
-1.06722 0.0117435
-1.05624 0.00948553
-1.02881 0.0257583
-1.00686 0.0231841
-1.00137 0.0487749
-1.12209 0.0658003
-1.11111 0.0644004
-1.14952 0.0700906
-1.09465 0.0790775
-1.0727 0.0475707
-1.03429 0.0275496
-1.03978 0.0231841
-0.962963 0.0463814
-1.12757 0.0715507
-1.20439 0.128182
-1.14952 0.102154
-1.01783 0.103916
-1.09465 0.130154
-1.10014 0.112948
-1.02881 0.140239
-1.06173 0.148579
-1.17695 0.170482
-1.12757 0.128182
-1.18793 0.0935739
-1.20439 0.0715507
-1.21536 0.0902471
-1.17695 0.0952599
-1.20439 0.0630155
-1.15501 0.0417751
-1.22085 0.0487749
-1.16598 0.0672154
-1.25377 0.0429041
-1.13855 0.0207455
-1.01783 0.0207455
-1.00137 0.0199627
-1.08916 0.0303496
-1.13306 0.0440482
-1.2428 0.0363559
-1.13306 0.0294012
-1.21536 0.0353172
-1.22634 0.0384784
-1.1989 0.0686454
-1.08368 0.0417751
-1.18244 0.0576263
-1.20988 0.0499943
-1.22085 0.0463814
-1.17695 0.0177047
-1.13855 0.0100275
-1.10014 0.0240271
-1.05075 0.0231841
-1.0727 0.00895866
-1.08916 0.0169821
-1.11111 0.00895866
-1.08916 0.00204915
-1.09465 0.00528563
-1.16049 4.70419e-05
-1.12757 0.000423377
-1.0727 0.000152416
-1.08916 0.00381039
-1.09465 0.00415662
-1.02332 0.000995407
-0.973937 1.69351e-05
-0.946502 0.000318003
-0.96845 0.000423377
-1.07819 0.00117605
-1.09465 0.000318003
-1.1166 9.22021e-05
-1.06722 1.88168e-06
-1.07819 0.00158249
-1.08916 0.00204915
-1.03978 0.00257602
-0.962963 4.70419e-05
-1.00137 1.88168e-06
-1.02881 0.0031631
-1.06722 0.00655012
-1.10014 0.0031631
-1.09465 0.00489424
-1.03429 0.00204915
-1.07819 0.00286203
-1.11111 0.00844685
-1.14952 0.00895866
-1.16598 0.00257602
-1.16598 0.00286203
-1.18244 0.00180829
-1.19342 0.0031631
-1.11111 0.00137174
-1.12209 1.69351e-05
-1.13855 0.00347922
-1.11111 0.00117605
-1.05075 0.000829819
-0.995885 0.00381039
-1.10562 0.00451791
-1.1166 4.70419e-05
-1.11111 0.000423377
-1.11111 4.70419e-05
-1.15501 4.70419e-05
-1.13855 0.00230505
-1.16049 0.000543804
-1.08916 0.00286203
-1.02332 0.00381039
-1.17695 0.000152416
-1.13306 0.0031631
-1.1166 0.00204915
-1.18793 0.00180829
-1.18244 0.00257602
-1.19342 0.00948553
-1.17147 0.00257602
-1.1166 1.88168e-06
-1.03429 0.00180829
-1.04527 0.00204915
-1.08916 0.000995407
-1.09465 1.69351e-05
-1.01235 0.000152416
-1.19342 0.00286203
-1.21536 0.00569207
-1.28121 0.00795008
-1.22085 0.00415662
-1.12209 0.00655012
-1.20439 9.22021e-05
-1.27572 0.000543804
-1.25377 0.000423377
-1.20439 0.000995407
-1.17695 0.00528563
-1.10014 0.000543804
-0.957476 0.00204915
-1.07819 0.0117435
-1.07819 0.00347922
-1.13306 0.000679285
-1.13855 0.000829819
-1.11111 0.000152416
-1.14403 0.000679285
-1.14403 0.000227683
-1.08368 0.000318003
-1.01235 0.00286203
-1.01783 1.69351e-05
-1.06173 0.00204915
-1.08368 0.000679285
-1.02332 0.000318003
-1.03429 1.88168e-06
-1.08368 0.000318003
-0.995885 0.00347922
-1.06173 0.00117605
-1.00686 1.88168e-06
-1.02332 0.00655012
-1.00686 0.00700172
-1.01783 0.00230505
-1.03978 0.00611357
-0.924554 0.0100275
-1.1166 1.69351e-05
-1.14403 0.00117605
-1.13306 0.00611357
-1.17695 0.000227683
-1.14952 1.88168e-06
-1.14403 0.000152416
-1.12209 0.000227683
-1.20988 0.00611357
-1.23731 0.0142424
-1.16598 0.0248852
-1.21536 0.0266464
-1.13306 0.0353172
-1.16598 0.031313
-1.21536 0.0429041
-1.12757 0.0266464
-1.0727 0.0363559
-1.14952 0.0142424
-1.08368 0.00569207
-1.10014 0.0129629
-1.12209 0.0155822
-1.23731 0.0135951
-0.957476 0.00746837
-1.06722 0.000679285
-0.96845 0.000829819
-1.07819 0.000829819
-1.12209 1.88168e-06
-1.16049 0.00180829
-1.20439 0.00158249
-1.18793 0.00611357
-1.14403 0.00137174
-1.02881 0.000679285
-1.0727 0.00347922
-1.17147 0.0100275
-1.06173 0.0240271
-1.13306 0.0440482
-1.05075 0.0248852
-1.07819 0.0169821
-1.08368 0.0248852
-1.08916 0.0524781
-1.14952 0.0440482
-1.12209 0.0248852
-1.1166 0.0363559
-1.14403 0.0322914
-1.14952 0.0184423
-1.16598 0.0142424
-1.08916 0.00415662
-1.00137 0.0284679
-1.01235 0.0499943
-1.10014 0.0672154
-1.09465 0.080628
-1.06173 0.0686454
-0.995885 0.098677
-1.0727 0.073026
-1.23182 0.077542
-1.20988 0.0563167
-1.12209 0.0342936
-1.17147 0.0248852
-1.19342 0.00948553
-1.15501 0.00117605
-1.09465 0.00489424
-1.1166 0.00489424
-1.09465 0.00347922
-1.02332 0.00117605
-1.06722 0.00347922
-1.09465 0.0123457
-1.07819 0.0199627
-1.03429 0.019195
-1.07819 0.0184423
-1.10562 0.031313
-1.10014 0.0322914
-1.10562 0.0384784
-1.04527 0.0406611
-1.02332 0.0240271
-0.990398 0.0452073
-1.1166 0.0686454
-1.10014 0.0429041
-1.17147 0.0837741
-1.23182 0.13616
-1.16598 0.102154
-1.09465 0.073026
-1.03429 0.0576263
-1.05075 0.0700906
-1.08916 0.058951
-1.10562 0.0563167
-0.990398 0.0257583
-1.02332 0.0231841
-1.06173 0.0384784
-0.990398 0.0475707
-1.02881 0.0576263
-1.16049 0.0463814
-1.12757 0.077542
-1.14952 0.073026
-1.17695 0.103916
-1.17695 0.0886063
-1.25926 0.124283
-1.20439 0.100408
-1.13855 0.0837741
-1.22085 0.124283
-1.23182 0.134143
-1.16598 0.102154
-1.13855 0.10929
-1.17695 0.0886063
-1.09465 0.0658003
-1.17695 0.0760216
-1.12757 0.0406611
-1.14403 0.0322914
-1.10562 0.0284679
-1.10562 0.0353172
-1.13306 0.0223562
-1.11111 0.0105844
-1.16049 0.0135951
-1.18244 0.019195
-1.12209 0.0406611
-1.17147 0.0576263
-1.20988 0.0524781
-1.10562 0.0715507
-1.18244 0.100408
-1.2428 0.122356
-1.23182 0.114799
-1.26475 0.105692
-1.23731 0.114799
-1.26475 0.0790775
-1.13855 0.0869805
-1.1989 0.0700906
-1.12209 0.098677
-1.19342 0.0853698
-1.20988 0.058951
-1.13855 0.0745163
-1.20439 0.0837741
-1.16049 0.0700906
-1.19342 0.116666
-1.23731 0.073026
-1.18793 0.0429041
-1.05075 0.0353172
-1.15501 0.0537426
-1.10562 0.0417751
-1.17147 0.124283
-1.11111 0.116666
-1.15501 0.10929
-1.22085 0.120444
-1.22634 0.080628
-1.06173 0.102154
-1.02332 0.103916
-1.16049 0.10929
-1.14952 0.112948
-1.25377 0.157159
-1.17695 0.140239
-1.20439 0.138192
-1.18793 0.138192
-1.15501 0.0745163
-1.10562 0.0672154
-1.06173 0.0821935
-1.13855 0.107483
-1.13855 0.100408
-1.06722 0.0853698
-1.00686 0.118547
-1.13855 0.159342
-1.22634 0.184346
-1.14403 0.142302
-1.13855 0.152839
-1.12209 0.13616
-1.16598 0.150702
-1.14403 0.142302
-1.06173 0.177346
-1.25926 0.211171
-1.21536 0.234474
-1.20988 0.216244
-1.22085 0.179664
-1.17147 0.172755
-1.19342 0.256211
-1.21536 0.253441
-1.27023 0.261796
-1.16598 0.208657
-1.17695 0.203675
-1.14403 0.206158
-1.18244 0.253441
-1.2428 0.296569
-1.21536 0.261796
-1.1989 0.226571
-1.1989 0.264611
-1.17147 0.270286
-1.30316 0.284737
-1.34705 0.287673
-1.30316 0.302575
-1.33608 0.311698
-1.30316 0.305601
-1.27572 0.261796
-1.29767 0.290623
-1.31962 0.336686
-1.35802 0.327203
-1.37449 0.379348
-1.41289 0.396433
-1.42387 0.420986
-1.30864 0.396433
-1.34705 0.349542
-1.33608 0.327203
-1.27572 0.339878
-1.22634 0.281817
-1.21536 0.276021
-1.22634 0.258996
-1.25377 0.287673
-1.30316 0.284737
-1.29218 0.314769
-1.30316 0.317855
-1.35802 0.284737
-1.28669 0.218803
-1.33059 0.242512
-1.19342 0.191481
-1.17147 0.152839
-1.09465 0.189088
-1.25926 0.231824
-1.28669 0.256211
-1.26475 0.19389
-1.29218 0.168224
-1.24829 0.168224
-1.17695 0.146472
-1.23731 0.150702
-1.16598 0.130154
-1.11111 0.134143
-1.27023 0.189088
-1.25926 0.179664
-1.3251 0.134143
-1.31962 0.124283
-1.22085 0.103916
-1.11111 0.118547
-1.24829 0.157159
-1.20439 0.126225
-1.1989 0.098677
-1.23731 0.0952599
-1.27572 0.098677
-1.31413 0.122356
-1.29218 0.132141
-1.39643 0.16154
-1.29767 0.184346
-1.20439 0.138192
-1.15501 0.122356
-1.34156 0.114799
-1.21536 0.118547
-1.27023 0.120444
-1.3251 0.134143
-1.35254 0.134143
-1.35254 0.105692
-1.30316 0.114799
-1.25377 0.0715507
-1.22085 0.0658003
-1.11111 0.0576263
-1.17695 0.0760216
-1.05075 0.0616456
-1.10562 0.073026
-1.10562 0.118547
-1.14952 0.181998
-1.15501 0.140239
-1.09465 0.177346
-1.15501 0.165981
-1.14403 0.157159
-1.27023 0.221377
-1.28669 0.247947
-1.21536 0.258996
-1.12757 0.208657
-1.06173 0.226571
-1.16598 0.247947
-1.14952 0.198752
-1.08916 0.16154
-1.1166 0.203675
-1.1166 0.208657
-1.25926 0.305601
-1.33059 0.299565
-1.28669 0.302575
-1.30316 0.273146
-1.22634 0.226571
-1.18244 0.181998
-1.22634 0.234474
-1.27023 0.231824
-1.16598 0.191481
-1.22634 0.138192
-1.1989 0.146472
-1.25926 0.172755
-1.14952 0.140239
-1.11111 0.0935739
-1.16598 0.120444
-1.18244 0.146472
-1.08368 0.128182
-1.15501 0.0969609
-1.09465 0.13616
-1.16049 0.0969609
-1.12209 0.0760216
-1.19342 0.0969609
-1.16049 0.0700906
-1.17147 0.0952599
-1.13855 0.0700906
-1.18244 0.0886063
-1.10014 0.0644004
-1.00137 0.0630155
-1.02332 0.0902471
-1.08916 0.0853698
-0.979424 0.103916
-0.957476 0.107483
-1.03978 0.120444
-1.03429 0.152839
-1.00686 0.0935739
-0.995885 0.0869805
-0.946502 0.0700906
-1.06173 0.0745163
-1.10014 0.0715507
-1.09465 0.0745163
-1.16598 0.0869805
-1.10014 0.0837741
-1.1166 0.0700906
-1.06173 0.0452073
-1.02881 0.0524781
-1.01235 0.0616456
-1.10014 0.0644004
-1.08368 0.058951
-1.07819 0.0952599
-1.06722 0.120444
-1.25926 0.179664
-1.18244 0.186709
-1.23182 0.177346
-1.23182 0.140239
-1.27572 0.128182
-1.22085 0.0760216
-1.17147 0.080628
-1.13306 0.098677
-1.12209 0.0837741
-1.16049 0.0821935
-1.22634 0.0869805
-1.27023 0.0524781
-1.12209 0.0284679
-1.20988 0.0303496
-1.22634 0.0135951
-1.1166 0.00655012
-1.15501 0.00257602
-1.0727 0.00347922
-1.09465 0.000829819
-1.1166 0.00528563
-1.11111 0.00451791
-1.22634 0.0155822
-1.18793 0.00347922
-1.24829 0.00415662
-1.23731 0.00655012
-1.16049 0.00795008
-1.16049 0.0155822
-1.1166 0.0149048
-1.25377 0.0231841
-1.22634 0.0550221
-1.19342 0.0395622
-1.17695 0.0487749
-1.12757 0.0616456
-1.17695 0.0384784
-1.16598 0.0240271
-1.17147 0.0417751
-1.09465 0.0294012
-1.13306 0.0303496
-1.12757 0.0162746
-1.1166 0.0149048
-1.20439 0.0207455
-1.11111 0.0524781
-1.0727 0.0644004
-1.0727 0.0602908
-1.10562 0.105692
-1.18244 0.124283
-1.09465 0.120444
-1.14403 0.098677
-1.1166 0.0686454
-1.0727 0.0686454
-1.13855 0.0886063
-1.14403 0.100408
-1.18793 0.138192
-1.1166 0.103916
-1.06173 0.105692
-1.17147 0.0745163
-1.14403 0.0760216
-1.13855 0.091903
-1.10562 0.13616
-1.10562 0.124283
-1.08368 0.140239
-1.13306 0.186709
-1.28669 0.223967
-1.28121 0.250686
-1.31413 0.239818
-1.23182 0.245222
-1.1989 0.261796
-1.25377 0.324072
-1.25377 0.372619
-1.26475 0.417433
-1.28669 0.442617
-1.35254 0.495199
-1.40192 0.50685
-1.30864 0.483683
-1.30864 0.483683
-1.35254 0.491345
-1.369 0.476081
-1.40741 0.472303
-1.34156 0.52657
-1.28669 0.435347
-1.29218 0.424553
-1.3251 0.453636
-1.36351 0.495199
-1.4952 0.546667
-1.45679 0.567139
-1.45679 0.596433
-1.39095 0.563015
-1.38546 0.563015
-1.51166 0.639561
-1.42387 0.55481
-1.31962 0.491345
-1.30316 0.461058
-1.28121 0.396433
-1.26475 0.438974
-1.27572 0.442617
-1.1989 0.372619
-1.28669 0.406865
-1.20439 0.346306
-1.17695 0.302575
-1.22085 0.311698
-1.15501 0.273146
-1.1166 0.206158
-1.09465 0.198752
-1.11111 0.175043
-1.10562 0.223967
-1.17147 0.184346
-1.04527 0.175043
-1.26475 0.250686
-1.31962 0.264611
-1.23731 0.191481
-1.21536 0.211171
-1.18244 0.218803
-1.11111 0.242512
-1.10562 0.242512
-1.12209 0.208657
-1.00686 0.22919
-0.990398 0.19389
-1.07819 0.226571
-1.07819 0.196313
-1.1166 0.218803
-1.0727 0.198752
-1.11111 0.201206
-1.07819 0.157159
-1.09465 0.159342
-1.00137 0.122356
-1.06722 0.120444
-1.12209 0.118547
-1.08368 0.111111
-1.02332 0.124283
-1.05075 0.0745163
-1.11111 0.0902471
-1.12209 0.102154
-1.11111 0.0821935
-1.16598 0.118547
-1.07819 0.122356
-1.10562 0.134143
-1.08916 0.111111
-1.1166 0.138192
-1.24829 0.098677
-1.16598 0.0853698
-1.10562 0.0745163
-1.10562 0.0658003
-1.08916 0.073026
-1.12209 0.0853698
-1.10014 0.073026
-1.03978 0.0745163
-1.08916 0.0715507
-1.11111 0.0969609
-1.20988 0.112948
-1.12209 0.0686454
-1.08368 0.0902471
-1.13306 0.107483
-1.1166 0.120444
-1.13306 0.080628
-1.10014 0.0686454
-1.17147 0.0745163
-1.13306 0.0475707
-1.12209 0.0524781
-1.14952 0.0162746
-1.14403 0.0169821
-1.16598 0.0231841
-1.22085 0.0266464
-1.12209 0.0294012
-1.19342 0.0563167
-1.13306 0.0745163
-1.22634 0.0672154
-1.16049 0.0429041
-1.23731 0.0342936
-1.18793 0.0215433
-1.20988 0.0322914
-1.28669 0.0374096
-1.17147 0.0231841
-1.1166 0.00844685
-1.13855 0.0162746
-1.10562 0.0284679
-1.21536 0.080628
-1.20988 0.0672154
-1.20988 0.0524781
-1.27572 0.0512286
-1.15501 0.0440482
-1.20439 0.0149048
-1.22085 0.000829819
-1.14952 0.00569207
-1.12209 0.00415662
-0.995885 0.000829819
-1.06173 0.00746837
-1.07819 0.00700172
-1.01783 0.00895866
-1.03978 0.0117435
-1.02881 0.00569207
-1.00686 0.00795008
-1.10014 0.00844685
-1.04527 0.00795008
-1.01783 0.00489424
-1.13855 0.00489424
-1.1166 0.00204915
-1.11111 0.00381039
-1.08368 0.00489424
-1.0727 0.00347922
-0.984911 0.0031631
-0.984911 0.000227683
-1.10562 0.00347922
-1.1166 0.0111565
-1.12757 0.00230505
-1.10562 9.22021e-05
-0.990398 0.00230505
-1.00137 0.000318003
-1.00137 0.00489424
-1.1166 0.00746837
-1.07819 0.00844685
-1.15501 0.0149048
-1.14403 0.0223562
-1.12757 0.0257583
-1.13306 0.0406611
-1.1989 0.033285
-1.23182 0.0240271
-1.16598 0.0207455
-0.96845 1.69351e-05
-1.08368 9.22021e-05
-1.03429 0.00158249
-1.05075 0.000423377
-1.07819 0.000423377
-1.14952 0.00286203
-1.17147 0.000543804
-1.22085 0.00230505
-1.25377 9.22021e-05
-1.21536 0.0031631
-1.18244 0.00655012
-1.16598 0.00451791
-1.16598 0.0111565
-1.10014 0.0149048
-1.16598 0.0275496
-1.16598 0.0384784
-1.13855 0.0550221
-1.1989 0.0429041
-1.19342 0.0395622
-1.16598 0.0215433
-1.18244 0.0395622
-1.2428 0.0463814
-1.25377 0.0745163
-1.30316 0.0837741
-1.21536 0.0429041
-1.12209 0.0512286
-1.06173 0.0294012
-1.06173 0.0342936
-1.05075 0.0395622
-1.05075 0.0240271
-1.01783 0.0215433
-1.07819 0.0129629
-1.08916 0.000995407
-1.09465 0.000995407
-1.14403 0.000995407
-1.1989 0.00158249
-1.05624 0.00117605
-1.02332 0.00415662
-1.00137 0.0117435
-1.03978 0.0155822
-1.0727 0.00746837
-1.06722 0.00700172
-0.924554 0.0199627
-1.02881 0.00895866
-1.01235 0.0294012
-1.03978 0.0475707
-1.23182 0.0644004
-1.13306 0.0602908
-1.11111 0.0303496
-1.13306 0.0207455
-1.06722 0.0487749
-1.04527 0.098677
-1.13306 0.116666
-1.14403 0.100408
-1.09465 0.0886063
-1.11111 0.058951
-1.08916 0.0745163
-1.06722 0.102154
-1.15501 0.0935739
-1.18793 0.116666
-1.14403 0.122356
-1.16598 0.13616
-1.17147 0.142302
-1.18793 0.134143
-1.16049 0.154992
-1.11111 0.13616
-1.16049 0.142302
-1.16598 0.172755
-1.17695 0.196313
-1.17695 0.175043
-1.17147 0.234474
-1.13306 0.247947
-1.22634 0.264611
-1.2428 0.287673
-1.37449 0.349542
-1.38546 0.392986
-1.31962 0.389554
-1.33059 0.281817
-1.29218 0.293589
-1.30316 0.273146
-1.25926 0.237138
-1.16049 0.150702
-1.25926 0.159342
-1.33608 0.208657
-1.33059 0.239818
-1.20988 0.203675
-1.13855 0.148579
-1.12209 0.114799
-1.00137 0.0837741
-1.14403 0.0700906
-1.12757 0.0563167
-1.18244 0.116666
-1.23182 0.126225
-1.23182 0.0935739
-1.18244 0.091903
-1.14403 0.122356
-1.23731 0.186709
-1.23182 0.142302
-1.22634 0.140239
-1.2428 0.148579
-1.19342 0.114799
-1.19342 0.0869805
-1.08368 0.0487749
-1.11111 0.0384784
-1.20988 0.0630155
-1.16049 0.0821935
-1.24829 0.0853698
-1.2428 0.058951
-1.17147 0.0550221
-1.1166 0.0266464
-1.1989 0.0475707
-1.23731 0.0353172
-1.18793 0.0576263
-1.12757 0.0700906
-1.08368 0.0700906
-1.18244 0.0902471
-1.1989 0.0821935
-1.23731 0.0837741
-1.25377 0.0935739
-1.33059 0.144379
-1.34705 0.154992
-1.31962 0.159342
-1.29218 0.148579
-1.31962 0.177346
-1.22634 0.114799
-1.1989 0.126225
-1.17147 0.103916
-1.18793 0.098677
-1.10562 0.0524781
-1.05075 0.0563167
-1.13855 0.0630155
-1.09465 0.0837741
-1.17147 0.0969609
-1.22634 0.112948
-1.14403 0.073026
-1.13306 0.105692
-1.06722 0.0837741
-1.1166 0.0760216
-1.1989 0.0644004
-1.16049 0.0745163
-1.2428 0.112948
-1.25926 0.120444
-1.25926 0.105692
-1.20439 0.114799
-1.23182 0.111111
-1.28669 0.112948
-1.2428 0.112948
-1.33059 0.146472
-1.29218 0.144379
-1.37449 0.126225
-1.30316 0.0760216
-1.20439 0.0790775
-1.21536 0.0902471
-1.22634 0.0969609
-1.19342 0.114799
-1.25926 0.146472
-1.31962 0.242512
-1.24829 0.203675
-1.25926 0.196313
-1.30316 0.168224
-1.26475 0.172755
-1.24829 0.168224
-1.22634 0.203675
-1.25377 0.201206
-1.26475 0.216244
-1.22085 0.134143
-1.15501 0.13616
-1.14403 0.144379
-1.1989 0.168224
-1.36351 0.226571
-1.34156 0.234474
-1.30864 0.223967
-1.30864 0.208657
-1.37997 0.270286
-1.26475 0.239818
-1.25926 0.293589
-1.31962 0.258996
-1.31413 0.258996
-1.3251 0.234474
-1.17695 0.223967
-1.23731 0.234474
-1.24829 0.261796
-1.16598 0.237138
-1.26475 0.245222
-1.27023 0.2137
-1.24829 0.216244
-1.1989 0.223967
-1.17695 0.181998
-1.22085 0.216244
-1.22634 0.216244
-1.17695 0.267441
-1.19342 0.234474
-1.1989 0.218803
-1.25926 0.245222
-1.22634 0.278911
-1.20988 0.237138
-1.20988 0.22919
-1.20439 0.198752
-1.08368 0.163753
-1.12757 0.16154
-1.13306 0.181998
-1.25926 0.317855
-1.30864 0.362639
-1.34705 0.352794
-1.39643 0.352794
-1.36351 0.324072
-1.33059 0.396433
-1.30864 0.389554
-1.37997 0.435347
-1.39643 0.428136
-1.34705 0.392986
-1.26475 0.346306
-1.16598 0.276021
-1.19342 0.287673
-1.21536 0.302575
-1.1989 0.343084
-1.20439 0.339878
-1.22085 0.273146
-1.26475 0.299565
-1.18244 0.278911
-1.18244 0.250686
-1.15501 0.245222
-1.27023 0.314769
-1.25377 0.317855
-1.33608 0.290623
-1.36351 0.330349
-1.29767 0.284737
-1.29218 0.35606
-1.35802 0.369277
-1.33608 0.406865
-1.29218 0.382735
-1.23182 0.317855
-1.23182 0.281817
-1.20988 0.242512
-1.33059 0.311698
-1.28669 0.336686
-1.33608 0.346306
-1.29218 0.336686
-1.29767 0.35606
-1.45679 0.472303
-1.41838 0.476081
-1.29218 0.352794
-1.31413 0.33351
-1.1989 0.320956
-1.31413 0.369277
-1.29218 0.339878
-1.25926 0.379348
-1.27572 0.428136
-1.35254 0.464791
-1.41289 0.491345
-1.31413 0.472303
-1.40741 0.442617
-1.28121 0.442617
-1.22085 0.36595
-1.23182 0.386137
-1.29767 0.389554
-1.41289 0.399896
-1.23731 0.320956
-1.23182 0.327203
-1.21536 0.296569
-1.14952 0.314769
-1.22634 0.399896
-1.25377 0.403373
-1.29767 0.396433
-1.27023 0.362639
-1.30316 0.442617
-1.37997 0.491345
-1.33608 0.45734
-1.37997 0.453636
-1.29218 0.487507
-1.31962 0.45734
-1.34705 0.468539
-1.33608 0.399896
-1.27023 0.362639
-1.30316 0.379348
-1.19342 0.320956
-1.2428 0.346306
-1.28669 0.33351
-1.1989 0.284737
-1.20439 0.284737
-1.25377 0.296569
-1.14403 0.223967
-1.1166 0.196313
-1.0727 0.168224
-0.979424 0.091903
-1.17147 0.111111
-1.1166 0.112948
-1.08916 0.126225
-1.06722 0.0902471
-1.08368 0.073026
-1.09465 0.0658003
-1.0727 0.0616456
-1.01783 0.0475707
-0.957476 0.0563167
-1.02881 0.058951
-1.0727 0.077542
-1.14952 0.120444
-1.13855 0.124283
-1.16598 0.116666
-1.14403 0.105692
-1.03429 0.159342
-1.01783 0.165981
-1.16598 0.184346
-1.2428 0.206158
-1.18244 0.184346
-1.12757 0.16154
-1.10014 0.168224
-1.03978 0.134143
-1.03978 0.116666
-1.10014 0.103916
-1.06173 0.0952599
-1.05624 0.058951
-1.10562 0.0969609
-1.14952 0.118547
-1.14952 0.116666
-1.06173 0.102154
-1.06173 0.126225
-1.05075 0.0715507
-1.06722 0.0821935
-1.06173 0.0969609
-1.10562 0.0935739
-1.10014 0.0952599
-1.09465 0.126225
-1.05075 0.122356
-1.08916 0.107483
-1.12757 0.0886063
-1.16049 0.0886063
-1.0727 0.0869805
-1.07819 0.105692
-1.05624 0.0821935
-1.02332 0.0630155
-1.07819 0.0602908
-1.09465 0.0576263
-1.01235 0.0353172
-1.01783 0.0294012
-1.03429 0.0294012
-0.979424 0.0353172
-0.973937 0.0487749
-1.01783 0.0374096
-1.05624 0.0322914
-1.02332 0.0169821
-0.973937 0.0257583
-0.984911 0.0105844
-1.03978 0.00569207
-1.08368 0.00569207
-1.14952 0.00844685
-1.07819 0.0184423
-1.12209 0.0111565
-1.13855 0.00381039
-1.08916 0.00700172
-1.13306 0.00286203
-1.10014 0.00655012
-1.06173 0.0100275
-1.08916 0.0452073
-1.1166 0.0644004
-1.14952 0.0644004
-1.13306 0.0322914
-1.16598 0.0284679
-1.19342 0.0303496
-1.13306 0.0223562
-1.11111 0.0374096
-1.1989 0.00948553
-1.19342 0.0199627
-1.23182 0.0406611
-1.18244 0.0266464
-1.12209 0.0303496
-1.13855 0.0537426
-1.20439 0.0700906
-1.17695 0.0499943
-1.24829 0.0686454
-1.07819 0.0384784
-1.1166 0.0550221
-1.18244 0.0658003
-1.15501 0.0658003
-1.17147 0.0630155
-1.2428 0.0475707
-1.18793 0.0353172
-1.10562 0.0342936
-1.05075 0.031313
-1.16049 0.077542
-1.10562 0.10929
-1.10014 0.10929
-1.12757 0.163753
-1.17147 0.163753
-1.16598 0.201206
-1.26475 0.2137
-1.33608 0.2137
-1.35254 0.226571
-1.25377 0.208657
-1.15501 0.138192
-1.16598 0.157159
-1.23731 0.132141
-1.22085 0.100408
-1.18244 0.128182
-1.18793 0.132141
-1.26475 0.150702
-1.23182 0.177346
-1.19342 0.148579
-1.13855 0.140239
-1.16049 0.172755
-1.18793 0.120444
-1.15501 0.142302
-1.18244 0.124283
-1.24829 0.114799
-1.30864 0.165981
-1.35802 0.168224
-1.14952 0.146472
-1.12757 0.122356
-1.09465 0.102154
-1.08916 0.0760216
-1.07819 0.0487749
-1.18244 0.0463814
-1.19342 0.0475707
-1.10014 0.0248852
-1.11111 0.0142424
-1.03429 0.0105844
-0.995885 0.0031631
-0.962963 0.00117605
-1.01235 0.00286203
-1.08368 0.000679285
-1.08368 0.00180829
-1.11111 0.00117605
-1.09465 0.000679285
-1.14403 0.00948553
-1.03429 0.00895866
-1.12757 0.00948553
-1.14403 0.0129629
-1.13855 0.00117605
-1.15501 0.000679285
-1.1989 0.00895866
-1.2428 4.70419e-05
-1.22085 0.00158249
-1.10562 0.00895866
-1.14952 0.00700172
-1.13855 0.0199627
-1.17147 0.0199627
-1.08916 0.00844685
-1.11111 0.00489424
-1.18244 0.0169821
-1.24829 0.000543804
-1.16598 1.69351e-05
-1.18244 0.000227683
-1.18244 1.69351e-05
-1.16598 0.00137174
-1.07819 0.000829819
-1.04527 0.00180829
-1.02332 9.22021e-05
-1.06722 0.00795008
-1.09465 0.00489424
-1.03978 0.00746837
-1.16049 0.00204915
-1.17147 0.00700172
-1.11111 0.00489424
-1.16049 0.00611357
-1.12757 0.00528563
-1.16049 0.00347922
-1.13306 0.00158249
-1.16049 0.000423377
-1.10562 1.88168e-06
-1.1166 0.00117605
-1.22085 1.69351e-05
-1.21536 0.000829819
-1.16049 0.00655012
-1.17695 0.00569207
-1.1166 0.0142424
-1.12209 0.0142424
-1.13855 0.0149048
-1.18793 0.0100275
-1.17147 0.00528563
-1.19342 0.0111565
-1.13306 0.00569207
-1.11111 0.000995407
-1.13855 0.000227683
-1.12209 0.000679285
-1.09465 0.0100275
-1.14952 0.0207455
-1.20988 0.0123457
-1.17695 0.0162746
-1.05624 0.0105844
-1.05624 0.00655012
-1.0727 0.00746837
-1.13306 0.000152416
-1.05624 1.69351e-05
-1.14952 0.000152416
-1.12209 0.00451791
-1.12209 0.00795008
-1.04527 0.00611357
-1.08916 0.00117605
-1.1166 0.00489424
-1.12209 0.00611357
-1.14403 0.00700172
-1.17695 0.00655012
-1.18244 0.00795008
-1.08916 0.00895866
-1.13855 0.0142424
-1.14403 0.00746837
-1.14952 0.019195
-1.21536 0.0303496
-1.16598 0.0395622
-1.10014 0.0363559
-1.16598 0.0303496
-1.1166 0.0155822
-1.17147 0.0117435
-1.25926 0.0257583
-1.22085 0.0384784
-1.17695 0.0303496
-1.06173 0.0303496
-1.17147 0.0374096
-1.14403 0.031313
-1.12757 0.033285
-1.05075 0.0512286
-1.11111 0.0231841
-1.08368 0.0162746
-1.16598 0.0169821
-1.1989 0.0123457
-1.22085 0.0207455
-1.21536 0.0342936
-1.10562 0.0266464
-1.10562 0.0374096
-1.25377 0.033285
-1.22085 0.0266464
-1.06722 0.033285
-1.13855 0.0550221
-1.05075 0.0322914
-1.07819 0.0475707
-1.05624 0.0550221
-1.08916 0.0616456
-1.08916 0.0837741
-1.1989 0.0935739
-1.18793 0.102154
-1.12757 0.0790775
-1.24829 0.0935739
-1.19342 0.080628
-1.13306 0.073026
-1.16598 0.0672154
-1.1989 0.0550221
-1.20988 0.0686454
-1.1989 0.080628
-1.21536 0.0602908
-1.18793 0.0672154
-1.17695 0.0686454
-1.13306 0.0700906
-1.10562 0.0452073
-1.22085 0.0342936
-1.17147 0.0524781
-1.16598 0.0395622
-1.21536 0.0363559
-1.16049 0.0266464
-1.20439 0.0169821
-1.30864 0.031313
-1.27572 0.031313
-1.20988 0.0499943
-1.22085 0.0658003
-1.26475 0.0384784
-1.25926 0.033285
-1.18244 0.0395622
-1.25377 0.0487749
-1.1989 0.0374096
-1.10014 0.0177047
-1.20988 0.0257583
-1.2428 0.00655012
-1.29767 4.70419e-05
-1.31962 0.00180829
-1.27023 0.000543804
-1.24829 0.00895866
-1.15501 0.00528563
-1.18793 0.0117435
-1.20439 0.00611357
-1.31413 0.00844685
-1.25377 0.00489424
-1.1989 0.0123457
-1.27572 0.00746837
-1.24829 0.0177047
-1.25926 0.019195
-1.25377 0.0374096
-1.17147 0.0440482
-1.12209 0.0576263
-1.17695 0.0576263
-1.1166 0.0487749
-1.10562 0.0322914
-1.15501 0.0487749
-1.17147 0.0715507
-1.21536 0.0487749
-1.25377 0.0384784
-1.15501 0.0207455
-1.03429 0.0303496
-1.12757 0.0417751
-1.11111 0.0417751
-1.09465 0.0353172
-1.1166 0.0463814
-1.16049 0.0672154
-1.21536 0.098677
-1.27023 0.107483
-1.22634 0.124283
-1.12757 0.152839
-1.20988 0.196313
-1.15501 0.221377
-1.2428 0.299565
-1.23731 0.299565
-1.28669 0.362639
-1.369 0.392986
-1.27572 0.314769
-1.30316 0.369277
-1.28669 0.382735
-1.19342 0.284737
-1.19342 0.201206
-1.08916 0.181998
-1.06173 0.124283
-1.08368 0.0969609
-1.0727 0.114799
-1.07819 0.100408
-1.07819 0.128182
-1.11111 0.142302
-1.13306 0.116666
-1.1166 0.116666
-1.18244 0.120444
-1.26475 0.134143
-1.22634 0.114799
-1.12757 0.128182
-1.17147 0.107483
-1.1989 0.120444
-1.15501 0.098677
-1.23731 0.102154
-1.14952 0.073026
-1.18793 0.0853698
-1.14403 0.0576263
-1.27023 0.0353172
-1.16598 0.0177047
-1.21536 0.0129629
-1.23182 0.0199627
-1.2428 0.0129629
-1.12757 0.0031631
-1.23731 0.000423377
-1.1989 1.88168e-06
-1.28121 0.000995407
-1.26475 1.88168e-06
-1.31962 0.000227683
-1.35802 0.00158249
-1.26475 0.000679285
-1.13855 0.000227683
-1.08916 0.000829819
-1.14952 0.00204915
-1.08916 0.000995407
-1.20439 0.000829819
-1.14952 0.00137174
-1.14952 0.000543804
-1.23182 0.00655012
-1.2428 0.000423377
-1.19342 4.70419e-05
-1.15501 0.000995407
-1.1989 0.000152416
-1.1989 0.00158249
-1.14403 0.0031631
-1.16049 0.00489424
-1.20988 0.0135951
-1.16049 0.0155822
-1.14952 0.0169821
-1.20988 0.00795008
-1.26475 0.000318003
-1.19342 0.00347922
-1.18793 0.000679285
-1.14952 1.88168e-06
-1.13306 0.00528563
-1.14403 1.88168e-06
-1.17147 0.00381039
-1.17147 1.69351e-05
-1.15501 0.000423377
-1.0727 0.00257602
-1.01783 0.000318003
-1.06722 0.000829819
-1.12209 0.000318003
-1.10562 0.000318003
-1.10014 0.000829819
-1.17695 0.00257602
-1.1166 1.69351e-05
-1.07819 0.000423377
-1.05075 0.00700172
-1.18244 0.000318003
-1.10562 0.00180829
-1.13855 0.00158249
-1.14952 0.00257602
-1.18244 0.00844685
-1.13306 0.00611357
-1.12757 0.00895866
-1.15501 0.0149048
-1.13306 0.0162746
-1.0727 0.0417751
-1.08916 0.0417751
-1.13855 0.0550221
-1.17695 0.0342936
-1.17695 0.0395622
-1.11111 0.0395622
-1.1166 0.0303496
-1.10014 0.0184423
-1.18793 0.00746837
-1.18244 0.0142424
-1.12209 0.019195
-1.1989 0.0223562
-1.16598 0.0440482
-1.14952 0.0452073
-1.1989 0.0853698
-1.08916 0.105692
-1.12757 0.111111
-1.22634 0.112948
-1.23731 0.0886063
-1.16598 0.0790775
-1.08368 0.0658003
-1.08368 0.0576263
-1.06722 0.0658003
-1.05624 0.150702
-1.05075 0.126225
-1.08368 0.0969609
-1.03429 0.0869805
-1.04527 0.0790775
-1.10014 0.0760216
-1.08916 0.0700906
-1.07819 0.100408
-1.14403 0.105692
-1.17147 0.179664
-1.22634 0.191481
-1.1989 0.19389
-1.23182 0.13616
-1.25377 0.124283
-1.25377 0.172755
-1.20988 0.191481
-1.16598 0.157159
-1.17147 0.154992
-1.19342 0.191481
-1.16598 0.179664
-1.14403 0.218803
-1.1989 0.237138
-1.22085 0.314769
-1.26475 0.339878
-1.27572 0.273146
-1.16598 0.226571
-1.19342 0.189088
-1.30316 0.191481
-1.21536 0.148579
-1.23182 0.19389
-1.29767 0.198752
-1.26475 0.189088
-1.18244 0.175043
-1.12757 0.100408
-1.19342 0.148579
-1.13855 0.154992
-1.22085 0.216244
-1.23182 0.196313
-1.22085 0.157159
-1.19342 0.150702
-1.23182 0.216244
-1.22085 0.223967
-1.23731 0.211171
-1.22085 0.234474
-1.19342 0.237138
-1.24829 0.258996
-1.28121 0.19389
-1.27023 0.189088
-1.25926 0.168224
-1.24829 0.168224
-1.26475 0.163753
-1.26475 0.175043
-1.18793 0.19389
-1.19342 0.150702
-1.1166 0.103916
-1.13306 0.0644004
-1.04527 0.100408
-1.08916 0.134143
-1.10562 0.179664
-1.13306 0.181998
-1.19342 0.22919
-1.16598 0.16154
-1.19342 0.196313
-1.06722 0.154992
-1.10014 0.159342
-1.13306 0.175043
-1.0727 0.189088
-1.14952 0.245222
-1.17147 0.22919
-1.16598 0.198752
-1.18244 0.196313
-1.14403 0.172755
-1.17695 0.168224
-1.14403 0.165981
-1.10562 0.138192
-1.17695 0.140239
-1.15501 0.0902471
-1.12757 0.0886063
-1.13855 0.0745163
-1.14952 0.091903
-1.2428 0.0853698
-1.17147 0.0452073
-1.12209 0.031313
-1.11111 0.0169821
-1.1166 0.0155822
-1.17695 0.0463814
-1.10014 0.0429041
-1.08916 0.0363559
-1.06722 0.0231841
-1.05624 0.033285
-1.06173 0.0223562
-1.08916 0.0223562
-1.20439 0.0374096
-1.25377 0.058951
-1.26475 0.0760216
-1.24829 0.0837741
-1.21536 0.0886063
-1.19342 0.0487749
-1.19342 0.0902471
-1.21536 0.157159
-1.28669 0.189088
-1.23731 0.223967
-1.25377 0.19389
-1.29767 0.159342
-1.3251 0.163753
-1.369 0.198752
-1.34705 0.237138
-1.30864 0.223967
-1.28121 0.250686
-1.33059 0.253441
-1.30864 0.245222
-1.41289 0.231824
-1.35254 0.296569
-1.31962 0.270286
-1.34156 0.290623
-1.28121 0.330349
-1.28669 0.311698
-1.25377 0.273146
-1.22085 0.273146
-1.11111 0.211171
-1.14952 0.211171
-1.14952 0.221377
-1.19342 0.256211
-1.34156 0.320956
-1.35254 0.308642
-1.31413 0.349542
-1.26475 0.339878
-1.10562 0.250686
-1.09465 0.152839
-1.07819 0.177346
-1.10014 0.16154
-1.13306 0.128182
-1.1166 0.148579
-1.18793 0.157159
-1.25377 0.152839
-1.17147 0.154992
-1.18244 0.157159
-1.15501 0.175043
-1.13306 0.148579
-1.16049 0.172755
-1.08368 0.203675
-1.14403 0.172755
-1.14403 0.124283
-1.06173 0.138192
-1.22634 0.152839
-1.20439 0.118547
-1.20439 0.124283
-1.10562 0.148579
-1.16598 0.13616
-1.14403 0.0790775
-1.16598 0.073026
-1.13855 0.0935739
-1.17147 0.0790775
-1.18793 0.0969609
-1.20439 0.111111
-1.23182 0.116666
-1.20439 0.091903
-1.09465 0.0563167
-1.17695 0.058951
-1.10562 0.0658003
-1.03978 0.105692
-1.10014 0.098677
-1.08368 0.118547
-1.17695 0.146472
-1.1989 0.116666
-1.18793 0.0969609
-1.20988 0.0602908
-1.15501 0.019195
-1.11111 0.0149048
-1.15501 0.0207455
-1.24829 0.000423377
-1.23731 0.00381039
-1.12757 0.000679285
-1.04527 0.00895866
-0.995885 0.00844685
-1.11111 0.00795008
-1.23731 0.033285
-1.24829 0.0257583
-1.16598 0.0294012
-1.16049 0.0149048
-1.16598 0.0123457
-1.13855 0.0207455
-1.11111 0.00895866
-1.15501 0.00895866
-1.14403 0.0155822
-1.14952 0.0275496
-1.18244 0.0199627
-1.16598 0.0215433
-1.10562 0.0294012
-1.20439 0.0440482
-1.13306 0.0563167
-0.979424 0.0429041
-1.05624 0.0537426
-1.12757 0.0440482
-1.13306 0.0745163
-1.17147 0.102154
-1.10562 0.142302
-1.02881 0.114799
-1.04527 0.080628
-1.11111 0.0760216
-0.984911 0.0644004
-1.09465 0.0686454
-1.12209 0.058951
-1.16598 0.0644004
-1.13306 0.100408
-1.17695 0.0935739
-1.16598 0.0658003
-1.14952 0.0644004
-1.19342 0.0353172
-1.08916 0.0266464
-1.1989 0.0700906
-1.17695 0.0821935
-1.13306 0.0952599
-1.1989 0.100408
-1.08368 0.0700906
-1.06173 0.0374096
-1.05075 0.0266464
-1.22085 0.0342936
-1.18244 0.0284679
-1.24829 0.0199627
-1.23182 0.0207455
-1.20988 0.0123457
-1.20988 0.00655012
-1.22085 0.00895866
-1.17147 0.0162746
-1.14403 0.00655012
-1.12209 0.00257602
-1.17147 0.0100275
-1.13855 0.00528563
-1.0727 0.0111565
-1.08916 0.00948553
-1.0727 0.00347922
-1.16049 0.000543804
-1.24829 9.22021e-05
-1.14952 0.00257602
-1.18244 0.0105844
-1.2428 0.0100275
-1.20439 0.00286203
-1.23182 0.00204915
-1.22085 0.0135951
-1.17147 0.0100275
-1.10014 0.00204915
-1.10562 0.00137174
-1.07819 0.0135951
-1.08916 0.0169821
-1.12757 0.0142424
-1.08368 0.00528563
-1.17695 0.0117435
-1.18244 0.0199627
-1.16049 0.0215433
-1.15501 0.0162746
-1.12209 0.0123457
-1.11111 0.0105844
-1.1166 0.0177047
-0.990398 0.00528563
-1.04527 0.00528563
-1.10562 0.00655012
-1.02881 0.00204915
-1.03978 9.22021e-05
-1.02332 0.000543804
-0.930041 0.000152416
-1.03429 0.000679285
-1.1166 0.000543804
-1.04527 0.000227683
-1.15501 0.000995407
-1.10014 0.000318003
-1.0727 0.00569207
-1.18793 0.00655012
-1.17147 0.00844685
-1.12757 0.00347922
-1.12757 0.00158249
-1.20988 0.00746837
-1.18793 0.00895866
-1.17695 0.0031631
-1.17695 0.00381039
-1.17695 1.69351e-05
-1.21536 0.00381039
-1.28669 0.0100275
-1.28121 0.0169821
-1.2428 0.0142424
-1.18793 0.0184423
-1.17695 0.00569207
-1.24829 0.00204915
-1.22634 9.22021e-05
-1.1989 0.000423377
-1.22634 0.00286203
-1.20988 0.00451791
-1.08916 0.00746837
-1.02881 0.00286203
-1.03978 0.000318003
-1.01783 0.00204915
-1.08368 0.0169821
-1.10014 0.0177047
-1.06722 0.019195
-1.03978 0.0155822
-1.05624 0.00415662
-1.12209 0.00180829
-1.16598 0.000318003
-1.25926 4.70419e-05
-1.28669 0.000679285
-1.22085 9.22021e-05
-1.18793 0.000829819
-1.22634 0.000543804
-1.14403 0.00137174
-1.12209 0.00746837
-1.11111 0.00381039
-1.18244 0.0117435
-1.1166 0.0111565
-1.1166 0.0322914
-1.20988 0.0342936
-1.12757 0.0105844
-1.22085 0.0117435
-1.17695 0.0031631
-1.08368 0.0105844
-1.07819 0.0223562
-1.07819 0.0303496
-0.995885 0.0117435
-1.09465 0.00528563
-1.05075 0.0162746
-1.09465 0.0257583
-1.09465 0.0275496
-1.12757 0.0162746
-1.03978 0.0177047
-1.02881 0.00611357
-0.995885 0.0031631
-1.08368 0.00655012
-1.01235 0.0199627
-1.00686 0.0257583
-1.08916 0.0512286
-1.05624 0.0452073
-1.08916 0.0686454
-1.06173 0.0715507
-1.09465 0.0616456
-1.09465 0.0630155
-1.10562 0.0790775
-1.11111 0.0969609
-1.01235 0.080628
-1.11111 0.111111
-1.22085 0.2137
-1.23731 0.278911
-1.34705 0.305601
-1.21536 0.290623
-1.20988 0.22919
-1.14952 0.253441
-1.16598 0.191481
-1.18244 0.206158
-1.24829 0.247947
-1.20988 0.250686
-1.16049 0.191481
-1.20988 0.19389
-1.17695 0.184346
-1.18244 0.157159
-1.16049 0.157159
-1.18244 0.206158
-1.19342 0.208657
-1.20439 0.191481
-1.18244 0.211171
-1.20988 0.267441
-1.19342 0.256211
-1.20439 0.276021
-1.25377 0.320956
-1.27023 0.35606
-1.27572 0.339878
-1.28121 0.349542
-1.34705 0.346306
-1.25926 0.314769
-1.1989 0.231824
-1.2428 0.231824
-1.1166 0.221377
-1.11111 0.226571
-1.26475 0.261796
-1.29767 0.281817
-1.43484 0.386137
-1.35254 0.372619
-1.35802 0.336686
-1.40192 0.287673
-1.38546 0.403373
-1.40192 0.431734
-1.41289 0.461058
-1.41838 0.479875
-1.46228 0.45734
-1.47325 0.487507
-1.41838 0.468539
-1.28669 0.349542
-1.3251 0.417433
-1.22634 0.362639
-1.31962 0.369277
-1.34156 0.428136
-1.44582 0.483683
-1.37997 0.446275
-1.35254 0.431734
-1.30864 0.449948
-1.28121 0.420986
-1.31962 0.442617
-1.25926 0.382735
-1.18244 0.336686
-1.11111 0.290623
-1.19342 0.324072
-1.10562 0.245222
-1.2428 0.264611
-1.30864 0.314769
-1.16598 0.296569
-1.20439 0.281817
-1.22634 0.308642
-1.28121 0.320956
-1.24829 0.284737
-1.1989 0.311698
-1.27023 0.35606
-1.27572 0.379348
-1.24829 0.406865
-1.24829 0.389554
-1.08368 0.302575
-1.07819 0.324072
-1.11111 0.284737
-1.15501 0.311698
-1.16049 0.359342
-1.18244 0.362639
-1.18793 0.327203
-1.14403 0.305601
-1.26475 0.336686
-1.22634 0.35606
-1.19342 0.349542
-1.27023 0.396433
-1.22085 0.339878
-1.12209 0.305601
-1.18244 0.339878
-1.12209 0.330349
-1.19342 0.314769
-1.2428 0.36595
-1.24829 0.317855
-1.30316 0.330349
-1.23182 0.281817
-1.2428 0.343084
-1.28121 0.320956
-1.30316 0.379348
-1.31962 0.336686
-1.25926 0.293589
-1.27023 0.320956
-1.21536 0.314769
-1.28669 0.330349
-1.24829 0.314769
-1.27572 0.270286
-1.29218 0.349542
-1.27023 0.379348
-1.23182 0.399896
-1.18244 0.33351
-1.1989 0.435347
-1.28669 0.522596
-1.34156 0.52657
-1.38546 0.52657
-1.37997 0.453636
-1.43484 0.522596
-1.48971 0.613504
-1.51166 0.592203
-1.41838 0.546667
-1.44033 0.522596
-1.43484 0.538583
-1.39095 0.52657
-1.37449 0.483683
-1.34705 0.453636
-1.35802 0.472303
-1.35254 0.453636
-1.31413 0.453636
-1.37997 0.499068
-1.3251 0.464791
-1.36351 0.514693
-1.39095 0.52657
-1.43484 0.604938
-1.42387 0.596433
-1.47874 0.630815
-1.39643 0.550731
-1.45679 0.546667
-1.41289 0.538583
-1.37997 0.518637
-1.35254 0.514693
-1.42387 0.583788
-1.42387 0.622129
-1.3251 0.558905
-1.37997 0.571279
-1.41838 0.613504
-1.43484 0.571279
-1.35254 0.50685
-1.33608 0.464791
-1.31962 0.476081
-1.34156 0.495199
-1.27023 0.491345
-1.30316 0.461058
-1.30864 0.428136
-1.369 0.487507
-1.31962 0.438974
-1.31962 0.406865
-1.2428 0.35606
-1.24829 0.343084
-1.2428 0.346306
-1.28669 0.343084
-1.23731 0.362639
-1.18244 0.305601
-1.20988 0.314769
-1.12209 0.264611
-1.15501 0.267441
-1.10562 0.264611
-1.06722 0.2137
-1.18793 0.261796
-1.18244 0.218803
-1.22085 0.223967
-1.28669 0.299565
-1.23182 0.287673
-1.23182 0.290623
-1.11111 0.273146
-1.13306 0.302575
-1.16049 0.339878
-1.3251 0.420986
-1.37449 0.453636
-1.30316 0.424553
-1.27572 0.438974
-1.23731 0.438974
-1.33059 0.449948
-1.29767 0.431734
-1.25377 0.359342
-1.27572 0.362639
-1.18793 0.311698
-1.1989 0.327203
-1.17695 0.245222
-1.18244 0.261796
-1.22634 0.293589
-1.23182 0.352794
-1.22085 0.314769
-1.30316 0.327203
-1.16598 0.293589
-1.23182 0.302575
-1.22634 0.324072
-1.29767 0.330349
-1.26475 0.389554
-1.39643 0.468539
-1.33059 0.464791
-1.25377 0.379348
-1.33059 0.399896
-1.35254 0.420986
-1.42936 0.449948
-1.369 0.468539
-1.38546 0.510764
-1.40741 0.476081
-1.44582 0.453636
-1.43484 0.476081
-1.33608 0.476081
-1.37449 0.479875
-1.38546 0.483683
-1.3251 0.449948
-1.39095 0.476081
-1.40741 0.499068
-1.34705 0.369277
-1.27572 0.413895
-1.28121 0.386137
-1.29218 0.399896
-1.29767 0.424553
-1.30316 0.406865
-1.30864 0.420986
-1.23182 0.343084
-1.2428 0.386137
-1.28121 0.417433
-1.37449 0.431734
-1.29767 0.372619
-1.3251 0.375976
-1.30316 0.343084
-1.26475 0.305601
-1.30864 0.296569
-1.2428 0.293589
-1.16049 0.311698
-1.31413 0.33351
-1.27023 0.287673
-1.24829 0.267441
-1.31962 0.327203
-1.17695 0.276021
-1.13306 0.273146
-1.23731 0.299565
-1.22085 0.284737
-1.1989 0.237138
-1.30864 0.256211
-1.17147 0.242512
-1.2428 0.245222
-1.22634 0.206158
-1.3251 0.250686
-1.21536 0.22919
-1.26475 0.317855
-1.28669 0.35606
-1.1989 0.320956
-1.27023 0.299565
-1.30864 0.375976
-1.24829 0.359342
-1.20439 0.372619
-1.16598 0.336686
-1.2428 0.442617
-1.1989 0.352794
-1.24829 0.359342
-1.16049 0.359342
-1.27572 0.403373
-1.21536 0.386137
-1.25377 0.379348
-1.31413 0.442617
-1.35802 0.479875
-1.47325 0.546667
-1.4513 0.563015
-1.44033 0.613504
-1.50069 0.617809
-1.39643 0.583788
-1.46228 0.626465
-1.34156 0.583788
-1.20988 0.45734
-1.28121 0.52657
-1.24829 0.499068
-1.37997 0.502951
-1.39095 0.563015
-1.40192 0.575434
-1.40192 0.550731
-1.3251 0.502951
-1.33608 0.538583
-1.37449 0.575434
-1.42387 0.592203
-1.29218 0.499068
-1.369 0.522596
-1.42387 0.522596
-1.41838 0.52657
-1.30864 0.453636
-1.22634 0.410373
-1.30864 0.424553
-1.34156 0.495199
-1.37997 0.495199
-1.22634 0.417433
-1.23182 0.389554
-1.23731 0.369277
-1.21536 0.406865
-1.23731 0.417433
-1.31962 0.491345
-1.40192 0.546667
-1.33608 0.538583
-1.31962 0.453636
-1.28669 0.461058
-1.33059 0.476081
-1.28669 0.472303
-1.34156 0.530559
-1.35802 0.468539
-1.30316 0.487507
-1.30864 0.476081
-1.20439 0.406865
-1.23731 0.431734
-1.25926 0.45734
-1.35254 0.491345
-1.24829 0.479875
-1.29767 0.483683
-1.25377 0.449948
-1.3251 0.438974
-1.25926 0.396433
-1.27572 0.343084
-1.20988 0.276021
-1.20988 0.305601
-1.21536 0.336686
-1.27023 0.330349
-1.31962 0.308642
-1.31413 0.276021
-1.27023 0.258996
-1.19342 0.19389
-1.27023 0.191481
-1.27572 0.208657
-1.23731 0.198752
-1.16049 0.157159
-1.22634 0.221377
-1.17147 0.179664
-1.21536 0.168224
-1.0727 0.159342
-1.13855 0.0853698
-1.10014 0.0821935
-1.12209 0.102154
-1.22085 0.148579
-1.18793 0.091903
-1.1989 0.107483
-1.25377 0.102154
-1.20988 0.100408
-1.23182 0.138192
-1.23182 0.116666
-1.30316 0.201206
-1.16598 0.146472
-1.14403 0.105692
-1.28669 0.0869805
-1.16598 0.0440482
-1.19342 0.0231841
-1.18244 0.019195
-1.1989 0.0524781
-1.18793 0.0550221
-1.1989 0.0231841
-1.14403 0.0417751
-1.18244 0.0275496
-1.14952 0.00569207
-1.19342 0.00137174
-1.17695 9.22021e-05
-1.22634 0.00528563
-1.20988 0.00257602
-1.14952 0.019195
-1.14952 0.0149048
-1.10562 0.00795008
-1.16598 0.00895866
-1.12757 0.00844685
-1.16049 0.00528563
-1.14403 0.0105844
-1.25377 0.0257583
-1.16598 0.0105844
-1.19342 0.00700172
-1.05624 0.00528563
-1.05624 0.0169821
-1.11111 0.033285
-1.14952 0.0363559
-1.12209 0.0576263
-1.09465 0.0475707
-1.07819 0.0658003
-1.11111 0.0745163
-1.21536 0.122356
-1.21536 0.154992
-1.35254 0.150702
-1.18244 0.175043
-1.1989 0.203675
-1.20439 0.184346
-1.17695 0.216244
-1.23731 0.181998
-1.23731 0.211171
-1.22634 0.154992
-1.22085 0.177346
-1.31962 0.154992
-1.30316 0.172755
-1.38546 0.159342
-1.41289 0.154992
-1.3251 0.154992
-1.21536 0.138192
-1.13855 0.130154
-1.28669 0.120444
-1.29218 0.126225
-1.29767 0.170482
-1.20439 0.122356
-1.28669 0.114799
-1.25926 0.103916
-1.19342 0.0902471
-1.22634 0.122356
-1.26475 0.140239
-1.28121 0.130154
-1.20988 0.146472
-1.13855 0.114799
-1.21536 0.114799
-1.17147 0.103916
-1.18793 0.116666
-1.20439 0.118547
-1.3251 0.150702
-1.2428 0.146472
-1.23731 0.10929
-1.16598 0.132141
-1.15501 0.150702
-1.17147 0.175043
-1.09465 0.144379
-1.14403 0.114799
-1.11111 0.112948
-1.17147 0.124283
-1.14403 0.105692
-1.08368 0.0616456
-1.20988 0.0576263
-1.17695 0.0429041
-1.26475 0.031313
-1.16598 0.0266464
-1.17147 0.0294012
-1.19342 0.0429041
-1.07819 0.0223562
-1.08916 0.0111565
-1.17695 0.00257602
-1.13306 0.00489424
-1.18244 0.0215433
-1.1166 0.0231841
-1.17147 0.0240271
-0.962963 0.0149048
-1.08916 0.0129629
-1.07819 0.0169821
-1.08916 0.0266464
-1.11111 0.0169821
-1.06722 0.0475707
-1.05624 0.0363559
-1.08368 0.00528563
-1.07819 0.00795008
-1.0727 0.00204915
-1.01235 0.0452073
-1.12757 0.019195
-1.03429 0.0257583
-1.00137 0.033285
-1.03978 0.0353172
-1.03429 0.0257583
-1.13306 0.0142424
-1.12209 0.0248852
-1.15501 0.0177047
-1.16598 0.0135951
-1.14403 0.0207455
-1.21536 0.0563167
-1.10562 0.0406611
-1.13855 0.0266464
-1.12757 0.0322914
-1.2428 0.0537426
-1.27023 0.0902471
-1.17147 0.0700906
-1.15501 0.0686454
-1.06173 0.0576263
-1.13855 0.073026
-1.15501 0.080628
-1.14403 0.102154
-1.08916 0.091903
-1.20988 0.114799
-1.10014 0.111111
-1.20439 0.0869805
-1.17147 0.0969609
-1.18793 0.0760216
-1.18244 0.0576263
-1.2428 0.0745163
-1.11111 0.0869805
-1.16049 0.122356
-1.08368 0.0952599
-1.13855 0.0886063
-1.19342 0.118547
-1.06173 0.0715507
-1.02881 0.0790775
-1.1166 0.0902471
-1.17147 0.0672154
-1.12757 0.0303496
-1.18244 0.0215433
-1.16598 0.0135951
-1.09465 0.0105844
-1.17695 0.0142424
-1.13306 0.00569207
-1.10562 0.00655012
-1.03978 0.0129629
-1.15501 0.00180829
-1.11111 0.0129629
-1.22634 0.0123457
-1.15501 0.0111565
-1.1166 0.0284679
-1.13306 0.0363559
-1.08916 0.0322914
-1.12209 0.0658003
-1.13855 0.102154
-1.20439 0.102154
-1.23182 0.13616
-1.18244 0.0952599
-1.23731 0.118547
-1.13306 0.0715507
-1.10014 0.0686454
-1.15501 0.0644004
-1.10014 0.0935739
-1.17695 0.128182
-1.16049 0.120444
-1.16598 0.0853698
-1.08916 0.0790775
-1.15501 0.0902471
-1.20988 0.0686454
-1.21536 0.0576263
-1.13855 0.0406611
-1.12757 0.0374096
-1.01783 0.0123457
-1.06173 0.00948553
-1.04527 0.000995407
-1.03978 0.000318003
-1.05075 0.000227683
-1.1166 0.00451791
-1.10562 0.00204915
-1.13855 0.0105844
-1.0727 0.00895866
-1.05075 0.0155822
-1.05075 0.00746837
-1.11111 0.00528563
-1.0727 0.00230505
-1.02881 1.69351e-05
-1.13855 0.000152416
-1.02332 0.00137174
-1.07819 1.69351e-05
-1.20439 1.88168e-06
-1.28669 0.0031631
-1.28121 0.000423377
-1.28669 0.000679285
-1.18793 0.000152416
-1.15501 0.00286203
-1.2428 0.00158249
-1.26475 4.70419e-05
-1.22085 0.00489424
-1.1989 0.00230505
-1.17695 0.00204915
-1.13855 0.00795008
-1.08368 0.00795008
-1.20439 0.0184423
-1.13306 0.0111565
-1.11111 9.22021e-05
-1.10014 0.00158249
-1.05624 0.00700172
-1.02332 0.00347922
-1.02332 0.00347922
-1.06722 0.000543804
-1.01783 0.00158249
-1.01235 9.22021e-05
-1.09465 0.000995407
-1.01235 4.70419e-05
-1.05075 0.00117605
-1.02332 1.88168e-06
-1.05075 0.00158249
-1.0727 0.00948553
-1.06173 0.00569207
-1.14403 0.00257602
-1.15501 0.00230505
-1.1166 0.00204915
-1.13306 0.00746837
-1.15501 0.00451791
-1.0727 0.00489424
-1.12757 0.0105844
-1.23182 0.00569207
-1.12209 0.00415662
-1.21536 0.0142424
-1.10014 0.0155822
-1.10014 0.00451791
-1.1166 0.000679285
-1.06173 0.00746837
-1.05624 0.00489424
-1.12209 0.0105844
-1.13855 0.00895866
-1.09465 0.00451791
-1.10014 0.00204915
-1.10014 0.00655012
-1.13306 0.0223562
-1.22634 0.0100275
-1.12757 0.00569207
-1.15501 0.00489424
-1.06173 0.00489424
-1.11111 0.0111565
-1.1989 0.00844685
-1.15501 0.0117435
-1.03978 0.00746837
-1.01783 0.0031631
-1.01783 0.0111565
-0.990398 0.0142424
-1.06722 0.0135951
-1.18244 0.00347922
-1.07819 0.00795008
-1.08916 0.0240271
-1.05075 0.0512286
-1.11111 0.0630155
-1.10562 0.0475707
-1.08916 0.077542
-1.11111 0.080628
-1.05075 0.0686454
-1.06722 0.0902471
-1.12757 0.118547
-1.19342 0.102154
-1.18244 0.0821935
-1.20439 0.114799
-1.23731 0.107483
-1.18793 0.107483
-1.17695 0.124283
-1.10014 0.130154
-1.20439 0.130154
-1.23182 0.124283
-1.12209 0.103916
-1.17695 0.098677
-1.23182 0.112948
-1.17695 0.122356
-1.16598 0.118547
-1.13855 0.120444
-1.09465 0.0869805
-0.990398 0.102154
-0.96845 0.0969609
-1.01783 0.114799
-0.957476 0.116666
-0.995885 0.112948
-1.17147 0.165981
-1.13855 0.16154
-1.10562 0.150702
-1.17695 0.130154
-1.16598 0.152839
-1.16049 0.122356
-1.08916 0.111111
-1.17147 0.144379
-1.14952 0.124283
-1.20988 0.150702
-1.19342 0.181998
-1.17695 0.184346
-1.2428 0.216244
-1.12757 0.221377
-1.08368 0.198752
-1.16598 0.311698
-1.3251 0.389554
-1.34705 0.424553
-1.27572 0.431734
-1.23731 0.372619
-1.27572 0.36595
-1.22085 0.284737
-1.22634 0.299565
-1.23182 0.33351
-1.2428 0.396433
-1.25377 0.382735
-1.29767 0.375976
-1.33059 0.389554
-1.28121 0.317855
-1.23731 0.299565
-1.28669 0.256211
-1.1989 0.172755
-1.18244 0.179664
-1.20988 0.206158
-1.17695 0.179664
-1.16049 0.144379
-1.17147 0.152839
-1.17695 0.148579
-1.13306 0.105692
-1.14403 0.0760216
-1.22085 0.0935739
-1.16598 0.100408
-1.15501 0.111111
-1.18244 0.0576263
-1.1166 0.0406611
-1.11111 0.0463814
-1.1166 0.0499943
-1.06173 0.0715507
-1.00137 0.0429041
-1.05075 0.0429041
-1.0727 0.0790775
-1.03429 0.0760216
-1.06173 0.0886063
-1.08916 0.0837741
-1.05624 0.170482
-1.18793 0.150702
-1.11111 0.130154
-1.16598 0.098677
-1.10014 0.073026
-1.11111 0.0700906
-1.0727 0.0417751
-1.07819 0.0342936
-1.09465 0.0452073
-1.10562 0.033285
-1.10014 0.033285
-1.14403 0.0602908
-1.13855 0.0760216
-1.05075 0.0745163
-1.10014 0.0658003
-1.04527 0.0935739
-1.1166 0.103916
-1.0727 0.10929
-1.05624 0.0935739
-1.11111 0.0700906
-1.04527 0.0686454
-1.20439 0.058951
-1.12209 0.0499943
-1.07819 0.0429041
-1.01783 0.0353172
-1.06173 0.0417751
-1.02881 0.019195
-1.10014 0.0117435
-1.16049 0.00795008
-1.12757 0.0231841
-1.23182 0.0100275
-1.19342 0.0177047
-1.21536 0.00347922
-1.17695 0.000318003
-1.06722 0.000679285
-1.11111 0.00137174
-1.16049 1.88168e-06
-1.12757 0.000543804
-1.08368 0.00230505
-1.1166 0.000679285
-1.14403 0.000227683
-1.08916 0.000227683
-1.14952 0.00844685
-1.0727 0.00569207
-1.14952 0.00117605
-1.12209 0.00489424
-1.19342 0.000995407
-1.05624 0.00415662
-1.11111 0.0155822
-1.14952 0.0135951
-1.01235 0.0303496
-1.13306 0.0207455
-1.17147 0.0199627
-1.17147 0.0100275
-1.17695 0.00528563
-1.18244 0.00451791
-1.23731 0.0123457
-1.20988 0.0123457
-1.22085 0.0363559
-1.25926 0.0363559
-1.20439 0.0353172
-1.24829 0.0384784
-1.18793 0.0248852
-1.20988 0.0452073
-1.22634 0.0303496
-1.22085 0.0303496
-1.30316 0.0429041
-1.22634 0.019195
-1.25377 0.0231841
-1.22085 0.0275496
-1.23731 0.0429041
-1.25926 0.0363559
-1.1989 0.0100275
-1.20988 0.000829819
-1.14952 0.00415662
-1.16049 0.00257602
-1.20988 0.00204915
-1.14403 0.00286203
-1.14952 0.00137174
-1.14403 0.000995407
-1.13306 0.000152416
-1.09465 0.000318003
-1.25926 0.000227683
-1.20988 0.000318003
-1.16049 0.000318003
-1.12757 0.00381039
-1.03429 0.00415662
-1.00686 0.0100275
-1.01783 0.0100275
-1.08916 0.0215433
-1.05624 0.0294012
-1.01235 0.0429041
-1.04527 0.0395622
-1.13306 0.0294012
-1.05624 0.0499943
-1.12209 0.0169821
-1.10014 0.0184423
-1.07819 0.0169821
-1.16049 0.0177047
-1.1989 0.0129629
-1.12209 0.0129629
-1.06722 0.0257583
-1.10562 0.00611357
-1.08916 0.00415662
-1.10014 0.00569207
-1.05075 0.0207455
-1.09465 0.0240271
-1.17147 0.0294012
-1.1166 0.0257583
-1.09465 0.0512286
-1.14952 0.0374096
-1.13306 0.0207455
-1.05075 0.0169821
-1.14403 0.0111565
-1.12209 0.00415662
-1.10562 0.00257602
-1.10014 0.00230505
-1.02332 9.22021e-05
-1.08916 1.69351e-05
-1.1166 0.0111565
-1.05075 0.00257602
-1.04527 0.00700172
-1.01235 0.0215433
-1.00137 0.0129629
-1.06173 0.00286203
-1.04527 0.00180829
-1.00686 0.00795008
-1.06722 0.00795008
-1.02332 0.00655012
-1.04527 0.00489424
-1.0727 0.0215433
-1.18244 0.0429041
-1.16049 0.0342936
-1.26475 0.0602908
-1.12209 0.091903
-1.16598 0.0886063
-1.11111 0.077542
-1.0727 0.0475707
-1.01783 0.0363559
-1.16049 0.0395622
-1.08916 0.0240271
-1.11111 0.0240271
-1.03429 0.031313
-1.0727 0.00611357
-1.16598 0.000829819
-1.10014 0.0184423
-1.11111 0.0199627
-1.12757 0.0342936
-1.09465 0.033285
-1.09465 0.0395622
-1.08368 0.0644004
-1.04527 0.0630155
-1.06722 0.0499943
-1.05624 0.0952599
-1.06722 0.111111
-1.11111 0.0886063
-1.16598 0.102154
-1.14403 0.077542
-1.08916 0.0715507
-1.22634 0.0563167
-1.19342 0.0537426
-1.18793 0.0630155
-1.28121 0.0672154
-1.27572 0.058951
-1.30864 0.0952599
-1.2428 0.0935739
-1.1989 0.102154
-1.14952 0.0869805
-1.22085 0.130154
-1.22085 0.126225
-1.13306 0.0902471
-1.12209 0.0853698
-1.20988 0.122356
-1.17147 0.0869805
-1.19342 0.0715507
-1.16598 0.077542
-1.2428 0.103916
-1.14403 0.0902471
-1.05624 0.0745163
-1.05075 0.080628
-1.00686 0.0686454
-1.11111 0.0616456
-1.0727 0.073026
-1.02332 0.0463814
-0.979424 0.0616456
-1.10014 0.0499943
-1.13306 0.0700906
-1.09465 0.0550221
-1.10562 0.0499943
-1.08368 0.0745163
-1.0727 0.116666
-1.08916 0.154992
-1.06722 0.138192
-1.13855 0.177346
-1.21536 0.175043
-1.12209 0.13616
-1.22085 0.107483
-1.18244 0.124283
-1.12757 0.120444
-1.11111 0.0790775
-1.02332 0.0616456
-1.07819 0.0630155
-1.07819 0.080628
-1.18793 0.091903
-1.17147 0.077542
-1.00137 0.0790775
-1.08368 0.0487749
-1.08916 0.0715507
-1.06722 0.0821935
-1.04527 0.0429041
-1.09465 0.0616456
-1.03429 0.0384784
-1.13306 0.0257583
-1.14952 0.0155822
-1.14952 0.00528563
-1.08916 0.0111565
-1.13306 0.0177047
-1.08368 0.00569207
-1.06722 0.0123457
-1.07819 0.00204915
-1.12757 0.0105844
-1.19342 0.000995407
-1.18793 1.88168e-06
-1.18244 0.000318003
-1.1989 1.88168e-06
-1.13306 0.000423377
-1.10014 0.000423377
-1.17147 0.000543804
-1.17695 0.000995407
-1.14403 0.0275496
-1.25926 0.0374096
-1.31962 0.0294012
-1.34705 0.0215433
-1.29767 0.0184423
-1.3251 0.0342936
-1.33608 0.0463814
-1.20988 0.0275496
-1.18793 0.0353172
-1.24829 0.0322914
-1.22085 0.0135951
-1.17695 0.0257583
-1.13306 0.00611357
-1.19342 0.00895866
-1.19342 0.0266464
-1.05075 0.0353172
-1.10562 0.0429041
-1.08916 0.0342936
-1.13855 0.0284679
-1.18793 0.0384784
-1.20439 0.0886063
-1.20988 0.098677
-1.09465 0.112948
-0.995885 0.0935739
-1.05624 0.126225
-1.1166 0.0902471
-1.16049 0.103916
-1.16598 0.0790775
-1.18244 0.0745163
-1.12757 0.0790775
-1.17147 0.0672154
-1.10014 0.0886063
-1.09465 0.0686454
-1.05075 0.0550221
-1.07819 0.0563167
-1.14952 0.0537426
-1.09465 0.0406611
-1.12757 0.0342936
-1.00686 0.0223562
-0.957476 0.0184423
-0.995885 0.00700172
-1.01235 0.0129629
-0.990398 0.0463814
-1.06173 0.0353172
-1.16598 0.0853698
-1.10014 0.077542
-1.15501 0.0686454
-1.20988 0.0644004
-1.12209 0.0550221
-1.13306 0.103916
-1.06722 0.10929
-1.14403 0.13616
-1.20439 0.140239
-1.24829 0.142302
-1.35254 0.16154
-1.22634 0.124283
-1.18244 0.118547
-1.20439 0.114799
-1.12757 0.103916
-1.1166 0.0602908
-1.23182 0.0715507
-1.20988 0.0563167
-1.19342 0.0429041
-1.15501 0.0257583
-1.18793 0.0117435
-1.20988 0.0223562
-1.17147 0.0248852
-1.21536 0.0248852
-1.10562 0.0177047
-1.18244 0.0463814
-1.13306 0.0374096
-1.05624 0.033285
-1.14403 0.0384784
-1.00686 0.0284679
-1.08916 0.0463814
-1.12757 0.0363559
-1.19342 0.0303496
-1.13306 0.00844685
-1.05624 0.0240271
-1.03978 0.0169821
-0.957476 0.0303496
-0.886145 0.0499943
-0.897119 0.058951
-0.990398 0.0550221
-1.00686 0.0177047
-1.02332 0.00655012
-0.990398 0.0207455
-1.01783 0.0406611
-0.941015 0.033285
-1.02881 0.0223562
-1.02332 0.0384784
-1.07819 0.0440482
-1.19342 0.0644004
-1.2428 0.0294012
-1.18244 0.0440482
-1.21536 0.033285
-1.30316 0.0429041
-1.25377 0.0384784
-1.22085 0.0463814
-1.18244 0.058951
-1.20439 0.0602908
-1.17695 0.0672154
-1.17147 0.0537426
-1.18793 0.0602908
-1.1166 0.0231841
-1.16598 0.0406611
-1.19342 0.0440482
-1.14403 0.0563167
-1.16598 0.0672154
-1.26475 0.130154
-1.22634 0.148579
-1.19342 0.130154
-1.13855 0.0935739
-1.18244 0.102154
-1.20988 0.0935739
-1.14403 0.105692
-1.2428 0.157159
-1.18793 0.148579
-1.18793 0.175043
-1.25926 0.258996
-1.35802 0.296569
-1.37997 0.299565
-1.42936 0.299565
-1.41289 0.293589
-1.37997 0.305601
-1.28121 0.258996
-1.29218 0.239818
-1.23731 0.208657
-1.23182 0.218803
-1.12757 0.177346
-1.05075 0.157159
-1.12209 0.138192
-1.18793 0.181998
-1.14403 0.181998
-1.13855 0.184346
-1.19342 0.19389
-1.1989 0.19389
-1.28121 0.276021
-1.22634 0.261796
-1.29767 0.287673
-1.31413 0.226571
-1.24829 0.196313
-1.23731 0.198752
-1.23182 0.201206
-1.11111 0.132141
-1.11111 0.124283
-1.08916 0.111111
-1.10014 0.0550221
-1.08916 0.0745163
-1.08368 0.0563167
-1.03429 0.0417751
-1.03429 0.0303496
-1.00686 0.0384784
-1.00137 0.0463814
-1.05075 0.0342936
-1.17147 0.031313
-1.12209 0.0576263
-1.10014 0.0672154
-1.07819 0.077542
-1.06722 0.0576263
-1.07819 0.0686454
-1.08916 0.0440482
-1.09465 0.0487749
-1.12757 0.0231841
-1.19342 0.019195
-1.06722 0.00381039
-1.13306 0.00137174
-1.13855 0.000543804
-1.08916 1.69351e-05
-1.05624 0.00137174
-1.00137 0.000318003
-1.12757 1.88168e-06
-1.10562 0.000995407
-1.15501 0.00746837
-1.08368 0.00347922
-1.13306 0.000318003
-1.05075 0.00180829
-0.990398 1.69351e-05
-1.1989 0.00137174
-1.15501 0.00137174
-1.08368 0.00347922
-1.17695 0.000829819
-1.18244 0.0117435
-1.19342 0.00795008
-1.29218 0.00180829
-1.13855 0.00137174
-1.23182 0.00569207
-1.21536 0.00948553
-1.2428 0.000227683
-1.08368 0.00381039
-1.1166 1.88168e-06
-0.984911 0.00180829
-1.00137 9.22021e-05
-1.03429 0.000318003
-1.01235 0.00230505
-1.11111 0.00895866
-1.12757 0.0155822
-1.12209 0.0169821
-1.19342 0.0149048
-1.12209 0.0353172
-1.06722 0.019195
-1.12757 0.0303496
-1.21536 0.033285
-1.25926 0.0563167
-1.22085 0.0342936
-1.28121 0.019195
-1.18244 0.0275496
-1.25377 0.0440482
-1.31962 0.0672154
-1.29767 0.058951
-1.29767 0.0790775
-1.25377 0.0616456
-1.21536 0.0672154
-1.21536 0.0644004
-1.28669 0.0563167
-1.22634 0.0463814
-1.24829 0.0550221
-1.15501 0.0616456
-1.26475 0.102154
-1.22085 0.0630155
-1.17695 0.0630155
-1.25926 0.107483
-1.16049 0.0644004
-1.21536 0.0935739
-1.16049 0.120444
-1.25377 0.122356
-1.23731 0.100408
-1.20988 0.111111
-1.23731 0.118547
-1.2428 0.100408
-1.18244 0.0837741
-1.21536 0.0969609
-1.1989 0.112948
-1.22634 0.116666
-1.20988 0.098677
-1.28669 0.132141
-1.25377 0.152839
-1.22085 0.122356
-1.18793 0.112948
-1.2428 0.111111
-1.14952 0.148579
-1.17147 0.146472
-1.20439 0.172755
-1.13306 0.122356
-1.17147 0.0760216
-1.15501 0.0837741
-1.18793 0.073026
-1.23731 0.073026
-1.18244 0.0686454
-1.23731 0.107483
-1.11111 0.0576263
-1.16598 0.0406611
-1.16598 0.0395622
-1.12209 0.0616456
-1.06173 0.0487749
-1.0727 0.0524781
-1.08368 0.0452073
-1.15501 0.0658003
-1.05075 0.0537426
-1.07819 0.0463814
-1.12209 0.0169821
-1.0727 0.0231841
-1.12757 0.0199627
-1.11111 0.0123457
-1.0727 0.00257602
-0.990398 0.00257602
-1.02332 0.00381039
-1.01783 0.00381039
-1.10014 0.00117605
-1.21536 0.00746837
-1.16049 0.0231841
-1.22085 0.0417751
-1.19342 0.0658003
-1.23182 0.0821935
-1.19342 0.0821935
-1.15501 0.118547
-1.19342 0.091903
-1.23182 0.100408
-1.23731 0.122356
-1.19342 0.111111
-1.27572 0.144379
-1.30864 0.146472
-1.24829 0.154992
-1.30316 0.186709
-1.20439 0.142302
-1.14952 0.124283
-1.18244 0.118547
-1.1989 0.163753
-1.23182 0.163753
-1.23731 0.191481
-1.25377 0.198752
-1.21536 0.239818
-1.23182 0.273146
-1.30316 0.424553
-1.31962 0.410373
-1.22085 0.453636
-1.12757 0.324072
-1.11111 0.296569
-1.16049 0.311698
-1.25926 0.346306
-1.25377 0.33351
-1.18793 0.302575
-1.29767 0.293589
-1.21536 0.250686
-1.05075 0.186709
-1.10562 0.216244
-1.18793 0.281817
-1.27023 0.293589
-1.22634 0.330349
-1.23731 0.352794
-1.17147 0.359342
-1.07819 0.256211
-1.10014 0.175043
-1.13855 0.231824
-1.03978 0.191481
-1.12209 0.189088
-1.12757 0.198752
-1.12209 0.154992
-1.1166 0.175043
-1.12757 0.157159
-1.18244 0.189088
-1.27023 0.247947
-1.19342 0.198752
-1.22085 0.203675
-1.12209 0.114799
-1.11111 0.13616
-1.01235 0.13616
-1.06173 0.0902471
-1.1166 0.0374096
-1.07819 0.0576263
-1.20988 0.0602908
-1.17695 0.0821935
-1.20439 0.112948
-1.18244 0.0837741
-1.06722 0.0658003
-1.13855 0.0342936
-1.02881 0.00948553
-1.06722 0.0184423
-1.09465 0.0149048
-1.11111 0.00257602
-1.09465 1.69351e-05
-1.12757 0.00347922
-1.22085 0.00381039
-1.20439 0.00451791
-1.20988 0.00700172
-1.28669 0.0207455
-1.16598 0.00746837
-1.14403 0.00528563
-1.02881 0.00286203
-1.01235 0.00257602
-0.951989 0.00230505
-1.02881 0.000152416
-1.09465 0.00347922
-1.12209 0.000227683
-1.17695 0.00204915
-1.15501 0.000995407
-1.12209 0.00795008
-1.08916 0.00844685
-1.18793 0.0142424
-1.08916 0.0223562
-1.07819 0.0322914
-1.07819 0.0223562
-1.0727 0.0215433
-1.11111 0.0223562
-1.18793 0.0184423
-1.20439 0.00948553
-1.17147 0.00257602
-1.09465 0.00569207
-1.08916 0.00158249
-1.16598 0.000423377
-1.02332 0.00158249
-1.05624 4.70419e-05
-1.04527 0.00180829
-1.19342 0.00117605
-1.14403 0.00257602
-1.10014 0.000152416
-1.16049 0.00746837
-1.16598 0.0207455
-1.06722 0.0169821
-1.09465 0.0135951
-1.07819 0.0275496
-1.18244 0.0322914
-1.17695 0.058951
-1.13855 0.0644004
-1.18793 0.0616456
-1.08916 0.091903
-1.16598 0.100408
-1.17695 0.10929
-1.21536 0.0790775
-1.19342 0.0658003
-1.14952 0.0952599
-1.16049 0.118547
-1.1166 0.098677
-1.16049 0.0760216
-1.18793 0.077542
-1.1989 0.0644004
-1.15501 0.0760216
-1.02881 0.0499943
-1.07819 0.0686454
-1.05624 0.0672154
-1.14403 0.073026
-1.0727 0.0275496
-1.06173 0.0303496
-0.946502 0.0294012
-0.990398 0.0429041
-1.06722 0.0616456
-1.08916 0.0821935
-1.18793 0.098677
-1.24829 0.107483
-1.31413 0.10929
-1.20439 0.111111
-1.14403 0.0969609
-1.16598 0.120444
-1.13855 0.146472
-1.11111 0.122356
-1.19342 0.0869805
-1.26475 0.13616
-1.2428 0.134143
-1.20439 0.16154
-1.27023 0.146472
-1.29767 0.134143
-1.22634 0.146472
-1.17147 0.146472
-1.20439 0.112948
-1.19342 0.112948
-1.24829 0.118547
-1.29218 0.142302
-1.20439 0.150702
-1.1166 0.134143
-1.12757 0.10929
-1.12757 0.0969609
-1.03978 0.077542
-1.05075 0.0342936
-1.12757 0.0231841
-1.08916 0.00158249
-1.13855 0.000829819
-1.23182 0.00569207
-1.14952 0.00895866
-1.17695 0.00381039
-1.18793 0.00528563
-1.16598 0.00257602
-1.13855 0.0031631
-1.16598 0.000318003
-1.12209 1.69351e-05
-1.13306 0.00137174
-1.16598 0.00158249
-1.17695 0.00451791
-1.21536 0.00204915
-1.13855 0.0162746
-1.11111 0.0129629
-1.10562 0.0294012
-1.12757 0.0353172
-1.10562 0.0149048
-1.1166 0.0199627
-1.27023 0.0215433
-1.25377 0.0284679
-1.23731 0.0155822
-1.16598 0.0231841
-1.14403 0.0248852
-1.1166 0.0417751
-1.12757 0.0475707
-1.10562 0.0658003
-1.21536 0.0576263
-1.17147 0.091903
-1.17695 0.0616456
-1.16598 0.0440482
-1.0727 0.0384784
-1.02332 0.0463814
-1.08368 0.0616456
-1.14403 0.0576263
-1.13855 0.0475707
-1.1989 0.0322914
-1.23182 0.0487749
-1.14952 0.0499943
-1.06173 0.058951
-0.946502 0.058951
-0.995885 0.077542
-1.17147 0.116666
-1.09465 0.107483
-1.13855 0.098677
-1.18244 0.146472
-1.13306 0.138192
-1.0727 0.130154
-1.00686 0.116666
-1.05075 0.103916
-0.990398 0.0869805
-1.13855 0.0790775
-1.12209 0.0616456
-1.12757 0.0672154
-1.10014 0.0524781
-1.05624 0.0184423
-0.995885 0.019195
-0.957476 0.0162746
-1.02332 0.0353172
-1.12209 0.0821935
-1.22085 0.128182
-1.17695 0.10929
-1.18244 0.111111
-1.23731 0.0902471
-1.22085 0.098677
-1.17695 0.077542
-1.33059 0.0952599
-1.33059 0.0686454
-1.27023 0.0935739
-1.26475 0.0790775
-1.23182 0.0700906
-1.27023 0.0935739
-1.28669 0.0853698
-1.33608 0.0969609
-1.31962 0.120444
-1.30864 0.105692
-1.31962 0.132141
-1.27572 0.122356
-1.19342 0.111111
-1.20439 0.13616
-1.22634 0.126225
-1.29767 0.144379
-1.23731 0.103916
-1.26475 0.112948
-1.20439 0.103916
-1.18793 0.107483
-1.09465 0.0563167
-1.17147 0.0440482
-1.04527 0.0275496
-1.13306 0.0395622
-1.13306 0.0463814
-1.25377 0.0417751
-1.1989 0.0499943
-1.18244 0.0524781
-1.24829 0.0745163
-1.21536 0.0550221
-1.18793 0.0406611
-1.16598 0.0644004
-1.26475 0.0902471
-1.27572 0.0658003
-1.31413 0.0715507
-1.25926 0.0869805
-1.21536 0.100408
-1.33059 0.112948
-1.35802 0.181998
-1.34705 0.186709
-1.30316 0.157159
-1.28121 0.206158
-1.24829 0.206158
-1.34156 0.226571
-1.25377 0.168224
-1.28121 0.152839
-1.14403 0.103916
-1.1989 0.105692
-1.18793 0.0935739
-1.20439 0.103916
-1.19342 0.0837741
-1.12209 0.0487749
-1.15501 0.019195
-1.17695 0.0149048
-1.14403 0.0363559
-1.14403 0.0135951
-1.16598 0.0105844
-1.10562 0.0169821
-1.06173 0.0149048
-1.02881 0.0199627
-1.07819 0.0248852
-1.10562 0.0223562
-1.03978 0.019195
-1.12757 0.019195
-1.05075 0.00415662
-1.08368 0.00158249
-1.12757 0.000152416
-1.08368 9.22021e-05
-1.0727 1.88168e-06
-1.14952 0.00655012
-1.10562 0.00137174
-1.14952 0.00381039
-1.1166 0.0117435
-1.1166 0.0142424
-1.12757 0.00381039
-1.14952 0.0149048
-1.10014 0.0248852
-1.16049 0.033285
-1.25926 0.0452073
-1.17695 0.0487749
-1.16049 0.0452073
-1.14952 0.0207455
-1.17147 0.00948553
-1.18244 0.0123457
-1.13855 0.00948553
-1.16049 0.0155822
-1.20439 0.0105844
-1.15501 0.000995407
-1.26475 0.00415662
-1.1989 0.00569207
-1.16598 0.0199627
-1.0727 0.0231841
-1.06722 0.0353172
-1.12757 0.0644004
-1.15501 0.0576263
-1.12209 0.0487749
-1.2428 0.0353172
-1.25377 0.0303496
-1.23182 0.0322914
-1.23182 0.0363559
-1.23182 0.0363559
-1.25926 0.091903
-1.13306 0.0672154
-1.11111 0.0853698
-1.13855 0.0602908
-1.20439 0.0760216
-1.13306 0.0512286
-1.20439 0.0969609
-1.26475 0.103916
-1.14403 0.111111
-1.17695 0.126225
-1.22085 0.111111
-1.18793 0.102154
-1.17695 0.077542
-1.13306 0.0475707
-1.1166 0.0452073
-1.19342 0.0199627
-1.1166 0.0384784
-1.04527 0.0303496
-1.14952 0.0616456
-1.1166 0.0524781
-1.08916 0.0512286
-1.10562 0.0760216
-1.06722 0.105692
-1.18244 0.13616
-1.09465 0.152839
-1.13306 0.168224
-1.09465 0.196313
-1.04527 0.181998
-1.13855 0.181998
-1.08916 0.13616
-1.1166 0.114799
-1.18793 0.150702
-1.18793 0.159342
-1.22085 0.170482
-1.12209 0.234474
-1.12209 0.218803
-1.09465 0.2137
-1.17695 0.276021
-1.17695 0.346306
-1.18793 0.284737
-1.22634 0.305601
-1.28669 0.330349
-1.35254 0.386137
-1.34705 0.352794
-1.37997 0.431734
-1.33608 0.396433
-1.43484 0.420986
-1.40192 0.369277
-1.34705 0.382735
-1.35802 0.35606
-1.25926 0.258996
-1.12209 0.218803
-1.25377 0.247947
-1.26475 0.250686
-1.23731 0.237138
-1.31413 0.234474
-1.23731 0.203675
-1.18244 0.142302
-1.19342 0.118547
-1.09465 0.126225
-1.16049 0.170482
-1.17695 0.196313
-1.17147 0.216244
-1.28121 0.203675
-1.3251 0.179664
-1.23182 0.120444
-1.18244 0.091903
-1.20439 0.140239
-1.27023 0.196313
-1.23182 0.189088
-1.22085 0.132141
-1.21536 0.157159
-1.16049 0.150702
-1.33608 0.181998
-1.30316 0.223967
-1.17695 0.239818
-1.28121 0.261796
-1.33059 0.314769
-1.2428 0.22919
-1.30316 0.234474
-1.24829 0.189088
-1.29218 0.203675
-1.26475 0.177346
-1.18793 0.2137
-1.17695 0.296569
-1.20439 0.302575
-1.25377 0.287673
-1.18244 0.256211
-1.18793 0.293589
-1.21536 0.22919
-1.19342 0.201206
-1.16598 0.22919
-1.18244 0.247947
-1.23182 0.296569
-1.25377 0.359342
-1.20439 0.231824
-1.12757 0.191481
-1.19342 0.168224
-1.16598 0.154992
-1.14403 0.144379
-1.17147 0.154992
-1.13306 0.124283
-1.17695 0.142302
-1.13306 0.111111
-1.16598 0.128182
-1.12209 0.105692
-1.18793 0.13616
-1.16049 0.157159
-1.13855 0.100408
-1.13855 0.098677
-1.06173 0.080628
-1.08916 0.120444
-1.12757 0.130154
-1.15501 0.152839
-1.22085 0.216244
-1.13855 0.132141
-1.16049 0.134143
-1.22085 0.165981
-1.28121 0.159342
-1.1989 0.118547
-1.10562 0.091903
-1.29218 0.080628
-1.24829 0.073026
-1.28121 0.10929
-1.17695 0.0853698
-1.13855 0.077542
-1.12757 0.0353172
-1.04527 0.0374096
-0.957476 0.0384784
-1.07819 0.0715507
-1.00137 0.0700906
-1.10562 0.0969609
-1.16049 0.0969609
-1.06173 0.0821935
-1.20988 0.105692
-1.27572 0.148579
-1.22634 0.163753
-1.20439 0.126225
-1.14952 0.114799
-1.24829 0.111111
-1.18793 0.102154
-1.23182 0.073026
-1.1166 0.0869805
-1.12757 0.091903
-1.18793 0.0853698
-1.19342 0.0700906
-1.22634 0.0616456
-1.15501 0.0363559
-1.17695 0.031313
-1.20988 0.0475707
-1.14952 0.0499943
-1.14952 0.0616456
-1.17695 0.0715507
-1.17695 0.103916
-1.24829 0.122356
-1.31962 0.114799
-1.369 0.132141
-1.29767 0.148579
-1.23731 0.163753
-1.27572 0.177346
-1.30316 0.170482
-1.369 0.258996
-1.40741 0.234474
-1.40192 0.231824
-1.35802 0.247947
-1.29767 0.237138
-1.33059 0.245222
-1.28121 0.239818
-1.37449 0.258996
-1.31413 0.245222
-1.33608 0.253441
-1.31413 0.278911
-1.3251 0.261796
-1.19342 0.253441
-1.28669 0.284737
-1.2428 0.2137
-1.15501 0.2137
-1.21536 0.239818
-1.18793 0.231824
-1.22634 0.264611
-1.25926 0.270286
-1.33608 0.293589
-1.25926 0.308642
-1.25377 0.281817
-1.23182 0.293589
-1.17695 0.278911
-1.22085 0.250686
-1.2428 0.264611
-1.21536 0.264611
-1.20988 0.270286
-1.18793 0.247947
-1.27572 0.299565
-1.26475 0.264611
-1.20988 0.226571
-1.24829 0.287673
-1.18793 0.293589
-1.27023 0.278911
-1.17695 0.270286
-1.13306 0.293589
-1.16049 0.256211
-1.08368 0.208657
-1.12209 0.181998
-1.14952 0.198752
-1.13306 0.234474
-1.13306 0.218803
-1.14403 0.208657
-1.09465 0.247947
-1.17695 0.258996
-1.10562 0.179664
-1.0727 0.138192
-1.13306 0.177346
-1.10562 0.132141
-1.08916 0.114799
-1.18244 0.142302
-1.21536 0.148579
-1.22634 0.223967
-1.22634 0.237138
-1.18793 0.256211
-1.27572 0.314769
-1.14952 0.191481
-1.1989 0.179664
-1.18244 0.223967
-1.23182 0.191481
-1.20439 0.189088
-1.20439 0.208657
-1.09465 0.177346
-1.22634 0.179664
-1.16049 0.177346
-1.19342 0.181998
-1.1989 0.2137
-1.13855 0.226571
-1.13306 0.216244
-1.10014 0.181998
-1.02332 0.130154
-1.10562 0.177346
-1.05075 0.163753
-1.12757 0.175043
-1.13306 0.172755
-1.16049 0.189088
-1.16598 0.218803
-1.22634 0.234474
-1.31413 0.281817
-1.25926 0.327203
-1.2428 0.270286
-1.21536 0.226571
-1.23731 0.250686
-1.25377 0.237138
-1.17147 0.203675
-1.12757 0.172755
-1.10562 0.211171
-1.19342 0.256211
-1.27023 0.343084
-1.29218 0.403373
-1.29218 0.375976
-1.34156 0.386137
-1.34705 0.392986
-1.37997 0.392986
-1.31413 0.396433
-1.2428 0.389554
-1.29767 0.453636
-1.37997 0.420986
-1.22634 0.339878
-1.22085 0.311698
-1.23182 0.311698
-1.26475 0.346306
-1.31962 0.343084
-1.29218 0.343084
-1.18793 0.281817
-1.14952 0.270286
-1.22634 0.267441
-1.1989 0.250686
-1.1989 0.284737
-1.25926 0.317855
-1.23731 0.343084
-1.19342 0.324072
-1.23182 0.290623
-1.20988 0.270286
-1.26475 0.339878
-1.06722 0.270286
-1.08916 0.186709
-1.16598 0.239818
-1.16049 0.267441
-1.15501 0.293589
-1.10014 0.299565
-1.08916 0.261796
-1.17147 0.256211
-1.18244 0.308642
-1.23731 0.343084
-1.24829 0.392986
-1.30864 0.410373
-1.31962 0.35606
-1.369 0.410373
-1.37449 0.453636
-1.47325 0.479875
-1.44582 0.438974
-1.38546 0.464791
-1.33059 0.413895
-1.31962 0.36595
-1.30316 0.375976
-1.22634 0.320956
-1.24829 0.305601
-1.27023 0.276021
-1.28121 0.264611
-1.25926 0.191481
-1.17147 0.159342
-1.21536 0.148579
-1.16598 0.132141
-1.14403 0.122356
-1.18244 0.111111
-1.20988 0.130154
-1.10014 0.100408
-1.13306 0.107483
-1.09465 0.091903
-1.20988 0.100408
-1.20439 0.0700906
-1.17695 0.0499943
-1.16598 0.0475707
-1.06173 0.0363559
-1.13306 0.0322914
-1.13306 0.0231841
-1.07819 0.0374096
-1.05624 0.0790775
-1.12209 0.105692
-1.06173 0.150702
-1.13306 0.181998
-1.12757 0.19389
-1.11111 0.157159
-1.1166 0.22919
-1.27572 0.339878
-1.34705 0.343084
-1.29767 0.339878
-1.3251 0.375976
-1.37449 0.435347
-1.33059 0.369277
-1.29218 0.406865
-1.33608 0.453636
-1.39095 0.461058
-1.40741 0.464791
-1.40741 0.483683
-1.28669 0.359342
-1.17695 0.302575
-1.20988 0.299565
-1.16049 0.287673
-1.17147 0.343084
-1.13855 0.308642
-1.13855 0.281817
-1.23731 0.320956
-1.30864 0.379348
-1.25377 0.382735
-1.27023 0.372619
-1.23731 0.330349
-1.25377 0.336686
-1.34156 0.336686
-1.18793 0.256211
-1.18793 0.256211
-1.23182 0.245222
-1.21536 0.2137
-1.17147 0.181998
-1.25926 0.206158
-1.2428 0.211171
-1.14952 0.201206
-1.18793 0.216244
-1.17147 0.179664
-1.16049 0.148579
-1.12757 0.0969609
-1.04527 0.0869805
-1.10014 0.0935739
-1.12209 0.0745163
-1.23182 0.0700906
-1.14952 0.0487749
-1.0727 0.0248852
-1.08916 0.0162746
-1.13855 0.0149048
-1.02881 0.0100275
-1.09465 0.0248852
-1.04527 0.0395622
-1.03978 0.0155822
-1.06722 0.0162746
-1.10014 0.0155822
-0.979424 0.00746837
-0.990398 0.00204915
-1.0727 0.000152416
-1.23731 0.000152416
-1.22085 0.000543804
-1.17147 1.88168e-06
-1.20988 1.88168e-06
-1.17695 0.00180829
-1.21536 1.69351e-05
-1.16598 0.00611357
-1.18244 9.22021e-05
-1.08916 0.00569207
-1.23731 0.00528563
-1.18244 0.00528563
-1.20439 0.0155822
-1.20439 0.0169821
-1.07819 0.0303496
-1.13855 0.0429041
-1.06722 0.0384784
-1.18793 0.0463814
-1.17147 0.0429041
-1.17695 0.0463814
-1.18244 0.0384784
-1.17695 0.0322914
-1.20988 0.0630155
-1.15501 0.0440482
-1.23182 0.0475707
-1.16049 0.0499943
-1.12757 0.0417751
-1.0727 0.0284679
-1.09465 0.0207455
-1.1166 0.00569207
-1.10562 0.000543804
-1.13306 0.0100275
-1.1166 0.0149048
-1.06173 0.00948553
-1.11111 0.00528563
-1.13306 1.69351e-05
-1.12209 0.000995407
-1.08368 0.00489424
-1.09465 0.00257602
-1.09465 0.000423377
-1.05075 4.70419e-05
-1.17147 0.000423377
-1.17695 0.000679285
-1.07819 9.22021e-05
-1.05624 0.000679285
-1.1166 0.00286203
-1.05624 1.69351e-05
-0.973937 0.00117605
-0.962963 1.88168e-06
-1.01235 1.69351e-05
-1.04527 0.00489424
-1.00686 0.000423377
-1.11111 0.00528563
-1.19342 0.0215433
-1.14952 0.0257583
-1.14403 0.0322914
-1.09465 0.0550221
-1.17695 0.0266464
-1.16598 0.0231841
-1.12757 0.019195
-1.1989 0.0363559
-1.08368 0.0207455
-1.08916 0.0406611
-1.08916 0.0303496
-1.05075 0.033285
-1.11111 0.0266464
-1.23182 0.0142424
-1.17147 0.033285
-1.20988 0.0275496
-1.20988 0.0135951
-1.15501 0.00895866
-1.17147 0.0105844
-1.15501 0.0100275
-1.21536 0.0231841
-1.10014 0.0135951
-1.17695 0.0031631
-1.14403 0.00569207
-1.16049 0.00381039
-1.17147 0.000995407
-1.10014 0.00286203
-1.10014 0.00204915
-1.14403 0.0031631
-1.23731 0.00286203
-1.17695 0.0111565
-1.20988 0.0117435
-1.10014 0.00948553
-1.25377 0.0184423
-1.28669 0.0240271
-1.23182 0.00611357
-1.26475 0.00569207
-1.30316 0.00569207
-1.16049 0.00257602
-1.20439 0.000318003
-1.13306 0.00746837
-1.18793 0.000829819
-1.10014 0.000543804
-1.16049 0.000152416
-1.21536 0.000829819
-1.13306 0.00117605
-1.14952 0.00117605
-1.25377 0.00286203
-1.25926 0.00180829
-1.20988 0.00489424
-1.23182 0.0100275
-1.16049 0.00415662
-1.16049 0.00655012
-1.02881 0.00381039
-0.96845 0.00655012
-1.02881 0.0215433
-1.05075 0.0231841
-1.05624 0.0275496
-0.995885 0.0207455
-0.979424 0.00655012
-1.0727 0.00700172
-1.0727 0.0231841
-1.16049 0.0342936
-1.10014 0.0475707
-1.05075 0.0658003
-1.04527 0.0363559
-1.1166 0.0322914
-1.22634 0.0353172
-1.19342 0.0406611
-1.14952 0.0700906
-1.20439 0.0512286
-1.23182 0.0563167
-1.29218 0.0374096
-1.28121 0.031313
-1.21536 0.0342936
-1.16049 0.0440482
-1.13306 0.0384784
-1.10014 0.0475707
-1.06173 0.0417751
-1.1989 0.0935739
-1.10562 0.0760216
-1.08368 0.105692
-1.03978 0.128182
-1.03429 0.102154
-0.995885 0.126225
-1.0727 0.0837741
-1.17147 0.100408
-1.22634 0.138192
-1.11111 0.0602908
-1.12209 0.0745163
-1.12757 0.118547
-1.14952 0.144379
-1.17147 0.191481
-1.12757 0.184346
-1.14403 0.186709
-1.25377 0.308642
-1.16598 0.270286
-1.22634 0.314769
-1.26475 0.314769
-1.20439 0.284737
-1.24829 0.273146
-1.13306 0.302575
-1.05075 0.278911
-1.13306 0.35606
-1.28121 0.420986
-1.20439 0.324072
-1.10014 0.239818
-1.07819 0.278911
-1.10562 0.226571
-1.13306 0.184346
-0.979424 0.163753
-1.00686 0.16154
-1.0727 0.128182
-1.02881 0.132141
-1.10562 0.0630155
-1.13306 0.0374096
-1.14403 0.0550221
-1.09465 0.0512286
-1.11111 0.0429041
-1.04527 0.0384784
-1.0727 0.031313
