-2 1
-2 1
-1.96708 0.983607
-1.97805 0.989056
-1.92318 0.96196
-1.92867 0.96196
-1.87929 0.940554
-1.8299 0.914135
-1.87929 0.93524
-1.81893 0.898465
-1.78601 0.877781
-1.75309 0.862427
-1.68724 0.817176
-1.7037 0.837137
-1.72565 0.842165
-1.72565 0.862427
-1.7476 0.857339
-1.7915 0.88293
-1.81344 0.893271
-1.72565 0.842165
-1.74211 0.857339
-1.78052 0.872648
-1.7476 0.857339
-1.73114 0.847208
-1.75309 0.852266
-1.72565 0.827127
-1.73663 0.837137
-1.68724 0.812224
-1.65432 0.763526
-1.6214 0.768328
-1.59945 0.768328
-1.63786 0.777977
-1.67627 0.802364
-1.69822 0.807286
-1.67627 0.782824
-1.65981 0.782824
-1.67627 0.797456
-1.68176 0.802364
-1.64335 0.787687
-1.68724 0.802364
-1.73114 0.827127
-1.73114 0.822144
-1.80796 0.86753
-1.69273 0.792564
-1.76955 0.837137
-1.68724 0.782824
-1.7037 0.812224
-1.77503 0.857339
-1.7476 0.837137
-1.7037 0.817176
-1.73114 0.812224
-1.64883 0.787687
-1.66529 0.787687
-1.69822 0.807286
-1.65432 0.787687
-1.69822 0.812224
-1.65432 0.797456
-1.67627 0.807286
-1.66529 0.797456
-1.68724 0.807286
-1.70919 0.802364
-1.65432 0.773145
-1.58848 0.74921
-1.67627 0.787687
-1.66529 0.777977
-1.67627 0.773145
-1.63237 0.763526
-1.67627 0.787687
-1.58848 0.730333
-1.55007 0.702469
-1.58848 0.720985
-1.61043 0.707076
-1.67078 0.768328
-1.61591 0.725652
-1.5775 0.684194
-1.4952 0.657234
-1.51715 0.652793
-1.50069 0.639561
-1.58848 0.702469
-1.53909 0.657234
-1.64883 0.739742
-1.62689 0.720985
-1.59396 0.716334
-1.61591 0.711697
-1.53909 0.679663
-1.52812 0.675147
-1.57202 0.716334
-1.51166 0.670646
-1.57202 0.707076
-1.56653 0.702469
-1.60494 0.716334
-1.6214 0.725652
-1.59945 0.702469
-1.64335 0.739742
-1.65432 0.716334
-1.59396 0.688741
-1.58299 0.697878
-1.60494 0.711697
-1.64335 0.720985
-1.63786 0.711697
-1.58299 0.702469
-1.65432 0.744468
-1.59396 0.725652
-1.58299 0.725652
-1.59396 0.730333
-1.67078 0.773145
-1.64883 0.768328
-1.69822 0.792564
-1.63786 0.753967
-1.62689 0.758739
-1.6214 0.74921
-1.69822 0.807286
-1.67078 0.792564
-1.6214 0.758739
-1.65981 0.787687
-1.6214 0.758739
-1.67627 0.792564
-1.65432 0.787687
-1.64335 0.782824
-1.59396 0.763526
-1.68724 0.792564
-1.6214 0.758739
-1.68176 0.787687
-1.60494 0.716334
-1.64335 0.753967
-1.58848 0.720985
-1.6214 0.753967
-1.64335 0.758739
-1.64335 0.763526
-1.6214 0.739742
-1.64883 0.739742
-1.5775 0.720985
-1.55556 0.702469
-1.61043 0.739742
-1.63786 0.707076
-1.61043 0.693302
-1.61591 0.725652
-1.56653 0.684194
-1.60494 0.73503
-1.5775 0.739742
-1.61591 0.768328
-1.65981 0.782824
-1.62689 0.777977
-1.64883 0.777977
-1.69273 0.782824
-1.69822 0.802364
-1.6214 0.773145
-1.68724 0.802364
-1.68724 0.792564
-1.64335 0.758739
-1.61043 0.739742
-1.66529 0.753967
-1.54458 0.707076
-1.62689 0.739742
-1.58848 0.730333
-1.61043 0.753967
-1.47325 0.675147
-1.51166 0.707076
-1.52263 0.670646
-1.56104 0.707076
-1.58848 0.711697
-1.61043 0.702469
-1.55556 0.675147
-1.53361 0.684194
-1.47325 0.643957
-1.52263 0.66169
-1.52263 0.675147
-1.53909 0.684194
-1.51715 0.684194
-1.59396 0.725652
-1.58299 0.688741
-1.56653 0.711697
-1.56653 0.707076
-1.61591 0.73503
-1.61043 0.73503
-1.57202 0.739742
-1.65981 0.773145
-1.61591 0.725652
-1.55007 0.693302
-1.56653 0.702469
-1.5775 0.725652
-1.56104 0.707076
-1.5775 0.702469
-1.6214 0.725652
-1.55556 0.693302
-1.52812 0.66616
-1.59945 0.720985
-1.63786 0.74921
-1.6214 0.739742
-1.63786 0.753967
-1.61591 0.753967
-1.64335 0.758739
-1.61043 0.768328
-1.5775 0.758739
-1.58299 0.739742
-1.66529 0.773145
-1.61591 0.768328
-1.64883 0.768328
-1.5775 0.744468
-1.54458 0.730333
-1.65981 0.787687
-1.68724 0.802364
-1.67627 0.792564
-1.59945 0.753967
-1.5775 0.74921
-1.55556 0.730333
-1.57202 0.716334
-1.59945 0.725652
-1.6214 0.739742
-1.63237 0.744468
-1.6214 0.725652
-1.68176 0.758739
-1.65432 0.73503
-1.61591 0.730333
-1.60494 0.716334
-1.59396 0.716334
-1.5775 0.716334
-1.65432 0.744468
-1.58299 0.697878
-1.59396 0.711697
-1.67078 0.73503
-1.6214 0.716334
-1.5775 0.711697
-1.59396 0.739742
-1.55007 0.725652
-1.56653 0.725652
-1.62689 0.739742
-1.58848 0.73503
-1.56104 0.720985
-1.56653 0.707076
-1.53909 0.693302
-1.47325 0.657234
-1.47874 0.66169
-1.50617 0.684194
-1.44582 0.66616
-1.42387 0.657234
-1.42936 0.617809
-1.50617 0.652793
-1.47874 0.652793
-1.50069 0.66616
-1.55556 0.693302
-1.54458 0.693302
-1.52812 0.684194
-1.63237 0.739742
-1.52812 0.648367
-1.61043 0.730333
-1.51166 0.675147
-1.55556 0.688741
-1.56653 0.688741
-1.4952 0.657234
-1.51715 0.648367
-1.52263 0.652793
-1.56653 0.670646
-1.53909 0.657234
-1.46776 0.626465
-1.4952 0.652793
-1.52812 0.657234
-1.39095 0.550731
-1.44582 0.571279
-1.40741 0.558905
-1.4513 0.600678
-1.41289 0.558905
-1.41289 0.558905
-1.50617 0.613504
-1.51715 0.587988
-1.52263 0.596433
-1.48971 0.596433
-1.45679 0.617809
-1.45679 0.609213
-1.47325 0.609213
-1.50069 0.600678
-1.47325 0.630815
-1.4952 0.617809
-1.40741 0.546667
-1.39643 0.538583
-1.44582 0.567139
-1.46776 0.592203
-1.45679 0.596433
-1.44033 0.592203
-1.50069 0.643957
-1.50069 0.679663
-1.52263 0.66169
-1.53909 0.66169
-1.52263 0.675147
-1.50069 0.670646
-1.47325 0.657234
-1.50069 0.66169
-1.5775 0.702469
-1.60494 0.739742
-1.56104 0.693302
-1.52263 0.657234
-1.50069 0.657234
-1.46776 0.635181
-1.46228 0.643957
-1.51715 0.657234
-1.55556 0.66616
-1.58299 0.693302
-1.61591 0.697878
-1.60494 0.684194
-1.59945 0.679663
-1.58299 0.679663
-1.52812 0.635181
-1.52263 0.626465
-1.56653 0.675147
-1.60494 0.675147
-1.56653 0.630815
-1.57202 0.657234
-1.56653 0.643957
-1.52812 0.648367
-1.48422 0.596433
-1.47325 0.587988
-1.57202 0.635181
-1.56104 0.657234
-1.53361 0.622129
-1.58299 0.66169
-1.52263 0.635181
-1.58299 0.66169
-1.56653 0.679663
-1.53909 0.670646
-1.53361 0.657234
-1.50617 0.630815
-1.58299 0.648367
-1.55556 0.630815
-1.55556 0.630815
-1.57202 0.609213
-1.54458 0.604938
-1.57202 0.639561
-1.61043 0.639561
-1.61043 0.604938
-1.56653 0.575434
-1.53909 0.558905
-1.55007 0.571279
-1.5775 0.596433
-1.56104 0.571279
-1.60494 0.604938
-1.53909 0.55481
-1.4513 0.487507
-1.47874 0.522596
-1.44582 0.476081
-1.41838 0.479875
-1.41838 0.499068
-1.44582 0.491345
-1.41289 0.464791
-1.37449 0.472303
-1.44582 0.522596
-1.39095 0.483683
-1.42936 0.495199
-1.50069 0.518637
-1.45679 0.502951
-1.43484 0.487507
-1.42387 0.50685
-1.38546 0.464791
-1.40192 0.483683
-1.42387 0.499068
-1.43484 0.518637
-1.47325 0.52657
-1.40192 0.495199
-1.47325 0.530559
-1.45679 0.546667
-1.46776 0.538583
-1.43484 0.530559
-1.45679 0.534564
-1.48971 0.546667
-1.46228 0.550731
-1.51715 0.563015
-1.4952 0.563015
-1.47874 0.558905
-1.53909 0.592203
-1.53361 0.575434
-1.55007 0.587988
-1.56104 0.592203
-1.52263 0.567139
-1.52263 0.579603
-1.47325 0.55481
-1.53909 0.583788
-1.55007 0.596433
-1.4952 0.563015
-1.52263 0.534564
-1.43484 0.522596
-1.4952 0.563015
-1.44033 0.538583
-1.50069 0.587988
-1.47325 0.571279
-1.50617 0.583788
-1.57202 0.622129
-1.48971 0.571279
-1.45679 0.575434
-1.47874 0.583788
-1.55556 0.600678
-1.52812 0.613504
-1.52812 0.587988
-1.51715 0.563015
-1.56653 0.600678
-1.52263 0.583788
-1.57202 0.596433
-1.6214 0.630815
-1.5775 0.596433
-1.56104 0.596433
-1.52263 0.538583
-1.52812 0.583788
-1.47325 0.575434
-1.46228 0.567139
-1.4952 0.563015
-1.4952 0.542617
-1.4513 0.542617
-1.4513 0.55481
-1.41838 0.530559
-1.46776 0.514693
-1.48971 0.542617
-1.40741 0.502951
-1.37449 0.476081
-1.4513 0.538583
-1.41838 0.514693
-1.46776 0.534564
-1.44582 0.502951
-1.35802 0.45734
-1.39095 0.50685
-1.35254 0.476081
-1.40192 0.530559
-1.42387 0.50685
-1.46228 0.534564
-1.50069 0.558905
-1.46776 0.550731
-1.48422 0.579603
-1.54458 0.587988
-1.51166 0.583788
-1.52812 0.600678
-1.50069 0.592203
-1.52812 0.604938
-1.53909 0.609213
-1.52812 0.600678
-1.58299 0.66169
-1.50617 0.613504
-1.55007 0.657234
-1.53361 0.66616
-1.4952 0.609213
-1.52263 0.609213
-1.53909 0.635181
-1.53361 0.630815
-1.61591 0.684194
-1.62689 0.688741
-1.56653 0.679663
-1.53909 0.648367
-1.58848 0.66169
-1.61591 0.693302
-1.59396 0.679663
-1.56104 0.652793
-1.53361 0.635181
-1.52263 0.648367
-1.54458 0.657234
-1.59396 0.697878
-1.57202 0.675147
-1.50069 0.652793
-1.53909 0.675147
-1.52263 0.643957
-1.53909 0.66169
-1.58299 0.679663
-1.48422 0.626465
-1.55556 0.679663
-1.59396 0.707076
-1.51166 0.675147
-1.58299 0.693302
-1.59396 0.707076
-1.54458 0.688741
-1.57202 0.702469
-1.55556 0.693302
-1.5775 0.688741
-1.50069 0.679663
-1.48971 0.66616
-1.47874 0.635181
-1.45679 0.630815
-1.45679 0.617809
-1.42936 0.617809
-1.47874 0.643957
-1.52812 0.670646
-1.48971 0.639561
-1.4513 0.635181
-1.48971 0.657234
-1.47325 0.648367
-1.53909 0.657234
-1.56653 0.697878
-1.53909 0.66169
-1.59396 0.679663
-1.55556 0.670646
-1.58299 0.679663
-1.52812 0.670646
-1.56653 0.688741
-1.58299 0.693302
-1.52812 0.675147
-1.53909 0.66616
-1.51715 0.635181
-1.55556 0.66169
-1.53361 0.657234
-1.55007 0.66616
-1.52263 0.66616
-1.59396 0.684194
-1.61043 0.697878
-1.57202 0.697878
-1.57202 0.688741
-1.50617 0.66616
-1.57202 0.697878
-1.55556 0.693302
-1.56653 0.693302
-1.54458 0.684194
-1.59396 0.702469
-1.56104 0.716334
-1.56653 0.716334
-1.56653 0.725652
-1.53909 0.716334
-1.5775 0.744468
-1.61591 0.753967
-1.59945 0.758739
-1.62689 0.753967
-1.56104 0.693302
-1.55007 0.693302
-1.58848 0.707076
-1.54458 0.693302
-1.48971 0.635181
-1.46228 0.639561
-1.50617 0.652793
-1.48422 0.657234
-1.50617 0.657234
-1.51166 0.66616
-1.53361 0.66616
-1.47874 0.622129
-1.48971 0.622129
-1.48422 0.617809
-1.5775 0.688741
-1.54458 0.670646
-1.52812 0.679663
-1.48971 0.648367
-1.51166 0.66616
-1.52263 0.684194
-1.56653 0.66169
-1.52812 0.66616
-1.50069 0.652793
-1.56104 0.66169
-1.54458 0.670646
-1.50069 0.657234
-1.55556 0.675147
-1.55556 0.716334
-1.5775 0.702469
-1.61043 0.711697
-1.4952 0.639561
-1.57202 0.693302
-1.53361 0.697878
-1.52812 0.679663
-1.61591 0.720985
-1.64883 0.753967
-1.63237 0.739742
-1.59945 0.744468
-1.63237 0.739742
-1.59945 0.716334
-1.58299 0.707076
-1.53909 0.66616
-1.53909 0.675147
-1.54458 0.639561
-1.51715 0.622129
-1.4952 0.609213
-1.50069 0.630815
-1.46228 0.563015
-1.51715 0.600678
-1.4952 0.613504
-1.48422 0.592203
-1.47874 0.613504
-1.48971 0.596433
-1.48422 0.613504
-1.53361 0.657234
-1.53909 0.652793
-1.53361 0.652793
-1.48422 0.630815
-1.50617 0.622129
-1.47325 0.622129
-1.46776 0.609213
-1.44033 0.604938
-1.4513 0.613504
-1.41289 0.626465
-1.39643 0.579603
-1.46776 0.643957
-1.47874 0.648367
-1.4513 0.622129
-1.47325 0.622129
-1.42936 0.596433
-1.43484 0.583788
-1.40741 0.604938
-1.47874 0.66616
-1.50617 0.697878
-1.51715 0.675147
-1.53909 0.679663
-1.53361 0.66169
-1.52263 0.643957
-1.56104 0.66616
-1.56653 0.675147
-1.48971 0.66169
-1.59396 0.725652
-1.56653 0.711697
-1.55007 0.688741
-1.39643 0.617809
-1.48422 0.657234
-1.42936 0.609213
-1.45679 0.635181
-1.51715 0.657234
-1.55007 0.684194
-1.54458 0.688741
-1.56653 0.679663
-1.52812 0.66616
-1.4952 0.643957
-1.53361 0.643957
-1.55007 0.670646
-1.56653 0.679663
-1.59396 0.702469
-1.51166 0.657234
-1.50617 0.670646
-1.54458 0.675147
-1.54458 0.679663
-1.4952 0.630815
-1.48971 0.635181
-1.58299 0.670646
-1.56653 0.675147
-1.4513 0.604938
-1.50069 0.635181
-1.59396 0.675147
-1.6214 0.679663
-1.63786 0.702469
-1.61591 0.688741
-1.61591 0.66169
-1.59945 0.670646
-1.59945 0.684194
-1.58299 0.675147
-1.64883 0.711697
-1.63237 0.716334
-1.58299 0.693302
-1.56653 0.675147
-1.50069 0.643957
-1.52263 0.657234
-1.55007 0.679663
-1.4952 0.670646
-1.58848 0.688741
-1.62689 0.716334
-1.56104 0.697878
-1.64883 0.763526
-1.61591 0.753967
-1.68176 0.802364
-1.60494 0.758739
-1.6214 0.74921
-1.58848 0.744468
-1.53361 0.711697
-1.42936 0.643957
-1.47874 0.66616
-1.52263 0.702469
-1.50617 0.675147
-1.53361 0.720985
-1.56653 0.720985
-1.55007 0.697878
-1.53361 0.688741
-1.48422 0.66169
-1.56104 0.702469
-1.58299 0.688741
-1.56104 0.670646
-1.5775 0.693302
-1.6214 0.711697
-1.57202 0.693302
-1.54458 0.693302
-1.58299 0.711697
-1.53909 0.684194
-1.54458 0.675147
-1.46228 0.648367
-1.56653 0.702469
-1.50617 0.66169
-1.48971 0.670646
-1.54458 0.693302
-1.55556 0.697878
-1.54458 0.679663
-1.55007 0.693302
-1.53909 0.684194
-1.57202 0.716334
-1.58848 0.720985
-1.56104 0.720985
-1.67078 0.758739
-1.67627 0.763526
-1.59945 0.739742
-1.68176 0.773145
-1.69273 0.773145
-1.61591 0.74921
-1.62689 0.739742
-1.64335 0.74921
-1.6214 0.739742
-1.55007 0.652793
-1.56653 0.657234
-1.61043 0.679663
-1.59945 0.688741
-1.63786 0.716334
-1.52812 0.643957
-1.57202 0.684194
-1.58848 0.688741
-1.60494 0.693302
-1.63237 0.688741
-1.55007 0.670646
-1.59396 0.657234
-1.53361 0.652793
-1.44582 0.622129
-1.48971 0.617809
-1.52263 0.622129
-1.51715 0.604938
-1.4952 0.600678
-1.48422 0.617809
-1.58299 0.675147
-1.57202 0.66616
-1.59945 0.66169
-1.62689 0.679663
-1.59945 0.684194
-1.55556 0.679663
-1.6214 0.697878
-1.60494 0.693302
-1.63237 0.702469
-1.6214 0.716334
-1.59945 0.679663
-1.58299 0.684194
-1.60494 0.697878
-1.55556 0.657234
-1.59945 0.688741
-1.6214 0.702469
-1.58299 0.675147
-1.5775 0.670646
-1.5775 0.66169
-1.55556 0.648367
-1.51715 0.635181
-1.65432 0.684194
-1.61591 0.657234
-1.56653 0.639561
-1.55556 0.652793
-1.58299 0.675147
-1.53909 0.635181
-1.53909 0.635181
-1.50069 0.604938
-1.46228 0.613504
-1.55556 0.643957
-1.59396 0.66169
-1.5775 0.648367
-1.54458 0.643957
-1.48971 0.652793
-1.60494 0.697878
-1.56104 0.675147
-1.63786 0.711697
-1.61591 0.702469
-1.65432 0.716334
-1.55007 0.684194
-1.67078 0.720985
-1.64883 0.707076
-1.61043 0.688741
-1.57202 0.670646
-1.59396 0.679663
-1.69822 0.744468
-1.55556 0.675147
-1.59945 0.697878
-1.60494 0.679663
-1.59396 0.693302
-1.55007 0.684194
-1.5775 0.697878
-1.58299 0.675147
-1.59396 0.688741
-1.58848 0.697878
-1.56653 0.688741
-1.55556 0.693302
-1.55556 0.688741
-1.60494 0.707076
-1.56104 0.679663
-1.57202 0.679663
-1.58848 0.693302
-1.53909 0.66169
-1.46228 0.630815
-1.42387 0.596433
-1.52812 0.66169
-1.60494 0.711697
-1.59945 0.697878
-1.65432 0.730333
-1.65432 0.73503
-1.6214 0.707076
-1.64883 0.711697
-1.62689 0.697878
-1.59945 0.693302
-1.58848 0.66616
-1.56104 0.679663
-1.55007 0.657234
-1.55007 0.635181
-1.56104 0.648367
-1.50069 0.622129
-1.56104 0.675147
-1.58299 0.675147
-1.64335 0.716334
-1.55556 0.66616
-1.53361 0.657234
-1.52263 0.635181
-1.48422 0.630815
-1.50617 0.675147
-1.53361 0.66616
-1.47325 0.626465
-1.47325 0.622129
-1.48971 0.613504
-1.53361 0.635181
-1.52263 0.657234
-1.53909 0.670646
-1.50069 0.630815
-1.4513 0.600678
-1.46776 0.635181
-1.50069 0.66616
-1.4952 0.648367
-1.51166 0.66169
-1.55007 0.675147
-1.60494 0.725652
-1.55556 0.707076
-1.53909 0.707076
-1.55007 0.684194
-1.64335 0.730333
-1.64883 0.74921
-1.59945 0.720985
-1.57202 0.702469
-1.57202 0.725652
-1.53909 0.711697
-1.53361 0.697878
-1.56653 0.73503
-1.56653 0.730333
-1.58848 0.753967
-1.60494 0.768328
-1.67078 0.792564
-1.67627 0.787687
-1.59945 0.74921
-1.58299 0.744468
-1.61043 0.744468
-1.56653 0.730333
-1.60494 0.773145
-1.59396 0.74921
-1.64335 0.782824
-1.72016 0.837137
-1.72565 0.817176
-1.73114 0.842165
-1.67627 0.807286
-1.56104 0.744468
-1.63237 0.763526
-1.61043 0.763526
-1.57202 0.725652
-1.54458 0.725652
-1.58299 0.73503
-1.60494 0.753967
-1.58299 0.73503
-1.59945 0.744468
-1.66529 0.787687
-1.69273 0.807286
-1.72016 0.822144
-1.69822 0.822144
-1.69273 0.792564
-1.67078 0.773145
-1.63786 0.753967
-1.61591 0.753967
-1.63786 0.773145
-1.55007 0.725652
-1.56104 0.744468
-1.6214 0.773145
-1.62689 0.777977
-1.59945 0.74921
-1.64335 0.773145
-1.63786 0.777977
-1.68176 0.792564
-1.67627 0.773145
-1.65432 0.773145
-1.69822 0.802364
-1.64883 0.773145
-1.65432 0.777977
-1.65981 0.792564
-1.65432 0.782824
-1.64335 0.753967
-1.63786 0.763526
-1.62689 0.744468
-1.6214 0.739742
-1.61043 0.73503
-1.63786 0.739742
-1.53361 0.670646
-1.55556 0.684194
-1.52812 0.679663
-1.57202 0.675147
-1.46776 0.613504
-1.48422 0.622129
-1.48422 0.609213
-1.44033 0.604938
-1.47325 0.613504
-1.42387 0.558905
-1.50617 0.592203
-1.4952 0.600678
-1.48422 0.579603
-1.42387 0.522596
-1.48422 0.55481
-1.50617 0.563015
-1.4952 0.538583
-1.45679 0.546667
-1.46776 0.530559
-1.48971 0.534564
-1.39095 0.472303
-1.37449 0.476081
-1.34705 0.45734
-1.31413 0.442617
-1.33059 0.449948
-1.33059 0.453636
-1.25926 0.410373
-1.31962 0.442617
-1.25926 0.403373
-1.35802 0.472303
-1.35254 0.461058
-1.37997 0.479875
-1.35254 0.468539
-1.37997 0.510764
-1.3251 0.483683
-1.34705 0.479875
-1.46228 0.558905
-1.46228 0.542617
-1.40192 0.52657
-1.38546 0.50685
-1.37449 0.502951
-1.37449 0.45734
-1.39095 0.487507
-1.40741 0.45734
-1.369 0.483683
-1.40741 0.476081
-1.4513 0.50685
-1.46776 0.502951
-1.44582 0.468539
-1.39643 0.472303
-1.46776 0.476081
-1.41838 0.476081
-1.44033 0.472303
-1.44033 0.491345
-1.45679 0.495199
-1.45679 0.510764
-1.37997 0.472303
-1.47325 0.522596
-1.39643 0.464791
-1.39095 0.446275
-1.40192 0.446275
-1.43484 0.453636
-1.44033 0.420986
-1.40192 0.446275
-1.53361 0.464791
-1.4952 0.464791
-1.45679 0.499068
-1.41838 0.464791
-1.48422 0.483683
-1.44582 0.438974
-1.42387 0.45734
-1.53361 0.510764
-1.43484 0.464791
-1.47874 0.472303
-1.44033 0.479875
-1.4952 0.514693
-1.42387 0.491345
-1.44033 0.483683
-1.42936 0.472303
-1.40192 0.461058
-1.42387 0.453636
-1.4513 0.483683
-1.42936 0.499068
-1.44033 0.50685
-1.46776 0.542617
-1.46228 0.530559
-1.46228 0.52657
-1.38546 0.495199
-1.47325 0.52657
-1.40192 0.502951
-1.41289 0.522596
-1.39095 0.502951
-1.39643 0.52657
-1.47874 0.52657
-1.41289 0.514693
-1.46776 0.499068
-1.46776 0.479875
-1.41289 0.522596
-1.34705 0.449948
-1.39643 0.461058
-1.38546 0.461058
-1.46228 0.50685
-1.41838 0.487507
-1.4513 0.534564
-1.44033 0.514693
-1.41289 0.510764
-1.48422 0.538583
-1.4513 0.50685
-1.41289 0.534564
-1.46228 0.50685
-1.50069 0.546667
-1.52263 0.571279
-1.50617 0.571279
-1.53361 0.604938
-1.50069 0.617809
-1.46228 0.613504
-1.4513 0.587988
-1.53361 0.613504
-1.52263 0.604938
-1.50069 0.587988
-1.53909 0.600678
-1.59945 0.622129
-1.55556 0.617809
-1.57202 0.609213
-1.50617 0.587988
-1.56104 0.626465
-1.48971 0.600678
-1.53361 0.609213
-1.53909 0.600678
-1.46776 0.596433
-1.51166 0.635181
-1.56104 0.652793
-1.53909 0.639561
-1.56104 0.639561
-1.54458 0.639561
-1.59396 0.652793
-1.51715 0.622129
-1.55556 0.648367
-1.53909 0.630815
-1.5775 0.635181
-1.56104 0.613504
-1.61043 0.643957
-1.56104 0.639561
-1.52812 0.613504
-1.54458 0.630815
-1.50069 0.596433
-1.53909 0.613504
-1.58848 0.643957
-1.59945 0.657234
-1.51715 0.596433
-1.51166 0.600678
-1.48971 0.579603
-1.52812 0.639561
-1.55007 0.639561
-1.52263 0.630815
-1.53909 0.652793
-1.53361 0.639561
-1.59945 0.684194
-1.56104 0.66616
-1.55007 0.643957
-1.61043 0.66169
-1.56653 0.652793
-1.48422 0.617809
-1.55556 0.66616
-1.5775 0.643957
-1.50069 0.609213
-1.4952 0.622129
-1.50617 0.609213
-1.56104 0.630815
-1.55556 0.626465
-1.56653 0.635181
-1.54458 0.617809
-1.59396 0.630815
-1.54458 0.635181
-1.56104 0.639561
-1.51166 0.652793
-1.50069 0.670646
-1.51715 0.639561
-1.53361 0.639561
-1.47874 0.630815
-1.51715 0.613504
-1.48422 0.596433
-1.44033 0.583788
-1.48422 0.613504
-1.56104 0.630815
-1.59396 0.66616
-1.56653 0.648367
-1.53909 0.66169
-1.50069 0.639561
-1.47874 0.613504
-1.50069 0.622129
-1.48422 0.604938
-1.52812 0.657234
-1.51715 0.630815
-1.55007 0.626465
-1.54458 0.643957
-1.5775 0.684194
-1.46776 0.630815
-1.48971 0.643957
-1.53909 0.66616
-1.5775 0.702469
-1.59396 0.697878
-1.56653 0.66616
-1.59945 0.693302
-1.57202 0.66169
-1.58299 0.697878
-1.59396 0.716334
-1.5775 0.693302
-1.58299 0.697878
-1.4952 0.639561
-1.60494 0.697878
-1.61043 0.707076
-1.63786 0.725652
-1.57202 0.670646
-1.55556 0.66616
-1.56653 0.675147
-1.58848 0.702469
-1.54458 0.66616
-1.50069 0.639561
-1.59396 0.670646
-1.5775 0.675147
-1.53909 0.66616
-1.53909 0.679663
-1.59396 0.688741
-1.63786 0.716334
-1.59945 0.697878
-1.58299 0.693302
-1.56653 0.679663
-1.54458 0.66616
-1.54458 0.66616
-1.59396 0.688741
-1.51166 0.648367
-1.48971 0.613504
-1.48422 0.622129
-1.48971 0.600678
-1.48971 0.622129
-1.53909 0.635181
-1.51166 0.635181
-1.5775 0.66169
-1.55007 0.66169
-1.58299 0.657234
-1.62689 0.688741
-1.59945 0.66616
-1.65432 0.702469
-1.6214 0.675147
-1.58848 0.675147
-1.60494 0.688741
-1.5775 0.657234
-1.55556 0.66169
-1.58299 0.66616
-1.60494 0.66616
-1.52812 0.630815
-1.58299 0.622129
-1.56653 0.626465
-1.64335 0.670646
-1.52263 0.626465
-1.56104 0.639561
-1.54458 0.609213
-1.53909 0.643957
-1.4952 0.622129
-1.51715 0.626465
-1.4513 0.563015
-1.52263 0.609213
-1.39095 0.542617
-1.37997 0.558905
-1.44033 0.55481
-1.369 0.534564
-1.47325 0.563015
-1.37449 0.538583
-1.34156 0.499068
-1.35254 0.514693
-1.39643 0.538583
-1.44033 0.575434
-1.4513 0.583788
-1.4513 0.587988
-1.43484 0.550731
-1.47325 0.592203
-1.48422 0.609213
-1.47325 0.604938
-1.46228 0.579603
-1.39643 0.563015
-1.40192 0.563015
-1.42387 0.558905
-1.42387 0.550731
-1.48971 0.583788
-1.47325 0.609213
-1.45679 0.579603
-1.45679 0.604938
-1.51715 0.617809
-1.4513 0.571279
-1.41289 0.571279
-1.44033 0.550731
-1.46776 0.587988
-1.44033 0.571279
-1.4952 0.592203
-1.41838 0.546667
-1.46228 0.563015
-1.53909 0.604938
-1.48422 0.563015
-1.46228 0.558905
-1.51715 0.609213
-1.55556 0.613504
-1.52263 0.583788
-1.58299 0.604938
-1.53909 0.613504
-1.53361 0.604938
-1.53909 0.600678
-1.53909 0.604938
-1.59396 0.643957
-1.58299 0.643957
-1.57202 0.635181
-1.58299 0.622129
-1.50617 0.600678
-1.51166 0.596433
-1.50617 0.587988
-1.46776 0.558905
-1.48422 0.583788
-1.47325 0.567139
-1.47325 0.563015
-1.53909 0.617809
-1.58848 0.648367
-1.47874 0.571279
-1.46776 0.558905
-1.52263 0.596433
-1.51166 0.592203
-1.51715 0.604938
-1.58299 0.648367
-1.5775 0.643957
-1.55007 0.622129
-1.55556 0.609213
-1.51715 0.592203
-1.54458 0.613504
-1.53361 0.592203
-1.53909 0.604938
-1.53361 0.643957
-1.56653 0.639561
-1.52812 0.635181
-1.59396 0.639561
-1.59945 0.66169
-1.6214 0.711697
-1.62689 0.697878
-1.60494 0.684194
-1.62689 0.711697
-1.62689 0.702469
-1.58848 0.707076
-1.62689 0.688741
-1.60494 0.670646
-1.61043 0.66616
-1.64883 0.707076
-1.55007 0.693302
-1.62689 0.73503
-1.5775 0.702469
-1.60494 0.693302
-1.55556 0.66169
-1.52812 0.670646
-1.53361 0.697878
-1.61591 0.707076
-1.61591 0.716334
-1.58299 0.693302
-1.58848 0.720985
-1.58848 0.720985
-1.63237 0.716334
-1.5775 0.688741
-1.61591 0.716334
-1.54458 0.652793
-1.62689 0.716334
-1.58299 0.679663
-1.64883 0.707076
-1.60494 0.693302
-1.61591 0.688741
-1.6214 0.707076
-1.59396 0.679663
-1.60494 0.693302
-1.6214 0.716334
-1.52812 0.670646
-1.56104 0.652793
-1.62689 0.693302
-1.53361 0.622129
-1.57202 0.652793
-1.55556 0.670646
-1.52263 0.688741
-1.51166 0.657234
-1.53909 0.679663
-1.47325 0.622129
-1.47325 0.592203
-1.47874 0.600678
-1.54458 0.635181
-1.51166 0.617809
-1.48422 0.613504
-1.47874 0.617809
-1.42936 0.579603
-1.47874 0.622129
-1.46776 0.604938
-1.39643 0.571279
-1.44033 0.575434
-1.44033 0.583788
-1.42387 0.579603
-1.44033 0.571279
-1.51166 0.609213
-1.51166 0.604938
-1.51166 0.613504
-1.42936 0.563015
-1.44582 0.583788
-1.40192 0.575434
-1.46776 0.613504
-1.42387 0.592203
-1.44582 0.575434
-1.37997 0.563015
-1.40741 0.575434
-1.37449 0.575434
-1.44033 0.592203
-1.44033 0.592203
-1.46776 0.604938
-1.46776 0.604938
-1.54458 0.648367
-1.40192 0.587988
-1.50069 0.630815
-1.4513 0.626465
-1.52263 0.675147
-1.47325 0.657234
-1.50069 0.670646
-1.53361 0.66616
-1.47874 0.639561
-1.50617 0.657234
-1.53361 0.688741
-1.60494 0.73503
-1.62689 0.739742
-1.63786 0.720985
-1.60494 0.725652
-1.6214 0.716334
-1.59945 0.707076
-1.61043 0.730333
-1.58299 0.697878
-1.57202 0.702469
-1.58848 0.697878
-1.51715 0.652793
-1.52812 0.679663
-1.50069 0.66169
-1.53909 0.684194
-1.4952 0.635181
-1.52812 0.657234
-1.52812 0.684194
-1.48422 0.657234
-1.51715 0.657234
-1.56653 0.697878
-1.46228 0.630815
-1.60494 0.711697
-1.57202 0.688741
-1.51166 0.648367
-1.58299 0.693302
-1.50069 0.652793
-1.48971 0.613504
-1.55556 0.675147
-1.53361 0.66616
-1.50069 0.639561
-1.51166 0.652793
-1.53361 0.679663
-1.54458 0.679663
-1.59396 0.707076
-1.63237 0.720985
-1.62689 0.720985
-1.55556 0.688741
-1.51166 0.66616
-1.57202 0.684194
-1.63786 0.730333
-1.54458 0.679663
-1.6214 0.711697
-1.56104 0.679663
-1.59396 0.688741
-1.56104 0.688741
-1.50617 0.626465
-1.51166 0.635181
-1.48422 0.604938
-1.44582 0.613504
-1.43484 0.604938
-1.41289 0.583788
-1.51166 0.648367
-1.47325 0.609213
-1.50617 0.626465
-1.4952 0.617809
-1.45679 0.587988
-1.44033 0.583788
-1.48971 0.604938
-1.51166 0.604938
-1.48422 0.587988
-1.51166 0.579603
-1.42936 0.530559
-1.50069 0.600678
-1.48422 0.563015
-1.46776 0.550731
-1.50617 0.55481
-1.50069 0.538583
-1.44582 0.52657
-1.44033 0.546667
-1.4952 0.575434
-1.48971 0.583788
-1.52263 0.583788
-1.48971 0.575434
-1.46776 0.558905
-1.47874 0.563015
-1.51715 0.567139
-1.48422 0.567139
-1.48422 0.563015
-1.51166 0.567139
-1.46776 0.546667
-1.46776 0.534564
-1.51166 0.550731
-1.52263 0.546667
-1.47874 0.550731
-1.40192 0.495199
-1.50617 0.518637
-1.50069 0.542617
-1.48422 0.538583
-1.55007 0.571279
-1.56104 0.575434
-1.62689 0.604938
-1.56653 0.592203
-1.48422 0.546667
-1.50069 0.558905
-1.45679 0.514693
-1.51166 0.534564
-1.52812 0.518637
-1.53361 0.542617
-1.55007 0.563015
-1.53909 0.571279
-1.53909 0.567139
-1.57202 0.542617
-1.53909 0.518637
-1.46228 0.510764
-1.56104 0.534564
-1.57202 0.52657
-1.45679 0.483683
-1.53909 0.510764
-1.50069 0.453636
-1.51715 0.476081
-1.55007 0.479875
-1.52263 0.476081
-1.53909 0.502951
-1.50069 0.476081
-1.54458 0.502951
-1.47325 0.435347
-1.43484 0.431734
-1.46776 0.468539
-1.50617 0.499068
-1.55556 0.522596
-1.5775 0.542617
-1.51166 0.538583
-1.51166 0.50685
-1.41838 0.50685
-1.51166 0.522596
-1.44582 0.499068
-1.52263 0.534564
-1.47874 0.50685
-1.52263 0.567139
-1.51715 0.55481
-1.44033 0.514693
-1.42936 0.461058
-1.50069 0.495199
-1.47874 0.514693
-1.44582 0.476081
-1.44582 0.464791
-1.40741 0.461058
-1.369 0.435347
-1.39643 0.446275
-1.46776 0.461058
-1.43484 0.442617
-1.47874 0.468539
-1.44582 0.453636
-1.42936 0.472303
-1.41289 0.483683
-1.38546 0.461058
-1.42387 0.487507
-1.33608 0.464791
-1.35802 0.495199
-1.4513 0.514693
-1.4513 0.52657
-1.40192 0.50685
-1.41289 0.50685
-1.46776 0.518637
-1.46228 0.546667
-1.46776 0.534564
-1.41838 0.534564
-1.53361 0.522596
-1.47874 0.518637
-1.53361 0.542617
-1.52812 0.542617
-1.53361 0.550731
-1.44582 0.546667
-1.4513 0.538583
-1.42936 0.518637
-1.47325 0.538583
-1.43484 0.495199
-1.40741 0.491345
-1.45679 0.510764
-1.52812 0.571279
-1.51166 0.55481
-1.46228 0.530559
-1.47325 0.534564
-1.51166 0.567139
-1.47874 0.534564
-1.51715 0.563015
-1.46228 0.546667
-1.48971 0.52657
-1.44033 0.495199
-1.34156 0.461058
-1.31962 0.476081
-1.40741 0.510764
-1.39643 0.483683
-1.37449 0.461058
-1.44033 0.50685
-1.41289 0.479875
-1.50617 0.50685
-1.46776 0.50685
-1.48422 0.534564
-1.48971 0.514693
-1.4952 0.550731
-1.47325 0.518637
-1.47325 0.52657
-1.4513 0.522596
-1.46228 0.510764
-1.40192 0.468539
-1.36351 0.479875
-1.37997 0.499068
-1.43484 0.499068
-1.37449 0.479875
-1.4513 0.534564
-1.45679 0.55481
-1.369 0.491345
-1.46228 0.534564
-1.43484 0.538583
-1.36351 0.495199
-1.40741 0.487507
-1.38546 0.461058
-1.39095 0.468539
-1.42387 0.50685
-1.46776 0.522596
-1.46228 0.510764
-1.44033 0.510764
-1.45679 0.538583
-1.37449 0.487507
-1.40192 0.499068
-1.42936 0.514693
-1.46776 0.563015
-1.4952 0.604938
-1.47325 0.567139
-1.46228 0.567139
-1.54458 0.635181
-1.50069 0.609213
-1.47325 0.613504
-1.44033 0.583788
-1.48971 0.617809
-1.47325 0.630815
-1.48422 0.648367
-1.48422 0.635181
-1.51715 0.643957
-1.53361 0.652793
-1.5775 0.670646
-1.52263 0.66169
-1.51715 0.643957
-1.56653 0.652793
-1.47325 0.609213
-1.46776 0.596433
-1.46776 0.600678
-1.45679 0.609213
-1.4513 0.596433
-1.51715 0.600678
-1.52812 0.592203
-1.4952 0.567139
-1.48422 0.558905
-1.4513 0.571279
-1.44033 0.530559
-1.42936 0.52657
-1.43484 0.52657
-1.46776 0.52657
-1.40192 0.514693
-1.42936 0.52657
-1.41289 0.558905
-1.37997 0.538583
-1.44033 0.538583
-1.44033 0.538583
-1.46776 0.546667
-1.48971 0.583788
-1.48422 0.592203
-1.47325 0.55481
-1.48422 0.600678
-1.46228 0.587988
-1.46776 0.596433
-1.51715 0.609213
-1.44582 0.592203
-1.50617 0.626465
-1.51715 0.622129
-1.55007 0.635181
-1.48422 0.630815
-1.48422 0.617809
-1.53361 0.66169
-1.51166 0.639561
-1.46228 0.643957
-1.48422 0.630815
-1.4513 0.626465
-1.51715 0.66616
-1.47325 0.622129
-1.4952 0.652793
-1.47325 0.639561
-1.50617 0.648367
-1.4952 0.622129
-1.4952 0.609213
-1.50617 0.622129
-1.56104 0.675147
-1.51166 0.66169
-1.46228 0.622129
-1.47325 0.604938
-1.46776 0.587988
-1.46228 0.596433
-1.46228 0.587988
-1.42387 0.558905
-1.44582 0.571279
-1.34156 0.514693
-1.36351 0.534564
-1.34156 0.502951
-1.35802 0.495199
-1.27572 0.461058
-1.24829 0.428136
-1.33059 0.502951
-1.36351 0.495199
-1.39643 0.52657
-1.41289 0.514693
-1.39643 0.530559
-1.369 0.510764
-1.37449 0.499068
-1.33608 0.487507
-1.34705 0.495199
-1.44033 0.546667
-1.369 0.534564
-1.40192 0.518637
-1.44582 0.563015
-1.40741 0.542617
-1.42387 0.563015
-1.47325 0.600678
-1.51166 0.617809
-1.4952 0.622129
-1.46776 0.592203
-1.48971 0.579603
-1.4513 0.558905
-1.44033 0.538583
-1.41838 0.52657
-1.33608 0.483683
-1.34156 0.468539
-1.39095 0.514693
-1.37997 0.52657
-1.369 0.538583
-1.39095 0.514693
-1.42387 0.546667
-1.45679 0.600678
-1.40741 0.587988
-1.369 0.563015
-1.38546 0.558905
-1.45679 0.567139
-1.52263 0.604938
-1.50069 0.596433
-1.54458 0.622129
-1.47874 0.609213
-1.54458 0.648367
-1.52263 0.630815
-1.52812 0.635181
-1.57202 0.66616
-1.63237 0.684194
-1.56653 0.648367
-1.58848 0.66169
-1.53361 0.643957
-1.51715 0.648367
-1.62689 0.73503
-1.55556 0.697878
-1.54458 0.711697
-1.50069 0.670646
-1.59396 0.707076
-1.53361 0.697878
-1.55007 0.679663
-1.62689 0.739742
-1.53909 0.697878
-1.54458 0.693302
-1.57202 0.711697
-1.58299 0.711697
-1.56653 0.679663
-1.51166 0.66169
-1.53909 0.657234
-1.52812 0.670646
-1.53909 0.679663
-1.53361 0.66616
-1.50617 0.639561
-1.50069 0.617809
-1.46228 0.617809
-1.50617 0.617809
-1.54458 0.635181
-1.51715 0.648367
-1.55007 0.643957
-1.52263 0.639561
-1.47874 0.596433
-1.51166 0.652793
-1.51715 0.66169
-1.53909 0.684194
-1.56653 0.679663
-1.62689 0.702469
-1.64883 0.725652
-1.62689 0.716334
-1.61591 0.711697
-1.61591 0.679663
-1.6214 0.716334
-1.61591 0.725652
-1.6214 0.707076
-1.62689 0.73503
-1.6214 0.739742
-1.61591 0.730333
-1.64335 0.74921
-1.52812 0.697878
-1.57202 0.716334
-1.61043 0.744468
-1.61591 0.739742
-1.62689 0.739742
-1.64335 0.744468
-1.60494 0.730333
-1.71468 0.782824
-1.66529 0.744468
-1.65432 0.73503
-1.5775 0.707076
-1.6214 0.730333
-1.60494 0.707076
-1.60494 0.711697
-1.59396 0.707076
-1.64335 0.711697
-1.6214 0.707076
-1.62689 0.711697
-1.59396 0.688741
-1.56104 0.684194
-1.53361 0.66169
-1.61043 0.693302
-1.56104 0.679663
-1.55007 0.66169
-1.55007 0.675147
-1.56653 0.675147
-1.58848 0.702469
-1.62689 0.725652
-1.56104 0.688741
-1.61043 0.716334
-1.63786 0.716334
-1.61043 0.684194
-1.60494 0.707076
-1.6214 0.730333
-1.61591 0.697878
-1.58848 0.693302
-1.64335 0.730333
-1.64883 0.744468
-1.60494 0.707076
-1.54458 0.679663
-1.56653 0.716334
-1.63237 0.753967
-1.64335 0.753967
-1.59396 0.730333
-1.61591 0.739742
-1.56653 0.711697
-1.52812 0.702469
-1.58299 0.725652
-1.59945 0.73503
-1.57202 0.720985
-1.64883 0.763526
-1.64883 0.773145
-1.63237 0.753967
-1.59945 0.739742
-1.61591 0.74921
-1.58299 0.720985
-1.63237 0.74921
-1.55556 0.702469
-1.59396 0.730333
-1.55556 0.716334
-1.54458 0.693302
-1.59396 0.702469
-1.52263 0.643957
-1.52263 0.688741
-1.56104 0.688741
-1.52812 0.66169
-1.51715 0.684194
-1.55556 0.693302
-1.55007 0.670646
-1.56653 0.693302
-1.56653 0.697878
-1.4952 0.679663
-1.54458 0.702469
-1.55007 0.711697
-1.59396 0.725652
-1.53361 0.697878
-1.58299 0.707076
-1.59396 0.711697
-1.58299 0.720985
-1.55556 0.711697
-1.56104 0.73503
-1.55556 0.725652
-1.57202 0.697878
-1.60494 0.720985
-1.58848 0.697878
-1.57202 0.684194
-1.50617 0.635181
-1.53909 0.670646
-1.57202 0.697878
-1.52812 0.670646
-1.58299 0.688741
-1.52812 0.66169
-1.55556 0.670646
-1.54458 0.643957
-1.54458 0.670646
-1.5775 0.688741
-1.65432 0.730333
-1.62689 0.702469
-1.56104 0.711697
-1.56104 0.697878
-1.68724 0.773145
-1.64335 0.730333
-1.58299 0.684194
-1.50069 0.670646
-1.4952 0.66169
-1.56104 0.711697
-1.52263 0.679663
-1.47874 0.66616
-1.52812 0.702469
-1.47874 0.648367
-1.4513 0.622129
-1.4952 0.652793
-1.48422 0.639561
-1.47325 0.622129
-1.45679 0.613504
-1.51715 0.652793
-1.50069 0.66169
-1.43484 0.648367
-1.47325 0.657234
-1.46228 0.639561
-1.4513 0.648367
-1.47874 0.657234
-1.51715 0.693302
-1.48422 0.630815
-1.48422 0.652793
-1.51166 0.622129
-1.53361 0.652793
-1.5775 0.697878
-1.59396 0.707076
-1.64335 0.730333
-1.55556 0.707076
-1.58848 0.711697
-1.58299 0.688741
-1.57202 0.693302
-1.60494 0.702469
-1.58848 0.684194
-1.58848 0.711697
-1.5775 0.702469
-1.51715 0.693302
-1.52812 0.702469
-1.51166 0.675147
-1.47874 0.66169
-1.44033 0.657234
-1.46776 0.639561
-1.47325 0.670646
-1.41289 0.639561
-1.4952 0.693302
-1.47874 0.697878
-1.55007 0.707076
-1.5775 0.716334
-1.53361 0.707076
-1.50617 0.693302
-1.57202 0.725652
-1.61043 0.744468
-1.6214 0.753967
-1.63237 0.758739
-1.65432 0.773145
-1.64883 0.763526
-1.64335 0.768328
-1.58848 0.73503
-1.67078 0.773145
-1.6214 0.758739
-1.64335 0.773145
-1.59945 0.773145
-1.67627 0.797456
-1.63237 0.782824
-1.58848 0.758739
-1.68724 0.802364
-1.67078 0.802364
-1.63786 0.773145
-1.59945 0.744468
-1.59945 0.744468
-1.60494 0.739742
-1.63237 0.74921
-1.59396 0.730333
-1.55556 0.707076
-1.56104 0.711697
-1.58299 0.730333
-1.55556 0.693302
-1.54458 0.720985
-1.61591 0.739742
-1.57202 0.702469
-1.5775 0.707076
-1.5775 0.693302
-1.58848 0.711697
-1.64335 0.74921
-1.56653 0.711697
-1.59396 0.744468
-1.52263 0.702469
-1.56104 0.716334
-1.55556 0.720985
-1.65981 0.782824
-1.64883 0.777977
-1.67627 0.773145
-1.64883 0.768328
-1.58848 0.74921
-1.61043 0.739742
-1.65432 0.768328
-1.68724 0.777977
-1.6214 0.74921
-1.61591 0.758739
-1.60494 0.758739
-1.59945 0.744468
-1.67627 0.797456
-1.68176 0.792564
-1.58848 0.763526
-1.61043 0.74921
-1.62689 0.716334
-1.67627 0.777977
-1.68176 0.768328
-1.62689 0.730333
-1.62689 0.744468
-1.59396 0.702469
-1.67078 0.74921
-1.64335 0.73503
-1.69273 0.763526
-1.64335 0.716334
-1.64335 0.73503
-1.62689 0.720985
-1.65432 0.739742
-1.66529 0.753967
-1.5775 0.716334
-1.59945 0.702469
-1.56653 0.702469
-1.52812 0.675147
-1.55556 0.66616
-1.51715 0.670646
-1.53361 0.66616
-1.50617 0.643957
-1.56104 0.675147
-1.56104 0.657234
-1.52812 0.635181
-1.48422 0.622129
-1.53909 0.670646
-1.55007 0.679663
-1.59396 0.707076
-1.4952 0.652793
-1.46776 0.630815
-1.48971 0.635181
-1.47325 0.617809
-1.48422 0.622129
-1.46228 0.609213
-1.41838 0.600678
-1.40192 0.567139
-1.42936 0.592203
-1.45679 0.579603
-1.51166 0.604938
-1.46776 0.583788
-1.42936 0.587988
-1.42936 0.592203
-1.47325 0.609213
-1.46228 0.617809
-1.42387 0.600678
-1.47325 0.604938
-1.47325 0.613504
-1.50617 0.592203
-1.42387 0.530559
-1.39643 0.558905
-1.41838 0.542617
-1.46776 0.575434
-1.48971 0.592203
-1.40741 0.571279
-1.4952 0.622129
-1.48422 0.579603
-1.50617 0.635181
-1.57202 0.66169
-1.62689 0.697878
-1.5775 0.684194
-1.64883 0.707076
-1.57202 0.66616
-1.63237 0.693302
-1.63786 0.720985
-1.63237 0.707076
-1.63237 0.711697
-1.66529 0.716334
-1.65432 0.707076
-1.60494 0.711697
-1.59396 0.684194
-1.54458 0.648367
-1.48971 0.626465
-1.56653 0.630815
-1.52263 0.609213
-1.57202 0.657234
-1.55556 0.635181
-1.51166 0.635181
-1.56653 0.652793
-1.47325 0.609213
-1.53361 0.652793
-1.52263 0.613504
-1.50617 0.596433
-1.54458 0.604938
-1.48971 0.52657
-1.46776 0.550731
-1.42936 0.534564
-1.46776 0.546667
-1.53909 0.604938
-1.50617 0.587988
-1.56653 0.613504
-1.4952 0.596433
-1.51715 0.587988
-1.52263 0.571279
-1.50069 0.563015
-1.51715 0.571279
-1.4952 0.542617
-1.48971 0.530559
-1.50617 0.542617
-1.57202 0.575434
-1.54458 0.534564
-1.57202 0.538583
-1.47325 0.499068
-1.55556 0.510764
-1.50617 0.483683
-1.51715 0.510764
-1.47874 0.472303
-1.53361 0.499068
-1.52812 0.502951
-1.51166 0.487507
-1.52812 0.487507
-1.50069 0.479875
-1.51715 0.464791
-1.50617 0.476081
-1.4952 0.472303
-1.45679 0.468539
-1.47874 0.464791
-1.4952 0.487507
-1.56653 0.472303
-1.4952 0.453636
-1.47325 0.453636
-1.51715 0.461058
-1.52263 0.491345
-1.57202 0.514693
-1.51166 0.491345
-1.51166 0.483683
-1.4952 0.487507
-1.56104 0.495199
-1.47874 0.442617
-1.4952 0.449948
-1.48971 0.45734
-1.52263 0.464791
-1.51166 0.495199
-1.55556 0.464791
-1.4513 0.464791
-1.50069 0.446275
-1.46776 0.431734
-1.47325 0.438974
-1.54458 0.464791
-1.51166 0.45734
-1.48422 0.435347
-1.43484 0.406865
-1.44582 0.428136
-1.42387 0.446275
-1.46776 0.464791
-1.46776 0.479875
-1.44033 0.464791
-1.46228 0.449948
-1.42936 0.442617
-1.42387 0.453636
-1.50069 0.491345
-1.47325 0.491345
-1.40192 0.464791
-1.40192 0.487507
-1.41289 0.491345
-1.41289 0.453636
-1.35802 0.442617
-1.34156 0.431734
-1.3251 0.399896
-1.35802 0.438974
-1.40741 0.45734
-1.4952 0.499068
-1.53909 0.514693
-1.4952 0.491345
-1.51715 0.518637
-1.50069 0.510764
-1.48422 0.530559
-1.55007 0.567139
-1.54458 0.558905
-1.50069 0.510764
-1.4513 0.491345
-1.48422 0.510764
-1.50069 0.542617
-1.42936 0.483683
-1.50069 0.50685
-1.42936 0.476081
-1.47325 0.487507
-1.46228 0.479875
-1.45679 0.464791
-1.46228 0.461058
-1.50617 0.514693
-1.54458 0.518637
-1.4952 0.502951
-1.4952 0.499068
-1.52812 0.52657
-1.51715 0.530559
-1.50617 0.546667
-1.44582 0.510764
-1.42936 0.50685
-1.44582 0.542617
-1.4513 0.510764
-1.47874 0.495199
-1.53909 0.538583
-1.52812 0.563015
-1.52812 0.567139
-1.50617 0.571279
-1.58848 0.592203
-1.48971 0.538583
-1.53909 0.558905
-1.51166 0.534564
-1.53909 0.542617
-1.55556 0.546667
-1.54458 0.55481
-1.53361 0.534564
-1.47325 0.499068
-1.4513 0.495199
-1.52263 0.502951
-1.42936 0.446275
-1.46776 0.464791
-1.42936 0.449948
-1.4513 0.464791
-1.43484 0.464791
-1.41838 0.491345
-1.40192 0.446275
-1.42387 0.45734
-1.33608 0.453636
-1.41289 0.495199
-1.40741 0.472303
-1.37997 0.464791
-1.46776 0.502951
-1.40741 0.491345
-1.36351 0.464791
-1.37997 0.476081
-1.40741 0.495199
-1.42387 0.491345
-1.43484 0.502951
-1.42936 0.510764
-1.37997 0.495199
-1.43484 0.534564
-1.40192 0.483683
-1.41289 0.487507
-1.37449 0.472303
-1.4513 0.50685
-1.39095 0.483683
-1.41838 0.487507
-1.42387 0.487507
-1.4513 0.514693
-1.50617 0.542617
-1.52812 0.542617
-1.46228 0.518637
-1.45679 0.518637
-1.4513 0.522596
-1.47325 0.52657
-1.39095 0.464791
-1.47874 0.530559
-1.4513 0.514693
-1.44582 0.534564
-1.4513 0.495199
-1.42387 0.491345
-1.40741 0.483683
-1.37449 0.468539
-1.41289 0.514693
-1.35254 0.510764
-1.44033 0.575434
-1.42387 0.563015
-1.40192 0.567139
-1.43484 0.592203
-1.39643 0.563015
-1.40192 0.583788
-1.47874 0.626465
-1.50069 0.630815
-1.4513 0.613504
-1.43484 0.613504
-1.4513 0.626465
-1.46776 0.648367
-1.47874 0.613504
-1.50617 0.587988
-1.41289 0.546667
-1.4513 0.592203
-1.47325 0.600678
-1.51166 0.592203
-1.50617 0.583788
-1.57202 0.604938
-1.53909 0.592203
-1.55556 0.579603
-1.58299 0.579603
-1.53361 0.575434
-1.58848 0.635181
-1.57202 0.622129
-1.6214 0.643957
-1.52263 0.600678
-1.53361 0.587988
-1.58848 0.613504
-1.54458 0.596433
-1.55556 0.596433
-1.61043 0.604938
-1.55556 0.592203
-1.53909 0.592203
-1.46228 0.563015
-1.55556 0.579603
-1.57202 0.583788
-1.57202 0.604938
-1.50069 0.550731
-1.47874 0.538583
-1.42936 0.522596
-1.46228 0.52657
-1.40741 0.510764
-1.43484 0.514693
-1.40192 0.483683
-1.42387 0.487507
-1.44582 0.499068
-1.44033 0.476081
-1.40741 0.472303
-1.41838 0.446275
-1.34156 0.428136
-1.33059 0.453636
-1.45679 0.487507
-1.37997 0.431734
-1.369 0.446275
-1.36351 0.417433
-1.29767 0.410373
-1.27572 0.410373
-1.26475 0.428136
-1.27023 0.417433
-1.29767 0.438974
-1.31413 0.442617
-1.31962 0.438974
-1.38546 0.461058
-1.37997 0.472303
-1.40192 0.476081
-1.35802 0.453636
-1.39643 0.464791
-1.37449 0.453636
-1.40192 0.491345
-1.31962 0.435347
-1.40192 0.464791
-1.42387 0.476081
-1.36351 0.464791
-1.46228 0.514693
-1.44582 0.518637
-1.50069 0.546667
-1.47325 0.558905
-1.47325 0.550731
-1.45679 0.550731
-1.50617 0.579603
-1.51166 0.550731
-1.46776 0.542617
-1.54458 0.579603
-1.46776 0.587988
-1.51715 0.596433
-1.47325 0.587988
-1.50617 0.579603
-1.47874 0.571279
-1.41838 0.542617
-1.48422 0.596433
-1.50069 0.596433
-1.50069 0.630815
-1.56653 0.670646
-1.59945 0.707076
-1.57202 0.679663
-1.48422 0.630815
-1.53909 0.675147
-1.55007 0.684194
-1.48971 0.648367
-1.55556 0.657234
-1.58299 0.675147
-1.63786 0.711697
-1.60494 0.702469
-1.57202 0.670646
-1.57202 0.670646
-1.59945 0.675147
-1.54458 0.635181
-1.50069 0.652793
-1.53909 0.66169
-1.59945 0.693302
-1.58848 0.670646
-1.56104 0.652793
-1.56104 0.675147
-1.63237 0.716334
-1.6214 0.702469
-1.58848 0.702469
-1.56653 0.711697
-1.55556 0.707076
-1.59945 0.744468
-1.61043 0.753967
-1.55007 0.711697
-1.5775 0.730333
-1.5775 0.739742
-1.53909 0.711697
-1.5775 0.720985
-1.63786 0.763526
-1.61043 0.739742
-1.52263 0.66169
-1.58299 0.725652
-1.5775 0.697878
-1.50069 0.679663
-1.54458 0.66169
-1.58299 0.688741
-1.52812 0.66169
-1.55556 0.66616
-1.59945 0.693302
-1.59945 0.702469
-1.61043 0.707076
-1.58299 0.679663
-1.56653 0.684194
-1.52812 0.66169
-1.55007 0.693302
-1.54458 0.684194
-1.50069 0.670646
-1.54458 0.684194
-1.55007 0.679663
-1.5775 0.702469
-1.62689 0.73503
-1.5775 0.707076
-1.57202 0.707076
-1.5775 0.693302
-1.57202 0.707076
-1.55007 0.66616
-1.51715 0.648367
-1.48422 0.670646
-1.53361 0.684194
-1.52812 0.693302
-1.57202 0.707076
-1.58299 0.73503
-1.56653 0.725652
-1.53361 0.693302
-1.50069 0.697878
-1.57202 0.702469
-1.61591 0.725652
-1.61591 0.74921
-1.58299 0.720985
-1.61591 0.730333
-1.62689 0.730333
-1.59945 0.720985
-1.58848 0.720985
-1.56653 0.711697
-1.51715 0.688741
-1.52812 0.693302
-1.53361 0.693302
-1.6214 0.725652
-1.64335 0.758739
-1.59396 0.73503
-1.53361 0.716334
-1.58848 0.730333
-1.60494 0.725652
-1.59945 0.720985
-1.64883 0.739742
-1.67627 0.758739
-1.61591 0.753967
-1.61591 0.739742
-1.6214 0.730333
-1.65432 0.753967
-1.66529 0.744468
-1.58299 0.711697
-1.52263 0.693302
-1.4952 0.684194
-1.4952 0.679663
-1.52263 0.684194
-1.48971 0.639561
-1.46228 0.652793
-1.42936 0.66169
-1.47325 0.66169
-1.48971 0.670646
-1.4513 0.66169
-1.48422 0.652793
-1.46228 0.639561
-1.50069 0.670646
-1.51166 0.684194
-1.57202 0.688741
-1.52263 0.702469
-1.55556 0.702469
-1.58848 0.697878
-1.58299 0.675147
-1.52263 0.648367
-1.59396 0.688741
-1.52812 0.66169
-1.56653 0.675147
-1.60494 0.688741
-1.54458 0.679663
-1.57202 0.693302
-1.59396 0.693302
-1.54458 0.635181
-1.51166 0.630815
-1.51166 0.622129
-1.47874 0.622129
-1.50617 0.630815
-1.46776 0.630815
-1.58299 0.66169
-1.53909 0.66169
-1.53361 0.670646
-1.45679 0.630815
-1.4952 0.652793
-1.51715 0.66616
-1.48971 0.643957
-1.4952 0.626465
-1.4952 0.613504
-1.4952 0.622129
-1.4952 0.648367
-1.53361 0.670646
-1.4952 0.643957
-1.4513 0.617809
-1.47874 0.622129
-1.44582 0.626465
-1.47874 0.657234
-1.42936 0.652793
-1.53361 0.702469
-1.48971 0.670646
-1.56104 0.688741
-1.53361 0.670646
-1.48422 0.66616
-1.48422 0.657234
-1.42936 0.648367
-1.45679 0.675147
-1.46228 0.66169
-1.44582 0.670646
-1.42936 0.622129
-1.46776 0.622129
-1.51166 0.66169
-1.54458 0.670646
-1.51166 0.648367
-1.48971 0.635181
-1.50617 0.639561
-1.51166 0.643957
-1.55007 0.675147
-1.56653 0.675147
-1.53909 0.635181
-1.51166 0.630815
-1.52812 0.604938
-1.50617 0.600678
-1.56653 0.609213
-1.51166 0.604938
-1.53909 0.575434
-1.53909 0.571279
-1.5775 0.609213
-1.53909 0.613504
-1.50617 0.579603
-1.52263 0.635181
-1.58299 0.630815
-1.58299 0.639561
-1.61043 0.630815
-1.58299 0.622129
-1.61591 0.622129
-1.54458 0.596433
-1.56104 0.630815
-1.55007 0.596433
-1.56653 0.600678
-1.57202 0.622129
-1.55007 0.613504
-1.59396 0.622129
-1.55007 0.596433
-1.53361 0.600678
-1.51166 0.587988
-1.60494 0.66169
-1.63237 0.657234
-1.59945 0.648367
-1.59396 0.639561
-1.62689 0.657234
-1.62689 0.652793
-1.53909 0.630815
-1.56104 0.635181
-1.58848 0.648367
-1.53361 0.596433
-1.55556 0.622129
-1.55556 0.639561
-1.57202 0.643957
-1.53361 0.639561
-1.55007 0.657234
-1.59945 0.684194
-1.52263 0.630815
-1.55556 0.630815
-1.55556 0.635181
-1.64335 0.670646
-1.61591 0.66169
-1.61591 0.684194
-1.63237 0.716334
-1.56653 0.66616
-1.59945 0.702469
-1.63237 0.725652
-1.5775 0.688741
-1.55556 0.66616
-1.60494 0.711697
-1.59396 0.688741
-1.61043 0.711697
-1.62689 0.697878
-1.61043 0.679663
-1.60494 0.670646
-1.63786 0.707076
-1.56653 0.648367
-1.52812 0.643957
-1.52263 0.609213
-1.50617 0.613504
-1.52263 0.622129
-1.56104 0.639561
-1.55556 0.626465
-1.52263 0.622129
-1.57202 0.617809
-1.50617 0.583788
-1.47874 0.534564
-1.51166 0.563015
-1.53361 0.571279
-1.44033 0.530559
-1.48971 0.571279
-1.52263 0.575434
-1.54458 0.592203
-1.57202 0.626465
-1.56104 0.630815
-1.53361 0.626465
-1.52263 0.626465
-1.53909 0.639561
-1.51715 0.609213
-1.60494 0.679663
-1.64883 0.702469
-1.63237 0.66169
-1.53361 0.635181
-1.54458 0.613504
-1.53361 0.579603
-1.56104 0.583788
-1.52263 0.604938
-1.52812 0.617809
-1.48971 0.604938
-1.57202 0.66616
-1.59396 0.670646
-1.61043 0.684194
-1.6214 0.688741
-1.57202 0.66616
-1.54458 0.675147
-1.6214 0.707076
-1.55007 0.66616
-1.52812 0.657234
-1.43484 0.571279
-1.37997 0.567139
-1.44582 0.596433
-1.46228 0.604938
-1.53909 0.643957
-1.47325 0.613504
-1.43484 0.613504
-1.56104 0.657234
-1.60494 0.693302
-1.5775 0.688741
-1.61591 0.697878
-1.59396 0.707076
-1.60494 0.711697
-1.51166 0.66616
-1.58299 0.679663
-1.56653 0.679663
-1.45679 0.635181
-1.55556 0.670646
-1.58848 0.679663
-1.6214 0.702469
-1.59396 0.675147
-1.60494 0.697878
-1.59396 0.688741
-1.53909 0.670646
-1.5775 0.688741
-1.62689 0.720985
-1.61591 0.697878
-1.59945 0.684194
-1.63237 0.702469
-1.65981 0.730333
-1.63237 0.725652
-1.61591 0.707076
-1.64883 0.725652
-1.59945 0.684194
-1.61043 0.711697
-1.54458 0.670646
-1.64883 0.730333
-1.63237 0.693302
-1.64883 0.702469
-1.58848 0.679663
-1.60494 0.688741
-1.64883 0.707076
-1.64335 0.711697
-1.55007 0.670646
-1.56653 0.639561
-1.58848 0.648367
-1.56104 0.622129
-1.56653 0.626465
-1.50617 0.600678
-1.5775 0.639561
-1.58848 0.622129
-1.54458 0.604938
-1.58299 0.613504
-1.56104 0.622129
-1.5775 0.635181
-1.50617 0.575434
-1.53909 0.567139
-1.46228 0.542617
-1.51715 0.55481
-1.58848 0.609213
-1.59396 0.626465
-1.5775 0.609213
-1.61043 0.626465
-1.61043 0.635181
-1.60494 0.635181
-1.58299 0.613504
-1.55556 0.630815
-1.5775 0.652793
-1.53361 0.622129
-1.55007 0.613504
-1.48971 0.579603
-1.52812 0.596433
-1.52263 0.596433
-1.5775 0.613504
-1.51166 0.596433
-1.56104 0.609213
-1.47874 0.579603
-1.46776 0.558905
-1.45679 0.550731
-1.50069 0.579603
-1.44033 0.55481
-1.4513 0.558905
-1.4952 0.567139
-1.54458 0.596433
-1.47325 0.522596
-1.46228 0.546667
-1.48971 0.538583
-1.47325 0.563015
-1.51166 0.592203
-1.45679 0.55481
-1.48971 0.579603
-1.50617 0.604938
-1.4513 0.558905
-1.4513 0.542617
-1.41838 0.495199
-1.34705 0.487507
-1.41838 0.499068
-1.41289 0.502951
-1.46228 0.563015
-1.42936 0.50685
-1.47874 0.563015
-1.48422 0.563015
-1.44582 0.546667
-1.50069 0.583788
-1.44033 0.546667
-1.51166 0.609213
-1.47325 0.563015
-1.51715 0.587988
-1.48971 0.587988
-1.50617 0.600678
-1.55556 0.613504
-1.50617 0.643957
-1.48971 0.622129
-1.55007 0.648367
-1.46228 0.617809
-1.51715 0.643957
-1.51166 0.630815
-1.51715 0.648367
-1.52812 0.639561
-1.47874 0.609213
-1.47874 0.613504
-1.48422 0.609213
-1.4513 0.575434
-1.47874 0.579603
-1.42387 0.530559
-1.41838 0.542617
-1.41838 0.52657
-1.43484 0.542617
-1.42936 0.558905
-1.40192 0.538583
-1.42936 0.55481
-1.4513 0.563015
-1.41289 0.502951
-1.42936 0.510764
-1.40741 0.518637
-1.47325 0.514693
-1.51715 0.550731
-1.44033 0.546667
-1.47325 0.546667
-1.50069 0.575434
-1.46228 0.52657
-1.45679 0.52657
-1.46776 0.542617
-1.44582 0.522596
-1.39643 0.530559
-1.45679 0.538583
-1.41838 0.530559
-1.39643 0.483683
-1.42387 0.472303
-1.43484 0.518637
-1.41289 0.518637
-1.38546 0.510764
-1.4513 0.52657
-1.44582 0.510764
-1.44582 0.518637
-1.45679 0.55481
-1.39095 0.464791
-1.39095 0.491345
-1.40741 0.518637
-1.50617 0.542617
-1.43484 0.52657
-1.42387 0.491345
-1.39643 0.495199
-1.40192 0.502951
-1.4952 0.550731
-1.46776 0.550731
-1.46228 0.558905
-1.46776 0.571279
-1.4513 0.583788
-1.47874 0.579603
-1.47325 0.583788
-1.47874 0.592203
-1.48422 0.587988
-1.50617 0.587988
-1.51715 0.604938
-1.52263 0.626465
-1.54458 0.617809
-1.4952 0.587988
-1.51166 0.592203
-1.55007 0.617809
-1.50617 0.567139
-1.48422 0.530559
-1.5775 0.579603
-1.55556 0.596433
-1.55556 0.613504
-1.4952 0.583788
-1.52812 0.617809
-1.52812 0.635181
-1.48971 0.613504
-1.54458 0.604938
-1.46776 0.579603
-1.51166 0.617809
-1.46776 0.604938
-1.46228 0.600678
-1.54458 0.626465
-1.51715 0.639561
-1.52263 0.630815
-1.48422 0.626465
-1.50069 0.648367
-1.47325 0.604938
-1.50617 0.596433
-1.54458 0.635181
-1.56104 0.622129
-1.55007 0.613504
-1.48422 0.596433
-1.47325 0.617809
-1.43484 0.609213
-1.42936 0.600678
-1.51715 0.652793
-1.50617 0.630815
-1.54458 0.639561
-1.50617 0.643957
-1.55556 0.675147
-1.48971 0.622129
-1.51715 0.626465
-1.41289 0.558905
-1.45679 0.600678
-1.43484 0.575434
-1.47874 0.617809
-1.42387 0.613504
-1.51715 0.643957
-1.51166 0.639561
-1.48971 0.626465
-1.39643 0.596433
-1.53361 0.626465
-1.50069 0.630815
-1.53361 0.66616
-1.52263 0.675147
-1.51715 0.66169
-1.51166 0.639561
-1.58848 0.670646
-1.60494 0.711697
-1.56104 0.684194
-1.5775 0.693302
-1.56653 0.720985
-1.5775 0.716334
-1.61043 0.744468
-1.56653 0.707076
-1.56653 0.684194
-1.55007 0.670646
-1.4952 0.652793
-1.51166 0.66616
-1.44582 0.626465
-1.55007 0.688741
-1.50617 0.66616
-1.55007 0.716334
-1.59945 0.739742
-1.64335 0.768328
-1.63786 0.763526
-1.64883 0.768328
-1.61591 0.753967
-1.58848 0.711697
-1.58848 0.725652
-1.63237 0.758739
-1.61591 0.768328
-1.61043 0.720985
-1.62689 0.73503
-1.64335 0.739742
-1.59396 0.697878
-1.66529 0.74921
-1.6214 0.725652
-1.6214 0.711697
-1.6214 0.725652
-1.59396 0.702469
-1.67078 0.74921
-1.62689 0.753967
-1.62689 0.739742
-1.63786 0.725652
-1.58299 0.702469
-1.55556 0.66169
-1.58848 0.688741
-1.57202 0.684194
-1.56104 0.697878
-1.51166 0.657234
-1.57202 0.684194
-1.55007 0.684194
-1.59945 0.711697
-1.61591 0.707076
-1.61043 0.702469
-1.64335 0.758739
-1.64335 0.744468
-1.66529 0.768328
-1.60494 0.725652
-1.59396 0.716334
-1.64335 0.739742
-1.59945 0.74921
-1.58848 0.744468
-1.55556 0.716334
-1.56104 0.716334
-1.51715 0.697878
-1.53361 0.688741
-1.53909 0.697878
-1.62689 0.720985
-1.56104 0.707076
-1.61043 0.730333
-1.56104 0.73503
-1.59396 0.758739
-1.64335 0.782824
-1.58848 0.763526
-1.56104 0.725652
-1.56653 0.725652
-1.5775 0.753967
-1.65432 0.792564
-1.65981 0.777977
-1.67078 0.797456
-1.7037 0.797456
-1.65432 0.768328
-1.68724 0.777977
-1.69273 0.753967
-1.72016 0.792564
-1.7037 0.777977
-1.7476 0.797456
-1.66529 0.74921
-1.57202 0.716334
-1.55007 0.707076
-1.62689 0.74921
-1.59396 0.744468
-1.61043 0.763526
-1.63786 0.753967
-1.58848 0.730333
-1.58848 0.725652
-1.59945 0.73503
-1.62689 0.74921
-1.68176 0.773145
-1.64883 0.730333
-1.69273 0.777977
-1.57202 0.711697
-1.56653 0.697878
-1.57202 0.702469
-1.58848 0.716334
-1.6214 0.720985
-1.55007 0.684194
-1.57202 0.684194
-1.6214 0.697878
-1.6214 0.711697
-1.58848 0.66616
-1.54458 0.657234
-1.56104 0.707076
-1.52812 0.688741
-1.55007 0.693302
-1.55556 0.684194
-1.51715 0.679663
-1.57202 0.720985
-1.58848 0.711697
-1.61591 0.739742
-1.60494 0.73503
-1.58299 0.730333
-1.56104 0.716334
-1.52263 0.693302
-1.4952 0.688741
-1.4952 0.684194
-1.51715 0.66616
-1.55007 0.684194
-1.51166 0.66616
-1.56104 0.697878
-1.46228 0.652793
-1.45679 0.648367
-1.48971 0.630815
-1.50617 0.635181
-1.56653 0.643957
-1.51715 0.652793
-1.55556 0.702469
-1.53909 0.693302
-1.4952 0.670646
-1.50617 0.643957
-1.42936 0.596433
-1.43484 0.579603
-1.39095 0.563015
-1.39643 0.579603
-1.40192 0.55481
-1.369 0.538583
-1.41289 0.534564
-1.40192 0.514693
-1.39095 0.502951
-1.35802 0.468539
-1.40741 0.502951
-1.38546 0.487507
-1.40741 0.50685
-1.41289 0.483683
-1.42387 0.502951
-1.38546 0.468539
-1.369 0.464791
-1.34705 0.449948
-1.26475 0.417433
-1.28121 0.420986
-1.3251 0.420986
-1.31413 0.446275
-1.36351 0.461058
-1.31413 0.45734
-1.30316 0.420986
-1.39095 0.446275
-1.35254 0.438974
-1.33608 0.468539
-1.3251 0.472303
-1.35254 0.476081
-1.37997 0.472303
-1.37997 0.472303
-1.39643 0.461058
-1.40192 0.487507
-1.46228 0.518637
-1.4513 0.522596
-1.43484 0.50685
-1.48422 0.522596
-1.43484 0.499068
-1.44033 0.522596
-1.4952 0.538583
-1.48422 0.534564
-1.52812 0.563015
-1.56104 0.604938
-1.45679 0.55481
-1.47874 0.571279
-1.4952 0.571279
-1.50617 0.579603
-1.48971 0.587988
-1.43484 0.534564
-1.48971 0.571279
-1.46228 0.571279
-1.56104 0.604938
-1.51166 0.604938
-1.4952 0.550731
-1.4952 0.55481
-1.4952 0.55481
-1.43484 0.546667
-1.55556 0.609213
-1.48422 0.571279
-1.46776 0.563015
-1.50617 0.600678
-1.47874 0.575434
-1.4513 0.546667
-1.47325 0.587988
-1.4513 0.579603
-1.50617 0.579603
-1.43484 0.55481
-1.48971 0.579603
-1.45679 0.571279
-1.34705 0.499068
-1.36351 0.499068
-1.41838 0.558905
-1.39643 0.514693
-1.30864 0.499068
-1.36351 0.530559
-1.35802 0.550731
-1.37449 0.542617
-1.43484 0.563015
-1.51715 0.622129
-1.51166 0.609213
-1.52812 0.613504
-1.54458 0.613504
-1.56653 0.652793
-1.50617 0.587988
-1.50617 0.592203
-1.46228 0.567139
-1.4513 0.542617
-1.4952 0.550731
-1.4952 0.546667
-1.44582 0.542617
-1.37449 0.510764
-1.47874 0.538583
-1.48971 0.567139
-1.43484 0.563015
-1.43484 0.558905
-1.35802 0.495199
-1.41838 0.495199
-1.42387 0.495199
-1.40741 0.479875
-1.40192 0.446275
-1.42936 0.472303
-1.48422 0.453636
-1.42387 0.435347
-1.43484 0.45734
-1.45679 0.453636
-1.47874 0.45734
-1.50069 0.476081
-1.4952 0.468539
-1.50069 0.472303
-1.48422 0.45734
-1.50069 0.461058
-1.48422 0.476081
-1.51166 0.487507
-1.48422 0.453636
-1.51166 0.461058
-1.50617 0.487507
-1.45679 0.45734
-1.47325 0.479875
-1.48422 0.468539
-1.36351 0.431734
-1.43484 0.442617
-1.42936 0.435347
-1.44033 0.431734
-1.40741 0.442617
-1.42387 0.442617
-1.44582 0.472303
-1.369 0.431734
-1.39643 0.420986
-1.38546 0.438974
-1.42936 0.442617
-1.40192 0.468539
-1.37449 0.453636
-1.37997 0.472303
-1.38546 0.483683
-1.40192 0.442617
-1.40192 0.449948
-1.369 0.446275
-1.31962 0.417433
-1.37449 0.417433
-1.39643 0.417433
-1.39643 0.438974
-1.4513 0.449948
-1.50617 0.449948
-1.52263 0.449948
-1.50069 0.453636
-1.52263 0.479875
-1.42387 0.431734
-1.4952 0.453636
-1.54458 0.468539
-1.46228 0.449948
-1.43484 0.431734
-1.46228 0.442617
-1.4952 0.446275
-1.50069 0.446275
-1.55007 0.468539
-1.4952 0.453636
-1.4952 0.461058
-1.41289 0.403373
-1.39643 0.410373
-1.42387 0.386137
-1.50069 0.428136
-1.42387 0.396433
-1.42387 0.389554
-1.46228 0.424553
-1.50617 0.446275
-1.48971 0.420986
-1.48971 0.431734
-1.4513 0.396433
-1.39643 0.396433
-1.33059 0.386137
-1.37449 0.406865
-1.38546 0.396433
-1.36351 0.382735
-1.37449 0.389554
-1.33608 0.386137
-1.29218 0.375976
-1.34705 0.386137
-1.369 0.406865
-1.369 0.362639
-1.38546 0.386137
-1.36351 0.36595
-1.38546 0.389554
-1.33059 0.352794
-1.34705 0.36595
-1.369 0.410373
-1.31962 0.392986
-1.34705 0.392986
-1.44033 0.435347
-1.39095 0.410373
-1.37997 0.379348
-1.39643 0.382735
-1.37997 0.410373
-1.37449 0.386137
-1.42387 0.420986
-1.39095 0.389554
-1.369 0.382735
-1.25377 0.396433
-1.33608 0.438974
-1.369 0.476081
-1.39643 0.435347
-1.37997 0.446275
-1.37997 0.45734
-1.46776 0.502951
-1.46776 0.491345
-1.52812 0.542617
-1.42387 0.50685
-1.45679 0.483683
-1.46228 0.514693
-1.47325 0.502951
-1.53361 0.530559
-1.51715 0.550731
-1.42936 0.499068
-1.42387 0.491345
-1.42387 0.461058
-1.35802 0.435347
-1.35802 0.45734
-1.39643 0.476081
-1.39095 0.464791
-1.34705 0.464791
-1.38546 0.483683
-1.34705 0.491345
-1.43484 0.518637
-1.42936 0.518637
-1.46228 0.499068
-1.48422 0.499068
-1.43484 0.499068
-1.4513 0.502951
-1.44582 0.534564
-1.44033 0.514693
-1.40741 0.495199
-1.44582 0.542617
-1.47325 0.542617
-1.47874 0.563015
-1.40192 0.514693
-1.39643 0.499068
-1.44033 0.518637
-1.42387 0.495199
-1.48971 0.518637
-1.4513 0.510764
-1.44582 0.530559
-1.51166 0.571279
-1.4952 0.55481
-1.53361 0.55481
-1.53909 0.609213
-1.57202 0.600678
-1.56104 0.596433
-1.57202 0.587988
-1.51715 0.575434
-1.5775 0.622129
-1.5775 0.596433
-1.61591 0.613504
-1.52812 0.583788
-1.56653 0.587988
-1.50069 0.567139
-1.53361 0.575434
-1.58299 0.583788
-1.51166 0.546667
-1.51715 0.583788
-1.4952 0.571279
-1.60494 0.617809
-1.61043 0.630815
-1.59945 0.617809
-1.6214 0.630815
-1.53361 0.579603
-1.5775 0.596433
-1.52263 0.575434
-1.55556 0.579603
-1.56104 0.600678
-1.55556 0.583788
-1.58848 0.592203
-1.52812 0.575434
-1.55556 0.596433
-1.5775 0.604938
-1.56104 0.617809
-1.5775 0.613504
-1.56653 0.622129
-1.58299 0.635181
-1.53909 0.626465
-1.46776 0.587988
-1.55007 0.626465
-1.55007 0.622129
-1.55556 0.622129
-1.58848 0.622129
-1.56653 0.639561
-1.61591 0.626465
-1.64335 0.630815
-1.55556 0.609213
-1.56653 0.609213
-1.54458 0.604938
-1.6214 0.657234
-1.65432 0.684194
-1.6214 0.675147
-1.66529 0.716334
-1.59945 0.679663
-1.61043 0.652793
-1.64883 0.66616
-1.67078 0.679663
-1.6214 0.639561
-1.56653 0.613504
-1.5775 0.617809
-1.55556 0.617809
-1.65432 0.643957
-1.63237 0.648367
-1.62689 0.639561
-1.61591 0.630815
-1.56104 0.609213
-1.48422 0.592203
-1.53909 0.622129
-1.56104 0.652793
-1.60494 0.66616
-1.46228 0.592203
-1.46228 0.600678
-1.50069 0.596433
-1.48422 0.600678
-1.47325 0.583788
-1.54458 0.643957
-1.55007 0.626465
-1.56653 0.652793
-1.50617 0.609213
-1.51166 0.596433
-1.51166 0.617809
-1.52263 0.639561
-1.53361 0.648367
-1.54458 0.617809
-1.51715 0.604938
-1.55007 0.592203
-1.51715 0.622129
-1.48971 0.622129
-1.52812 0.604938
-1.52812 0.587988
-1.54458 0.604938
-1.52812 0.600678
-1.51715 0.600678
-1.51166 0.604938
-1.52812 0.622129
-1.52263 0.630815
-1.56653 0.66616
-1.52263 0.626465
-1.6214 0.688741
-1.59945 0.688741
-1.58299 0.670646
-1.58299 0.675147
-1.5775 0.670646
-1.5775 0.688741
-1.55556 0.657234
-1.53909 0.675147
-1.5775 0.684194
-1.54458 0.693302
-1.52812 0.679663
-1.50617 0.66169
-1.58848 0.730333
-1.55556 0.707076
-1.50069 0.675147
-1.59945 0.707076
-1.55556 0.697878
-1.55556 0.697878
-1.56653 0.702469
-1.61591 0.725652
-1.56104 0.716334
-1.5775 0.730333
-1.53361 0.702469
-1.59945 0.739742
-1.61591 0.758739
-1.62689 0.768328
-1.63786 0.763526
-1.67627 0.768328
-1.64335 0.74921
-1.65432 0.758739
-1.67078 0.782824
-1.64335 0.768328
-1.63237 0.758739
-1.58848 0.73503
-1.51715 0.675147
-1.59945 0.730333
-1.53909 0.702469
-1.47874 0.657234
-1.46776 0.639561
-1.46228 0.639561
-1.52263 0.697878
-1.43484 0.648367
-1.55556 0.707076
-1.4952 0.652793
-1.48971 0.670646
-1.44582 0.648367
-1.47874 0.684194
-1.45679 0.670646
-1.48422 0.684194
-1.50617 0.684194
-1.53361 0.688741
-1.48422 0.643957
-1.42387 0.622129
-1.44582 0.622129
-1.53909 0.693302
-1.55007 0.684194
-1.50617 0.635181
-1.46776 0.622129
-1.40192 0.592203
-1.47874 0.635181
-1.46776 0.630815
-1.4952 0.652793
-1.47325 0.630815
-1.50617 0.639561
-1.46228 0.622129
-1.51715 0.648367
-1.53361 0.675147
-1.50069 0.648367
-1.52263 0.670646
-1.59945 0.739742
-1.53361 0.693302
-1.58299 0.684194
-1.56104 0.716334
-1.55556 0.688741
-1.55556 0.66616
-1.64335 0.730333
-1.59945 0.707076
-1.61043 0.725652
-1.5775 0.711697
-1.60494 0.725652
-1.5775 0.711697
-1.54458 0.697878
-1.56653 0.702469
-1.60494 0.702469
-1.60494 0.725652
-1.5775 0.684194
-1.51715 0.66169
-1.51166 0.600678
-1.52263 0.630815
-1.53909 0.652793
-1.53909 0.630815
-1.5775 0.697878
-1.55007 0.66616
-1.56104 0.652793
-1.59396 0.684194
-1.61043 0.670646
-1.55007 0.630815
-1.52263 0.563015
-1.55556 0.626465
-1.55007 0.604938
-1.48422 0.604938
-1.4513 0.579603
-1.55556 0.635181
-1.50069 0.600678
-1.52263 0.592203
-1.55007 0.617809
-1.52263 0.617809
-1.53909 0.639561
-1.61591 0.657234
-1.5775 0.626465
-1.57202 0.639561
-1.59396 0.657234
-1.57202 0.626465
-1.5775 0.626465
-1.52263 0.587988
-1.54458 0.609213
-1.53909 0.587988
-1.53909 0.600678
-1.58299 0.622129
-1.60494 0.609213
-1.57202 0.609213
-1.55007 0.609213
-1.5775 0.613504
-1.58299 0.609213
-1.58848 0.613504
-1.63237 0.635181
-1.61591 0.604938
-1.60494 0.652793
-1.68176 0.675147
-1.64335 0.657234
-1.52812 0.639561
-1.64335 0.688741
-1.59945 0.66616
-1.55556 0.639561
-1.5775 0.639561
-1.55556 0.626465
-1.52812 0.630815
-1.51715 0.652793
-1.51715 0.657234
-1.51715 0.622129
-1.48971 0.613504
-1.51166 0.622129
-1.46228 0.575434
-1.47325 0.587988
-1.39095 0.550731
-1.40741 0.534564
-1.369 0.502951
-1.40741 0.50685
-1.39643 0.495199
-1.40192 0.461058
-1.41289 0.468539
-1.39643 0.461058
-1.43484 0.461058
-1.42387 0.446275
-1.42936 0.495199
-1.41838 0.479875
-1.41289 0.472303
-1.40741 0.468539
-1.37449 0.476081
-1.369 0.50685
-1.41838 0.495199
-1.42387 0.50685
-1.41838 0.491345
-1.40192 0.472303
-1.42936 0.491345
-1.40741 0.495199
-1.37997 0.502951
-1.35802 0.510764
-1.41289 0.487507
-1.38546 0.522596
-1.35254 0.499068
-1.39643 0.518637
-1.45679 0.530559
-1.51166 0.550731
-1.4952 0.52657
-1.52263 0.567139
-1.46228 0.534564
-1.47874 0.52657
-1.50617 0.546667
-1.52812 0.534564
-1.53909 0.550731
-1.55556 0.558905
-1.53909 0.558905
-1.51166 0.542617
-1.55007 0.55481
-1.52263 0.55481
-1.48422 0.550731
-1.4513 0.52657
-1.47325 0.534564
-1.46776 0.534564
-1.47325 0.546667
-1.47325 0.558905
-1.4952 0.567139
-1.52812 0.567139
-1.44582 0.50685
-1.46228 0.52657
-1.41838 0.522596
-1.50069 0.55481
-1.4513 0.550731
-1.46776 0.571279
-1.52263 0.546667
-1.42387 0.491345
-1.45679 0.502951
-1.41838 0.514693
-1.42387 0.483683
-1.33608 0.476081
-1.34705 0.461058
-1.38546 0.479875
-1.36351 0.483683
-1.36351 0.428136
-1.35802 0.461058
-1.38546 0.45734
-1.38546 0.476081
-1.44582 0.495199
-1.44582 0.495199
-1.51166 0.530559
-1.4513 0.483683
-1.44033 0.483683
-1.46228 0.476081
-1.48422 0.491345
-1.48971 0.52657
-1.47874 0.502951
-1.50069 0.502951
-1.53909 0.538583
-1.53361 0.518637
-1.48422 0.522596
-1.51166 0.550731
-1.48971 0.522596
-1.53361 0.542617
-1.56653 0.567139
-1.51715 0.567139
-1.51715 0.510764
-1.46776 0.479875
-1.41838 0.461058
-1.51715 0.499068
-1.53909 0.538583
-1.52263 0.575434
-1.60494 0.587988
-1.56104 0.546667
-1.58299 0.534564
-1.58848 0.542617
-1.56104 0.542617
-1.54458 0.538583
-1.55007 0.538583
-1.54458 0.558905
-1.53361 0.587988
-1.52263 0.583788
-1.50617 0.558905
-1.52812 0.558905
-1.48422 0.542617
-1.50617 0.567139
-1.47874 0.550731
-1.47874 0.546667
-1.46776 0.55481
-1.45679 0.52657
-1.41289 0.491345
-1.40741 0.464791
-1.37449 0.491345
-1.45679 0.50685
-1.48422 0.530559
-1.47325 0.518637
-1.51166 0.52657
-1.42936 0.495199
-1.41838 0.468539
-1.40192 0.483683
-1.42936 0.464791
-1.42936 0.50685
-1.44582 0.518637
-1.45679 0.510764
-1.46228 0.510764
-1.50617 0.538583
-1.52263 0.52657
-1.50069 0.538583
-1.48971 0.55481
-1.47874 0.550731
-1.47325 0.538583
-1.52263 0.55481
-1.55007 0.579603
-1.53909 0.587988
-1.47325 0.579603
-1.44033 0.542617
-1.4952 0.579603
-1.52812 0.579603
-1.51715 0.613504
-1.52263 0.613504
-1.44033 0.587988
-1.40741 0.550731
-1.44582 0.563015
-1.45679 0.579603
-1.43484 0.546667
-1.41838 0.538583
-1.43484 0.538583
-1.39643 0.52657
-1.39643 0.510764
-1.4952 0.550731
-1.50617 0.587988
-1.53361 0.592203
-1.52263 0.571279
-1.48422 0.546667
-1.51166 0.579603
-1.48971 0.55481
-1.41838 0.522596
-1.44033 0.50685
-1.45679 0.542617
-1.4513 0.550731
-1.4513 0.534564
-1.38546 0.510764
-1.40741 0.514693
-1.41289 0.52657
-1.42387 0.563015
-1.46228 0.571279
-1.45679 0.542617
-1.48971 0.55481
-1.4513 0.575434
-1.41289 0.542617
-1.40741 0.534564
-1.41289 0.534564
-1.40741 0.530559
-1.39643 0.499068
-1.48971 0.518637
-1.4513 0.491345
-1.50069 0.546667
-1.56104 0.55481
-1.4513 0.502951
-1.52812 0.546667
-1.52812 0.550731
-1.47874 0.542617
-1.47874 0.542617
-1.52812 0.567139
-1.59396 0.600678
-1.53909 0.567139
-1.55007 0.575434
-1.58848 0.583788
-1.59396 0.583788
-1.63237 0.583788
-1.60494 0.592203
-1.61043 0.583788
-1.54458 0.563015
-1.51715 0.542617
-1.51715 0.542617
-1.53361 0.530559
-1.47325 0.518637
-1.58848 0.563015
-1.61043 0.587988
-1.58848 0.563015
-1.64335 0.583788
-1.57202 0.546667
-1.59945 0.575434
-1.58848 0.558905
-1.54458 0.518637
-1.59396 0.542617
-1.58299 0.534564
-1.63237 0.558905
-1.55007 0.550731
-1.5775 0.55481
-1.55007 0.567139
-1.56104 0.530559
-1.55556 0.575434
-1.50069 0.534564
-1.57202 0.550731
-1.48971 0.52657
-1.53361 0.538583
-1.51715 0.510764
-1.6214 0.558905
-1.58848 0.55481
-1.57202 0.522596
-1.60494 0.534564
-1.63237 0.546667
-1.55007 0.522596
-1.52812 0.518637
-1.50617 0.514693
-1.55007 0.534564
-1.53909 0.530559
-1.51166 0.499068
-1.45679 0.479875
-1.48971 0.491345
-1.46228 0.479875
-1.54458 0.499068
-1.46228 0.464791
-1.48971 0.479875
-1.46228 0.464791
-1.48971 0.45734
-1.46228 0.420986
-1.45679 0.438974
-1.40741 0.424553
-1.42387 0.396433
-1.35254 0.420986
-1.369 0.389554
-1.41838 0.424553
-1.40741 0.396433
-1.44582 0.417433
-1.43484 0.428136
-1.41289 0.428136
-1.4513 0.461058
-1.43484 0.442617
-1.41838 0.428136
-1.41289 0.410373
-1.44582 0.438974
-1.44582 0.424553
-1.4513 0.449948
-1.45679 0.453636
-1.47325 0.420986
-1.48422 0.435347
-1.42936 0.420986
-1.44582 0.442617
-1.48422 0.413895
-1.56653 0.449948
-1.51715 0.442617
-1.51166 0.442617
-1.50069 0.453636
-1.55556 0.453636
-1.53361 0.446275
-1.47874 0.435347
-1.53909 0.446275
-1.48971 0.413895
-1.44582 0.403373
-1.45679 0.396433
-1.44033 0.379348
-1.52263 0.399896
-1.50617 0.403373
-1.51715 0.410373
-1.53361 0.392986
-1.46228 0.362639
-1.46776 0.327203
-1.47325 0.33351
-1.50069 0.33351
-1.47325 0.336686
-1.41838 0.336686
-1.45679 0.324072
-1.46776 0.327203
-1.48971 0.314769
-1.50069 0.317855
-1.55556 0.343084
-1.56104 0.349542
-1.51715 0.346306
-1.54458 0.379348
-1.52812 0.35606
-1.50617 0.349542
-1.47325 0.330349
-1.43484 0.314769
-1.51715 0.336686
-1.50617 0.372619
-1.51166 0.375976
-1.48971 0.372619
-1.48971 0.359342
-1.50069 0.359342
-1.48971 0.346306
-1.45679 0.336686
-1.45679 0.339878
-1.4513 0.36595
-1.47874 0.362639
-1.48422 0.352794
-1.48422 0.369277
-1.45679 0.349542
-1.43484 0.362639
-1.4952 0.359342
-1.43484 0.33351
-1.42936 0.375976
-1.39095 0.362639
-1.41838 0.372619
-1.36351 0.379348
-1.43484 0.379348
-1.44033 0.36595
-1.43484 0.359342
-1.46228 0.352794
-1.42387 0.314769
-1.44582 0.327203
-1.35802 0.308642
-1.42387 0.317855
-1.39643 0.317855
-1.42936 0.317855
-1.38546 0.33351
-1.34156 0.305601
-1.369 0.317855
-1.37997 0.302575
-1.38546 0.320956
-1.42387 0.320956
-1.43484 0.33351
-1.369 0.305601
-1.38546 0.330349
-1.35254 0.320956
-1.37997 0.352794
-1.40192 0.339878
-1.41838 0.33351
-1.45679 0.299565
-1.43484 0.287673
-1.40741 0.290623
-1.38546 0.278911
-1.38546 0.273146
-1.31962 0.278911
-1.41289 0.278911
-1.33608 0.287673
-1.42387 0.278911
-1.29218 0.247947
-1.30864 0.22919
-1.37449 0.258996
-1.29218 0.223967
-1.35254 0.221377
-1.42936 0.234474
-1.39095 0.237138
-1.33059 0.234474
-1.34156 0.250686
-1.39095 0.245222
-1.369 0.22919
-1.36351 0.242512
-1.38546 0.231824
-1.42387 0.250686
-1.39095 0.242512
-1.37997 0.273146
-1.34705 0.270286
-1.29218 0.22919
-1.35254 0.223967
-1.31962 0.22919
-1.34705 0.256211
-1.31413 0.231824
-1.3251 0.256211
-1.38546 0.281817
-1.31962 0.247947
-1.36351 0.278911
-1.33608 0.247947
-1.29767 0.242512
-1.33059 0.256211
-1.25926 0.237138
-1.33059 0.258996
-1.35254 0.293589
-1.39643 0.293589
-1.27572 0.270286
-1.34705 0.308642
-1.30864 0.293589
-1.33608 0.299565
-1.35802 0.324072
-1.39095 0.330349
-1.30316 0.305601
-1.37997 0.336686
-1.39095 0.352794
-1.40741 0.386137
-1.35802 0.372619
-1.38546 0.406865
-1.27023 0.375976
-1.31962 0.420986
-1.35254 0.396433
-1.35802 0.369277
-1.33059 0.362639
-1.28121 0.308642
-1.31962 0.349542
-1.38546 0.339878
-1.37449 0.327203
-1.28121 0.308642
-1.33608 0.330349
-1.30864 0.35606
-1.29218 0.327203
-1.3251 0.339878
-1.27023 0.320956
-1.1989 0.317855
-1.25926 0.314769
-1.23731 0.314769
-1.28669 0.33351
-1.31413 0.33351
-1.29767 0.320956
-1.27023 0.278911
-1.23182 0.267441
-1.22085 0.284737
-1.23731 0.290623
-1.28669 0.336686
-1.369 0.346306
-1.35802 0.362639
-1.35802 0.372619
-1.33059 0.352794
-1.37449 0.372619
-1.42936 0.392986
-1.35802 0.369277
-1.39643 0.379348
-1.39095 0.36595
-1.37449 0.349542
-1.36351 0.35606
-1.41289 0.375976
-1.369 0.336686
-1.41838 0.386137
-1.369 0.375976
-1.42387 0.399896
-1.369 0.382735
-1.37449 0.382735
-1.39095 0.413895
-1.38546 0.413895
-1.35254 0.36595
-1.33608 0.362639
-1.28121 0.382735
-1.30316 0.369277
-1.23731 0.352794
-1.3251 0.36595
-1.29767 0.33351
-1.24829 0.346306
-1.31962 0.36595
-1.25377 0.382735
-1.34156 0.372619
-1.33059 0.386137
-1.28121 0.352794
-1.25926 0.327203
-1.25377 0.343084
-1.31413 0.343084
-1.27572 0.327203
-1.22634 0.317855
-1.22634 0.314769
-1.23731 0.276021
-1.2428 0.270286
-1.27023 0.287673
-1.26475 0.317855
-1.30316 0.327203
-1.20439 0.281817
-1.24829 0.305601
-1.27572 0.324072
-1.3251 0.369277
-1.33059 0.339878
-1.25926 0.339878
-1.3251 0.362639
-1.28121 0.327203
-1.33059 0.349542
-1.33608 0.375976
-1.34156 0.33351
-1.29767 0.299565
-1.29218 0.302575
-1.22085 0.302575
-1.23182 0.278911
-1.28669 0.314769
-1.28121 0.35606
-1.25926 0.317855
-1.25926 0.324072
-1.25377 0.305601
-1.26475 0.311698
-1.23731 0.314769
-1.24829 0.317855
-1.25377 0.336686
-1.30864 0.336686
-1.27572 0.330349
-1.33059 0.36595
-1.34156 0.392986
-1.30316 0.372619
-1.40192 0.435347
-1.34705 0.403373
-1.41838 0.431734
-1.37997 0.431734
-1.40192 0.431734
-1.30316 0.389554
-1.3251 0.396433
-1.35802 0.403373
-1.40192 0.449948
-1.41838 0.446275
-1.35802 0.406865
-1.42387 0.413895
-1.369 0.389554
-1.35254 0.386137
-1.369 0.389554
-1.33608 0.362639
-1.39643 0.406865
-1.37997 0.406865
-1.3251 0.410373
-1.36351 0.417433
-1.40192 0.446275
-1.41289 0.468539
-1.45679 0.495199
-1.40192 0.468539
-1.44033 0.468539
-1.40741 0.449948
-1.38546 0.428136
-1.30864 0.362639
-1.30316 0.389554
-1.3251 0.399896
-1.27572 0.379348
-1.24829 0.375976
-1.26475 0.382735
-1.28121 0.382735
-1.30316 0.396433
-1.29767 0.406865
-1.3251 0.413895
-1.31962 0.420986
-1.33059 0.410373
-1.35802 0.424553
-1.33059 0.389554
-1.31413 0.372619
-1.30864 0.359342
-1.29767 0.375976
-1.31962 0.399896
-1.33059 0.403373
-1.34156 0.399896
-1.30864 0.399896
-1.31962 0.379348
-1.38546 0.428136
-1.33059 0.379348
-1.27023 0.336686
-1.35254 0.35606
-1.34156 0.35606
-1.34156 0.36595
-1.35802 0.413895
-1.34156 0.403373
-1.34705 0.406865
-1.36351 0.431734
-1.369 0.413895
-1.38546 0.464791
-1.39095 0.431734
-1.42387 0.446275
-1.33608 0.413895
-1.35802 0.435347
-1.38546 0.461058
-1.41838 0.483683
-1.41289 0.487507
-1.4513 0.495199
-1.37449 0.479875
-1.45679 0.538583
-1.4513 0.510764
-1.52812 0.567139
-1.4952 0.534564
-1.52812 0.558905
-1.4952 0.514693
-1.47325 0.522596
-1.50617 0.558905
-1.52812 0.575434
-1.50617 0.575434
-1.50617 0.583788
-1.50069 0.596433
-1.55007 0.617809
-1.53909 0.613504
-1.53361 0.626465
-1.56104 0.652793
-1.61043 0.66169
-1.5775 0.630815
-1.58848 0.639561
-1.58299 0.622129
-1.57202 0.626465
-1.57202 0.639561
-1.62689 0.66616
-1.53909 0.626465
-1.55007 0.635181
-1.47874 0.592203
-1.46776 0.567139
-1.47874 0.579603
-1.53361 0.592203
-1.50617 0.583788
-1.45679 0.530559
-1.45679 0.546667
-1.50617 0.534564
-1.50617 0.52657
-1.55556 0.550731
-1.57202 0.55481
-1.55007 0.55481
-1.55556 0.534564
-1.59396 0.542617
-1.56104 0.546667
-1.55556 0.558905
-1.4952 0.530559
-1.50617 0.518637
-1.54458 0.522596
-1.55007 0.530559
-1.55007 0.546667
-1.52263 0.522596
-1.52263 0.499068
-1.47874 0.502951
-1.46228 0.495199
-1.50617 0.514693
-1.46776 0.502951
-1.55556 0.550731
-1.48971 0.52657
-1.48971 0.52657
-1.4952 0.522596
-1.4952 0.534564
-1.51166 0.546667
-1.58848 0.575434
-1.50069 0.542617
-1.55556 0.542617
-1.46228 0.499068
-1.50617 0.514693
-1.50069 0.510764
-1.48422 0.530559
-1.48971 0.55481
-1.47874 0.538583
-1.53361 0.538583
-1.50617 0.530559
-1.55556 0.550731
-1.46228 0.542617
-1.44582 0.530559
-1.48422 0.563015
-1.4952 0.542617
-1.48422 0.542617
-1.45679 0.522596
-1.44582 0.522596
-1.46228 0.538583
-1.46228 0.530559
-1.53361 0.558905
-1.52263 0.542617
-1.5775 0.563015
-1.55007 0.575434
-1.53909 0.575434
-1.47874 0.542617
-1.56653 0.587988
-1.53361 0.583788
-1.51715 0.575434
-1.51715 0.571279
-1.4952 0.575434
-1.4952 0.583788
-1.55556 0.635181
-1.51715 0.596433
-1.51166 0.583788
-1.4513 0.563015
-1.47325 0.558905
-1.55007 0.609213
-1.55007 0.609213
-1.53361 0.604938
-1.51715 0.587988
-1.50069 0.558905
-1.50617 0.587988
-1.55007 0.592203
-1.56653 0.592203
-1.54458 0.583788
-1.53361 0.567139
-1.51715 0.542617
-1.46776 0.575434
-1.46228 0.550731
-1.51715 0.546667
-1.50069 0.567139
-1.54458 0.567139
-1.56653 0.563015
-1.4952 0.542617
-1.50069 0.575434
-1.53361 0.596433
-1.48422 0.575434
-1.56653 0.604938
-1.4952 0.558905
-1.50617 0.542617
-1.46228 0.52657
-1.46776 0.510764
-1.42936 0.50685
-1.41838 0.479875
-1.40192 0.495199
-1.41838 0.50685
-1.37997 0.483683
-1.40192 0.495199
-1.36351 0.468539
-1.39643 0.472303
-1.39095 0.479875
-1.39643 0.464791
-1.34705 0.424553
-1.35802 0.472303
-1.37449 0.472303
-1.34705 0.464791
-1.33608 0.453636
-1.29767 0.468539
-1.33059 0.487507
-1.31413 0.461058
-1.29218 0.435347
-1.34705 0.468539
-1.36351 0.435347
-1.30864 0.431734
-1.30316 0.431734
-1.369 0.499068
-1.38546 0.499068
-1.46228 0.518637
-1.34705 0.45734
-1.39643 0.495199
-1.44033 0.514693
-1.39095 0.514693
-1.4513 0.522596
-1.42936 0.534564
-1.46776 0.546667
-1.41289 0.502951
-1.35254 0.491345
-1.42387 0.514693
-1.369 0.483683
-1.51166 0.510764
-1.42387 0.487507
-1.50617 0.534564
-1.46776 0.510764
-1.46776 0.542617
-1.51715 0.538583
-1.43484 0.518637
-1.46776 0.52657
-1.43484 0.495199
-1.40192 0.483683
-1.39095 0.453636
-1.43484 0.476081
-1.41289 0.483683
-1.42936 0.491345
-1.40192 0.45734
-1.44033 0.50685
-1.52263 0.50685
-1.47325 0.522596
-1.52812 0.522596
-1.53361 0.55481
-1.53909 0.542617
-1.44033 0.518637
-1.50069 0.510764
-1.44582 0.476081
-1.4952 0.499068
-1.53361 0.522596
-1.44033 0.476081
-1.41289 0.446275
-1.4513 0.453636
-1.44582 0.428136
-1.41838 0.428136
-1.45679 0.420986
-1.39643 0.399896
-1.38546 0.413895
-1.36351 0.392986
-1.37449 0.392986
-1.43484 0.389554
-1.39643 0.392986
-1.369 0.392986
-1.39095 0.389554
-1.31962 0.413895
-1.3251 0.399896
-1.3251 0.375976
-1.35802 0.410373
-1.35254 0.420986
-1.36351 0.406865
-1.37997 0.431734
-1.42387 0.45734
-1.42387 0.468539
-1.39095 0.431734
-1.38546 0.479875
-1.38546 0.438974
-1.41838 0.438974
-1.41289 0.424553
-1.46776 0.442617
-1.42387 0.435347
-1.47874 0.45734
-1.42387 0.468539
-1.42936 0.442617
-1.44033 0.435347
-1.34156 0.406865
-1.44582 0.446275
-1.37449 0.406865
-1.37997 0.386137
-1.47325 0.428136
-1.48971 0.442617
-1.50617 0.449948
-1.42936 0.410373
-1.41289 0.403373
-1.50069 0.435347
-1.42936 0.410373
-1.42936 0.406865
-1.43484 0.396433
-1.43484 0.382735
-1.42936 0.389554
-1.41289 0.406865
-1.34705 0.396433
-1.33608 0.399896
-1.35802 0.410373
-1.31413 0.36595
-1.29218 0.392986
-1.31962 0.386137
-1.3251 0.406865
-1.41838 0.420986
-1.44033 0.420986
-1.41289 0.413895
-1.47325 0.442617
-1.44033 0.428136
-1.43484 0.453636
-1.43484 0.417433
-1.39095 0.417433
-1.42387 0.428136
-1.41289 0.420986
-1.44582 0.435347
-1.40741 0.396433
-1.45679 0.413895
-1.45679 0.446275
-1.48422 0.453636
-1.37449 0.403373
-1.42936 0.438974
-1.53361 0.476081
-1.42936 0.406865
-1.47874 0.453636
-1.47874 0.417433
-1.46228 0.431734
-1.4513 0.403373
-1.39095 0.406865
-1.41838 0.413895
-1.45679 0.410373
-1.39643 0.403373
-1.30316 0.346306
-1.34705 0.382735
-1.37449 0.396433
-1.40192 0.428136
-1.40192 0.438974
-1.36351 0.413895
-1.39643 0.389554
-1.41838 0.417433
-1.38546 0.386137
-1.34705 0.382735
-1.44582 0.410373
-1.48971 0.435347
-1.46776 0.399896
-1.47874 0.417433
-1.50617 0.431734
-1.43484 0.431734
-1.52263 0.442617
-1.4952 0.417433
-1.48422 0.449948
-1.51715 0.428136
-1.54458 0.442617
-1.48971 0.417433
-1.50617 0.468539
-1.44582 0.424553
-1.44582 0.424553
-1.40741 0.410373
-1.369 0.396433
-1.37449 0.442617
-1.40192 0.424553
-1.42936 0.386137
-1.44582 0.420986
-1.39095 0.399896
-1.369 0.399896
-1.34705 0.406865
-1.31962 0.369277
-1.369 0.369277
-1.40192 0.386137
-1.36351 0.406865
-1.40192 0.410373
-1.39095 0.379348
-1.37997 0.406865
-1.369 0.369277
-1.35254 0.352794
-1.31413 0.33351
-1.34705 0.339878
-1.36351 0.359342
-1.42387 0.36595
-1.47874 0.389554
-1.41838 0.382735
-1.43484 0.428136
-1.40192 0.410373
-1.42936 0.406865
-1.47325 0.406865
-1.47325 0.403373
-1.4513 0.435347
-1.47325 0.428136
-1.42387 0.424553
-1.48422 0.413895
-1.47325 0.403373
-1.47325 0.396433
-1.37449 0.36595
-1.43484 0.431734
-1.34705 0.431734
-1.42936 0.446275
-1.43484 0.420986
-1.42387 0.406865
-1.41838 0.389554
-1.369 0.362639
-1.38546 0.369277
-1.39643 0.399896
-1.3251 0.36595
-1.33608 0.349542
-1.36351 0.327203
-1.35802 0.327203
-1.33608 0.324072
-1.28121 0.317855
-1.33608 0.359342
-1.369 0.379348
-1.31413 0.375976
-1.35254 0.386137
-1.31962 0.369277
-1.33608 0.375976
-1.3251 0.36595
-1.34156 0.339878
-1.35254 0.35606
-1.29767 0.352794
-1.27572 0.372619
-1.27572 0.362639
-1.27023 0.359342
-1.30316 0.386137
-1.29767 0.410373
-1.27023 0.410373
-1.3251 0.406865
-1.30864 0.413895
-1.38546 0.431734
-1.39643 0.424553
-1.35802 0.435347
-1.3251 0.428136
-1.30864 0.417433
-1.34156 0.420986
-1.27572 0.36595
-1.28121 0.369277
-1.28669 0.382735
-1.25926 0.372619
-1.35254 0.431734
-1.33608 0.453636
-1.30316 0.406865
-1.30864 0.417433
-1.36351 0.428136
-1.29767 0.406865
-1.27572 0.396433
-1.23182 0.379348
-1.22634 0.382735
-1.27572 0.379348
-1.31413 0.389554
-1.26475 0.359342
-1.30316 0.336686
-1.29767 0.362639
-1.21536 0.336686
-1.29218 0.35606
-1.25377 0.382735
-1.25926 0.35606
-1.2428 0.375976
-1.26475 0.403373
-1.3251 0.428136
-1.27023 0.375976
-1.27572 0.386137
-1.33059 0.449948
-1.41838 0.510764
-1.42387 0.50685
-1.41289 0.483683
-1.42936 0.491345
-1.44582 0.487507
-1.46776 0.495199
-1.40741 0.491345
-1.46776 0.514693
-1.41289 0.50685
-1.369 0.479875
-1.35254 0.449948
-1.37449 0.491345
-1.369 0.483683
-1.37449 0.483683
-1.35802 0.476081
-1.3251 0.442617
-1.34156 0.431734
-1.35802 0.442617
-1.29767 0.449948
-1.31962 0.446275
-1.31413 0.453636
-1.30316 0.453636
-1.33608 0.449948
-1.369 0.483683
-1.39095 0.491345
-1.39095 0.468539
-1.35802 0.479875
-1.35802 0.472303
-1.40741 0.510764
-1.34705 0.479875
-1.37997 0.499068
-1.40741 0.499068
-1.44033 0.52657
-1.38546 0.472303
-1.41838 0.502951
-1.47325 0.52657
-1.45679 0.530559
-1.37449 0.499068
-1.39095 0.491345
-1.369 0.45734
-1.35802 0.45734
-1.23731 0.399896
-1.25377 0.413895
-1.28121 0.410373
-1.40741 0.446275
-1.41838 0.479875
-1.41838 0.468539
-1.37997 0.483683
-1.41289 0.479875
-1.41838 0.479875
-1.43484 0.495199
-1.46228 0.518637
-1.41838 0.502951
-1.42936 0.52657
-1.42936 0.499068
-1.39643 0.479875
-1.369 0.449948
-1.33608 0.453636
-1.36351 0.472303
-1.34156 0.428136
-1.31962 0.442617
-1.369 0.446275
-1.369 0.461058
-1.34705 0.446275
-1.369 0.45734
-1.41289 0.464791
-1.4513 0.479875
-1.45679 0.461058
-1.43484 0.45734
-1.46776 0.45734
-1.35802 0.420986
-1.39643 0.410373
-1.41838 0.446275
-1.42936 0.442617
-1.39643 0.45734
-1.42387 0.476081
-1.43484 0.483683
-1.41289 0.479875
-1.43484 0.491345
-1.44582 0.483683
-1.39643 0.464791
-1.37449 0.453636
-1.36351 0.483683
-1.34156 0.476081
-1.34705 0.50685
-1.38546 0.510764
-1.40192 0.522596
-1.37449 0.514693
-1.3251 0.510764
-1.41289 0.558905
-1.37449 0.538583
-1.33059 0.495199
-1.37449 0.52657
-1.31962 0.491345
-1.3251 0.479875
-1.28669 0.472303
-1.30864 0.491345
-1.30316 0.472303
-1.369 0.461058
-1.30316 0.438974
-1.30864 0.431734
-1.33059 0.45734
-1.34156 0.449948
-1.38546 0.476081
-1.31413 0.453636
-1.33608 0.446275
-1.34156 0.442617
-1.29767 0.413895
-1.28121 0.389554
-1.30864 0.435347
-1.25926 0.453636
-1.33608 0.464791
-1.34156 0.461058
-1.30864 0.438974
-1.369 0.449948
-1.369 0.461058
-1.33608 0.476081
-1.37997 0.479875
-1.39643 0.491345
-1.39643 0.50685
-1.369 0.491345
-1.40192 0.479875
-1.28669 0.442617
-1.369 0.483683
-1.30316 0.449948
-1.42387 0.534564
-1.43484 0.522596
-1.42387 0.538583
-1.369 0.502951
-1.33608 0.464791
-1.34705 0.476081
-1.43484 0.472303
-1.42387 0.495199
-1.30864 0.483683
-1.3251 0.468539
-1.37997 0.461058
-1.40192 0.499068
-1.36351 0.499068
-1.36351 0.50685
-1.36351 0.495199
-1.47874 0.567139
-1.47325 0.550731
-1.42936 0.550731
-1.48422 0.604938
-1.50069 0.563015
-1.51715 0.579603
-1.51166 0.546667
-1.4952 0.510764
-1.51166 0.510764
-1.4952 0.487507
-1.51166 0.487507
-1.51166 0.495199
-1.4513 0.502951
-1.44582 0.461058
-1.41838 0.435347
-1.48971 0.472303
-1.46776 0.476081
-1.46228 0.495199
-1.42387 0.479875
-1.56104 0.550731
-1.53361 0.546667
-1.51715 0.563015
-1.50069 0.563015
-1.50069 0.530559
-1.48422 0.546667
-1.42387 0.52657
-1.44033 0.502951
-1.46776 0.510764
-1.40192 0.495199
-1.41289 0.502951
-1.42387 0.534564
-1.50069 0.514693
-1.46776 0.499068
-1.44033 0.468539
-1.48971 0.483683
-1.4513 0.487507
-1.43484 0.476081
-1.48422 0.472303
-1.45679 0.45734
-1.45679 0.472303
-1.43484 0.472303
-1.44582 0.487507
-1.40741 0.487507
-1.46228 0.514693
-1.41838 0.472303
-1.36351 0.45734
-1.35254 0.438974
-1.33608 0.431734
-1.37449 0.431734
-1.29767 0.420986
-1.35802 0.453636
-1.33059 0.442617
-1.369 0.476081
-1.38546 0.472303
-1.40741 0.514693
-1.38546 0.449948
-1.40192 0.464791
-1.48971 0.510764
-1.369 0.472303
-1.50617 0.534564
-1.38546 0.461058
-1.45679 0.50685
-1.42936 0.499068
-1.38546 0.472303
-1.44033 0.487507
-1.42936 0.510764
-1.30316 0.428136
-1.29218 0.453636
-1.27572 0.453636
-1.3251 0.476081
-1.25377 0.472303
-1.3251 0.487507
-1.30864 0.464791
-1.29218 0.464791
-1.19342 0.413895
-1.25377 0.424553
-1.29767 0.449948
-1.24829 0.403373
-1.29767 0.403373
-1.33059 0.442617
-1.29218 0.431734
-1.369 0.461058
-1.33059 0.442617
-1.38546 0.45734
-1.33608 0.461058
-1.34156 0.435347
-1.35802 0.424553
-1.40741 0.442617
-1.28669 0.396433
-1.369 0.428136
-1.31962 0.399896
-1.35254 0.461058
-1.3251 0.435347
-1.37997 0.446275
-1.40741 0.420986
-1.40192 0.413895
-1.37449 0.446275
-1.40192 0.428136
-1.40741 0.417433
-1.3251 0.413895
-1.34705 0.417433
-1.33059 0.389554
-1.42387 0.435347
-1.4513 0.453636
-1.39095 0.403373
-1.37997 0.417433
-1.369 0.438974
-1.40741 0.428136
-1.39095 0.417433
-1.39095 0.420986
-1.369 0.413895
-1.37449 0.392986
-1.369 0.428136
-1.44582 0.453636
-1.39095 0.413895
-1.30864 0.386137
-1.33059 0.403373
-1.41289 0.449948
-1.33608 0.399896
-1.36351 0.396433
-1.37997 0.410373
-1.33608 0.362639
-1.47325 0.431734
-1.48971 0.446275
-1.50069 0.479875
-1.4513 0.468539
-1.44033 0.453636
-1.4952 0.476081
-1.56653 0.52657
-1.55556 0.514693
-1.50617 0.464791
-1.4952 0.479875
-1.42936 0.461058
-1.48422 0.491345
-1.51715 0.50685
-1.4952 0.495199
-1.4952 0.483683
-1.47325 0.495199
-1.4513 0.468539
-1.42387 0.431734
-1.46776 0.438974
-1.48971 0.45734
-1.46776 0.435347
-1.45679 0.442617
-1.4952 0.431734
-1.44582 0.417433
-1.45679 0.420986
-1.44582 0.382735
-1.42387 0.403373
-1.39643 0.379348
-1.39095 0.386137
-1.42387 0.382735
-1.4952 0.413895
-1.50069 0.403373
-1.46776 0.379348
-1.41838 0.33351
-1.41289 0.343084
-1.44033 0.339878
-1.52263 0.352794
-1.54458 0.392986
-1.52263 0.417433
-1.45679 0.369277
-1.51166 0.392986
-1.46776 0.375976
-1.56653 0.413895
-1.51166 0.406865
-1.48422 0.396433
-1.48971 0.392986
-1.48422 0.410373
-1.52263 0.431734
-1.50617 0.406865
-1.55556 0.413895
-1.53361 0.403373
-1.52263 0.428136
-1.44582 0.431734
-1.44033 0.45734
-1.4513 0.435347
-1.56104 0.468539
-1.57202 0.479875
-1.48422 0.438974
-1.50069 0.417433
-1.46228 0.389554
-1.4513 0.389554
-1.369 0.349542
-1.40192 0.339878
-1.30864 0.330349
-1.35254 0.352794
-1.34156 0.324072
-1.39643 0.343084
-1.369 0.339878
-1.35802 0.382735
-1.39095 0.362639
-1.37997 0.346306
-1.30316 0.324072
-1.31962 0.308642
-1.3251 0.324072
-1.3251 0.314769
-1.33059 0.308642
-1.42387 0.314769
-1.45679 0.343084
-1.4513 0.362639
-1.41838 0.349542
-1.34705 0.311698
-1.369 0.314769
-1.35254 0.330349
-1.35254 0.327203
-1.39095 0.349542
-1.42936 0.352794
-1.34156 0.305601
-1.37997 0.327203
-1.39643 0.362639
-1.51715 0.36595
-1.47874 0.372619
-1.50617 0.372619
-1.48971 0.36595
-1.50617 0.375976
-1.44582 0.382735
-1.4513 0.369277
-1.43484 0.35606
-1.36351 0.327203
-1.37997 0.35606
-1.41838 0.330349
-1.43484 0.339878
-1.4952 0.352794
-1.47874 0.346306
-1.4513 0.343084
-1.39643 0.314769
-1.41289 0.339878
-1.39643 0.336686
-1.39643 0.324072
-1.4513 0.327203
-1.41838 0.302575
-1.43484 0.320956
-1.42387 0.281817
-1.47325 0.302575
-1.47874 0.327203
-1.52812 0.336686
-1.54458 0.35606
-1.53361 0.399896
-1.4513 0.362639
-1.45679 0.375976
-1.41838 0.35606
-1.47874 0.389554
-1.46776 0.35606
-1.48422 0.389554
-1.4513 0.382735
-1.42387 0.369277
-1.44033 0.389554
-1.54458 0.417433
-1.52263 0.410373
-1.48971 0.417433
-1.47874 0.389554
-1.47325 0.399896
-1.44582 0.379348
-1.46776 0.396433
-1.46776 0.382735
-1.40192 0.36595
-1.42936 0.339878
-1.369 0.311698
-1.4513 0.349542
-1.39095 0.320956
-1.37449 0.314769
-1.35802 0.270286
-1.35802 0.270286
-1.41289 0.296569
-1.47325 0.327203
-1.40741 0.324072
-1.41289 0.327203
-1.43484 0.320956
-1.4513 0.343084
-1.4513 0.343084
-1.42387 0.324072
-1.42387 0.339878
-1.42936 0.327203
-1.53361 0.379348
-1.48422 0.352794
-1.47325 0.375976
-1.35802 0.314769
-1.43484 0.343084
-1.42387 0.35606
-1.42387 0.372619
-1.4952 0.399896
-1.42936 0.359342
-1.51166 0.36595
-1.48971 0.379348
-1.48971 0.386137
-1.56653 0.446275
-1.52812 0.431734
-1.52263 0.446275
-1.56104 0.446275
-1.56653 0.476081
-1.55007 0.45734
-1.50617 0.461058
-1.48422 0.449948
-1.52812 0.464791
-1.55007 0.472303
-1.56653 0.483683
-1.50617 0.449948
-1.47874 0.464791
-1.53361 0.487507
-1.52263 0.487507
-1.45679 0.420986
-1.4513 0.420986
-1.48422 0.461058
-1.48422 0.438974
-1.44033 0.446275
-1.40192 0.428136
-1.41289 0.420986
-1.37997 0.392986
-1.38546 0.392986
-1.40192 0.392986
-1.38546 0.389554
-1.30316 0.413895
-1.30864 0.403373
-1.369 0.417433
-1.36351 0.392986
-1.29767 0.375976
-1.31962 0.382735
-1.37997 0.396433
-1.40192 0.392986
-1.41289 0.410373
-1.39643 0.428136
-1.47325 0.453636
-1.47325 0.453636
-1.39095 0.424553
-1.42936 0.431734
-1.42936 0.410373
-1.35254 0.396433
-1.40741 0.403373
-1.39095 0.413895
-1.42387 0.413895
-1.41289 0.386137
-1.40741 0.379348
-1.44582 0.382735
-1.44582 0.379348
-1.39643 0.375976
-1.42936 0.382735
-1.41289 0.35606
-1.4513 0.392986
-1.35802 0.359342
-1.40741 0.372619
-1.37997 0.369277
-1.37997 0.372619
-1.46228 0.392986
-1.46776 0.403373
-1.4952 0.386137
-1.44582 0.369277
-1.43484 0.36595
-1.40192 0.346306
-1.46228 0.362639
-1.46228 0.382735
-1.51715 0.375976
-1.46776 0.375976
-1.47874 0.379348
-1.37997 0.33351
-1.42936 0.362639
-1.47325 0.396433
-1.44582 0.382735
-1.51166 0.392986
-1.51166 0.403373
-1.50617 0.396433
-1.51166 0.36595
-1.42387 0.372619
-1.46776 0.369277
-1.46228 0.362639
-1.42387 0.369277
-1.46776 0.375976
-1.43484 0.359342
-1.36351 0.343084
-1.3251 0.33351
-1.39643 0.349542
-1.40192 0.362639
-1.38546 0.372619
-1.33059 0.349542
-1.29767 0.336686
-1.31962 0.339878
-1.33608 0.352794
-1.29218 0.324072
-1.33608 0.324072
-1.38546 0.346306
-1.35802 0.336686
-1.39643 0.349542
-1.36351 0.314769
-1.31413 0.320956
-1.28121 0.296569
-1.33608 0.327203
-1.35802 0.362639
-1.37997 0.352794
-1.39643 0.372619
-1.42387 0.375976
-1.35802 0.346306
-1.34156 0.352794
-1.31962 0.375976
-1.3251 0.392986
-1.35802 0.386137
-1.3251 0.396433
-1.35802 0.396433
-1.39643 0.428136
-1.40192 0.420986
-1.4513 0.417433
-1.35254 0.392986
-1.3251 0.389554
-1.26475 0.413895
-1.25926 0.392986
-1.33608 0.382735
-1.34705 0.428136
-1.34156 0.417433
-1.369 0.396433
-1.34156 0.396433
-1.29218 0.379348
-1.34705 0.392986
-1.35254 0.372619
-1.35254 0.359342
-1.35802 0.369277
-1.35802 0.399896
-1.369 0.428136
-1.36351 0.428136
-1.42387 0.431734
-1.40192 0.435347
-1.369 0.438974
-1.37997 0.417433
-1.39643 0.45734
-1.37997 0.438974
-1.41289 0.435347
-1.40192 0.461058
-1.42936 0.464791
-1.44582 0.449948
-1.47874 0.446275
-1.48971 0.468539
-1.41838 0.453636
-1.46776 0.464791
-1.46776 0.468539
-1.48971 0.468539
-1.4952 0.487507
-1.50069 0.495199
-1.41289 0.438974
-1.42936 0.461058
-1.43484 0.487507
-1.46776 0.491345
-1.4513 0.45734
-1.48422 0.45734
-1.47874 0.472303
-1.4513 0.464791
-1.41838 0.45734
-1.44033 0.438974
-1.50069 0.464791
-1.48971 0.468539
-1.4952 0.476081
-1.43484 0.45734
-1.50617 0.510764
-1.55556 0.502951
-1.46776 0.438974
-1.45679 0.468539
-1.48422 0.487507
-1.51166 0.468539
-1.48422 0.449948
-1.41289 0.431734
-1.47325 0.468539
-1.47325 0.468539
-1.50069 0.464791
-1.52263 0.442617
-1.47325 0.435347
-1.51715 0.442617
-1.46776 0.431734
-1.48422 0.435347
-1.51166 0.476081
-1.44033 0.417433
-1.39643 0.438974
-1.44033 0.438974
-1.37997 0.382735
-1.41289 0.438974
-1.40741 0.406865
-1.47325 0.417433
-1.46228 0.410373
-1.48422 0.420986
-1.42387 0.372619
-1.4513 0.399896
-1.42387 0.406865
-1.42387 0.382735
-1.36351 0.339878
-1.31962 0.320956
-1.36351 0.339878
-1.33608 0.311698
-1.42936 0.324072
-1.42936 0.290623
-1.42936 0.308642
-1.42387 0.320956
-1.41838 0.314769
-1.4513 0.311698
-1.42387 0.33351
-1.44033 0.35606
-1.46228 0.317855
-1.44582 0.352794
-1.47325 0.372619
-1.48422 0.410373
-1.48971 0.410373
-1.43484 0.392986
-1.4952 0.420986
-1.53361 0.461058
-1.41289 0.406865
-1.44582 0.420986
-1.50069 0.453636
-1.45679 0.406865
-1.46776 0.417433
-1.40192 0.396433
-1.369 0.396433
-1.44582 0.435347
-1.43484 0.410373
-1.42936 0.410373
-1.47874 0.403373
-1.39095 0.386137
-1.39643 0.399896
-1.41289 0.375976
-1.45679 0.386137
-1.369 0.36595
-1.39643 0.369277
-1.43484 0.386137
-1.43484 0.403373
-1.37997 0.392986
-1.38546 0.372619
-1.40192 0.392986
-1.37997 0.369277
-1.41838 0.382735
-1.42936 0.389554
-1.44582 0.379348
-1.42387 0.375976
-1.44582 0.389554
-1.4513 0.379348
-1.43484 0.359342
-1.38546 0.343084
-1.31962 0.330349
-1.37449 0.336686
-1.35802 0.339878
-1.29767 0.293589
-1.29218 0.302575
-1.34705 0.317855
-1.27023 0.299565
