-2 1
-1.98903 0.994521
-1.96159 0.978173
-1.9177 0.951227
-1.92318 0.96196
-1.86283 0.924658
-1.85734 0.919389
-1.80796 0.888093
-1.78601 0.877781
-1.72565 0.852266
-1.72565 0.847208
-1.72565 0.847208
-1.77503 0.872648
-1.75309 0.852266
-1.7476 0.862427
-1.70919 0.832124
-1.7476 0.852266
-1.73114 0.832124
-1.61043 0.768328
-1.59396 0.73503
-1.52263 0.730333
-1.58848 0.763526
-1.63237 0.777977
-1.58848 0.753967
-1.55556 0.730333
-1.50617 0.693302
-1.53909 0.693302
-1.52812 0.688741
-1.50069 0.670646
-1.56653 0.711697
-1.60494 0.720985
-1.51715 0.670646
-1.56104 0.679663
-1.51166 0.66169
-1.51166 0.679663
-1.47325 0.635181
-1.37449 0.609213
-1.41838 0.622129
-1.46228 0.635181
-1.47325 0.648367
-1.47874 0.652793
-1.44033 0.648367
-1.4513 0.604938
-1.47325 0.626465
-1.40741 0.596433
-1.40192 0.596433
-1.34705 0.522596
-1.30316 0.52657
-1.369 0.55481
-1.30864 0.514693
-1.38546 0.538583
-1.31962 0.518637
-1.34705 0.518637
-1.28669 0.476081
-1.29218 0.483683
-1.29218 0.479875
-1.2428 0.449948
-1.28669 0.495199
-1.34156 0.499068
-1.42936 0.522596
-1.40192 0.50685
-1.369 0.487507
-1.36351 0.464791
-1.23182 0.424553
-1.35254 0.479875
-1.31962 0.502951
-1.35802 0.538583
-1.40192 0.52657
-1.40192 0.50685
-1.31962 0.479875
-1.2428 0.449948
-1.2428 0.483683
-1.23731 0.464791
-1.26475 0.45734
-1.20988 0.417433
-1.21536 0.438974
-1.20988 0.420986
-1.1989 0.438974
-1.18793 0.396433
-1.28121 0.435347
-1.21536 0.386137
-1.25377 0.438974
-1.3251 0.495199
-1.30316 0.487507
-1.35802 0.514693
-1.29767 0.468539
-1.2428 0.461058
-1.42387 0.530559
-1.39643 0.542617
-1.36351 0.534564
-1.34705 0.550731
-1.27572 0.453636
-1.20439 0.413895
-1.22634 0.413895
-1.1989 0.379348
-1.25377 0.392986
-1.23731 0.406865
-1.19342 0.379348
-1.26475 0.399896
-1.27023 0.389554
-1.27023 0.379348
-1.25377 0.362639
-1.25926 0.369277
-1.14952 0.352794
-1.1989 0.352794
-1.15501 0.346306
-1.16049 0.359342
-1.16598 0.362639
-1.12209 0.362639
-1.14403 0.359342
-1.29218 0.406865
-1.31962 0.435347
-1.21536 0.386137
-1.18793 0.396433
-1.17147 0.392986
-1.14952 0.359342
-1.18244 0.339878
-1.16049 0.343084
-1.18244 0.35606
-1.15501 0.346306
-1.23182 0.36595
-1.26475 0.362639
-1.15501 0.327203
-1.17695 0.33351
-1.13306 0.299565
-1.11111 0.296569
-1.10562 0.276021
-1.09465 0.302575
-1.14403 0.311698
-1.11111 0.302575
-1.09465 0.314769
-1.10014 0.293589
-1.1166 0.327203
-1.12757 0.320956
-1.16598 0.33351
-1.22085 0.299565
-1.13855 0.267441
-1.12209 0.287673
-1.16598 0.253441
-1.20988 0.278911
-1.11111 0.261796
-1.11111 0.22919
-1.12209 0.221377
-1.14952 0.237138
-1.07819 0.221377
-1.10014 0.218803
-1.12757 0.221377
-1.07819 0.211171
-1.16598 0.226571
-1.16598 0.223967
-1.13855 0.218803
-1.12757 0.22919
-1.0727 0.208657
-1.13855 0.201206
-1.20439 0.216244
-1.17695 0.239818
-1.14952 0.239818
-1.20439 0.239818
-1.13306 0.231824
-1.16049 0.223967
-1.17147 0.223967
-1.14403 0.19389
-1.09465 0.203675
-1.08368 0.203675
-1.16049 0.165981
-1.16049 0.203675
-1.12757 0.177346
-1.17147 0.186709
-1.14403 0.177346
-1.1166 0.152839
-1.17147 0.150702
-1.2428 0.172755
-1.21536 0.172755
-1.20988 0.191481
-1.20988 0.175043
-1.21536 0.172755
-1.21536 0.19389
-1.1989 0.189088
-1.2428 0.191481
-1.20988 0.201206
-1.18244 0.189088
-1.18244 0.216244
-1.08368 0.201206
-1.10562 0.177346
-1.17147 0.179664
-1.13306 0.168224
-1.1166 0.138192
-1.10562 0.140239
-1.06173 0.13616
-1.02881 0.118547
-1.07819 0.132141
-1.00137 0.132141
-1.05075 0.142302
-1.06173 0.134143
-1.00137 0.107483
-0.962963 0.114799
-1.03978 0.138192
-1.06722 0.10929
-1.10562 0.138192
-1.06173 0.128182
-1.05075 0.118547
-1.08916 0.144379
-1.16049 0.126225
-1.17695 0.140239
-1.17695 0.13616
-1.14403 0.157159
-1.19342 0.152839
-1.16049 0.170482
-1.10562 0.154992
-1.13855 0.16154
-1.1989 0.146472
-1.1989 0.138192
-1.20988 0.163753
-1.1989 0.172755
-1.16598 0.159342
-1.18244 0.168224
-1.14403 0.179664
-1.12209 0.184346
-1.11111 0.201206
-1.11111 0.203675
-1.12757 0.168224
-1.09465 0.150702
-1.12757 0.159342
-1.11111 0.165981
-1.16049 0.172755
-1.14403 0.159342
-1.10014 0.144379
-1.16049 0.144379
-1.16598 0.172755
-1.17147 0.170482
-1.08368 0.140239
-1.05075 0.126225
-1.02332 0.142302
-1.10562 0.132141
-1.10562 0.122356
-1.06173 0.10929
-1.08916 0.10929
-1.03429 0.116666
-1.06173 0.107483
-0.995885 0.0821935
-0.973937 0.080628
-0.962963 0.0853698
-0.935528 0.0700906
-0.984911 0.091903
-1.04527 0.120444
-0.995885 0.102154
-1.04527 0.118547
-1.00137 0.102154
-0.995885 0.10929
-0.979424 0.0837741
-1.07819 0.114799
-1.05624 0.114799
-1.08368 0.142302
-1.08916 0.150702
-1.03978 0.16154
-1.08368 0.163753
-1.08368 0.181998
-1.05624 0.144379
-1.05075 0.157159
-1.06173 0.168224
-1.02881 0.175043
-0.979424 0.148579
-0.990398 0.152839
-1.08916 0.19389
-1.03429 0.16154
-1.12757 0.184346
-1.13855 0.179664
-1.10014 0.186709
-1.10014 0.208657
-1.10562 0.184346
-1.02881 0.168224
-1.09465 0.189088
-1.13855 0.203675
-1.0727 0.186709
-1.10014 0.186709
-1.08916 0.179664
-1.10014 0.201206
-1.06173 0.189088
-1.13855 0.206158
-1.14403 0.203675
-1.16049 0.203675
-1.18793 0.237138
-1.16598 0.216244
-1.08916 0.198752
-1.0727 0.186709
-1.14403 0.191481
-1.08368 0.196313
-1.10014 0.184346
-1.13855 0.216244
-1.17147 0.179664
-1.14403 0.19389
-1.17695 0.198752
-1.20439 0.208657
-1.17695 0.211171
-1.13855 0.191481
-1.12757 0.181998
-1.09465 0.154992
-1.12209 0.146472
-1.12209 0.142302
-1.1166 0.128182
-1.08368 0.130154
-1.18244 0.170482
-1.1166 0.150702
-1.13306 0.181998
-1.11111 0.146472
-1.06173 0.165981
-1.02881 0.172755
-1.05624 0.170482
-1.07819 0.184346
-1.0727 0.179664
-1.07819 0.186709
-1.06722 0.181998
-1.03978 0.144379
-1.00686 0.142302
-1.0727 0.148579
-0.962963 0.138192
-1.08368 0.146472
-1.06722 0.170482
-1.06173 0.159342
-1.03429 0.150702
-0.96845 0.159342
-0.957476 0.16154
-1.00686 0.177346
-1.05075 0.154992
-1.01783 0.159342
-1.01235 0.165981
-0.957476 0.138192
-1.03978 0.138192
-0.984911 0.126225
-0.919067 0.0969609
-0.962963 0.0869805
-0.946502 0.100408
-0.951989 0.100408
-0.924554 0.0902471
-0.803841 0.0969609
-0.924554 0.102154
-0.919067 0.116666
-0.973937 0.0886063
-1.00137 0.114799
-1.00137 0.100408
-0.891632 0.0886063
-0.908093 0.0672154
-0.930041 0.0869805
-0.941015 0.080628
-0.908093 0.0715507
-0.924554 0.0853698
-0.897119 0.0821935
-0.924554 0.0837741
-0.935528 0.0745163
-0.995885 0.0602908
-0.941015 0.0658003
-1.00686 0.073026
-0.930041 0.0524781
-1.00686 0.0715507
-0.897119 0.0512286
-0.869684 0.0563167
-0.836763 0.0487749
-0.946502 0.0487749
-1.02332 0.0700906
-0.962963 0.0452073
-0.951989 0.0700906
-0.962963 0.0537426
-0.858711 0.0417751
-0.995885 0.0550221
-0.96845 0.0512286
-0.990398 0.0550221
-0.990398 0.0550221
-0.990398 0.0576263
-0.962963 0.0384784
-0.973937 0.0417751
-1.00686 0.0524781
-1.01235 0.0658003
-0.995885 0.0602908
-0.96845 0.0630155
-0.979424 0.0537426
-0.979424 0.0602908
-1.06173 0.0537426
-0.979424 0.0487749
-1.01783 0.0384784
-1.00686 0.0440482
-0.979424 0.0452073
-1.00137 0.0417751
-1.01235 0.0563167
-0.995885 0.031313
-0.995885 0.0142424
-0.984911 0.0240271
-0.951989 0.0248852
-1.00686 0.0284679
-0.995885 0.0463814
-0.957476 0.0374096
-0.979424 0.0475707
-0.897119 0.0417751
-0.935528 0.0715507
-1.00686 0.0760216
-0.979424 0.073026
-0.957476 0.0790775
-0.973937 0.0715507
-0.930041 0.0672154
-0.919067 0.0512286
-0.91358 0.0700906
-0.836763 0.0576263
-0.935528 0.058951
-0.908093 0.0499943
-0.91358 0.0537426
-0.919067 0.0499943
-0.902606 0.0512286
-0.995885 0.0353172
-0.941015 0.0499943
-0.935528 0.0417751
-0.946502 0.0524781
-1.01783 0.0700906
-1.02881 0.0760216
-0.962963 0.0821935
-1.0727 0.073026
-1.0727 0.0969609
-1.04527 0.091903
-1.01235 0.0902471
-0.935528 0.0935739
-0.990398 0.0935739
-0.984911 0.105692
-0.946502 0.114799
-1.03978 0.107483
-0.990398 0.0853698
-0.941015 0.0790775
-1.01235 0.0760216
-0.979424 0.073026
-0.995885 0.091903
-1.01235 0.103916
-1.03429 0.102154
-1.07819 0.103916
-1.01783 0.0790775
-1.03978 0.091903
-1.05624 0.0869805
-0.96845 0.0700906
-1.09465 0.114799
-1.01783 0.105692
-1.06173 0.111111
-1.09465 0.118547
-1.12209 0.122356
-1.14403 0.116666
-1.14403 0.114799
-1.18793 0.0869805
-1.16049 0.091903
-1.05624 0.0715507
-1.08368 0.080628
-1.10014 0.077542
-1.09465 0.0902471
-1.0727 0.0821935
-1.12209 0.0837741
-1.11111 0.098677
-1.04527 0.100408
-1.09465 0.098677
-1.0727 0.0952599
-1.06722 0.0969609
-1.02881 0.0902471
-1.06722 0.091903
-1.06722 0.103916
-1.00686 0.0715507
-1.0727 0.0760216
-1.01783 0.0550221
-0.990398 0.0700906
-0.979424 0.0715507
-0.96845 0.0686454
-1.04527 0.0576263
-1.10014 0.0745163
-1.04527 0.0576263
-0.995885 0.0602908
-1.02332 0.0630155
-1.05075 0.0550221
-1.06173 0.0616456
-1.1166 0.0602908
-1.07819 0.0563167
-1.08368 0.0563167
-1.08368 0.0715507
-1.12757 0.080628
-1.08916 0.0658003
-1.08368 0.0537426
-1.08916 0.0616456
-1.00686 0.058951
-1.10562 0.0672154
-1.02881 0.0550221
-1.02881 0.0630155
-1.05624 0.077542
-1.11111 0.0952599
-1.05075 0.0700906
-1.05075 0.0821935
-1.00686 0.080628
-0.990398 0.091903
-1.0727 0.0902471
-0.930041 0.0686454
-0.880658 0.0821935
-0.946502 0.080628
-0.891632 0.0550221
-0.946502 0.0524781
-0.96845 0.0550221
-0.951989 0.0463814
-0.924554 0.0463814
-0.869684 0.0644004
-0.84225 0.0537426
-0.935528 0.0487749
-0.919067 0.0658003
-0.924554 0.0417751
-0.962963 0.058951
-0.935528 0.0487749
-0.91358 0.0550221
-0.946502 0.058951
-0.924554 0.0374096
-0.935528 0.0475707
-1.02332 0.0512286
-0.973937 0.0563167
-0.990398 0.0452073
-0.962963 0.0499943
-1.01235 0.0686454
-1.03429 0.0499943
-1.00137 0.0576263
-1.11111 0.0512286
-1.02332 0.0429041
-1.08368 0.0322914
-1.08368 0.0452073
-1.01783 0.0475707
-1.10562 0.0342936
-1.02881 0.0353172
-0.935528 0.0353172
-0.984911 0.0463814
-1.02881 0.0406611
-1.05624 0.0429041
-1.01235 0.031313
-1.01235 0.0374096
-1.03978 0.0487749
-1.02881 0.0537426
-1.02332 0.0452073
-1.08916 0.0512286
-1.03978 0.0487749
-1.08368 0.0715507
-1.14952 0.0745163
-1.10562 0.0563167
-1.1166 0.0837741
-1.12757 0.0760216
-1.10562 0.0902471
-1.17147 0.0969609
-1.17695 0.091903
-1.16049 0.0745163
-1.1989 0.0760216
-1.1166 0.0672154
-1.14403 0.080628
-1.10562 0.073026
-1.08916 0.0630155
-1.08916 0.0395622
-1.10562 0.0363559
-1.09465 0.0322914
-1.18793 0.0406611
-1.23182 0.0524781
-1.15501 0.0512286
-1.20439 0.0463814
-1.19342 0.0374096
-1.10562 0.0417751
-1.08368 0.0322914
-1.05624 0.0231841
-1.0727 0.0223562
-1.06722 0.0199627
-1.09465 0.0322914
-1.11111 0.0240271
-1.0727 0.0184423
-1.05075 0.0199627
-1.15501 0.0240271
-1.09465 0.0284679
-1.14952 0.0223562
-1.1166 0.0240271
-1.03978 0.00948553
-1.08916 0.0177047
-1.08916 0.0199627
-1.07819 0.00700172
-1.07819 0.00844685
-1.0727 0.0105844
-1.03978 0.0117435
-1.01235 0.0100275
-1.03429 0.0135951
-1.01783 0.0123457
-1.02332 0.0129629
-1.08916 0.0169821
-1.10014 0.0135951
-1.07819 0.00895866
-1.05075 0.00844685
-1.09465 0.00489424
-1.05075 0.00655012
-1.13855 0.00569207
-1.03978 0.00180829
-1.06722 0.000829819
-1.08916 0.00489424
-1.04527 0.00286203
-1.05624 0.00117605
-1.0727 0.000152416
-1.03978 4.70419e-05
-1.12209 1.69351e-05
-1.05624 4.70419e-05
-1.09465 9.22021e-05
-1.02881 4.70419e-05
-1.06722 0.000679285
-1.01235 0.00204915
-1.03429 0.000152416
-1.04527 1.88168e-06
-1.05624 0.000829819
-0.990398 0.000152416
-1.03429 0.000227683
-0.990398 0.000152416
-1.02881 0.00158249
-0.984911 0.000423377
-1.02332 0.00137174
-1.03429 0.00489424
-1.06173 0.000318003
-1.01235 0.00117605
-1.05624 1.69351e-05
-1.04527 0.000318003
-1.06173 0.00381039
-1.12757 0.00451791
-1.0727 0.00286203
-0.984911 0.00286203
-0.979424 0.00569207
-1.08368 0.00700172
-1.03978 0.00415662
-1.06173 0.00655012
-1.05624 0.00700172
-1.1166 0.00795008
-1.02332 0.0184423
-1.00686 0.0199627
-0.941015 0.0177047
-0.941015 0.0123457
-0.979424 0.0142424
-0.957476 0.0123457
-0.984911 0.0169821
-1.01783 0.0111565
-1.10014 0.00795008
-1.03429 0.00569207
-1.04527 0.0117435
-0.979424 0.0169821
-0.946502 0.0155822
-1.01783 0.0155822
-1.0727 0.0162746
-0.962963 0.0129629
-0.951989 0.00948553
-1.06173 0.00948553
-1.11111 0.019195
-1.09465 0.0135951
-1.04527 0.0105844
-1.03429 0.00948553
-1.08368 0.00844685
-1.1166 0.00948553
-1.02881 0.00795008
-1.03429 0.00451791
-1.03978 0.00286203
-1.09465 0.00611357
-1.03429 0.00528563
-1.05075 0.00700172
-1.11111 0.00528563
-1.05624 0.00451791
-1.05075 0.00655012
-1.00137 0.00528563
-1.06173 0.00569207
-0.984911 0.00347922
-1.04527 0.00204915
-0.96845 0.000679285
-1.05624 1.69351e-05
-1.08368 0.000227683
-1.08368 0.000423377
-1.10014 0.00230505
-1.14403 0.0031631
-1.16049 0.00257602
-1.13306 0.00230505
-1.16049 0.000829819
-1.08916 0.00158249
-1.07819 0.00204915
-1.02881 0.00158249
-1.06722 0.00117605
-0.990398 1.88168e-06
-1.10014 0.000829819
-1.05075 0.000423377
-1.10014 0.000829819
-1.02332 0.00158249
-1.0727 0.00415662
-1.09465 0.00415662
-1.09465 0.0100275
-1.06173 0.00158249
-1.06722 0.000318003
-1.03978 0.000543804
-0.979424 0.00257602
-1.06722 0.00569207
-1.03978 0.00230505
-1.08368 0.00204915
-1.02881 0.00795008
-0.990398 0.00700172
-0.979424 0.00569207
-1.06722 0.00528563
-0.973937 0.00347922
-0.869684 0.00286203
-0.941015 0.00204915
-0.990398 0.00257602
-1.02332 0.00655012
-1.02332 0.00569207
-1.0727 0.00569207
-1.03429 0.00204915
-0.984911 0.0111565
-1.00137 0.00895866
-1.06722 0.0111565
-1.01235 0.0105844
-1.03429 0.0207455
-1.00137 0.00795008
-1.00686 0.0169821
-1.0727 0.00948553
-1.00137 0.00569207
-1.04527 0.00746837
-1.08916 0.00895866
-1.10562 0.0123457
-1.02881 0.00655012
-1.13306 0.00528563
-1.0727 0.00655012
-1.09465 0.00286203
-1.01783 0.00528563
-1.06173 0.00230505
-1.05624 0.00451791
-1.00137 0.00489424
-0.990398 0.00844685
-0.979424 0.00948553
-0.908093 0.0184423
-0.908093 0.0155822
-0.995885 0.0123457
-1.01783 0.0117435
-1.06173 0.0100275
-0.979424 0.00655012
-0.951989 0.00746837
-1.03978 0.0142424
-0.990398 0.0117435
-1.0727 0.0169821
-0.984911 0.0284679
-0.951989 0.0177047
-0.935528 0.00795008
-0.951989 0.00611357
-1.01783 0.00948553
-0.973937 0.0123457
-1.02881 0.00948553
-0.979424 0.0135951
-1.03978 0.00569207
-1.03429 0.00895866
-0.990398 0.00795008
-0.995885 0.00700172
-1.01783 0.00611357
-1.06722 0.00655012
-0.946502 0.00655012
-1.02881 0.00381039
-1.07819 0.00230505
-1.01235 0.00451791
-1.0727 0.00948553
-1.00137 0.0100275
-1.0727 0.0100275
-1.06173 0.00844685
-1.02332 0.0155822
-0.973937 0.0184423
-0.946502 0.0105844
-1.00686 0.0169821
-1.01783 0.0129629
-1.05624 0.0142424
-1.05624 0.00948553
-1.05624 0.00895866
-1.02332 0.00795008
-0.984911 0.00569207
-1.00686 0.00746837
-1.08916 0.00895866
-1.12209 0.0100275
-1.10562 0.00746837
-1.04527 0.0142424
-1.14403 0.0100275
-1.0727 0.0129629
-1.00137 0.0169821
-1.03429 0.0231841
-1.02332 0.0169821
-1.00686 0.0184423
-1.02881 0.0207455
-0.957476 0.0123457
-0.951989 0.0215433
-1.02332 0.0303496
-1.03978 0.0342936
-1.03429 0.0294012
-0.990398 0.0284679
-1.0727 0.0353172
-1.02881 0.0207455
-1.07819 0.0475707
-1.00137 0.0406611
-1.04527 0.0406611
-1.1166 0.033285
-1.06722 0.0294012
-1.08368 0.0429041
-1.06722 0.0463814
-1.06173 0.0452073
-1.05075 0.0499943
-0.990398 0.0417751
-0.946502 0.0452073
-0.951989 0.0499943
-1.02881 0.0512286
-1.00137 0.0487749
-1.0727 0.0475707
-0.935528 0.0342936
-0.935528 0.0452073
-0.957476 0.0512286
-0.935528 0.0550221
-0.946502 0.0429041
-0.957476 0.0417751
-0.941015 0.033285
-1.00686 0.0384784
-0.973937 0.033285
-0.946502 0.031313
-1.02332 0.0342936
-0.979424 0.0266464
-0.984911 0.0199627
-0.957476 0.0177047
-1.03429 0.0452073
-1.10014 0.0406611
-1.0727 0.0429041
-0.951989 0.0417751
-0.96845 0.0384784
-1.07819 0.0475707
-1.02881 0.0644004
-1.06173 0.0886063
-1.03429 0.0869805
-1.05075 0.077542
-0.951989 0.0837741
-0.990398 0.0715507
-0.984911 0.0644004
-1.02881 0.0853698
-1.03978 0.0886063
-1.03978 0.077542
-1.01783 0.0686454
-0.935528 0.058951
-0.96845 0.077542
-1.0727 0.0969609
-1.06173 0.0790775
-1.0727 0.0902471
-1.05624 0.0886063
-0.995885 0.0576263
-1.03429 0.0644004
-1.01235 0.0563167
-0.935528 0.0550221
-0.930041 0.058951
-0.979424 0.0700906
-1.04527 0.0644004
-1.10562 0.0672154
-1.05624 0.0537426
-1.05624 0.0745163
-1.02881 0.0658003
-1.05075 0.0487749
-1.01235 0.0630155
-1.02881 0.0630155
-1.03429 0.0869805
-1.05075 0.0886063
-1.02881 0.0969609
-1.08368 0.0952599
-1.14403 0.114799
-1.14403 0.102154
-1.11111 0.091903
-1.1166 0.080628
-1.13306 0.107483
-1.08368 0.0853698
-1.12757 0.0853698
-1.02881 0.077542
-1.04527 0.0686454
-1.0727 0.0616456
-1.0727 0.077542
-1.07819 0.0886063
-1.10562 0.0821935
-1.02332 0.0821935
-1.06173 0.0760216
-1.01235 0.0576263
-1.02881 0.0715507
-0.990398 0.0550221
-1.00137 0.0499943
-1.04527 0.0576263
-1.08368 0.0537426
-0.990398 0.0630155
-1.01783 0.0616456
-1.02332 0.0644004
-1.10014 0.0644004
-1.05075 0.0644004
-1.03978 0.0524781
-0.979424 0.0576263
-1.02881 0.0576263
-1.08368 0.0563167
-1.07819 0.0440482
-1.08916 0.0452073
-1.08368 0.0512286
-1.03429 0.0550221
-1.08916 0.0630155
-1.13855 0.0630155
-1.1166 0.0853698
-1.05624 0.0686454
-1.09465 0.0790775
-1.1166 0.0760216
-1.07819 0.0760216
-1.08916 0.0658003
-1.06173 0.0790775
-1.11111 0.0821935
-1.13306 0.0790775
-1.08368 0.105692
-1.0727 0.114799
-1.00686 0.0869805
-1.03978 0.103916
-0.995885 0.100408
-1.05075 0.103916
-1.08368 0.0902471
-1.1166 0.100408
-1.11111 0.112948
-1.11111 0.105692
-1.10562 0.111111
-1.0727 0.098677
-1.06722 0.120444
-1.11111 0.13616
-1.09465 0.124283
-1.09465 0.146472
-1.10562 0.163753
-1.03429 0.159342
-1.10562 0.157159
-1.11111 0.184346
-1.18793 0.198752
-1.17695 0.221377
-1.08916 0.175043
-1.14952 0.206158
-1.14952 0.189088
-1.18244 0.22919
-1.1166 0.201206
-1.08916 0.179664
-1.18793 0.191481
-1.08916 0.165981
-1.17695 0.191481
-1.23731 0.208657
-1.23182 0.198752
-1.18793 0.198752
-1.17695 0.198752
-1.17147 0.189088
-1.14952 0.184346
-1.20439 0.201206
-1.18244 0.196313
-1.16598 0.189088
-1.22634 0.181998
-1.18793 0.175043
-1.16049 0.157159
-1.22634 0.170482
-1.22085 0.191481
-1.1989 0.19389
-1.1989 0.211171
-1.15501 0.201206
-1.16049 0.198752
-1.04527 0.163753
-1.10562 0.177346
-1.1166 0.203675
-1.12209 0.186709
-1.08368 0.181998
-1.23182 0.181998
-1.17147 0.189088
-1.27023 0.208657
-1.26475 0.198752
-1.25926 0.221377
-1.16598 0.221377
-1.1989 0.223967
-1.18793 0.239818
-1.21536 0.218803
-1.17147 0.196313
-1.15501 0.203675
-1.07819 0.201206
-1.20439 0.237138
-1.29767 0.231824
-1.20988 0.267441
-1.31413 0.270286
-1.29218 0.242512
-1.24829 0.203675
-1.25926 0.237138
-1.29218 0.223967
-1.28121 0.226571
-1.22085 0.211171
-1.33608 0.234474
-1.31962 0.226571
-1.28121 0.231824
-1.2428 0.223967
-1.23182 0.221377
-1.2428 0.234474
-1.15501 0.221377
-1.15501 0.208657
-1.13306 0.218803
-1.16049 0.19389
-1.07819 0.157159
-1.12757 0.181998
-1.20439 0.181998
-1.10562 0.191481
-1.13855 0.181998
-1.08368 0.148579
-1.15501 0.172755
-1.0727 0.146472
-1.09465 0.165981
-1.13306 0.157159
-1.15501 0.179664
-1.15501 0.191481
-1.10014 0.152839
-1.18244 0.152839
-1.07819 0.116666
-1.05624 0.146472
-1.08368 0.148579
-1.01783 0.146472
-1.02881 0.168224
-0.984911 0.132141
-1.00686 0.128182
-1.03429 0.126225
-1.01235 0.112948
-1.01783 0.107483
-1.00686 0.105692
-1.0727 0.13616
-1.08368 0.140239
-1.12757 0.159342
-1.13306 0.13616
-1.09465 0.140239
-1.16049 0.154992
-1.17695 0.138192
-1.20439 0.148579
-1.12757 0.118547
-1.16598 0.140239
-1.18244 0.165981
-1.17695 0.168224
-1.06722 0.13616
-1.06722 0.134143
-1.16598 0.146472
-1.08368 0.122356
-1.1166 0.150702
-1.0727 0.154992
-1.04527 0.159342
-1.06173 0.16154
-0.973937 0.175043
-1.05624 0.179664
-1.09465 0.184346
-1.06173 0.175043
-1.02332 0.175043
-1.02332 0.201206
-1.06722 0.2137
-1.06173 0.196313
-1.09465 0.234474
-1.08916 0.218803
-1.09465 0.226571
-1.07819 0.184346
-1.1166 0.177346
-1.05075 0.172755
-1.10014 0.175043
-1.16049 0.201206
-1.14952 0.2137
-1.1989 0.203675
-1.13855 0.198752
-1.18793 0.216244
-1.19342 0.196313
-1.17147 0.206158
-1.12757 0.223967
-1.17695 0.247947
-1.16049 0.237138
-1.14952 0.231824
-1.17147 0.245222
-1.09465 0.221377
-1.12209 0.22919
-1.07819 0.221377
-0.96845 0.163753
-0.973937 0.144379
-1.01235 0.165981
-0.902606 0.13616
-0.924554 0.16154
-0.946502 0.172755
-0.957476 0.196313
-0.990398 0.186709
-0.962963 0.184346
-0.957476 0.216244
-1.00137 0.191481
-1.02332 0.22919
-0.984911 0.184346
-1.00686 0.177346
-1.02332 0.216244
-0.984911 0.208657
-0.984911 0.2137
-1.00137 0.198752
-0.935528 0.181998
-1.00137 0.223967
-0.951989 0.198752
-0.951989 0.191481
-0.858711 0.142302
-0.984911 0.19389
-1.00137 0.196313
-1.06173 0.208657
-1.04527 0.223967
-1.10014 0.245222
-1.04527 0.208657
-1.01783 0.208657
-1.00686 0.211171
-1.08916 0.256211
-1.10562 0.245222
-1.0727 0.223967
-1.0727 0.237138
-1.11111 0.258996
-1.07819 0.245222
-1.13306 0.247947
-1.12209 0.247947
-1.0727 0.250686
-1.10014 0.256211
-1.01783 0.234474
-1.13306 0.273146
-1.08368 0.256211
-1.14403 0.305601
-1.13306 0.287673
-1.17695 0.284737
-1.12757 0.273146
-1.12757 0.264611
-1.1166 0.287673
-1.13306 0.267441
-1.08368 0.273146
-1.15501 0.290623
-1.1166 0.253441
-1.05624 0.237138
-1.10562 0.247947
-1.18244 0.287673
-1.14403 0.250686
-1.12757 0.253441
-1.17147 0.287673
-1.16049 0.302575
-1.16598 0.287673
-1.17147 0.311698
-1.22634 0.314769
-1.16049 0.293589
-1.11111 0.270286
-1.17147 0.287673
-1.13306 0.267441
-1.06722 0.264611
-1.19342 0.296569
-1.16598 0.308642
-1.16049 0.273146
-1.12209 0.276021
-1.14403 0.284737
-1.13306 0.287673
-1.16049 0.276021
-1.1989 0.299565
-1.22634 0.302575
-1.19342 0.281817
-1.20439 0.264611
-1.20439 0.278911
-1.16598 0.264611
-1.20439 0.245222
-1.16598 0.22919
-1.17695 0.258996
-1.12209 0.234474
-1.05075 0.216244
-1.12209 0.242512
-1.08916 0.242512
-1.03978 0.231824
-1.02332 0.179664
-1.08368 0.2137
-1.11111 0.216244
-1.10562 0.276021
-1.1166 0.287673
-1.10014 0.22919
-1.06722 0.261796
-1.16049 0.261796
-1.0727 0.256211
-1.02881 0.234474
-1.09465 0.223967
-1.10562 0.237138
-1.07819 0.231824
-1.05624 0.231824
-1.16049 0.231824
-1.14403 0.239818
-1.06722 0.203675
-1.07819 0.196313
-1.08916 0.208657
-1.02332 0.196313
-1.03978 0.175043
-1.05075 0.186709
-0.984911 0.142302
-1.02332 0.154992
-1.0727 0.152839
-1.06722 0.140239
-1.06722 0.152839
-1.03429 0.157159
-1.07819 0.142302
-1.02881 0.138192
-1.07819 0.152839
-1.11111 0.144379
-1.08368 0.126225
-1.09465 0.13616
-1.12209 0.128182
-1.1166 0.13616
-1.06173 0.128182
-1.13306 0.154992
-1.02332 0.140239
-0.979424 0.114799
-1.00137 0.118547
-1.04527 0.122356
-1.05624 0.122356
-1.06173 0.142302
-1.03978 0.120444
-1.04527 0.126225
-0.979424 0.132141
-1.06173 0.13616
-1.00137 0.132141
-1.03978 0.148579
-0.962963 0.157159
-0.96845 0.163753
-0.957476 0.159342
-0.96845 0.132141
-0.941015 0.157159
-1.00686 0.191481
-1.03978 0.203675
-1.05624 0.198752
-1.10014 0.19389
-1.03429 0.189088
-1.04527 0.184346
-0.96845 0.181998
-1.0727 0.203675
-1.04527 0.184346
-1.05075 0.221377
-1.03978 0.239818
-1.12209 0.281817
-1.1166 0.290623
-1.1166 0.267441
-1.10562 0.267441
-1.08368 0.253441
-1.10014 0.250686
-1.09465 0.256211
-1.13855 0.242512
-1.03429 0.239818
-1.03429 0.237138
-1.06722 0.22919
-1.10562 0.278911
-1.07819 0.242512
-1.03429 0.253441
-1.06173 0.242512
-1.03978 0.253441
-0.990398 0.22919
-1.06173 0.258996
-1.05075 0.231824
-1.05624 0.239818
-1.03978 0.253441
-1.01235 0.22919
-1.06173 0.281817
-1.05624 0.278911
-1.10014 0.296569
-1.23731 0.346306
-1.17695 0.320956
-1.16049 0.308642
-1.10562 0.270286
-1.07819 0.264611
-1.16049 0.299565
-1.02881 0.247947
-1.04527 0.245222
-1.02881 0.253441
-0.990398 0.250686
-1.13855 0.296569
-1.1166 0.273146
-1.06173 0.256211
-1.00686 0.234474
-1.06173 0.22919
-1.0727 0.201206
-1.0727 0.181998
-1.05624 0.184346
-1.05075 0.144379
-1.05075 0.168224
-1.06722 0.179664
-1.10014 0.203675
-1.11111 0.223967
-1.1166 0.201206
-1.16049 0.208657
-1.10562 0.196313
-1.15501 0.191481
-1.04527 0.198752
-1.10014 0.206158
-1.09465 0.211171
-1.12757 0.216244
-1.12209 0.247947
-1.12209 0.211171
-1.10562 0.226571
-1.13306 0.211171
-1.08916 0.191481
-1.10014 0.218803
-1.1166 0.179664
-1.05075 0.186709
-1.02881 0.191481
-1.06722 0.172755
-1.08916 0.154992
-1.00137 0.152839
-0.990398 0.154992
-1.01235 0.175043
-0.962963 0.170482
-0.995885 0.159342
-0.979424 0.157159
-1.00686 0.150702
-1.01783 0.144379
-0.951989 0.13616
-1.00137 0.142302
-1.00686 0.148579
-1.00137 0.130154
-1.04527 0.132141
-1.05075 0.132141
-1.02332 0.130154
-0.990398 0.126225
-1.02881 0.142302
-1.00137 0.13616
-1.06173 0.132141
-1.02881 0.134143
-1.01783 0.138192
-0.941015 0.116666
-0.951989 0.0969609
-0.979424 0.114799
-0.891632 0.111111
-0.957476 0.112948
-0.951989 0.114799
-0.990398 0.114799
-0.962963 0.0969609
-0.96845 0.105692
-0.951989 0.128182
-0.951989 0.118547
-0.951989 0.103916
-0.891632 0.0935739
-0.935528 0.107483
-1.02881 0.107483
-0.990398 0.10929
-0.919067 0.124283
-0.935528 0.10929
-0.891632 0.114799
-0.91358 0.10929
-0.880658 0.100408
-0.973937 0.112948
-1.03429 0.138192
-1.02881 0.16154
-1.04527 0.152839
-1.10014 0.165981
-1.13306 0.154992
-1.08368 0.134143
-1.01783 0.13616
-1.06722 0.142302
-1.07819 0.154992
-1.09465 0.159342
-1.09465 0.142302
-1.05624 0.159342
-1.01235 0.157159
-0.995885 0.13616
-0.979424 0.134143
-0.990398 0.142302
-0.979424 0.124283
-0.973937 0.120444
-1.00137 0.124283
-0.973937 0.144379
-1.02332 0.148579
-1.02332 0.132141
-1.0727 0.170482
-1.05075 0.16154
-1.1166 0.175043
-1.12209 0.128182
-1.12209 0.144379
-1.11111 0.150702
-1.13306 0.148579
-1.16598 0.170482
-1.20988 0.168224
-1.19342 0.16154
-1.1989 0.186709
-1.18793 0.159342
-1.15501 0.179664
-1.16049 0.189088
-1.14952 0.19389
-1.18793 0.196313
-1.14952 0.181998
-1.12757 0.172755
-1.21536 0.203675
-1.13306 0.186709
-1.1166 0.170482
-1.12757 0.168224
-1.11111 0.181998
-1.19342 0.168224
-1.15501 0.172755
-1.17147 0.170482
-1.16049 0.142302
-1.13306 0.172755
-1.1166 0.142302
-1.13306 0.132141
-1.02332 0.116666
-1.05075 0.134143
-1.06173 0.105692
-1.03978 0.0952599
-1.06722 0.107483
-0.973937 0.0715507
-0.990398 0.0902471
-1.04527 0.0672154
-1.01235 0.0760216
-1.00686 0.080628
-1.05075 0.0853698
-1.00137 0.0760216
-1.03978 0.100408
-0.962963 0.077542
-1.06173 0.0563167
-1.05624 0.0475707
-1.00686 0.0715507
-0.951989 0.0644004
-0.962963 0.0700906
-0.91358 0.0686454
-0.941015 0.0902471
-0.962963 0.0821935
-0.984911 0.0935739
-1.06173 0.100408
-0.96845 0.0837741
-1.02881 0.105692
-0.973937 0.080628
-1.01235 0.10929
-1.03978 0.138192
-1.05624 0.138192
-1.04527 0.128182
-1.09465 0.118547
-1.11111 0.124283
-1.06173 0.120444
-0.96845 0.0869805
-1.00686 0.0745163
-1.03978 0.0686454
-0.979424 0.0524781
-1.03978 0.0630155
-1.05075 0.0853698
-1.02332 0.0790775
-0.990398 0.0886063
-1.01235 0.0935739
-1.01235 0.0952599
-0.995885 0.111111
-0.962963 0.103916
-0.941015 0.0935739
-0.962963 0.0821935
-1.02881 0.0853698
-1.05624 0.0715507
-1.00686 0.0512286
-0.995885 0.0374096
-1.04527 0.0487749
-1.03429 0.0429041
-1.04527 0.0512286
-1.03978 0.0537426
-1.03978 0.0602908
-0.951989 0.0384784
-0.908093 0.0417751
-0.891632 0.0429041
-0.891632 0.031313
-0.886145 0.0363559
-0.858711 0.0429041
-0.902606 0.0658003
-0.946502 0.0576263
-0.962963 0.0700906
-0.984911 0.0686454
-1.03429 0.0715507
-1.09465 0.0715507
-1.06722 0.073026
-1.05624 0.0616456
-1.12209 0.073026
-1.0727 0.0616456
-1.08916 0.080628
-1.09465 0.080628
-1.10562 0.0935739
-1.06173 0.0512286
-1.02332 0.0700906
-1.08368 0.0760216
-1.06722 0.0853698
-0.984911 0.0760216
-1.11111 0.0760216
-1.06722 0.0821935
-1.00686 0.0616456
-1.09465 0.0821935
-1.06722 0.098677
-1.08368 0.10929
-1.08916 0.098677
-1.04527 0.103916
-1.07819 0.10929
-0.990398 0.0902471
-0.995885 0.0821935
-0.979424 0.077542
-1.06173 0.0902471
-1.07819 0.0935739
-1.03429 0.0869805
-0.984911 0.0952599
-1.0727 0.091903
-1.06722 0.100408
-1.02332 0.0886063
-0.990398 0.103916
-1.01235 0.098677
-1.05075 0.0952599
-1.06173 0.0902471
-1.01783 0.098677
-0.990398 0.107483
-1.02332 0.100408
-1.05075 0.114799
-1.06173 0.120444
-1.03429 0.120444
-1.05624 0.10929
-1.10562 0.120444
-1.02881 0.116666
-1.04527 0.128182
-1.10562 0.142302
-1.08368 0.130154
-1.02881 0.105692
-1.06173 0.100408
-1.06722 0.124283
-1.06722 0.112948
-1.04527 0.122356
-1.07819 0.102154
-1.05075 0.10929
-1.01783 0.122356
-1.07819 0.154992
-1.03429 0.132141
-1.04527 0.159342
-1.02332 0.163753
-1.08916 0.146472
-1.06722 0.134143
-1.10014 0.150702
-1.02881 0.157159
-1.06722 0.120444
-1.08916 0.13616
-1.12209 0.140239
-1.12757 0.140239
-1.11111 0.140239
-1.07819 0.120444
-1.06722 0.091903
-1.06722 0.102154
-1.01235 0.10929
-1.01783 0.105692
-1.13855 0.111111
-1.09465 0.105692
-1.1166 0.107483
-1.19342 0.126225
-1.13855 0.124283
-1.13855 0.124283
-1.12757 0.148579
-1.1166 0.126225
-1.1989 0.142302
-1.21536 0.128182
-1.0727 0.107483
-1.03429 0.105692
-1.05624 0.0952599
-1.10014 0.111111
-1.08916 0.132141
-1.07819 0.128182
-1.14403 0.132141
-1.0727 0.124283
-1.07819 0.124283
-1.03978 0.116666
-0.995885 0.138192
-0.951989 0.0935739
-0.984911 0.0952599
-1.10562 0.105692
-1.12757 0.120444
-1.00686 0.091903
-0.995885 0.0902471
-1.05075 0.091903
-1.0727 0.0853698
-1.05624 0.091903
-1.02332 0.073026
-1.07819 0.0837741
-1.05075 0.077542
-1.07819 0.0902471
-1.06173 0.0790775
-1.03429 0.080628
-1.02332 0.100408
-1.09465 0.105692
-1.12209 0.0952599
-1.11111 0.0952599
-1.15501 0.091903
-1.06722 0.098677
-1.08368 0.114799
-1.10562 0.100408
-1.16598 0.103916
-1.25377 0.116666
-1.17695 0.112948
-1.06173 0.0952599
-1.04527 0.0790775
-1.06722 0.0602908
-1.06722 0.0821935
-1.12757 0.0700906
-1.1166 0.0837741
-1.08916 0.0686454
-1.10562 0.0745163
-1.1166 0.073026
-1.03978 0.0616456
-1.02881 0.0576263
-1.02332 0.0512286
-1.00686 0.0499943
-0.990398 0.0837741
-0.990398 0.0616456
-1.02332 0.0686454
-1.0727 0.091903
-1.06722 0.0837741
-1.02881 0.077542
-0.957476 0.0837741
-0.990398 0.0853698
-1.03429 0.0952599
-1.05075 0.100408
-1.05624 0.0886063
-1.02881 0.0853698
-1.01235 0.0630155
-0.990398 0.0886063
-0.990398 0.058951
-0.990398 0.0672154
-0.96845 0.0686454
-1.02332 0.0384784
-0.973937 0.0429041
-1.08916 0.0550221
-1.00686 0.0563167
-0.96845 0.0616456
-0.891632 0.0440482
-0.935528 0.0537426
-0.930041 0.0395622
-0.96845 0.0322914
-0.897119 0.0395622
-0.919067 0.0294012
-0.908093 0.0406611
-0.951989 0.031313
-0.951989 0.0303496
-0.919067 0.0303496
-0.91358 0.0231841
-0.908093 0.0266464
-0.919067 0.0231841
-0.957476 0.0248852
-0.979424 0.0223562
-0.935528 0.0184423
-0.91358 0.0155822
-0.946502 0.0223562
-0.941015 0.0169821
-0.957476 0.0248852
-1.00137 0.0223562
-0.995885 0.0135951
-1.01783 0.0117435
-0.973937 0.0155822
-0.935528 0.0149048
-0.941015 0.0117435
-0.946502 0.0135951
-0.962963 0.0129629
-0.930041 0.0135951
-0.924554 0.00569207
-0.930041 0.00948553
-0.91358 0.00844685
-0.908093 0.00528563
-0.930041 0.0155822
-0.941015 0.0105844
-0.91358 0.00746837
-0.941015 0.00844685
-0.91358 0.0111565
-0.957476 0.0184423
-0.973937 0.0184423
-0.902606 0.0123457
-0.902606 0.0123457
-0.897119 0.0111565
-0.96845 0.0207455
-0.990398 0.0149048
-0.995885 0.00844685
-0.957476 0.0162746
-1.00137 0.0135951
-0.984911 0.0105844
-0.984911 0.00655012
-0.984911 0.00746837
-0.957476 0.0155822
-0.902606 0.0142424
-0.957476 0.0266464
-1.01783 0.0363559
-0.984911 0.0199627
-1.02881 0.0231841
-1.03429 0.019195
-1.00137 0.0240271
-1.00137 0.0384784
-1.01783 0.0374096
-0.951989 0.0550221
-0.941015 0.058951
-0.919067 0.0686454
-0.990398 0.080628
-1.00137 0.0837741
-0.979424 0.0644004
-1.04527 0.091903
-0.946502 0.077542
-0.957476 0.0576263
-0.946502 0.0658003
-0.935528 0.0745163
-0.946502 0.0715507
-0.984911 0.0700906
-0.946502 0.0658003
-1.00137 0.058951
-0.979424 0.0512286
-0.935528 0.0452073
-0.995885 0.077542
-1.01235 0.0700906
-1.05624 0.0837741
-1.03978 0.073026
-1.02881 0.0821935
-1.02881 0.080628
-1.01235 0.0672154
-1.02332 0.0630155
-0.957476 0.0644004
-0.946502 0.0524781
-0.919067 0.0537426
-0.941015 0.0487749
-0.941015 0.0524781
-0.979424 0.0658003
-0.91358 0.0715507
-1.05075 0.0602908
-1.01235 0.0821935
-0.995885 0.0790775
-1.01783 0.080628
-1.03429 0.0853698
-0.935528 0.080628
-0.990398 0.0902471
-1.00686 0.080628
-1.08368 0.0886063
-1.0727 0.0790775
-1.00137 0.0853698
-0.96845 0.0745163
-1.05075 0.0630155
-1.05075 0.0644004
-1.08916 0.0715507
-1.00137 0.080628
-0.995885 0.091903
-0.979424 0.105692
-0.990398 0.0853698
-1.01235 0.077542
-1.05624 0.0745163
-1.08368 0.0837741
-1.04527 0.0853698
-1.05624 0.0902471
-1.10014 0.098677
-1.11111 0.105692
-1.06722 0.0886063
-1.0727 0.0969609
-1.0727 0.091903
-1.00137 0.091903
-1.06722 0.107483
-1.05624 0.128182
-1.0727 0.118547
-1.10562 0.134143
-1.08916 0.140239
-1.07819 0.157159
-1.00137 0.130154
-0.984911 0.138192
-0.935528 0.10929
-0.930041 0.105692
-0.957476 0.100408
-0.995885 0.120444
-0.973937 0.120444
-1.03429 0.154992
-0.979424 0.134143
-0.930041 0.10929
-0.941015 0.0935739
-0.990398 0.0821935
-1.06173 0.098677
-1.02332 0.107483
-1.01783 0.10929
-1.1166 0.105692
-1.10014 0.107483
-1.02332 0.13616
-1.03429 0.138192
-1.0727 0.154992
-1.02881 0.134143
-1.03429 0.126225
-1.00137 0.103916
-1.0727 0.0969609
-0.951989 0.077542
-0.962963 0.091903
-1.01235 0.0853698
-0.96845 0.0576263
-0.990398 0.058951
-1.00686 0.077542
-0.990398 0.058951
-0.990398 0.0658003
-0.984911 0.0902471
-1.00137 0.0760216
-0.995885 0.0902471
-0.995885 0.0745163
-0.924554 0.0644004
-0.962963 0.0760216
-1.02881 0.0616456
-1.04527 0.0644004
-1.01783 0.0790775
-0.96845 0.0672154
-1.00686 0.100408
-0.973937 0.0821935
-0.946502 0.080628
-1.02332 0.0869805
-0.962963 0.0672154
-0.930041 0.0499943
-0.979424 0.0672154
-0.930041 0.0602908
-0.990398 0.0563167
-0.957476 0.0417751
-0.973937 0.0524781
-1.03978 0.0499943
-0.995885 0.0406611
-0.919067 0.0406611
-1.01783 0.0440482
-1.05075 0.0440482
-0.979424 0.031313
-0.962963 0.0199627
-0.946502 0.0294012
-1.01783 0.0452073
-1.01235 0.0406611
-1.00137 0.033285
-0.984911 0.0384784
-0.96845 0.0374096
-0.935528 0.0303496
-0.902606 0.0322914
-0.908093 0.0384784
-0.935528 0.0417751
-0.951989 0.0417751
-0.902606 0.0463814
-0.836763 0.0395622
-0.908093 0.0576263
-0.908093 0.0452073
-0.930041 0.0602908
-1.01783 0.0499943
-0.951989 0.031313
-0.995885 0.0602908
-0.962963 0.0487749
-0.941015 0.0429041
-0.919067 0.0644004
-0.96845 0.0644004
-0.930041 0.0745163
-0.957476 0.080628
-1.03429 0.0902471
-0.946502 0.0869805
-0.96845 0.10929
-0.973937 0.107483
-1.00137 0.152839
-0.946502 0.124283
-0.946502 0.13616
-0.957476 0.148579
-0.946502 0.142302
-0.957476 0.142302
-0.973937 0.144379
-0.962963 0.146472
-1.01235 0.175043
-1.00137 0.148579
-0.979424 0.159342
-0.951989 0.165981
-1.00137 0.179664
-1.05624 0.186709
-1.1166 0.245222
-1.10562 0.239818
-1.02332 0.191481
-1.00137 0.184346
-1.15501 0.22919
-1.15501 0.211171
-1.10014 0.196313
-1.13855 0.206158
-1.07819 0.184346
-1.09465 0.198752
-1.10562 0.203675
-1.09465 0.206158
-1.07819 0.211171
-1.05624 0.189088
-1.08916 0.181998
-0.995885 0.186709
-0.946502 0.201206
-1.06173 0.198752
-1.03978 0.196313
-1.03978 0.196313
-1.02881 0.203675
-1.03429 0.211171
-1.03429 0.177346
-0.930041 0.179664
-0.979424 0.211171
-1.12757 0.19389
-1.10562 0.191481
-1.12209 0.203675
-1.1166 0.211171
-1.06722 0.170482
-1.10014 0.211171
-1.09465 0.196313
-1.07819 0.2137
-1.04527 0.184346
-1.00686 0.206158
-1.00686 0.177346
-0.935528 0.132141
-1.00137 0.159342
-1.00686 0.177346
-1.0727 0.19389
-1.07819 0.189088
-1.02881 0.175043
-1.10014 0.206158
-1.06722 0.203675
-0.995885 0.175043
-0.979424 0.150702
-0.941015 0.150702
-0.973937 0.157159
-1.05075 0.181998
-1.02332 0.163753
-1.00686 0.168224
-1.01235 0.16154
-1.00686 0.170482
-1.02332 0.172755
-1.06722 0.168224
-1.00137 0.165981
-1.02332 0.159342
-1.01235 0.148579
-1.05075 0.140239
-0.951989 0.098677
-0.957476 0.130154
-0.96845 0.172755
-1.00137 0.150702
-1.00137 0.170482
-0.973937 0.177346
-0.935528 0.189088
-1.00686 0.186709
-0.962963 0.159342
-1.02332 0.177346
-0.990398 0.152839
-1.05624 0.159342
-1.00137 0.152839
-0.995885 0.146472
-1.00686 0.203675
-0.979424 0.19389
-1.03429 0.19389
-1.05075 0.218803
-1.05624 0.245222
-1.00686 0.231824
-1.0727 0.253441
-1.09465 0.242512
-1.00686 0.206158
-0.979424 0.189088
-1.06173 0.211171
-0.990398 0.184346
-1.03429 0.201206
-1.03978 0.208657
-0.962963 0.184346
-1.00686 0.198752
-0.96845 0.203675
-1.01783 0.226571
-1.05075 0.206158
-1.10562 0.223967
-1.02332 0.189088
-1.03429 0.186709
-1.13306 0.242512
-0.984911 0.211171
-1.08368 0.231824
-1.05075 0.216244
-1.0727 0.242512
-1.08916 0.221377
-1.09465 0.216244
-1.05075 0.218803
-1.05075 0.203675
-1.03978 0.198752
-1.10014 0.208657
-1.09465 0.208657
-1.08916 0.201206
-1.06722 0.201206
-1.03978 0.206158
-0.995885 0.177346
-0.984911 0.170482
-0.973937 0.189088
-1.02881 0.198752
-0.902606 0.179664
-1.01235 0.208657
-1.04527 0.172755
-1.02332 0.177346
-1.08368 0.231824
-1.07819 0.203675
-1.0727 0.216244
-1.01235 0.179664
-1.02332 0.157159
-1.03429 0.154992
-1.02332 0.168224
-1.06722 0.172755
-1.05075 0.181998
-1.05624 0.181998
-1.11111 0.208657
-1.02332 0.179664
-1.00686 0.16154
-1.00686 0.177346
-1.11111 0.179664
-1.08916 0.19389
-1.00137 0.179664
-0.962963 0.201206
-0.941015 0.179664
-0.951989 0.186709
-0.957476 0.179664
-1.03978 0.184346
-1.00137 0.19389
-1.0727 0.179664
-1.10562 0.191481
-1.02881 0.144379
-0.984911 0.130154
-0.951989 0.13616
-0.91358 0.138192
-0.973937 0.146472
-1.03429 0.144379
-1.06173 0.172755
-1.06173 0.148579
-1.05624 0.146472
-1.14952 0.203675
-1.10562 0.203675
-1.14403 0.211171
-1.06722 0.191481
-1.12757 0.2137
-1.07819 0.216244
-1.08916 0.208657
-1.04527 0.19389
-1.05624 0.208657
-1.13306 0.237138
-1.03978 0.175043
-1.02881 0.154992
-0.962963 0.150702
-0.984911 0.152839
-0.990398 0.186709
-1.01235 0.168224
-1.08368 0.154992
-1.02881 0.172755
-1.06173 0.146472
-1.06722 0.140239
-1.06173 0.172755
-1.02332 0.165981
-1.07819 0.175043
-1.08916 0.152839
-1.12757 0.138192
-1.09465 0.124283
-1.08916 0.140239
-0.984911 0.126225
-1.05624 0.138192
-1.05075 0.142302
-1.04527 0.152839
-1.05075 0.138192
-1.02881 0.152839
-1.0727 0.132141
-1.02881 0.128182
-1.02881 0.148579
-1.06722 0.172755
-1.09465 0.146472
-1.01235 0.152839
-0.957476 0.118547
-0.990398 0.116666
-0.990398 0.152839
-1.04527 0.142302
-1.06722 0.128182
-1.05624 0.152839
-1.01235 0.116666
-1.06173 0.105692
-1.0727 0.114799
-0.951989 0.0853698
-1.00137 0.118547
-1.02881 0.138192
-1.07819 0.152839
-1.14952 0.170482
-1.09465 0.16154
-1.0727 0.150702
-1.05624 0.154992
-1.02332 0.168224
-1.10014 0.157159
-1.12209 0.170482
-1.1166 0.165981
-1.09465 0.146472
-1.12757 0.172755
-1.13855 0.186709
-1.06722 0.16154
-1.06173 0.154992
-1.01783 0.130154
-1.03429 0.118547
-1.04527 0.116666
-1.08368 0.122356
-1.08368 0.146472
-1.13855 0.134143
-1.0727 0.13616
-1.03978 0.114799
-1.06173 0.0837741
-0.995885 0.0969609
-1.06722 0.0952599
-1.10562 0.111111
-1.08368 0.103916
-1.02332 0.080628
-1.02332 0.077542
-1.02881 0.0760216
-1.06722 0.0837741
-1.01783 0.0837741
-1.00137 0.0760216
-1.00137 0.0902471
-1.08368 0.098677
-1.05624 0.100408
-1.07819 0.105692
-1.04527 0.103916
-0.984911 0.0935739
-1.00686 0.0935739
-1.10014 0.111111
-1.0727 0.107483
-1.05624 0.114799
-1.03429 0.111111
-0.990398 0.0935739
-1.06722 0.0935739
-1.05624 0.0821935
-1.04527 0.0952599
-1.05075 0.107483
-0.96845 0.0935739
-1.02332 0.0935739
-1.01235 0.091903
-1.0727 0.0886063
-1.09465 0.0853698
-1.04527 0.0886063
-1.14952 0.0886063
-1.08916 0.080628
-0.990398 0.0715507
-1.05624 0.0886063
-1.01235 0.0853698
-1.03429 0.0700906
-0.96845 0.0658003
-0.957476 0.0760216
-0.979424 0.0760216
-0.995885 0.0869805
-1.00137 0.10929
-0.979424 0.0952599
-1.01235 0.098677
-1.01235 0.107483
-1.06722 0.140239
-1.03978 0.130154
-1.03978 0.130154
-1.06722 0.124283
-1.12209 0.122356
-1.1166 0.122356
-1.09465 0.126225
-1.01783 0.126225
-1.05075 0.138192
-1.02332 0.118547
-1.05624 0.13616
-1.08916 0.154992
-1.02881 0.118547
-1.02332 0.116666
-1.02332 0.140239
-1.09465 0.163753
-1.08368 0.157159
-1.12757 0.154992
-1.15501 0.148579
-1.08368 0.128182
-1.14403 0.157159
-1.17147 0.184346
-1.13306 0.150702
-1.12209 0.148579
-1.20988 0.159342
-1.08368 0.144379
-1.03978 0.111111
-1.05075 0.126225
-1.10014 0.16154
-1.13855 0.163753
-1.12757 0.152839
-1.0727 0.138192
-1.06722 0.140239
-1.08916 0.134143
-1.12757 0.140239
-1.14952 0.144379
-1.13855 0.120444
-1.13306 0.111111
-1.20439 0.126225
-1.14403 0.100408
-1.18793 0.114799
-1.17147 0.0902471
-1.1166 0.0790775
-1.19342 0.0902471
-1.20439 0.0837741
-1.2428 0.103916
-1.20988 0.0935739
-1.1166 0.0821935
-1.1989 0.0869805
-1.20439 0.0760216
-1.19342 0.0821935
-1.17695 0.0760216
-1.10562 0.0886063
-1.13306 0.080628
-1.08916 0.0616456
-1.08916 0.0700906
-1.16598 0.073026
-1.10014 0.0700906
-1.13855 0.0563167
-1.13306 0.0563167
-1.13855 0.058951
-1.06722 0.0616456
-1.01783 0.0630155
-1.06173 0.058951
-1.08916 0.058951
-1.0727 0.0524781
-1.05624 0.0417751
-1.08916 0.0644004
-1.03429 0.0672154
-1.06173 0.073026
-0.96845 0.0550221
-1.01783 0.0440482
-0.930041 0.0417751
-1.05624 0.0499943
-1.04527 0.033285
-1.01235 0.031313
-1.03978 0.0353172
-1.02332 0.0275496
-1.05075 0.0395622
-1.05624 0.0429041
-1.03978 0.0384784
-1.07819 0.0275496
-1.04527 0.0207455
-1.04527 0.019195
-1.05624 0.0248852
-1.06173 0.0215433
-1.00137 0.0406611
-1.00686 0.0215433
-0.941015 0.0184423
-0.946502 0.0129629
-0.941015 0.0155822
-0.919067 0.00948553
-0.902606 0.0177047
-0.946502 0.0105844
-0.951989 0.00700172
-0.979424 0.0100275
-0.935528 0.00746837
-0.962963 0.00611357
-0.880658 0.0129629
-0.962963 0.00895866
-0.91358 0.00569207
-0.930041 0.0117435
-0.886145 0.00895866
-0.897119 0.0111565
-0.891632 0.00415662
-0.919067 0.0031631
-0.924554 0.00158249
-0.990398 0.00451791
-1.01783 0.00415662
-0.935528 0.00611357
-0.941015 0.00489424
-0.930041 0.00528563
-0.990398 0.00746837
-1.01783 0.00948553
-0.919067 0.0105844
-0.946502 0.0105844
-0.973937 0.00700172
-0.941015 0.0142424
-1.01235 0.0135951
-0.995885 0.0111565
-0.946502 0.0100275
-0.990398 0.019195
-0.962963 0.0177047
-1.00137 0.0215433
-1.03429 0.0240271
-0.995885 0.0322914
-1.05624 0.0231841
-1.01235 0.0240271
-0.990398 0.0199627
-1.00686 0.0129629
-1.08916 0.0177047
-1.08916 0.0149048
-1.04527 0.0100275
-1.05075 0.0105844
-1.00686 0.0123457
-1.04527 0.019195
-1.00137 0.0169821
-0.984911 0.0248852
-0.941015 0.0231841
-0.946502 0.0294012
-1.01783 0.0266464
-1.06173 0.019195
-1.05075 0.0303496
-0.990398 0.0184423
-0.984911 0.0142424
-1.02332 0.0135951
-1.02332 0.0135951
-1.06173 0.0129629
-1.03429 0.0129629
-1.06722 0.0123457
-1.08916 0.0177047
-1.12757 0.0123457
-1.03978 0.0162746
-1.01235 0.0142424
-0.984911 0.0169821
-1.01783 0.0111565
-1.07819 0.0149048
-1.03429 0.019195
-1.12209 0.0199627
-1.07819 0.0155822
-1.10014 0.0162746
-1.06173 0.0129629
-1.05624 0.0207455
-1.10014 0.0207455
-1.15501 0.0142424
-1.1166 0.00844685
-1.13855 0.00489424
-1.14952 0.00158249
-1.0727 0.00180829
-1.12209 0.00180829
-1.06722 0.00230505
-1.14952 0.00415662
-1.06173 0.00137174
-1.11111 0.00204915
-1.06173 0.000318003
-1.08368 9.22021e-05
-1.06173 1.88168e-06
-1.13306 0.000829819
-1.12209 0.000679285
-1.07819 0.000423377
-1.10562 9.22021e-05
-0.984911 0.000152416
-1.10014 9.22021e-05
-1.0727 1.88168e-06
-1.05624 0.00117605
-0.995885 0.000227683
-1.00137 0.000423377
-1.01783 0.000152416
-1.01235 0.000152416
-1.01783 1.69351e-05
-0.979424 0.000679285
-1.00686 0.000318003
-0.995885 0.000829819
-0.990398 0.00137174
-0.935528 0.000543804
-0.973937 0.000543804
-0.919067 0.00117605
-0.930041 1.69351e-05
-0.886145 4.70419e-05
-0.919067 0.00117605
-0.908093 0.000227683
-0.858711 4.70419e-05
-0.853224 0.000423377
-0.946502 9.22021e-05
-0.957476 0.000995407
-0.864198 0.0031631
-0.919067 0.00347922
-0.91358 0.000227683
-0.880658 0.000829819
-0.853224 1.69351e-05
-0.858711 0.00137174
-0.891632 0.00117605
-0.831276 0.000152416
-0.897119 0.000318003
-0.880658 0.000423377
-0.869684 0.00180829
-0.930041 0.000227683
-0.897119 1.88168e-06
-0.776406 0.000152416
-0.847737 1.69351e-05
-0.891632 1.69351e-05
-0.875171 4.70419e-05
-0.919067 0.00158249
-0.908093 0.000423377
-0.880658 0.00655012
-0.78738 0.00451791
-0.869684 0.00655012
-0.853224 0.00489424
-0.919067 0.00347922
-0.886145 0.00655012
-0.96845 0.00569207
-0.924554 0.00451791
-0.924554 0.00381039
-0.935528 0.00569207
-1.03429 0.00489424
-1.00686 0.00569207
-1.00137 0.00180829
-0.951989 0.00700172
-0.979424 0.00415662
-0.973937 0.00381039
-0.951989 0.00528563
-0.96845 0.00180829
-0.984911 1.88168e-06
-0.941015 0.00137174
-1.03978 9.22021e-05
-1.04527 9.22021e-05
-1.01783 0.000318003
-1.01783 1.88168e-06
-0.96845 0.00528563
-0.930041 0.00286203
-0.941015 0.00117605
-0.973937 0.00451791
-0.962963 0.00230505
-0.995885 0.00569207
-0.973937 0.0031631
-1.01235 0.00257602
-1.00137 0.00347922
-0.995885 0.000543804
-0.995885 0.000679285
-1.01235 0.00381039
-1.02332 0.00415662
-0.979424 0.00655012
-0.990398 0.00489424
-0.919067 0.00489424
-0.984911 0.00489424
-0.951989 0.00204915
-1.00137 0.000995407
-1.04527 1.88168e-06
-1.03978 0.000152416
-1.01235 1.69351e-05
-0.984911 9.22021e-05
-0.957476 9.22021e-05
-0.946502 1.88168e-06
-1.00137 9.22021e-05
-0.935528 0.000423377
-1.02332 0.00286203
-1.00137 0.0031631
-0.951989 0.00286203
-0.979424 0.00347922
-0.957476 0.00347922
-0.962963 0.00795008
-0.919067 0.0100275
-0.891632 0.00611357
-0.930041 0.00257602
-0.880658 0.00611357
-1.01783 0.00257602
-0.935528 0.00655012
-0.935528 0.00528563
-0.891632 0.00611357
-0.951989 0.00489424
-0.973937 0.00569207
-0.979424 0.00569207
-1.00686 0.00700172
-1.00137 0.00451791
-1.00686 0.00137174
-1.00686 0.00204915
-0.979424 0.00117605
-0.96845 0.00137174
-0.984911 1.88168e-06
-1.01235 0.00117605
-1.07819 0.000423377
-1.08368 0.000543804
-1.10562 0.00415662
-1.02881 0.000227683
-1.00137 1.69351e-05
-0.96845 1.88168e-06
-1.08916 1.69351e-05
-1.09465 1.88168e-06
-1.04527 0.000152416
-1.02881 0.000152416
-1.04527 0.000679285
-0.984911 1.69351e-05
-1.06173 0.00204915
-1.02881 0.000423377
-1.03978 0.00230505
-0.946502 0.00451791
-0.984911 0.00528563
-0.973937 0.00180829
-0.924554 0.00204915
-0.973937 0.00158249
-0.957476 0.00158249
-0.946502 0.000318003
-0.990398 0.000543804
-0.930041 0.000423377
-0.96845 1.69351e-05
-0.984911 0.000679285
-0.930041 0.000318003
-0.984911 0.000227683
-1.02881 0.000543804
-0.984911 1.69351e-05
-1.10014 4.70419e-05
-1.05624 0.000227683
-1.07819 0.000227683
-1.09465 0.000423377
-1.01783 0.000227683
-1.00137 0.000318003
-0.995885 0.000152416
-1.06722 0.00117605
-1.02881 0.00611357
-1.15501 0.00700172
-1.09465 0.00347922
-1.19342 0.00655012
-1.11111 0.00700172
-1.14952 0.0031631
-1.07819 0.00158249
-1.06722 0.00180829
-1.02881 0.00489424
-0.935528 0.0031631
-1.02332 0.00611357
-0.946502 0.00746837
-1.00137 0.00700172
-0.951989 0.00611357
-0.891632 0.00746837
-0.946502 0.0105844
-0.96845 0.00948553
-1.01235 0.00895866
-1.00686 0.00844685
-1.00137 0.00655012
-1.01783 0.0155822
-1.03429 0.0117435
-0.990398 0.00655012
-0.962963 0.00286203
-1.00686 0.00381039
-0.984911 0.00204915
-1.0727 1.88168e-06
-1.02881 0.00158249
-1.06173 0.00230505
-1.11111 0.00137174
-1.04527 0.00158249
-1.12209 1.69351e-05
-1.01235 0.000423377
-1.06173 0.000423377
-1.10562 4.70419e-05
-1.03978 0.000543804
-1.05075 0.000318003
-1.01783 0.00286203
-0.973937 0.00117605
-1.00137 0.000152416
-1.05624 0.000679285
-0.951989 0.000423377
-1.09465 9.22021e-05
-1.03978 0.000679285
-1.06173 0.000227683
-1.09465 0.000152416
-1.00686 0.000679285
-1.07819 0.0031631
-1.07819 0.000423377
-1.0727 0.00230505
-1.06173 0.00347922
-1.00137 0.00347922
-1.01783 0.00257602
-1.01235 0.00451791
-1.00137 0.00381039
-1.05075 0.00415662
-1.1166 0.00569207
-1.04527 0.0117435
-1.11111 0.0155822
-1.09465 0.0184423
-1.00686 0.0117435
-1.0727 0.0169821
-1.09465 0.0105844
-1.00686 0.00895866
-1.06722 0.0177047
-1.03978 0.00844685
-1.12757 0.0215433
-1.07819 0.0294012
-1.14403 0.0248852
-1.14403 0.0374096
-1.13855 0.0363559
-1.20439 0.0240271
-1.13306 0.0266464
-1.16049 0.0374096
-1.20439 0.0537426
-1.18793 0.0475707
-1.08916 0.0440482
-1.14403 0.0452073
-1.10014 0.0524781
-1.0727 0.0602908
-1.08368 0.077542
-1.03429 0.0524781
-1.1166 0.0576263
-1.10562 0.0452073
-1.10014 0.0353172
-1.0727 0.0487749
-1.0727 0.0616456
-1.04527 0.0644004
-1.03429 0.0563167
-1.01235 0.0417751
-1.03978 0.0499943
-1.03429 0.0512286
-1.02881 0.0602908
-1.05624 0.0550221
-1.02332 0.0630155
-1.02881 0.0576263
-1.03978 0.0499943
-0.973937 0.0616456
-0.957476 0.0616456
-1.03978 0.0563167
-1.06173 0.0715507
-1.1166 0.0658003
-1.03978 0.0715507
-1.01783 0.0644004
-1.06173 0.0853698
-1.04527 0.0886063
-0.984911 0.0869805
-1.05624 0.091903
-1.02881 0.0790775
-1.05624 0.0790775
-1.04527 0.0715507
-0.962963 0.077542
-1.00137 0.0745163
-1.0727 0.103916
-1.01783 0.080628
-1.08368 0.0715507
-1.09465 0.073026
-1.14403 0.103916
-1.11111 0.111111
-1.07819 0.103916
-1.06173 0.0686454
-1.05624 0.077542
-1.0727 0.0686454
-1.12209 0.0935739
-1.01235 0.10929
-1.17147 0.126225
-1.23182 0.134143
-1.16049 0.111111
-1.12209 0.126225
-1.12757 0.120444
-1.14952 0.0952599
-1.08916 0.0935739
-1.12209 0.126225
-1.14403 0.126225
-1.14403 0.120444
-1.12209 0.130154
-1.05624 0.114799
-1.07819 0.116666
-1.14403 0.10929
-1.05075 0.10929
-1.10014 0.122356
-1.06722 0.112948
-1.19342 0.146472
-1.20439 0.146472
-1.16049 0.124283
-1.16049 0.148579
-1.20439 0.163753
-1.20439 0.191481
-1.18244 0.177346
-1.22085 0.172755
-1.1989 0.181998
-1.11111 0.163753
-1.16598 0.150702
-1.14952 0.157159
-1.13306 0.177346
-1.1989 0.179664
-1.11111 0.170482
-1.10562 0.170482
-1.1166 0.175043
-1.07819 0.170482
-1.10014 0.157159
-1.09465 0.13616
-1.11111 0.132141
-1.14403 0.111111
-1.06722 0.118547
-1.06173 0.132141
-1.05624 0.154992
-1.06173 0.16154
-1.11111 0.150702
-1.1166 0.163753
-1.10014 0.16154
-1.14403 0.157159
-1.18244 0.201206
-1.2428 0.157159
-1.18244 0.16154
-1.10014 0.154992
-1.0727 0.126225
-1.05075 0.124283
-1.12757 0.122356
-1.11111 0.118547
-1.06722 0.126225
-1.03978 0.0935739
-1.05075 0.100408
-1.04527 0.0902471
-1.03429 0.0790775
-1.05075 0.0745163
-1.17695 0.0935739
-1.13306 0.091903
-1.1166 0.080628
-1.05624 0.080628
-1.08368 0.107483
-1.13855 0.102154
-1.11111 0.105692
-1.08916 0.100408
-1.1166 0.098677
-1.10014 0.098677
-1.03429 0.0902471
-1.04527 0.0837741
-1.10014 0.102154
-1.09465 0.0886063
-1.0727 0.091903
-1.1166 0.0969609
-1.1166 0.080628
-1.10014 0.0821935
-1.16598 0.0745163
-1.11111 0.0935739
-1.1166 0.102154
-1.12209 0.0837741
-1.08368 0.080628
-1.05624 0.0969609
-1.04527 0.091903
-1.04527 0.103916
-1.08916 0.111111
-1.0727 0.10929
-1.09465 0.111111
-1.10014 0.107483
-1.12209 0.111111
-1.13855 0.132141
-1.12757 0.142302
-1.10562 0.142302
-1.07819 0.138192
-1.19342 0.138192
-1.10562 0.13616
-1.09465 0.138192
-1.10014 0.148579
-1.01783 0.128182
-1.03978 0.112948
-1.07819 0.140239
-1.03429 0.142302
-1.13306 0.168224
-1.1989 0.170482
-1.17695 0.201206
-1.0727 0.179664
-1.06173 0.216244
-1.10562 0.2137
-1.06173 0.163753
-1.03429 0.177346
-0.96845 0.159342
-1.07819 0.165981
-1.08916 0.179664
-1.05624 0.163753
-1.01235 0.144379
-0.973937 0.130154
-1.04527 0.130154
-1.06173 0.150702
-1.03429 0.126225
-1.00686 0.114799
-0.979424 0.107483
-0.995885 0.116666
-0.924554 0.100408
-0.886145 0.105692
-0.902606 0.111111
-0.880658 0.0821935
-0.924554 0.098677
-0.853224 0.080628
-0.902606 0.0644004
-0.897119 0.0616456
-0.836763 0.058951
-0.941015 0.077542
-0.935528 0.0837741
-0.919067 0.0616456
-0.979424 0.0602908
-1.02881 0.0700906
-0.979424 0.0576263
-0.941015 0.0700906
-1.00137 0.0686454
-0.990398 0.0715507
-0.979424 0.0821935
-1.03978 0.0837741
-1.05075 0.0853698
-1.06173 0.0935739
-1.06173 0.0935739
-1.03429 0.0935739
-1.08368 0.0902471
-1.12209 0.111111
-1.20439 0.120444
-1.22085 0.10929
-1.23182 0.124283
-1.18244 0.114799
-1.17695 0.116666
-1.19342 0.105692
-1.24829 0.126225
-1.22634 0.142302
-1.20439 0.128182
-1.19342 0.140239
-1.12209 0.138192
-1.17695 0.159342
-1.19342 0.157159
-1.13306 0.159342
-1.12209 0.163753
-1.14952 0.120444
-1.15501 0.148579
-1.13855 0.128182
-1.10562 0.128182
-1.12209 0.140239
-1.09465 0.150702
-1.08916 0.165981
-1.00686 0.157159
-1.05624 0.150702
-1.03429 0.142302
-1.04527 0.154992
-1.05624 0.170482
-1.16598 0.203675
-1.12757 0.16154
-1.08368 0.148579
-1.14952 0.154992
-1.18793 0.189088
-1.18793 0.19389
-1.16049 0.201206
-1.23731 0.237138
-1.28121 0.206158
-1.27023 0.211171
-1.25926 0.206158
-1.29767 0.242512
-1.29767 0.273146
-1.24829 0.273146
-1.22085 0.242512
-1.34156 0.267441
-1.31413 0.264611
-1.27023 0.245222
-1.28669 0.273146
-1.30316 0.284737
-1.26475 0.276021
-1.22085 0.281817
-1.23731 0.258996
-1.22634 0.237138
-1.15501 0.216244
-1.19342 0.218803
-1.16598 0.216244
-1.1989 0.179664
-1.1989 0.203675
-1.16049 0.186709
-1.21536 0.206158
-1.25926 0.237138
-1.23182 0.237138
-1.20439 0.211171
-1.18244 0.206158
-1.16598 0.177346
-1.21536 0.221377
-1.18793 0.2137
-1.18244 0.201206
-1.14403 0.181998
-1.23182 0.189088
-1.22634 0.168224
-1.14403 0.148579
-1.15501 0.148579
-1.23731 0.163753
-1.2428 0.159342
-1.13855 0.157159
-1.11111 0.132141
-1.17147 0.148579
-1.25926 0.168224
-1.18244 0.154992
-1.18244 0.150702
-1.08368 0.130154
-1.09465 0.159342
-1.05624 0.146472
-1.06722 0.170482
-1.00686 0.168224
-1.02332 0.181998
-1.09465 0.172755
-1.06722 0.16154
-1.06722 0.19389
-1.11111 0.191481
-1.12757 0.184346
-1.11111 0.221377
-1.10562 0.191481
-1.06173 0.186709
-1.08916 0.203675
-1.05624 0.201206
-1.02881 0.189088
-1.05624 0.196313
-1.03429 0.186709
-1.06722 0.208657
-1.11111 0.206158
-1.12209 0.208657
-1.03429 0.206158
-1.06722 0.226571
-1.12209 0.22919
-1.14952 0.261796
-1.11111 0.256211
-1.16049 0.261796
-1.18244 0.284737
-1.20988 0.299565
-1.26475 0.305601
-1.30864 0.330349
-1.23182 0.324072
-1.22085 0.284737
-1.2428 0.287673
-1.2428 0.314769
-1.1989 0.278911
-1.13855 0.256211
-1.18244 0.256211
-1.22085 0.261796
-1.22085 0.256211
-1.23182 0.242512
-1.23731 0.226571
-1.14403 0.191481
-1.13306 0.198752
-1.14952 0.206158
-1.17147 0.184346
-1.18793 0.189088
-1.20439 0.203675
-1.12757 0.179664
-1.13855 0.201206
-1.10562 0.154992
-1.10562 0.138192
-1.17147 0.140239
-1.17695 0.134143
-1.09465 0.128182
-1.09465 0.120444
-1.04527 0.134143
-1.06173 0.134143
-1.00686 0.142302
-0.995885 0.138192
-0.984911 0.122356
-1.01783 0.163753
-1.10562 0.157159
-1.06722 0.159342
-1.08368 0.168224
-1.09465 0.186709
-1.10014 0.19389
-1.06173 0.168224
-1.03429 0.165981
-1.03978 0.152839
-1.05624 0.163753
-1.10014 0.170482
-1.10014 0.16154
-1.06722 0.144379
-1.0727 0.170482
-1.03978 0.159342
-1.05624 0.144379
-0.984911 0.128182
-1.01235 0.13616
-1.06722 0.124283
-1.03978 0.130154
-1.08916 0.150702
-1.06173 0.138192
-1.07819 0.157159
-1.04527 0.163753
-1.03429 0.16154
-1.02332 0.172755
-1.09465 0.138192
-1.08916 0.165981
-1.13855 0.186709
-1.10562 0.179664
-1.12209 0.168224
-1.08916 0.170482
-1.13306 0.181998
-1.06722 0.150702
-1.07819 0.163753
-1.07819 0.189088
-1.04527 0.175043
-1.1166 0.163753
-1.05624 0.157159
-1.10014 0.132141
-1.04527 0.116666
-1.06173 0.144379
-1.00686 0.146472
-1.10014 0.16154
-1.0727 0.138192
-1.05075 0.13616
-1.00686 0.128182
-1.06173 0.146472
-1.04527 0.165981
-1.07819 0.196313
-1.05075 0.175043
-1.06173 0.177346
-1.02881 0.163753
-1.12209 0.165981
-1.13306 0.203675
-1.06173 0.157159
-1.09465 0.181998
-1.12757 0.189088
-1.13306 0.168224
-1.12209 0.177346
-1.08368 0.138192
-1.12209 0.142302
-1.10562 0.144379
-1.14952 0.150702
-1.13306 0.168224
-1.16049 0.196313
-1.16598 0.196313
-1.16049 0.177346
-1.17695 0.170482
-1.14403 0.184346
-1.18793 0.186709
-1.24829 0.206158
-1.21536 0.189088
-1.10014 0.184346
-1.20439 0.191481
-1.16598 0.201206
-1.12757 0.19389
-1.16598 0.218803
-1.17147 0.189088
-1.16049 0.177346
-1.11111 0.179664
-1.1166 0.168224
-1.12757 0.177346
-1.14952 0.170482
-1.05075 0.154992
-1.13306 0.175043
-1.17147 0.172755
-1.14952 0.186709
-1.07819 0.16154
-1.09465 0.163753
-1.08916 0.142302
-1.08916 0.132141
-1.06722 0.148579
-1.04527 0.126225
-1.09465 0.128182
-1.07819 0.126225
-1.08368 0.128182
-1.10562 0.112948
-1.09465 0.126225
-1.01783 0.107483
-1.02332 0.0952599
-1.06722 0.0969609
-1.02881 0.0969609
-1.08916 0.112948
-1.08916 0.126225
-1.17695 0.118547
-1.17147 0.112948
-1.08368 0.100408
-1.14952 0.10929
-1.09465 0.124283
-1.09465 0.140239
-1.11111 0.146472
-1.06722 0.157159
-1.08916 0.13616
-1.15501 0.152839
-1.10014 0.165981
-1.1166 0.191481
-1.08916 0.186709
-1.11111 0.177346
-1.1989 0.186709
-1.23182 0.168224
-1.17147 0.134143
-1.20988 0.157159
-1.16598 0.144379
-1.13855 0.16154
-1.18793 0.142302
-1.1989 0.13616
-1.23731 0.157159
-1.22085 0.168224
-1.17695 0.196313
-1.14403 0.163753
-1.12757 0.168224
-1.17147 0.191481
-1.15501 0.218803
-1.23182 0.211171
-1.21536 0.208657
-1.17147 0.211171
-1.19342 0.242512
-1.23731 0.247947
-1.24829 0.276021
-1.15501 0.264611
-1.20439 0.284737
-1.16049 0.267441
-1.12757 0.234474
-1.10014 0.223967
-1.18244 0.239818
-1.17147 0.250686
-1.18793 0.234474
-1.1166 0.242512
-1.10014 0.253441
-1.05075 0.250686
-1.16049 0.278911
-1.20988 0.276021
-1.13306 0.261796
-1.13855 0.206158
-1.1989 0.208657
-1.10014 0.165981
-1.06173 0.144379
-1.08916 0.140239
-1.1166 0.165981
-1.19342 0.172755
-1.15501 0.177346
-1.13306 0.172755
-1.14403 0.196313
-1.09465 0.189088
-1.12209 0.189088
-1.11111 0.184346
-1.1166 0.170482
-1.16598 0.154992
-1.14952 0.142302
-1.17147 0.163753
-1.18244 0.172755
-1.14952 0.126225
-1.14952 0.138192
-1.06173 0.120444
-1.09465 0.126225
-1.13855 0.140239
-1.12209 0.165981
-1.18244 0.191481
-1.15501 0.184346
-1.15501 0.168224
-1.18793 0.184346
-1.1166 0.168224
-1.16598 0.175043
-1.13306 0.19389
-1.12209 0.175043
-1.01783 0.163753
-1.05075 0.165981
-1.13855 0.189088
-1.12209 0.172755
-1.12209 0.179664
-1.17147 0.201206
-1.12757 0.203675
-1.0727 0.203675
-1.0727 0.154992
-1.00137 0.152839
-1.10014 0.179664
-1.02881 0.150702
-1.05075 0.144379
-1.03429 0.144379
-1.08916 0.140239
-1.12757 0.13616
-1.06173 0.140239
-1.03429 0.132141
-1.17147 0.157159
-1.16049 0.154992
-1.08916 0.144379
-1.18793 0.163753
-1.16049 0.172755
-1.14403 0.159342
-1.14952 0.186709
-1.1166 0.177346
-1.16049 0.198752
-1.17147 0.196313
-1.16049 0.191481
-1.23182 0.198752
-1.17147 0.175043
-1.16049 0.157159
-1.08916 0.163753
-1.09465 0.144379
-1.10014 0.163753
-1.04527 0.120444
-0.96845 0.111111
-0.995885 0.122356
-0.990398 0.116666
-0.96845 0.098677
-1.01235 0.098677
-0.880658 0.091903
-0.941015 0.0935739
-0.951989 0.102154
-0.941015 0.0821935
-0.946502 0.0902471
-0.924554 0.0616456
-0.897119 0.0700906
-0.897119 0.0715507
-0.91358 0.0790775
-0.919067 0.0672154
-0.930041 0.091903
-0.979424 0.0760216
-0.96845 0.0935739
-1.03978 0.0902471
-1.02881 0.0821935
-1.02881 0.0969609
-0.957476 0.0853698
-0.941015 0.0790775
-0.897119 0.058951
-0.91358 0.0512286
-0.930041 0.0395622
-0.935528 0.0384784
-0.96845 0.0284679
-0.957476 0.0266464
-0.973937 0.0342936
-0.875171 0.033285
-1.00686 0.058951
-1.01235 0.0384784
-0.946502 0.0576263
-1.01783 0.0616456
-1.05624 0.0537426
-1.04527 0.058951
-0.990398 0.0672154
-0.951989 0.0463814
-0.984911 0.0537426
-0.919067 0.0475707
-0.897119 0.0353172
-0.946502 0.0353172
-0.957476 0.0463814
-0.924554 0.0463814
-0.924554 0.0322914
-0.847737 0.0374096
-0.875171 0.0342936
-0.853224 0.0463814
-0.84225 0.031313
-0.858711 0.033285
-0.847737 0.0294012
-0.776406 0.0275496
-0.781893 0.0499943
-0.792867 0.0248852
-0.820302 0.0248852
-0.869684 0.0463814
-0.886145 0.0440482
-0.902606 0.0487749
-0.957476 0.0524781
-0.930041 0.0452073
-1.00686 0.0616456
-1.00137 0.0576263
-1.01783 0.0499943
-1.02881 0.0499943
-0.990398 0.0417751
-0.979424 0.0303496
-0.951989 0.0303496
-0.897119 0.0257583
-0.962963 0.0303496
-0.935528 0.0275496
-1.01783 0.0322914
-0.924554 0.0223562
-0.908093 0.031313
-0.897119 0.0240271
-0.897119 0.0240271
-0.946502 0.0342936
-0.91358 0.033285
-0.858711 0.0429041
-0.891632 0.0275496
-0.973937 0.0322914
-0.919067 0.0374096
-0.935528 0.0463814
-0.957476 0.0487749
-0.902606 0.0363559
-0.924554 0.0440482
-0.951989 0.0417751
-0.962963 0.0266464
-0.979424 0.0215433
-0.962963 0.0275496
-1.01235 0.0322914
-0.979424 0.0223562
-1.02332 0.0257583
-0.96845 0.0231841
-0.962963 0.031313
-1.00686 0.0429041
-0.919067 0.0257583
-0.891632 0.0184423
-0.935528 0.0363559
-0.91358 0.0322914
-0.973937 0.033285
-0.897119 0.0215433
-0.897119 0.0215433
-0.864198 0.0215433
-1.02881 0.033285
-0.886145 0.0257583
-0.91358 0.019195
-0.919067 0.0231841
-0.941015 0.0303496
-0.941015 0.0207455
-0.973937 0.0342936
-0.957476 0.0199627
-0.924554 0.0207455
-0.91358 0.0177047
-0.930041 0.019195
-0.995885 0.0215433
-0.990398 0.0275496
-0.979424 0.0294012
-1.05075 0.0275496
-1.04527 0.0184423
-0.995885 0.0353172
-1.07819 0.0417751
-1.15501 0.0342936
-1.12757 0.0284679
-1.16598 0.0294012
-1.13855 0.0452073
-1.18793 0.033285
-1.20439 0.0275496
-1.14952 0.0294012
-1.16049 0.0266464
-1.20988 0.0248852
-1.12757 0.0215433
-1.17147 0.0155822
-1.13855 0.0231841
-1.11111 0.033285
-1.09465 0.0257583
-1.03429 0.0162746
-0.973937 0.0100275
-1.04527 0.00451791
-0.984911 0.0105844
-1.06173 0.0117435
-1.01235 0.0199627
-1.03429 0.0162746
-1.06173 0.0231841
-1.07819 0.0266464
-1.1166 0.0384784
-1.11111 0.0322914
-1.18793 0.0275496
-1.14952 0.0440482
-1.10562 0.0384784
-1.12209 0.0353172
-1.13855 0.0406611
-1.13306 0.0266464
-1.07819 0.0406611
-1.10014 0.0429041
-1.10014 0.0499943
-1.13855 0.058951
-1.18793 0.0499943
-1.15501 0.0487749
-1.08916 0.0384784
-1.07819 0.0406611
-1.05624 0.0353172
-1.06722 0.0215433
-1.13855 0.0142424
-1.13306 0.0257583
-1.0727 0.0149048
-1.05624 0.00844685
-1.03429 0.0123457
-0.96845 0.0129629
-1.00686 0.0123457
-1.10014 0.00948553
-1.11111 0.0123457
-1.05624 0.0184423
-1.14403 0.0240271
-1.21536 0.0231841
-1.1166 0.0162746
-1.17695 0.0162746
-1.23731 0.00948553
-1.17147 0.00844685
-1.06722 0.00746837
-1.11111 0.0135951
-1.13855 0.00700172
-1.09465 0.00895866
-1.08368 0.00844685
-1.02332 0.0135951
-1.00686 0.0135951
-1.04527 0.0149048
-1.05624 0.019195
-1.01783 0.0266464
-1.03429 0.0294012
-1.03429 0.0223562
-1.00137 0.031313
-0.908093 0.0257583
-0.979424 0.0207455
-0.962963 0.0231841
-0.979424 0.0184423
-0.962963 0.0215433
-0.957476 0.0207455
-0.995885 0.019195
-1.01783 0.0199627
-1.08368 0.0231841
-1.04527 0.0440482
-1.03978 0.0374096
-1.05075 0.033285
-1.13306 0.0384784
-1.01783 0.0294012
-0.984911 0.0303496
-1.05624 0.0429041
-1.04527 0.0429041
-1.06173 0.0363559
-1.08368 0.0294012
-1.11111 0.0322914
-1.05075 0.0342936
-1.04527 0.0275496
-1.1166 0.0303496
-1.0727 0.0248852
-1.05075 0.0406611
-1.01783 0.0322914
-1.13855 0.0303496
-1.07819 0.0284679
-1.06722 0.0275496
-1.04527 0.0231841
-1.1166 0.0429041
-1.13306 0.0417751
-1.12757 0.0384784
-1.09465 0.0440482
-1.08916 0.0384784
-1.09465 0.0406611
-1.10562 0.0231841
-1.08368 0.0275496
-1.16049 0.0223562
-1.13855 0.0257583
-1.12209 0.0257583
-1.09465 0.019195
-1.05075 0.0215433
-1.03429 0.0248852
-1.03429 0.0257583
-0.995885 0.0123457
-1.05624 0.0149048
-1.00137 0.019195
-0.984911 0.00655012
-0.962963 0.00451791
-0.919067 0.00746837
-0.91358 0.00137174
-0.919067 0.00117605
-0.919067 0.000318003
-1.00137 0.00180829
-0.984911 0.00286203
-0.962963 0.00528563
-0.995885 0.00158249
-1.00137 0.000423377
-1.02332 0.000829819
-1.02332 0.000543804
-1.02881 0.000995407
-0.990398 0.000318003
-1.00686 0.000423377
-1.04527 0.00158249
-1.06173 0.000423377
-1.06173 0.000318003
-1.05075 0.000152416
-1.06722 0.00180829
-1.1166 0.000318003
-1.09465 0.00180829
-1.06173 0.00137174
-1.01235 0.00381039
-1.06173 0.00158249
-1.05624 0.00451791
-1.13306 0.00611357
-1.09465 0.00700172
-1.13306 0.00844685
-1.03429 0.0100275
-1.08916 0.0100275
-1.08368 0.0142424
-1.08368 0.00489424
-1.05624 0.00611357
-1.1166 0.00655012
-1.12757 0.0105844
-1.10014 0.0184423
-1.14403 0.0111565
-1.17695 0.0207455
-1.0727 0.0135951
-1.10562 0.031313
-1.17147 0.0231841
-1.14403 0.0248852
-1.08916 0.0215433
-1.14952 0.0215433
-1.1166 0.0117435
-1.12209 0.0129629
-1.04527 0.0129629
-1.08368 0.0184423
-1.10014 0.0169821
-1.07819 0.0123457
-1.12757 0.019195
-1.08368 0.0169821
-1.12757 0.0215433
-1.12209 0.0275496
-1.10014 0.0207455
-1.14403 0.0184423
-1.16598 0.0169821
-1.18793 0.0162746
-1.17147 0.0169821
-1.14403 0.0184423
-1.16049 0.0155822
-1.12209 0.00895866
-1.18244 0.0129629
-1.12757 0.0100275
-1.05624 0.00895866
-1.17147 0.00489424
-1.12209 0.00257602
-1.11111 0.00257602
-1.14952 0.00415662
-1.15501 0.00489424
-1.12209 0.00451791
-1.04527 0.00655012
-1.14952 0.00700172
-1.14403 0.000679285
-1.14403 9.22021e-05
-1.12757 0.00204915
-1.05075 0.000423377
-1.06722 1.88168e-06
-1.02881 0.00117605
-1.10014 1.69351e-05
-1.10014 4.70419e-05
-1.00686 9.22021e-05
-1.01235 4.70419e-05
-1.05624 0.00204915
-1.06173 0.000423377
-1.03429 0.000543804
-1.03429 0.000318003
-1.02881 0.000152416
-1.05624 1.88168e-06
-1.13306 1.88168e-06
-1.1166 9.22021e-05
-1.10014 0.000679285
-1.05624 0.000543804
-1.05624 0.000318003
-1.03978 0.000318003
-1.06722 0.00611357
-1.06722 0.00611357
-1.14952 0.00415662
-1.1166 0.0031631
-1.11111 0.00844685
-1.05075 0.00451791
-1.03978 0.0142424
-0.946502 0.0100275
-0.930041 0.00381039
-1.03429 0.00569207
-0.995885 0.00795008
-1.03978 0.00489424
-1.00686 0.00528563
-1.12209 0.0135951
-1.08916 0.00948553
-1.13855 0.0149048
-1.06722 0.0231841
-1.14403 0.0223562
-1.07819 0.0184423
-1.02881 0.0184423
-1.03978 0.019195
-1.0727 0.0199627
-1.10014 0.0303496
-1.10562 0.0199627
-1.00686 0.0207455
-1.02332 0.0248852
-1.05075 0.0240271
-1.0727 0.0303496
-0.946502 0.0240271
-1.00137 0.0199627
-0.957476 0.0184423
-1.02332 0.0303496
-0.995885 0.0184423
-1.02881 0.0169821
-1.08368 0.0184423
-1.00137 0.0162746
-0.951989 0.00895866
-0.946502 0.0129629
-0.875171 0.0129629
-0.91358 0.00844685
-0.984911 0.00844685
-1.01783 0.00948553
-1.02332 0.0129629
-1.07819 0.0100275
-1.05624 0.00844685
-1.10562 0.00381039
-1.06173 0.00381039
-1.01783 0.00381039
-0.995885 0.00451791
-1.01235 0.00611357
-0.995885 0.00381039
-0.930041 0.00286203
-0.930041 0.00611357
-0.946502 0.00451791
-0.930041 0.00746837
-0.941015 0.00895866
-0.946502 0.0105844
-0.891632 0.00700172
-0.864198 0.00257602
-0.902606 0.00158249
-0.908093 0.00230505
-0.880658 0.00204915
-0.930041 0.00180829
-0.902606 0.000829819
-0.886145 0.00117605
-0.91358 0.000423377
-0.908093 0.00158249
-1.00686 0.000227683
-0.941015 9.22021e-05
-0.902606 0.000227683
-0.951989 1.69351e-05
-0.902606 9.22021e-05
-0.902606 0.000227683
-0.941015 1.88168e-06
-0.886145 1.88168e-06
-0.935528 0.000423377
-0.984911 1.69351e-05
-0.935528 9.22021e-05
-0.935528 9.22021e-05
-1.02881 1.88168e-06
-0.946502 0.000227683
-0.880658 0.000679285
-0.951989 0.000543804
-0.935528 0.0031631
-0.831276 0.00451791
-0.886145 0.00204915
-0.995885 0.000543804
-0.979424 0.00180829
-0.984911 0.00381039
-0.891632 0.0031631
-0.919067 0.00528563
-0.941015 0.000543804
-0.946502 0.000829819
-0.96845 0.00137174
-0.935528 0.00569207
-0.962963 0.00700172
-0.984911 0.0135951
-0.990398 0.0135951
-1.04527 0.0105844
-1.06722 0.00948553
-1.00137 0.00655012
-1.01783 0.00611357
-0.995885 0.00451791
-0.990398 0.00895866
-1.01783 0.0129629
-0.979424 0.00700172
-0.941015 0.00746837
-0.902606 0.00700172
-0.875171 0.00489424
-0.880658 0.00180829
-0.973937 0.000829819
-0.880658 0.000543804
-0.820302 1.69351e-05
-0.869684 0.000318003
-0.880658 0.000423377
-0.864198 1.69351e-05
-0.941015 1.69351e-05
-0.973937 0.000679285
-0.919067 9.22021e-05
-0.886145 0.0031631
-0.973937 0.00117605
-0.957476 0.00180829
-0.908093 1.88168e-06
-0.919067 0.000423377
-0.919067 4.70419e-05
-0.935528 0.000318003
-0.941015 0.00117605
-0.957476 1.88168e-06
-0.984911 0.00257602
-0.990398 0.00415662
-1.04527 0.00895866
-0.946502 0.00528563
-0.930041 0.00655012
-0.946502 0.00489424
-0.941015 0.00286203
-0.951989 0.00347922
-0.957476 0.00347922
-0.957476 0.00180829
-0.96845 0.00347922
-0.979424 0.000829819
-1.01235 0.000423377
-1.00686 0.00158249
-1.01235 0.0031631
-1.06722 1.69351e-05
-1.05075 0.00257602
-1.03978 0.0031631
-1.00686 0.0031631
-0.995885 0.00347922
-1.02881 0.00489424
-1.01783 0.00451791
-0.973937 0.00611357
-1.00686 0.00700172
-0.979424 0.0117435
-1.03978 0.0199627
-1.05624 0.00844685
-1.05075 0.0129629
-1.05624 0.0142424
-1.08368 0.0142424
-1.07819 0.019195
-1.11111 0.0123457
-1.10014 0.0184423
-1.18244 0.0207455
-1.18244 0.0231841
-1.14403 0.0275496
-1.14952 0.0231841
-1.12757 0.0169821
-1.15501 0.0184423
-1.12209 0.0303496
-1.08368 0.0248852
-0.973937 0.0257583
-1.03978 0.0342936
-1.09465 0.0284679
-1.01235 0.0240271
-0.995885 0.0257583
-0.990398 0.031313
-0.941015 0.0342936
-0.96845 0.0303496
-0.995885 0.0463814
-0.96845 0.0537426
-0.973937 0.0374096
-0.990398 0.0303496
-1.01235 0.0223562
-1.03978 0.0184423
-1.00137 0.0177047
-0.995885 0.0257583
-0.990398 0.0266464
-1.01783 0.0149048
-1.06722 0.0223562
-1.01783 0.0162746
-1.01235 0.00844685
-1.02881 0.00746837
-1.03429 0.0105844
-1.06173 0.0117435
-1.00686 0.00948553
-0.957476 0.00381039
-0.984911 0.00489424
-1.00137 0.00528563
-0.96845 0.00230505
-0.973937 0.00347922
-1.00686 0.00489424
-0.995885 0.00286203
-1.04527 0.000423377
-1.03429 0.00415662
-1.07819 0.00230505
-1.08368 0.00204915
-1.03429 0.000679285
-1.05075 0.000543804
-1.08916 0.000995407
-1.06722 0.000227683
-1.04527 4.70419e-05
-1.14403 1.88168e-06
-1.02881 0.00137174
-1.01235 0.00117605
-1.03429 0.00117605
-0.990398 0.00180829
-1.01235 0.000152416
-0.979424 4.70419e-05
-0.902606 0.000318003
-0.957476 0.00895866
-0.935528 0.0105844
-0.979424 0.00895866
-0.946502 0.0135951
-0.908093 0.00611357
-0.908093 0.00700172
-0.908093 0.0105844
-0.902606 0.00451791
-0.84225 0.00489424
-0.919067 0.00655012
-0.902606 0.00415662
-0.875171 0.00611357
-0.891632 0.0105844
-0.891632 0.00795008
-0.792867 0.00655012
-0.886145 0.0111565
-0.891632 0.0135951
-0.919067 0.00611357
-0.924554 0.00381039
-0.919067 0.00746837
-0.935528 0.00611357
-0.908093 0.0105844
-0.941015 0.0129629
-0.91358 0.0105844
-0.96845 0.0123457
-0.96845 0.00895866
-0.946502 0.00528563
-0.935528 0.00795008
-0.990398 0.0105844
-0.995885 0.00257602
-1.03978 0.00746837
-1.02332 0.00655012
-1.00686 0.00611357
-1.03429 0.0117435
-1.09465 0.00700172
-1.1166 0.00489424
-1.03429 0.00415662
-0.902606 0.00655012
-1.00686 0.0142424
-1.03429 0.0169821
-1.05624 0.0162746
-1.06173 0.0135951
-1.05624 0.0207455
-1.09465 0.0142424
-1.01783 0.0177047
-1.02881 0.0169821
-1.03429 0.0240271
-1.00137 0.0248852
-0.984911 0.0240271
-1.01783 0.0363559
-1.03978 0.0294012
-1.02332 0.0257583
-1.03429 0.0266464
-1.01783 0.0275496
-1.05624 0.0149048
-1.10014 0.0207455
-1.01783 0.0129629
-1.08368 0.00895866
-1.00686 0.0184423
-0.990398 0.0184423
-1.06173 0.0231841
-1.10562 0.0257583
-1.08916 0.0129629
-1.11111 0.00895866
-1.12757 0.0100275
-1.06173 0.0117435
-1.01235 0.00700172
-0.924554 0.0129629
-1.01235 0.0123457
-1.00137 0.00746837
-1.08916 0.0105844
-1.1166 0.0117435
-1.08368 0.00948553
-1.12757 0.0142424
-1.09465 0.0177047
-1.16598 0.0240271
-1.15501 0.0169821
-1.09465 0.019195
-1.10562 0.0248852
-1.12757 0.0169821
-1.1166 0.00895866
-1.14952 0.0207455
-1.12757 0.019195
-1.1166 0.0123457
-1.09465 0.0117435
-1.11111 0.0129629
-1.10562 0.00948553
-1.14403 0.0100275
-1.13306 0.0162746
-1.01235 0.0105844
-1.12209 0.0100275
-1.09465 0.0117435
-1.0727 0.00569207
-1.08916 0.0111565
-1.12209 0.00528563
-1.09465 0.00700172
-1.01235 0.00415662
-1.05075 0.00451791
-1.03978 0.00655012
-0.973937 0.00746837
-0.946502 0.00844685
-1.01235 0.0111565
-1.02881 0.00381039
-1.03429 0.00746837
-1.05075 0.0111565
-1.06173 0.00700172
-1.08368 0.00844685
-1.08916 0.0105844
-1.0727 0.00795008
-1.06173 0.00528563
-1.14403 0.00611357
-1.11111 0.00528563
-1.10562 0.00528563
-1.11111 0.00257602
-1.13855 0.00257602
-1.02332 0.00451791
-1.02332 0.00347922
-1.08368 0.00204915
-1.05075 0.0031631
-1.05075 0.00528563
-0.962963 0.00347922
-1.00137 0.00655012
-1.04527 0.0105844
-1.01783 0.00795008
-1.01235 0.0100275
-1.01783 0.0117435
-0.96845 0.00611357
-0.957476 0.00415662
-1.07819 0.00286203
-1.1166 0.00117605
-1.05075 0.000152416
-1.03978 1.88168e-06
-1.08368 0.000318003
-0.973937 1.88168e-06
-0.984911 0.000318003
-0.990398 4.70419e-05
-0.995885 4.70419e-05
-0.96845 0.000423377
-1.00137 0.000543804
-1.02332 0.000679285
-1.02332 0.000543804
-1.03978 0.000543804
-0.941015 0.000423377
-0.990398 1.88168e-06
-1.03429 4.70419e-05
-1.01235 0.000227683
-1.06173 4.70419e-05
-1.09465 0.000318003
-1.09465 4.70419e-05
-1.09465 0.000995407
-1.07819 0.000543804
-1.13855 0.000423377
-1.03429 0.000543804
-0.990398 0.000679285
-1.05075 0.000543804
-1.07819 0.000318003
-1.09465 1.69351e-05
-1.08916 0.00180829
-1.07819 1.69351e-05
-1.16049 0.000152416
-1.06722 1.69351e-05
-1.02881 0.00117605
-1.06173 0.000679285
-1.07819 0.000152416
-1.12757 0.000679285
-1.0727 9.22021e-05
-1.05075 0.000423377
-1.08368 0.00204915
-1.16049 0.00257602
-1.16598 0.00230505
-1.10014 0.00700172
-1.05624 0.0100275
-1.06173 0.00655012
-1.10014 0.00489424
-1.05624 0.00528563
-1.13306 0.0100275
-1.07819 0.0111565
-1.12757 0.00844685
-1.1166 0.00381039
-1.17147 0.00655012
-1.05075 0.00746837
-1.17147 0.00895866
-1.18244 0.0129629
-1.15501 0.00895866
-1.12757 0.00895866
-1.06173 0.00489424
-1.05075 0.00347922
-1.1166 0.00180829
-1.14952 0.00948553
-1.12757 0.00415662
-1.1166 0.00451791
-1.09465 0.00700172
-1.01783 0.00795008
-1.01783 0.00655012
-1.05075 0.00137174
-1.04527 0.00257602
-1.02881 0.000152416
-1.01783 0.00137174
-1.05624 0.00230505
-1.08916 0.00569207
-1.12209 0.00286203
-1.09465 0.00137174
-1.03429 0.00611357
-1.04527 0.00489424
-1.00137 0.00655012
-1.06173 0.00137174
-1.08916 0.000227683
-0.951989 1.69351e-05
-0.96845 0.000227683
-0.919067 0.000679285
-0.919067 0.000227683
-0.91358 0.000995407
-0.919067 0.00347922
-0.891632 0.000227683
-0.919067 1.88168e-06
-0.897119 0.000995407
-0.91358 0.00286203
-0.924554 0.000829819
-0.91358 0.00204915
-0.891632 0.00230505
-0.886145 0.000152416
-0.919067 0.00286203
-0.908093 0.00381039
-0.891632 0.00415662
-0.908093 0.00117605
-0.935528 0.00230505
-0.990398 9.22021e-05
-1.00686 0.00180829
-0.902606 0.00230505
-0.935528 0.00844685
-0.831276 0.00347922
-0.946502 0.0031631
-0.902606 0.0031631
-0.990398 0.0031631
-0.941015 0.00381039
-0.941015 0.00746837
-0.930041 0.0031631
-0.902606 0.00451791
-0.891632 0.00489424
-0.880658 0.00528563
-0.869684 0.00700172
-0.858711 0.00569207
-0.847737 0.0162746
-0.831276 0.0177047
-0.831276 0.0215433
-0.886145 0.0184423
-0.897119 0.0231841
-0.869684 0.0248852
-0.979424 0.019195
-1.06173 0.0284679
-1.02881 0.0266464
-0.973937 0.0207455
-0.962963 0.0199627
-0.979424 0.0155822
-0.96845 0.0135951
-0.946502 0.0177047
-0.930041 0.0111565
-0.935528 0.0149048
-0.96845 0.0184423
-1.01235 0.0123457
-0.96845 0.0149048
-0.984911 0.0129629
-0.979424 0.0257583
-0.990398 0.0215433
-0.990398 0.0199627
-1.03429 0.0177047
-1.00137 0.0162746
-1.01235 0.0100275
-1.00686 0.0215433
-1.03429 0.0223562
-1.05624 0.00746837
-1.03978 0.0100275
-1.08916 0.00948553
-1.08368 0.0155822
-1.07819 0.0142424
-0.990398 0.0100275
-1.05624 0.0111565
-0.973937 0.00795008
-1.01235 0.0117435
-1.03429 0.0123457
-1.03429 0.019195
-1.00137 0.0169821
-1.11111 0.0184423
-1.06173 0.0177047
-1.00686 0.00895866
-1.04527 0.00286203
-1.05075 0.00381039
-1.10014 0.000995407
-1.03978 0.00257602
-1.05624 0.000318003
-1.05624 0.00117605
-1.03978 1.69351e-05
-0.957476 0.00158249
-0.919067 0.000679285
-0.880658 0.00489424
-0.924554 0.00230505
-0.984911 0.00180829
-0.962963 0.000995407
-1.00686 0.00230505
-0.930041 0.00569207
-0.924554 0.00655012
-0.941015 0.00655012
-0.919067 0.00795008
-0.990398 0.00611357
-1.00137 0.00528563
-0.979424 0.0031631
-0.962963 0.000543804
-0.935528 0.000543804
-0.995885 0.000829819
-1.03429 0.000318003
-1.04527 0.000543804
-0.96845 0.00117605
-0.990398 1.88168e-06
-1.02881 0.000829819
-0.957476 0.000318003
-0.957476 0.000423377
-0.957476 0.000318003
-0.924554 4.70419e-05
-0.979424 0.000152416
-0.957476 0.000227683
-0.941015 0.000227683
-0.930041 0.000829819
-1.02332 0.000543804
-1.03978 0.000543804
-1.08368 0.00180829
-1.07819 0.00137174
-1.00686 0.00230505
-1.03429 0.000995407
-1.05075 0.000152416
-1.0727 0.000423377
-1.05075 9.22021e-05
-1.02881 0.000423377
-1.08916 1.88168e-06
-1.08368 1.88168e-06
-1.05075 0.000423377
-1.12757 1.69351e-05
-1.1166 0.000829819
-1.1166 4.70419e-05
-1.12757 1.88168e-06
-1.13855 1.88168e-06
-1.03429 0.00204915
-1.11111 0.000829819
-1.10562 0.000152416
-1.1166 1.69351e-05
-1.06722 1.88168e-06
-1.10014 1.69351e-05
-1.10562 0.000318003
-1.10562 1.69351e-05
-1.08368 0.000152416
-1.16049 9.22021e-05
-1.18244 0.000227683
-1.16049 1.88168e-06
-1.18244 0.000152416
-1.16049 0.000829819
-1.16049 0.000152416
-1.13306 0.00137174
-1.12757 0.000152416
-1.1989 0.00117605
-1.16598 0.000543804
-1.14403 0.000318003
-1.15501 0.000829819
-1.08916 0.00204915
-1.04527 0.00204915
-1.05075 0.00180829
-1.08368 0.00415662
-1.05624 0.00347922
-1.01783 0.00415662
-1.04527 0.00895866
-1.04527 0.0111565
-1.03978 0.00844685
-1.02881 0.00700172
-1.11111 0.00700172
-1.1166 0.00528563
-1.0727 0.00655012
-1.16598 0.00528563
-1.1166 0.00655012
-1.11111 0.00451791
-1.06173 0.00347922
-1.06722 0.00230505
-1.12209 0.00381039
-1.15501 0.00204915
-1.11111 0.000423377
-1.07819 0.00528563
-1.10562 0.00230505
-1.11111 0.00415662
-1.12209 0.0031631
-1.01235 0.000679285
-1.08916 0.000543804
-1.06173 0.00489424
-1.06722 0.00257602
-1.06722 0.0031631
-1.07819 0.00347922
-0.995885 0.00230505
-0.995885 0.00451791
-0.946502 0.00286203
-0.973937 0.00655012
-1.00686 0.00528563
-1.01235 0.00489424
-0.973937 0.00746837
-1.00137 0.00844685
-1.03978 0.00948553
-1.03429 0.0100275
-1.06173 0.0123457
-1.05075 0.00948553
-1.0727 0.0207455
-1.03978 0.0257583
-1.06173 0.031313
-1.12757 0.0177047
-1.09465 0.0129629
-1.12209 0.0177047
-1.06722 0.0105844
-1.06722 0.0207455
-1.08916 0.0248852
-1.13306 0.031313
-1.13306 0.0184423
-1.09465 0.0135951
-1.10014 0.0149048
-1.09465 0.0100275
-1.11111 0.0129629
-1.14403 0.0117435
-1.04527 0.00611357
-1.05075 0.0111565
-1.12209 0.00895866
-1.06722 0.0257583
-1.12209 0.019195
-1.00137 0.0129629
-1.11111 0.00569207
-1.04527 0.0100275
-1.05075 0.00700172
-1.01235 0.00569207
-1.02332 0.0117435
-0.979424 0.00700172
-1.03429 0.00700172
-1.05075 0.0117435
-1.01783 0.00611357
-1.08368 0.00948553
-1.02332 0.0105844
-1.06722 0.00895866
-1.04527 0.0105844
-1.09465 0.0100275
-1.09465 0.0123457
-1.06173 0.0149048
-1.02332 0.00948553
-1.04527 0.00700172
-1.10014 0.00895866
-0.990398 0.00415662
-1.02332 0.0123457
-1.06722 0.00844685
-1.04527 0.0142424
-1.03978 0.0162746
-1.12209 0.0155822
-1.06173 0.0111565
-1.08916 0.0105844
-1.1166 0.0142424
-1.10562 0.0149048
-1.11111 0.0111565
-1.08368 0.0177047
-1.02881 0.0240271
-0.979424 0.0294012
-0.957476 0.0117435
-1.05624 0.00795008
-1.04527 0.0111565
-1.07819 0.0100275
-1.04527 0.00746837
-1.03978 0.0100275
-1.11111 0.00844685
-1.07819 0.0117435
-1.05624 0.00948553
-1.01783 0.0111565
-0.995885 0.00948553
-1.04527 0.00895866
-1.00686 0.00528563
-0.957476 0.00415662
-0.984911 0.00528563
-0.990398 0.0031631
-0.973937 0.00415662
-1.00686 0.0149048
-0.924554 0.0111565
-0.96845 0.0123457
-1.01235 0.0149048
-0.979424 0.0105844
-0.957476 0.0105844
-0.951989 0.00655012
-0.990398 0.00655012
-0.995885 0.0100275
-0.990398 0.0100275
-0.962963 0.0142424
-0.941015 0.0155822
-0.935528 0.0105844
-0.979424 0.00489424
-0.995885 0.00569207
-0.957476 0.00844685
-0.973937 0.0162746
-0.957476 0.00569207
-1.01783 0.0135951
-0.979424 0.0162746
-0.979424 0.0257583
-1.08916 0.0248852
-1.01783 0.0162746
-1.02881 0.0207455
-0.984911 0.0123457
-0.946502 0.0169821
-0.957476 0.0149048
-0.946502 0.00948553
-0.979424 0.00700172
-0.924554 0.00948553
-0.962963 0.00746837
-0.951989 0.00895866
-0.924554 0.0149048
-0.935528 0.00611357
-0.935528 0.00948553
-1.00137 0.0142424
-0.973937 0.0135951
-1.01783 0.0142424
-0.984911 0.0199627
-0.984911 0.0215433
-1.06722 0.0142424
-1.00686 0.0100275
-1.08916 0.0142424
-1.06173 0.0135951
-1.03978 0.0215433
-1.10014 0.0353172
-1.12757 0.0384784
-1.0727 0.033285
-1.06173 0.0374096
-1.05075 0.0322914
-1.06173 0.0322914
-1.06173 0.0353172
-1.02881 0.0395622
-1.01235 0.0550221
-1.06722 0.0563167
-1.06722 0.058951
-1.02332 0.0537426
-0.962963 0.0537426
-1.02332 0.0537426
-1.01783 0.0475707
-1.06722 0.0487749
-0.979424 0.0550221
-1.05624 0.0342936
-0.973937 0.0322914
-0.96845 0.0303496
-0.96845 0.0322914
-1.01235 0.0440482
-0.962963 0.0322914
-0.951989 0.0363559
-0.935528 0.0322914
-0.990398 0.0374096
-0.96845 0.0353172
-0.957476 0.019195
-0.973937 0.0275496
-0.984911 0.0169821
-0.919067 0.0207455
-0.957476 0.0149048
-0.973937 0.0155822
-0.941015 0.0162746
-0.897119 0.0155822
-0.973937 0.0149048
-0.957476 0.0111565
-0.984911 0.0162746
-0.984911 0.0177047
-1.07819 0.0184423
-1.01783 0.019195
-0.957476 0.0169821
-0.935528 0.019195
-0.91358 0.0105844
-0.935528 0.0142424
-0.91358 0.0117435
-1.03429 0.00895866
-1.01235 0.0129629
-1.09465 0.0135951
-1.08368 0.0111565
-1.00137 0.0162746
-0.96845 0.0223562
-1.00137 0.00700172
-0.891632 0.0123457
-0.869684 0.0105844
-0.96845 0.00746837
-0.951989 0.0135951
-0.979424 0.0162746
-1.05075 0.0142424
-1.02332 0.0169821
-1.05075 0.0223562
-1.02332 0.0142424
-1.00686 0.0135951
-0.990398 0.0162746
-0.962963 0.0177047
-1.01235 0.0199627
-1.04527 0.0207455
-1.02332 0.0111565
-1.01235 0.00415662
-1.06173 0.0155822
-1.0727 0.0123457
-1.01783 0.0100275
-1.05624 0.0100275
-1.03978 0.0199627
-1.02332 0.00895866
-0.96845 0.00948553
-0.990398 0.0123457
-1.01235 0.00655012
-0.995885 0.00569207
-0.984911 0.00528563
-0.984911 0.00569207
-0.973937 0.00844685
-0.979424 0.00746837
-1.01235 0.0100275
-0.995885 0.00895866
-0.941015 0.0100275
-0.908093 0.0111565
-1.00137 0.0129629
-0.919067 0.00528563
-0.908093 0.00180829
-0.919067 0.0031631
-0.96845 0.0117435
-0.930041 0.0149048
-0.902606 0.019195
-0.908093 0.0155822
-0.891632 0.0169821
-0.875171 0.00895866
-0.935528 0.00795008
-0.875171 0.00528563
-0.908093 0.00117605
-0.924554 0.00137174
-0.930041 0.00204915
-0.984911 0.00381039
-0.995885 0.00347922
-1.00137 0.000679285
-1.06173 0.000227683
-1.05624 0.000543804
-1.06173 0.000152416
-1.00137 4.70419e-05
-0.984911 9.22021e-05
-0.979424 0.000227683
-1.02332 9.22021e-05
-0.930041 0.000679285
-0.962963 9.22021e-05
-0.979424 0.00137174
-0.984911 4.70419e-05
-0.973937 0.000227683
-0.957476 1.88168e-06
-0.957476 0.000423377
-0.979424 0.000543804
-0.995885 1.69351e-05
-0.979424 0.000543804
-1.01783 0.00180829
-0.995885 0.000543804
-1.00137 0.00117605
-1.05075 0.00347922
-0.908093 0.00569207
-0.973937 0.00347922
-0.941015 0.00528563
-1.02881 0.00948553
-1.05075 0.00844685
-1.06722 0.00844685
-1.00686 0.00795008
-0.984911 0.00655012
-0.984911 0.00948553
-0.995885 0.00655012
-1.00137 0.00489424
-0.946502 0.00347922
-0.941015 0.00137174
-0.930041 0.00137174
-0.902606 0.00180829
-0.864198 0.00158249
-0.930041 0.000829819
-0.984911 0.000318003
-0.91358 0.000152416
-0.951989 0.00180829
-1.06173 0.00204915
-1.02881 0.000679285
-1.06173 4.70419e-05
-1.04527 1.88168e-06
-1.05624 0.000543804
-1.03429 4.70419e-05
-1.04527 0.000152416
-1.05075 1.88168e-06
-1.02332 1.88168e-06
-0.995885 1.88168e-06
-1.02332 1.88168e-06
-1.06722 0.00230505
-1.06173 9.22021e-05
-1.12757 0.00180829
-1.08916 1.69351e-05
-1.08916 0.000318003
-1.04527 0.000423377
-1.04527 0.000227683
-1.05075 0.000318003
-1.03978 0.000423377
-1.07819 0.000423377
-1.06173 0.000829819
-1.14952 0.000152416
-1.05075 0.000995407
-1.02332 1.88168e-06
-1.03978 1.88168e-06
-0.990398 0.000995407
-1.01783 1.69351e-05
-1.02881 4.70419e-05
-1.09465 1.69351e-05
-1.09465 4.70419e-05
-1.06173 0.000995407
-1.03429 0.00230505
-1.12757 0.00230505
-1.04527 0.00257602
-1.12209 0.00347922
-1.07819 0.00700172
-1.10562 0.000829819
-1.13855 0.000679285
-1.13306 0.00204915
-1.12209 0.00137174
-1.11111 0.0031631
-1.01235 0.00347922
-1.10014 0.00381039
-1.05624 0.00795008
-1.08368 0.00489424
-1.0727 0.00257602
-1.01783 0.000423377
-1.12757 0.00204915
-1.18244 0.00180829
-1.12757 0.00158249
-1.07819 0.00286203
-1.0727 0.00895866
-1.00686 0.00528563
-1.01235 0.00948553
-0.990398 0.00795008
-1.00137 0.00795008
-0.973937 0.00655012
-0.930041 0.00528563
-0.891632 0.0100275
-0.935528 0.00655012
-0.919067 0.0111565
-0.951989 0.0100275
-0.96845 0.00844685
-1.00137 0.0177047
-0.96845 0.0231841
-1.00137 0.0199627
-0.962963 0.0231841
-1.01783 0.0303496
-1.12757 0.0363559
-1.02881 0.0353172
-1.06722 0.0353172
-1.09465 0.0248852
-1.09465 0.0294012
-1.02881 0.031313
-1.03429 0.0353172
-0.990398 0.0303496
-1.03429 0.0266464
-1.02332 0.0440482
-1.02881 0.0512286
-1.06173 0.0406611
-1.11111 0.0417751
-1.09465 0.0537426
-1.04527 0.0616456
-1.0727 0.0537426
-1.08368 0.0512286
-1.0727 0.0417751
-1.1166 0.0475707
-1.06722 0.0429041
-1.04527 0.0487749
-1.04527 0.0463814
-1.01783 0.0342936
-1.05075 0.0406611
-1.05624 0.0275496
-1.09465 0.0231841
-0.995885 0.0303496
-0.973937 0.0207455
-0.984911 0.0294012
-1.00686 0.0248852
-1.04527 0.0248852
-1.02332 0.0342936
-1.06722 0.0240271
-1.07819 0.0363559
-1.08916 0.0215433
-1.02332 0.0149048
-1.08916 0.0162746
-1.1166 0.0199627
-1.06722 0.0169821
-1.11111 0.0215433
-1.0727 0.0169821
-1.03978 0.0169821
-1.03978 0.0169821
-1.0727 0.0177047
-0.946502 0.0142424
-1.00137 0.0266464
-0.951989 0.0184423
-0.908093 0.0177047
-0.935528 0.0199627
-0.990398 0.0231841
-0.962963 0.0184423
-1.0727 0.033285
-0.990398 0.0294012
-1.04527 0.0353172
-0.902606 0.0284679
-0.930041 0.0223562
-0.941015 0.0199627
-0.875171 0.0248852
-0.946502 0.0223562
-0.962963 0.0303496
-0.930041 0.031313
-0.930041 0.0155822
-1.00686 0.0215433
-1.03429 0.0240271
-1.01235 0.0199627
-1.01235 0.0257583
-1.02332 0.0149048
-1.05624 0.0149048
-0.984911 0.00948553
-1.06173 0.0240271
-1.04527 0.0142424
-1.0727 0.0169821
-1.08916 0.0155822
-1.02881 0.019195
-1.10014 0.0223562
-1.10562 0.0266464
-1.06722 0.0363559
-1.10562 0.0395622
-1.13855 0.0463814
-1.05075 0.019195
-1.00686 0.0303496
-1.03978 0.0294012
-0.984911 0.0248852
-0.995885 0.0266464
-1.06173 0.0353172
-1.02332 0.0353172
-1.04527 0.0322914
-1.0727 0.0512286
-1.08368 0.0440482
-1.03429 0.0499943
-1.06722 0.0429041
-1.04527 0.0512286
-1.08368 0.0550221
-1.07819 0.0524781
-1.16049 0.0524781
-1.14952 0.0602908
-1.09465 0.0512286
-1.07819 0.0406611
-1.06173 0.0475707
-1.17147 0.0499943
-1.1989 0.0658003
-1.14403 0.0760216
-1.12757 0.0602908
-1.06722 0.0630155
-1.07819 0.0616456
-1.05075 0.073026
-1.09465 0.0576263
-1.05624 0.0440482
-1.01783 0.033285
-1.01235 0.033285
-1.1166 0.0463814
-1.13855 0.0463814
-1.11111 0.0550221
-1.04527 0.0440482
-1.06722 0.0463814
-1.0727 0.0475707
-1.12757 0.0475707
-1.05075 0.0499943
-1.16049 0.0322914
-1.06173 0.0406611
-1.15501 0.0406611
-1.1166 0.0353172
-1.07819 0.0576263
-1.03978 0.0440482
-0.995885 0.0374096
-0.990398 0.0275496
-1.09465 0.0440482
-1.11111 0.0475707
-1.0727 0.0440482
-1.03429 0.0440482
-1.05624 0.0475707
-0.995885 0.0406611
-0.973937 0.0537426
-0.995885 0.0537426
-1.02332 0.0499943
-1.05624 0.0452073
-1.06173 0.0395622
-1.05075 0.0440482
-0.990398 0.0550221
-1.07819 0.0658003
-0.995885 0.0630155
-1.04527 0.0550221
-1.02881 0.0576263
-1.03978 0.073026
-0.946502 0.0576263
-0.990398 0.0512286
-0.990398 0.0672154
-1.01783 0.0700906
-0.995885 0.0616456
-0.962963 0.0452073
-0.984911 0.0537426
-0.924554 0.0563167
-1.05075 0.0760216
-0.951989 0.0487749
-1.02332 0.0417751
-1.06173 0.0406611
-1.03429 0.0284679
-1.03429 0.0512286
-1.02332 0.0700906
-0.995885 0.0512286
-0.951989 0.0384784
-1.00686 0.0363559
-0.962963 0.0303496
-0.995885 0.0215433
-0.962963 0.0199627
-0.962963 0.0207455
-0.990398 0.0248852
-0.946502 0.0215433
-0.957476 0.0149048
-0.96845 0.0135951
-0.924554 0.019195
-0.919067 0.0162746
-1.01783 0.0199627
-0.979424 0.0231841
-0.924554 0.0199627
-0.924554 0.0223562
-0.941015 0.0169821
-0.91358 0.0123457
-0.902606 0.0199627
-0.935528 0.0155822
-0.880658 0.0111565
-0.951989 0.0105844
-0.847737 0.0100275
-0.864198 0.0123457
-0.946502 0.0231841
-0.930041 0.0275496
-0.902606 0.0353172
-0.930041 0.0303496
-0.886145 0.0363559
-0.919067 0.0395622
-0.973937 0.0322914
-1.03429 0.058951
-1.02881 0.0429041
-1.02332 0.0550221
-0.96845 0.0440482
-0.979424 0.0463814
-1.05075 0.0602908
-1.00137 0.0499943
-1.05624 0.0475707
-0.951989 0.0512286
-0.962963 0.0452073
-0.951989 0.0440482
-0.973937 0.0266464
-0.869684 0.0199627
-0.984911 0.0240271
-1.06722 0.0207455
-1.01235 0.0342936
-0.979424 0.0384784
-0.924554 0.0266464
-1.02881 0.0463814
-0.973937 0.0240271
-0.957476 0.0240271
-0.973937 0.0207455
-0.995885 0.0199627
-1.06173 0.019195
-1.06722 0.0248852
-1.01235 0.0275496
-0.984911 0.031313
-1.00686 0.0524781
-0.995885 0.0452073
-1.04527 0.0452073
-1.05624 0.0417751
-1.0727 0.0395622
-1.00137 0.0248852
-1.03429 0.031313
-1.00686 0.0240271
-0.962963 0.0199627
-0.880658 0.0142424
-0.946502 0.0177047
-0.941015 0.0184423
-0.941015 0.0149048
-0.990398 0.0215433
-1.03978 0.0363559
-0.995885 0.0303496
-1.03978 0.0248852
-0.908093 0.0215433
-0.930041 0.0223562
-0.902606 0.033285
-0.897119 0.0266464
-0.957476 0.0342936
-0.935528 0.0395622
-0.979424 0.033285
-0.973937 0.0363559
-0.96845 0.0231841
-0.995885 0.0284679
-1.04527 0.0463814
-1.02881 0.0231841
-0.924554 0.0294012
-0.957476 0.0215433
-0.935528 0.0374096
-0.941015 0.0215433
-0.858711 0.0105844
-0.891632 0.0223562
-1.00137 0.0155822
-1.00137 0.0199627
-1.00137 0.0199627
-1.04527 0.0177047
-1.02881 0.0199627
-0.984911 0.019195
-1.02332 0.0155822
-1.06722 0.0266464
-1.02332 0.0275496
-1.06722 0.0266464
-1.01783 0.0223562
-0.96845 0.0303496
-0.984911 0.0374096
-1.02332 0.0417751
-1.01783 0.0395622
-1.05075 0.0395622
-1.09465 0.0395622
-1.09465 0.0353172
-1.05075 0.0248852
-1.01783 0.0257583
-1.03429 0.0223562
-1.00137 0.0223562
-1.02332 0.0184423
-1.02332 0.0248852
-1.05075 0.0231841
-1.10562 0.0207455
-1.12757 0.0207455
-1.02881 0.0248852
-1.06173 0.0266464
-1.09465 0.0294012
-1.09465 0.0429041
-1.12209 0.0395622
-1.05624 0.0406611
-1.08916 0.0266464
-1.16049 0.0284679
-1.15501 0.0374096
-1.0727 0.0266464
-1.06722 0.0223562
-1.18244 0.033285
-1.14952 0.0374096
-1.05075 0.0322914
-1.07819 0.0353172
-1.12209 0.0440482
-1.13306 0.0429041
-1.06722 0.0322914
-1.07819 0.0294012
-1.04527 0.0406611
-1.02881 0.0384784
-1.03978 0.0240271
-1.03429 0.0248852
-1.10562 0.0374096
-0.957476 0.0177047
-0.979424 0.0199627
-1.02332 0.0231841
-0.984911 0.019195
-0.96845 0.0215433
-0.935528 0.0223562
-0.864198 0.00844685
-0.91358 0.0117435
-0.935528 0.00795008
-0.946502 0.0117435
-0.919067 0.0111565
-0.935528 0.0162746
-0.962963 0.0135951
-0.957476 0.0155822
-0.924554 0.0162746
-0.951989 0.0105844
-0.951989 0.0123457
-0.930041 0.0111565
-0.919067 0.0135951
-1.01235 0.0184423
-1.0727 0.0231841
-1.02332 0.0240271
-1.06173 0.0284679
-1.05075 0.0284679
-1.10014 0.0215433
-1.09465 0.0215433
-1.03429 0.0184423
-1.0727 0.019195
-1.03429 0.0207455
-1.08368 0.0135951
-1.12757 0.00844685
-1.05075 0.00655012
-1.04527 0.00528563
-1.08368 0.00381039
-1.03429 0.0100275
-1.0727 0.00700172
-1.08368 0.0100275
-1.06722 0.0135951
-1.03429 0.00700172
-1.05075 0.00795008
-1.05075 0.00655012
-1.02881 0.00381039
-1.01783 0.00611357
-0.962963 0.00257602
-1.00137 0.0031631
-0.96845 0.0135951
-1.03978 0.0169821
-1.03978 0.0223562
-1.06722 0.0231841
-1.08916 0.0199627
-1.07819 0.0257583
-1.06722 0.0142424
-1.02881 0.0215433
-1.03429 0.0155822
-1.05075 0.0123457
-1.06722 0.0117435
-1.0727 0.0207455
-1.09465 0.0231841
-1.02332 0.0207455
-1.02881 0.0240271
-1.02881 0.0129629
-1.00686 0.0199627
-1.01783 0.0248852
-1.08916 0.0155822
-0.995885 0.0129629
-1.03978 0.00489424
-1.05075 0.00700172
-1.10014 0.00700172
-1.03978 0.00257602
-1.02332 0.00611357
-1.03978 0.0129629
-1.02332 0.0111565
-0.973937 0.00415662
-0.979424 0.00746837
-0.995885 0.00844685
-0.930041 0.0177047
-0.935528 0.00611357
-1.04527 0.00381039
-0.957476 0.000543804
-0.990398 9.22021e-05
-0.96845 0.000318003
-1.00137 0.00117605
-1.04527 0.00257602
-0.995885 0.000679285
-0.984911 0.000679285
-1.02332 0.00230505
-0.96845 0.00286203
-1.01783 0.00347922
-0.995885 0.000227683
-1.02881 0.00204915
-0.973937 0.0031631
-0.957476 0.00286203
-0.886145 0.00489424
-0.902606 0.00257602
-0.924554 0.000152416
-0.930041 0.000152416
-0.941015 0.000227683
-0.919067 0.000995407
-0.995885 0.000679285
-0.941015 0.000152416
-0.951989 0.000995407
-0.984911 0.00489424
-0.919067 0.00381039
-0.957476 0.00204915
-1.07819 0.00117605
-1.00137 0.00117605
-0.930041 0.00204915
-0.990398 0.00204915
-0.951989 0.00137174
-0.962963 0.00180829
-1.03978 0.00489424
-1.00137 0.00844685
-1.00686 0.00746837
-1.01783 0.00655012
-1.03429 0.00569207
-1.05624 0.00257602
-1.01235 0.000543804
-1.05624 0.00451791
-1.0727 0.000318003
-0.973937 9.22021e-05
-1.06722 9.22021e-05
-1.10014 0.000679285
-1.08368 4.70419e-05
-1.09465 0.00257602
-1.04527 0.00415662
-1.00137 0.00381039
-1.02881 0.00611357
-1.04527 0.00204915
-1.00137 0.0031631
-1.00686 0.00286203
-1.02881 0.00137174
-0.979424 0.00489424
-1.02881 0.00700172
-1.00137 0.00948553
-1.01783 0.00569207
-1.00137 0.00611357
-1.00137 0.00528563
-1.0727 0.00180829
-1.02881 0.00137174
-1.0727 0.00204915
-1.10014 0.00137174
-1.13855 0.00528563
-1.16598 0.00347922
-1.03978 0.00257602
-1.05075 0.00347922
-1.03429 0.000829819
-1.02881 0.00451791
-1.07819 0.00158249
-0.962963 0.00257602
-1.03978 0.000829819
-1.05624 0.00286203
-1.09465 0.00230505
-1.06173 0.00137174
-1.09465 0.000227683
-1.10562 9.22021e-05
-1.01783 4.70419e-05
-0.984911 0.00158249
-1.04527 0.00347922
-1.04527 0.000829819
-1.13855 0.000995407
-1.10014 0.000227683
-1.05624 0.000152416
-1.03429 1.69351e-05
-1.03978 9.22021e-05
-0.990398 1.69351e-05
-0.96845 0.000152416
-0.984911 9.22021e-05
-0.990398 4.70419e-05
-0.984911 0.000227683
-0.946502 0.00655012
-1.00686 0.00611357
-0.96845 0.00257602
-0.979424 0.00451791
-0.935528 0.00569207
-0.891632 0.00204915
-0.875171 0.00286203
-0.880658 0.00158249
-0.875171 0.00158249
-0.886145 0.00158249
-0.957476 0.000829819
-0.908093 0.00117605
-0.919067 0.00117605
-0.897119 0.000995407
-1.00137 0.00117605
-1.00686 4.70419e-05
-0.951989 0.000152416
-1.00137 0.000227683
-0.995885 0.000152416
-0.930041 0.00158249
-0.869684 0.00230505
-0.891632 0.00204915
-0.951989 0.00347922
-0.919067 0.00415662
-0.919067 0.00700172
-0.919067 0.00528563
-0.962963 0.00180829
-0.91358 0.00257602
-0.869684 1.69351e-05
-0.858711 0.000423377
-0.902606 0.00257602
-0.891632 0.000679285
-0.919067 0.00230505
-0.96845 0.000995407
-1.06173 0.000829819
-0.962963 4.70419e-05
-0.902606 1.88168e-06
-0.984911 0.000227683
-0.962963 0.00117605
-0.962963 0.000679285
-0.962963 0.00381039
-0.973937 0.00415662
-0.995885 0.00948553
-0.957476 0.00381039
-0.979424 0.00795008
-1.00686 0.00895866
-0.96845 0.0123457
-0.957476 0.00895866
-0.946502 0.00611357
-1.04527 0.00611357
-1.10014 0.00451791
-1.03429 0.000829819
-0.962963 0.00137174
-0.990398 0.000995407
-0.957476 0.000829819
-1.04527 0.000318003
-0.91358 0.00347922
-0.951989 0.00286203
-1.04527 0.00230505
-0.995885 0.00137174
-1.02332 0.000543804
-1.03978 0.000318003
-1.07819 0.000995407
-1.11111 9.22021e-05
-1.1166 4.70419e-05
-1.06173 0.000318003
-1.08916 0.000152416
-1.18244 0.00117605
-1.16049 1.88168e-06
-1.07819 0.000423377
-1.04527 0.000679285
-1.14952 0.00137174
-1.16598 0.00347922
-1.14403 0.00347922
-1.06722 0.00204915
-1.07819 0.000995407
-1.0727 0.000995407
-1.01235 0.00117605
-1.0727 0.00257602
-1.01783 0.00489424
-1.01783 0.00611357
-1.00137 0.00569207
-1.02881 0.00489424
-0.995885 0.00158249
-0.995885 0.00415662
-0.946502 0.00230505
-0.935528 0.00286203
-1.03978 0.000829819
-0.957476 0.00117605
-0.990398 1.88168e-06
-1.10014 0.00230505
-1.10562 0.00257602
-1.06173 0.000227683
-1.06173 0.000995407
-1.06722 1.88168e-06
-1.09465 0.00158249
-1.02332 0.000543804
-0.995885 0.000679285
-1.04527 0.00117605
-0.995885 0.000543804
-0.96845 0.000543804
-0.924554 0.000318003
-0.919067 0.00381039
-0.941015 0.00451791
-0.951989 0.00528563
-0.995885 0.00415662
-0.984911 0.00844685
-1.00137 0.00655012
-0.979424 0.00489424
-0.951989 0.0155822
-0.962963 0.0123457
-0.962963 0.00700172
-0.902606 0.0111565
-0.946502 0.00795008
-0.96845 0.00700172
-0.924554 0.00415662
-0.990398 0.00655012
-0.941015 0.00569207
-0.941015 0.0149048
-0.847737 0.00948553
-0.869684 0.0129629
-0.930041 0.0111565
-0.962963 0.00948553
-0.869684 0.00895866
-0.935528 0.0215433
-0.962963 0.0223562
-0.957476 0.0231841
-0.973937 0.019195
-0.930041 0.0117435
-1.02881 0.0142424
-0.946502 0.0199627
-0.880658 0.0169821
-0.891632 0.0129629
-0.984911 0.0177047
-1.01783 0.0177047
-0.973937 0.0284679
-1.00137 0.0223562
-1.00686 0.0257583
-0.973937 0.0207455
-1.02881 0.0303496
-0.984911 0.0215433
-0.990398 0.0240271
-1.00137 0.0223562
-1.03429 0.0215433
-1.01783 0.0155822
-1.01235 0.0284679
-1.02881 0.0240271
-1.10562 0.0184423
-0.990398 0.0248852
-1.05075 0.0240271
-1.05624 0.0248852
-1.11111 0.0294012
-1.1166 0.0303496
-1.04527 0.0353172
