-2 1
-2 1
-1.97805 0.989056
-1.9561 0.978173
-1.89575 0.945883
-1.92318 0.96196
-1.87929 0.940554
-1.89026 0.940554
-1.91221 0.956586
-1.84088 0.919389
-1.79698 0.893271
-1.84088 0.914135
-1.75857 0.872648
-1.72565 0.857339
-1.77503 0.877781
-1.76406 0.88293
-1.74211 0.862427
-1.7915 0.888093
-1.67627 0.817176
-1.70919 0.827127
-1.63237 0.782824
-1.61043 0.782824
-1.59945 0.763526
-1.52263 0.744468
-1.61043 0.763526
-1.61591 0.768328
-1.53909 0.720985
-1.5775 0.753967
-1.59396 0.74921
-1.63786 0.773145
-1.64335 0.782824
-1.61591 0.768328
-1.60494 0.768328
-1.57202 0.739742
-1.67078 0.802364
-1.6214 0.792564
-1.68724 0.812224
-1.69273 0.812224
-1.63237 0.797456
-1.65981 0.802364
-1.64335 0.782824
-1.61591 0.773145
-1.65432 0.782824
-1.59945 0.74921
-1.65432 0.739742
-1.51166 0.670646
-1.51715 0.675147
-1.53909 0.679663
-1.58299 0.684194
-1.59396 0.707076
-1.58299 0.711697
-1.53361 0.66169
-1.55556 0.675147
-1.50617 0.670646
-1.47874 0.66616
-1.4952 0.670646
-1.50069 0.66169
-1.51715 0.675147
-1.48971 0.66169
-1.53361 0.679663
-1.58299 0.697878
-1.55556 0.684194
-1.62689 0.758739
-1.5775 0.73503
-1.59945 0.74921
-1.58848 0.758739
-1.53909 0.720985
-1.5775 0.744468
-1.59396 0.73503
-1.59945 0.768328
-1.64335 0.782824
-1.61591 0.768328
-1.63786 0.753967
-1.61043 0.74921
-1.56653 0.730333
-1.62689 0.768328
-1.61043 0.74921
-1.56104 0.720985
-1.53909 0.711697
-1.56653 0.73503
-1.58848 0.725652
-1.52812 0.702469
-1.53909 0.707076
-1.53361 0.679663
-1.44033 0.639561
-1.39643 0.648367
-1.42936 0.648367
-1.47325 0.670646
-1.46776 0.670646
-1.44033 0.626465
-1.42387 0.630815
-1.4952 0.670646
-1.51715 0.66616
-1.44582 0.630815
-1.47874 0.639561
-1.39095 0.587988
-1.39095 0.604938
-1.39643 0.587988
-1.39643 0.596433
-1.45679 0.652793
-1.4513 0.639561
-1.51166 0.66616
-1.46228 0.635181
-1.4513 0.635181
-1.46228 0.600678
-1.41838 0.575434
-1.42387 0.55481
-1.4952 0.604938
-1.55007 0.652793
-1.46776 0.639561
-1.44582 0.617809
-1.48422 0.604938
-1.52263 0.609213
-1.47874 0.609213
-1.44582 0.567139
-1.50617 0.596433
-1.41289 0.571279
-1.44033 0.575434
-1.45679 0.609213
-1.45679 0.563015
-1.44033 0.55481
-1.44582 0.567139
-1.46228 0.575434
-1.39643 0.546667
-1.41838 0.563015
-1.46228 0.592203
-1.50069 0.639561
-1.41838 0.571279
-1.53361 0.643957
-1.48971 0.613504
-1.53909 0.617809
-1.51166 0.604938
-1.58848 0.657234
-1.56104 0.652793
-1.56104 0.635181
-1.51166 0.635181
-1.47874 0.579603
-1.48971 0.567139
-1.44582 0.567139
-1.44033 0.55481
-1.47874 0.583788
-1.43484 0.571279
-1.38546 0.530559
-1.40741 0.534564
-1.36351 0.50685
-1.33608 0.495199
-1.41289 0.514693
-1.38546 0.491345
-1.37449 0.491345
-1.39095 0.542617
-1.38546 0.514693
-1.35802 0.534564
-1.46776 0.622129
-1.40741 0.558905
-1.47325 0.587988
-1.46776 0.587988
-1.42936 0.563015
-1.42387 0.538583
-1.39643 0.530559
-1.41838 0.558905
-1.3251 0.50685
-1.30864 0.479875
-1.37449 0.530559
-1.37449 0.50685
-1.40741 0.550731
-1.41289 0.542617
-1.33059 0.522596
-1.41838 0.567139
-1.369 0.52657
-1.38546 0.538583
-1.39643 0.534564
-1.42936 0.546667
-1.42387 0.530559
-1.4513 0.538583
-1.42936 0.514693
-1.369 0.499068
-1.37997 0.491345
-1.37449 0.499068
-1.42936 0.495199
-1.33608 0.495199
-1.40741 0.518637
-1.39643 0.495199
-1.42387 0.491345
-1.39095 0.499068
-1.35254 0.499068
-1.39643 0.50685
-1.46228 0.518637
-1.42387 0.530559
-1.36351 0.514693
-1.35254 0.510764
-1.42936 0.534564
-1.39095 0.518637
-1.35802 0.510764
-1.35802 0.502951
-1.30864 0.495199
-1.30316 0.502951
-1.30864 0.479875
-1.30864 0.461058
-1.27572 0.468539
-1.29767 0.479875
-1.22085 0.431734
-1.28121 0.442617
-1.24829 0.438974
-1.25377 0.453636
-1.28669 0.431734
-1.31962 0.428136
-1.35802 0.483683
-1.31413 0.453636
-1.30864 0.479875
-1.27023 0.468539
-1.2428 0.453636
-1.18244 0.428136
-1.1989 0.420986
-1.2428 0.442617
-1.2428 0.431734
-1.27023 0.446275
-1.31962 0.468539
-1.33608 0.472303
-1.33608 0.479875
-1.37449 0.502951
-1.34705 0.491345
-1.35802 0.491345
-1.33608 0.495199
-1.42387 0.546667
-1.3251 0.491345
-1.34705 0.487507
-1.33608 0.483683
-1.3251 0.479875
-1.27572 0.468539
-1.28121 0.468539
-1.28121 0.491345
-1.34705 0.518637
-1.22085 0.453636
-1.33059 0.514693
-1.36351 0.558905
-1.47325 0.583788
-1.40741 0.550731
-1.37449 0.546667
-1.45679 0.579603
-1.47874 0.609213
-1.42387 0.567139
-1.41838 0.583788
-1.39095 0.530559
-1.40192 0.567139
-1.369 0.550731
-1.36351 0.534564
-1.37449 0.530559
-1.42387 0.587988
-1.40192 0.542617
-1.37997 0.518637
-1.36351 0.499068
-1.37997 0.530559
-1.39643 0.514693
-1.37997 0.495199
-1.43484 0.546667
-1.42936 0.558905
-1.38546 0.550731
-1.37449 0.522596
-1.369 0.499068
-1.36351 0.476081
-1.38546 0.499068
-1.41289 0.479875
-1.43484 0.502951
-1.33608 0.499068
-1.40192 0.522596
-1.38546 0.530559
-1.44582 0.558905
-1.369 0.534564
-1.28669 0.50685
-1.38546 0.534564
-1.22085 0.453636
-1.369 0.534564
-1.40741 0.530559
-1.38546 0.50685
-1.40192 0.510764
-1.35802 0.495199
-1.41289 0.522596
-1.39095 0.499068
-1.36351 0.461058
-1.36351 0.461058
-1.36351 0.487507
-1.369 0.50685
-1.34705 0.499068
-1.34705 0.495199
-1.369 0.495199
-1.369 0.491345
-1.34705 0.487507
-1.28121 0.472303
-1.34705 0.491345
-1.369 0.518637
-1.40741 0.522596
-1.37997 0.50685
-1.41838 0.495199
-1.31413 0.461058
-1.40741 0.50685
-1.34705 0.476081
-1.35254 0.464791
-1.369 0.476081
-1.42936 0.491345
-1.369 0.45734
-1.34156 0.428136
-1.3251 0.399896
-1.33608 0.413895
-1.34705 0.403373
-1.31413 0.428136
-1.30864 0.424553
-1.24829 0.392986
-1.30316 0.442617
-1.34705 0.435347
-1.33059 0.449948
-1.369 0.45734
-1.34705 0.479875
-1.31413 0.435347
-1.29767 0.442617
-1.26475 0.420986
-1.29767 0.417433
-1.3251 0.461058
-1.3251 0.45734
-1.29767 0.442617
-1.35254 0.468539
-1.33059 0.461058
-1.39095 0.472303
-1.31413 0.446275
-1.29218 0.438974
-1.30316 0.468539
-1.26475 0.468539
-1.3251 0.461058
-1.27572 0.446275
-1.35254 0.45734
-1.35254 0.45734
-1.42387 0.530559
-1.41289 0.530559
-1.47325 0.550731
-1.47325 0.550731
-1.47874 0.542617
-1.42936 0.52657
-1.41289 0.530559
-1.40192 0.499068
-1.46228 0.514693
-1.36351 0.449948
-1.33608 0.468539
-1.44582 0.514693
-1.4513 0.514693
-1.40741 0.502951
-1.45679 0.52657
-1.43484 0.518637
-1.37449 0.530559
-1.42936 0.530559
-1.47325 0.592203
-1.41838 0.575434
-1.35254 0.522596
-1.37997 0.567139
-1.33059 0.538583
-1.31413 0.522596
-1.30864 0.487507
-1.3251 0.510764
-1.27572 0.468539
-1.30316 0.491345
-1.28121 0.495199
-1.23731 0.468539
-1.33059 0.483683
-1.26475 0.472303
-1.27023 0.442617
-1.24829 0.468539
-1.35254 0.491345
-1.33608 0.518637
-1.39095 0.546667
-1.35254 0.50685
-1.37449 0.546667
-1.39095 0.518637
-1.3251 0.491345
-1.39095 0.534564
-1.40741 0.538583
-1.39095 0.538583
-1.35802 0.50685
-1.44582 0.567139
-1.48422 0.600678
-1.4513 0.587988
-1.48422 0.596433
-1.51715 0.635181
-1.46228 0.613504
-1.46776 0.630815
-1.42387 0.592203
-1.4513 0.592203
-1.40192 0.558905
-1.44582 0.567139
-1.39095 0.534564
-1.37997 0.510764
-1.42936 0.571279
-1.35254 0.542617
-1.35254 0.50685
-1.35802 0.453636
-1.34705 0.464791
-1.30316 0.435347
-1.28121 0.442617
-1.35802 0.476081
-1.3251 0.468539
-1.31413 0.453636
-1.34156 0.491345
-1.3251 0.464791
-1.33608 0.468539
-1.29767 0.431734
-1.36351 0.479875
-1.369 0.502951
-1.33608 0.510764
-1.33059 0.510764
-1.35254 0.499068
-1.40192 0.52657
-1.42936 0.542617
-1.41289 0.530559
-1.40741 0.530559
-1.43484 0.563015
-1.48422 0.567139
-1.4513 0.55481
-1.34705 0.472303
-1.42387 0.510764
-1.37997 0.468539
-1.38546 0.50685
-1.40741 0.522596
-1.42387 0.499068
-1.31413 0.483683
-1.34156 0.483683
-1.37449 0.50685
-1.37449 0.50685
-1.39095 0.487507
-1.39095 0.487507
-1.40192 0.50685
-1.40192 0.491345
-1.3251 0.442617
-1.39643 0.495199
-1.40192 0.476081
-1.41838 0.491345
-1.43484 0.518637
-1.40192 0.502951
-1.40741 0.55481
-1.35254 0.52657
-1.44033 0.563015
-1.47874 0.550731
-1.38546 0.518637
-1.39643 0.487507
-1.40192 0.479875
-1.369 0.453636
-1.26475 0.431734
-1.35802 0.476081
-1.30864 0.45734
-1.33059 0.468539
-1.31962 0.45734
-1.34705 0.442617
-1.369 0.435347
-1.35254 0.435347
-1.34705 0.45734
-1.29218 0.428136
-1.2428 0.386137
-1.29218 0.375976
-1.31413 0.410373
-1.24829 0.372619
-1.25377 0.372619
-1.29767 0.362639
-1.29767 0.359342
-1.23731 0.352794
-1.22085 0.343084
-1.22085 0.343084
-1.28121 0.369277
-1.20439 0.352794
-1.25926 0.339878
-1.29218 0.35606
-1.25377 0.35606
-1.22634 0.305601
-1.26475 0.343084
-1.30864 0.375976
-1.27572 0.36595
-1.23731 0.352794
-1.24829 0.346306
-1.2428 0.352794
-1.20988 0.33351
-1.23182 0.369277
-1.22085 0.359342
-1.34705 0.410373
-1.27572 0.386137
-1.28669 0.403373
-1.33059 0.438974
-1.28669 0.386137
-1.33608 0.379348
-1.35254 0.382735
-1.34156 0.396433
-1.3251 0.406865
-1.35254 0.386137
-1.38546 0.386137
-1.369 0.396433
-1.34156 0.392986
-1.33059 0.386137
-1.29767 0.396433
-1.36351 0.424553
-1.29218 0.406865
-1.23731 0.372619
-1.34156 0.449948
-1.37449 0.431734
-1.33608 0.435347
-1.34156 0.45734
-1.34705 0.453636
-1.28121 0.446275
-1.26475 0.431734
-1.30316 0.442617
-1.25926 0.413895
-1.27023 0.396433
-1.27023 0.410373
-1.27572 0.396433
-1.29218 0.406865
-1.26475 0.399896
-1.3251 0.438974
-1.37449 0.438974
-1.3251 0.417433
-1.28669 0.428136
-1.27572 0.428136
-1.2428 0.420986
-1.29218 0.435347
-1.26475 0.420986
-1.26475 0.435347
-1.29218 0.449948
-1.3251 0.479875
-1.35802 0.472303
-1.20439 0.431734
-1.31962 0.476081
-1.28669 0.442617
-1.31413 0.468539
-1.26475 0.453636
-1.31413 0.499068
-1.31962 0.453636
-1.33608 0.476081
-1.31962 0.428136
-1.20988 0.403373
-1.16598 0.382735
-1.25926 0.417433
-1.22634 0.389554
-1.1989 0.406865
-1.26475 0.410373
-1.24829 0.410373
-1.23731 0.396433
-1.23182 0.403373
-1.24829 0.403373
-1.27023 0.392986
-1.28669 0.36595
-1.30316 0.396433
-1.30864 0.413895
-1.34156 0.410373
-1.34156 0.428136
-1.34156 0.431734
-1.37997 0.453636
-1.40192 0.428136
-1.37997 0.446275
-1.40192 0.417433
-1.40741 0.45734
-1.38546 0.406865
-1.41289 0.428136
-1.39095 0.420986
-1.38546 0.435347
-1.40192 0.410373
-1.51166 0.453636
-1.4513 0.449948
-1.47874 0.464791
-1.4513 0.442617
-1.369 0.417433
-1.3251 0.410373
-1.41289 0.442617
-1.41289 0.45734
-1.46776 0.442617
-1.47325 0.449948
-1.41289 0.392986
-1.37997 0.406865
-1.37997 0.396433
-1.31413 0.389554
-1.30864 0.386137
-1.3251 0.379348
-1.35254 0.389554
-1.37997 0.399896
-1.3251 0.389554
-1.31413 0.389554
-1.3251 0.403373
-1.44033 0.449948
-1.44582 0.424553
-1.46776 0.446275
-1.44582 0.472303
-1.39095 0.420986
-1.37449 0.417433
-1.43484 0.476081
-1.45679 0.428136
-1.37449 0.403373
-1.41838 0.403373
-1.41838 0.442617
-1.39095 0.417433
-1.40192 0.406865
-1.37449 0.417433
-1.35802 0.399896
-1.37997 0.428136
-1.34156 0.406865
-1.35254 0.386137
-1.33059 0.392986
-1.38546 0.386137
-1.38546 0.382735
-1.36351 0.369277
-1.33608 0.35606
-1.35802 0.343084
-1.369 0.362639
-1.38546 0.35606
-1.33608 0.336686
-1.30864 0.324072
-1.35254 0.336686
-1.33608 0.320956
-1.25926 0.314769
-1.18793 0.264611
-1.22085 0.308642
-1.21536 0.311698
-1.19342 0.311698
-1.25377 0.33351
-1.18793 0.296569
-1.21536 0.290623
-1.22634 0.311698
-1.20439 0.290623
-1.20439 0.270286
-1.13306 0.247947
-1.17695 0.278911
-1.13855 0.253441
-1.10562 0.216244
-1.2428 0.250686
-1.23731 0.256211
-1.23182 0.242512
-1.16049 0.258996
-1.18244 0.253441
-1.13306 0.253441
-1.1989 0.287673
-1.23731 0.267441
-1.25926 0.281817
-1.28121 0.293589
-1.29767 0.273146
-1.23182 0.276021
-1.22634 0.253441
-1.22634 0.276021
-1.27572 0.308642
-1.20439 0.264611
-1.23182 0.261796
-1.27023 0.290623
-1.25377 0.299565
-1.24829 0.273146
-1.31962 0.281817
-1.22085 0.253441
-1.22634 0.250686
-1.25377 0.258996
-1.27572 0.264611
-1.23731 0.293589
-1.27023 0.290623
-1.3251 0.305601
-1.23731 0.264611
-1.20988 0.264611
-1.23731 0.250686
-1.25926 0.284737
-1.23731 0.290623
-1.27023 0.258996
-1.26475 0.270286
-1.30316 0.267441
-1.28669 0.273146
-1.30864 0.302575
-1.18244 0.281817
-1.2428 0.284737
-1.23731 0.284737
-1.25377 0.308642
-1.25926 0.299565
-1.26475 0.270286
-1.23731 0.276021
-1.29767 0.305601
-1.22634 0.299565
-1.27023 0.35606
-1.22634 0.308642
-1.29218 0.324072
-1.33059 0.352794
-1.25926 0.320956
-1.29218 0.327203
-1.28121 0.324072
-1.31413 0.296569
-1.31962 0.320956
-1.27023 0.330349
-1.29218 0.299565
-1.30864 0.299565
-1.27023 0.264611
-1.27023 0.281817
-1.20439 0.287673
-1.23182 0.293589
-1.23731 0.281817
-1.28669 0.311698
-1.22634 0.305601
-1.29767 0.327203
-1.23731 0.270286
-1.26475 0.290623
-1.30316 0.293589
-1.28121 0.273146
-1.27572 0.281817
-1.27572 0.290623
-1.29218 0.302575
-1.3251 0.311698
-1.28669 0.302575
-1.31962 0.308642
-1.25377 0.308642
-1.23731 0.281817
-1.20439 0.273146
-1.27023 0.324072
-1.34156 0.349542
-1.28121 0.302575
-1.27572 0.281817
-1.20439 0.276021
-1.26475 0.324072
-1.22085 0.287673
-1.28121 0.324072
-1.31413 0.324072
-1.33608 0.36595
-1.29218 0.336686
-1.28121 0.339878
-1.24829 0.324072
-1.24829 0.327203
-1.31962 0.362639
-1.2428 0.327203
-1.33059 0.362639
-1.34705 0.392986
-1.31413 0.339878
-1.29218 0.339878
-1.33059 0.336686
-1.22085 0.327203
-1.34705 0.379348
-1.31413 0.379348
-1.28669 0.349542
-1.27572 0.362639
-1.31413 0.375976
-1.35802 0.424553
-1.38546 0.410373
-1.48971 0.45734
-1.47874 0.424553
-1.40192 0.435347
-1.40741 0.442617
-1.42387 0.453636
-1.41289 0.431734
-1.48971 0.468539
-1.46228 0.461058
-1.40192 0.424553
-1.31413 0.399896
-1.29767 0.379348
-1.28669 0.375976
-1.34705 0.392986
-1.35802 0.406865
-1.41838 0.438974
-1.369 0.431734
-1.34156 0.428136
-1.43484 0.410373
-1.40741 0.406865
-1.33608 0.386137
-1.41838 0.410373
-1.35802 0.399896
-1.35802 0.413895
-1.30316 0.399896
-1.27023 0.36595
-1.39095 0.420986
-1.41838 0.417433
-1.42387 0.413895
-1.42387 0.431734
-1.42387 0.464791
-1.39643 0.453636
-1.369 0.446275
-1.40741 0.442617
-1.40192 0.446275
-1.41838 0.413895
-1.34156 0.396433
-1.40741 0.420986
-1.37449 0.420986
-1.33059 0.362639
-1.34705 0.35606
-1.27023 0.352794
-1.34705 0.392986
-1.34705 0.392986
-1.34156 0.375976
-1.30316 0.379348
-1.30316 0.392986
-1.37997 0.403373
-1.34705 0.396433
-1.34156 0.386137
-1.30316 0.372619
-1.34705 0.386137
-1.34705 0.396433
-1.33059 0.382735
-1.40192 0.382735
-1.39095 0.375976
-1.4513 0.399896
-1.37449 0.396433
-1.36351 0.359342
-1.37997 0.372619
-1.33059 0.36595
-1.35802 0.389554
-1.25926 0.352794
-1.30316 0.359342
-1.28121 0.336686
-1.38546 0.339878
-1.33059 0.362639
-1.25926 0.290623
-1.26475 0.320956
-1.27023 0.324072
-1.23182 0.343084
-1.28121 0.346306
-1.27572 0.33351
-1.25377 0.305601
-1.33059 0.33351
-1.33608 0.336686
-1.27572 0.317855
-1.25377 0.296569
-1.26475 0.320956
-1.31962 0.33351
-1.28121 0.314769
-1.35802 0.339878
-1.33608 0.35606
-1.34705 0.346306
-1.37997 0.349542
-1.35802 0.324072
-1.29767 0.320956
-1.3251 0.311698
-1.31962 0.299565
-1.3251 0.320956
-1.39095 0.311698
-1.30316 0.296569
-1.30864 0.33351
-1.33608 0.317855
-1.37997 0.36595
-1.34156 0.349542
-1.39643 0.379348
-1.37997 0.372619
-1.4513 0.369277
-1.41289 0.396433
-1.40741 0.352794
-1.36351 0.349542
-1.41289 0.389554
-1.41289 0.379348
-1.29218 0.339878
-1.35802 0.372619
-1.29767 0.362639
-1.34705 0.375976
-1.40192 0.396433
-1.42936 0.428136
-1.3251 0.379348
-1.369 0.386137
-1.34705 0.396433
-1.34705 0.382735
-1.29218 0.372619
-1.30316 0.362639
-1.33059 0.386137
-1.3251 0.375976
-1.28669 0.36595
-1.31413 0.35606
-1.31413 0.352794
-1.3251 0.379348
-1.3251 0.392986
-1.369 0.392986
-1.35802 0.375976
-1.3251 0.382735
-1.27572 0.359342
-1.30864 0.36595
-1.30864 0.375976
-1.34156 0.372619
-1.31962 0.382735
-1.3251 0.379348
-1.24829 0.362639
-1.2428 0.389554
-1.31962 0.410373
-1.31413 0.406865
-1.3251 0.413895
-1.37997 0.435347
-1.44033 0.468539
-1.37449 0.428136
-1.4513 0.464791
-1.42936 0.431734
-1.44033 0.431734
-1.46228 0.453636
-1.42936 0.449948
-1.40741 0.438974
-1.40192 0.420986
-1.37997 0.431734
-1.40192 0.446275
-1.43484 0.449948
-1.38546 0.396433
-1.39095 0.413895
-1.33608 0.396433
-1.30316 0.431734
-1.3251 0.396433
-1.36351 0.424553
-1.37449 0.431734
-1.37449 0.424553
-1.35802 0.386137
-1.369 0.431734
-1.369 0.442617
-1.33059 0.399896
-1.37449 0.410373
-1.35254 0.382735
-1.38546 0.410373
-1.28669 0.349542
-1.31962 0.339878
-1.28121 0.324072
-1.33608 0.327203
-1.34705 0.339878
-1.33608 0.369277
-1.40741 0.392986
-1.39643 0.382735
-1.33059 0.369277
-1.31413 0.372619
-1.35254 0.369277
-1.30864 0.35606
-1.30864 0.36595
-1.30316 0.375976
-1.33059 0.359342
-1.27023 0.327203
-1.36351 0.35606
-1.33608 0.336686
-1.34156 0.346306
-1.28121 0.314769
-1.34705 0.349542
-1.4513 0.403373
-1.47325 0.389554
-1.369 0.336686
-1.35254 0.320956
-1.35802 0.336686
-1.22634 0.273146
-1.24829 0.276021
-1.31413 0.261796
-1.30864 0.239818
-1.26475 0.22919
-1.24829 0.234474
-1.28121 0.261796
-1.29218 0.264611
-1.21536 0.221377
-1.19342 0.2137
-1.27572 0.237138
-1.28669 0.250686
-1.26475 0.206158
-1.30864 0.203675
-1.28121 0.196313
-1.30864 0.2137
-1.35254 0.226571
-1.35802 0.231824
-1.35802 0.216244
-1.40741 0.237138
-1.3251 0.19389
-1.29218 0.198752
-1.29767 0.208657
-1.29218 0.19389
-1.28669 0.201206
-1.31962 0.208657
-1.30864 0.208657
-1.29767 0.226571
-1.27023 0.2137
-1.27572 0.221377
-1.22634 0.2137
-1.25926 0.231824
-1.29218 0.245222
-1.27572 0.247947
-1.27572 0.247947
-1.31962 0.250686
-1.2428 0.242512
-1.22085 0.239818
-1.28669 0.261796
-1.30316 0.258996
-1.26475 0.258996
-1.24829 0.284737
-1.23182 0.242512
-1.24829 0.239818
-1.18793 0.196313
-1.20988 0.198752
-1.25377 0.198752
-1.24829 0.226571
-1.27572 0.223967
-1.23731 0.191481
-1.2428 0.208657
-1.26475 0.198752
-1.17147 0.175043
-1.18793 0.163753
-1.27572 0.2137
-1.17695 0.196313
-1.2428 0.196313
-1.24829 0.203675
-1.22085 0.19389
-1.22085 0.170482
-1.20988 0.172755
-1.27023 0.184346
-1.20439 0.159342
-1.22085 0.172755
-1.28121 0.163753
-1.25926 0.179664
-1.19342 0.186709
-1.17695 0.175043
-1.23182 0.19389
-1.20988 0.181998
-1.22634 0.189088
-1.21536 0.196313
-1.21536 0.206158
-1.22085 0.189088
-1.25377 0.247947
-1.17695 0.247947
-1.22634 0.211171
-1.2428 0.22919
-1.29218 0.267441
-1.31413 0.258996
-1.24829 0.256211
-1.20988 0.284737
-1.24829 0.290623
-1.22634 0.284737
-1.28669 0.281817
-1.26475 0.273146
-1.31962 0.281817
-1.31962 0.264611
-1.30864 0.264611
-1.27572 0.290623
-1.27572 0.278911
-1.29218 0.287673
-1.21536 0.264611
-1.28669 0.278911
-1.28669 0.273146
-1.23731 0.256211
-1.17695 0.231824
-1.25926 0.261796
-1.18793 0.239818
-1.21536 0.247947
-1.22634 0.278911
-1.22085 0.278911
-1.27023 0.320956
-1.2428 0.276021
-1.25926 0.270286
-1.3251 0.317855
-1.35802 0.311698
-1.24829 0.296569
-1.29767 0.284737
-1.30316 0.302575
-1.35254 0.320956
-1.30316 0.308642
-1.26475 0.261796
-1.28669 0.308642
-1.28121 0.278911
-1.23182 0.242512
-1.23182 0.258996
-1.30316 0.253441
-1.29767 0.264611
-1.26475 0.290623
-1.27572 0.299565
-1.27572 0.273146
-1.24829 0.290623
-1.23182 0.305601
-1.23731 0.317855
-1.18244 0.305601
-1.1989 0.308642
-1.22634 0.305601
-1.17695 0.311698
-1.21536 0.314769
-1.27572 0.330349
-1.29218 0.359342
-1.27023 0.324072
-1.20988 0.311698
-1.24829 0.305601
-1.1989 0.296569
-1.20988 0.317855
-1.22634 0.293589
-1.36351 0.330349
-1.29767 0.308642
-1.29218 0.278911
-1.28121 0.256211
-1.25926 0.276021
-1.25926 0.276021
-1.24829 0.281817
-1.23731 0.258996
-1.23731 0.242512
-1.27023 0.245222
-1.29218 0.276021
-1.24829 0.273146
-1.25377 0.305601
-1.28121 0.293589
-1.34705 0.299565
-1.3251 0.296569
-1.31962 0.308642
-1.19342 0.287673
-1.30864 0.327203
-1.30864 0.330349
-1.29218 0.308642
-1.26475 0.311698
-1.31962 0.320956
-1.33059 0.324072
-1.24829 0.281817
-1.30316 0.296569
-1.39095 0.317855
-1.31962 0.264611
-1.36351 0.314769
-1.35254 0.317855
-1.33608 0.317855
-1.30864 0.299565
-1.24829 0.284737
-1.29218 0.273146
-1.2428 0.264611
-1.26475 0.218803
-1.25377 0.201206
-1.22634 0.211171
-1.21536 0.198752
-1.30864 0.226571
-1.28121 0.218803
-1.26475 0.221377
-1.33059 0.245222
-1.3251 0.239818
-1.33059 0.221377
-1.35802 0.261796
-1.33608 0.242512
-1.33608 0.256211
-1.35254 0.256211
-1.369 0.305601
-1.38546 0.299565
-1.3251 0.284737
-1.35254 0.281817
-1.33059 0.287673
-1.37449 0.314769
-1.31413 0.267441
-1.30316 0.276021
-1.29767 0.256211
-1.29218 0.258996
-1.29767 0.264611
-1.27023 0.270286
-1.29218 0.293589
-1.25926 0.270286
-1.26475 0.264611
-1.25926 0.281817
-1.30316 0.267441
-1.22634 0.247947
-1.1989 0.270286
-1.22085 0.261796
-1.21536 0.258996
-1.23731 0.270286
-1.18793 0.253441
-1.21536 0.273146
-1.14403 0.247947
-1.22634 0.278911
-1.14952 0.284737
-1.16598 0.270286
-1.1989 0.281817
-1.20439 0.261796
-1.1989 0.287673
-1.1989 0.270286
-1.20988 0.264611
-1.20988 0.276021
-1.23731 0.270286
-1.21536 0.273146
-1.23731 0.258996
-1.1989 0.250686
-1.22634 0.273146
-1.25377 0.287673
-1.23182 0.270286
-1.30864 0.290623
-1.25926 0.278911
-1.34156 0.317855
-1.17695 0.253441
-1.15501 0.245222
-1.16598 0.253441
-1.20988 0.234474
-1.21536 0.287673
-1.26475 0.311698
-1.2428 0.317855
-1.22634 0.290623
-1.28121 0.324072
-1.20988 0.256211
-1.3251 0.336686
-1.30864 0.317855
-1.25377 0.308642
-1.27572 0.327203
-1.27572 0.346306
-1.30316 0.392986
-1.34156 0.392986
-1.29767 0.382735
-1.28121 0.362639
-1.29767 0.352794
-1.33059 0.36595
-1.30316 0.362639
-1.31962 0.359342
-1.35802 0.372619
-1.30316 0.349542
-1.34156 0.352794
-1.33608 0.33351
-1.34705 0.359342
-1.35254 0.343084
-1.29218 0.305601
-1.29218 0.278911
-1.27572 0.290623
-1.29767 0.305601
-1.369 0.317855
-1.37997 0.324072
-1.34705 0.305601
-1.31413 0.299565
-1.29218 0.311698
-1.2428 0.284737
-1.25926 0.308642
-1.1989 0.317855
-1.22085 0.320956
-1.25926 0.311698
-1.31962 0.330349
-1.27572 0.324072
-1.1989 0.308642
-1.24829 0.314769
-1.18244 0.290623
-1.20988 0.320956
-1.17147 0.281817
-1.28121 0.308642
-1.23731 0.324072
-1.25926 0.305601
-1.20988 0.327203
-1.21536 0.369277
-1.23182 0.35606
-1.1989 0.327203
-1.20439 0.314769
-1.21536 0.308642
-1.24829 0.33351
-1.15501 0.302575
-1.14403 0.290623
-1.23731 0.302575
-1.18793 0.293589
-1.16598 0.296569
-1.16049 0.293589
-1.18244 0.317855
-1.23182 0.352794
-1.26475 0.330349
-1.24829 0.36595
-1.17147 0.320956
-1.20988 0.330349
-1.20439 0.327203
-1.18244 0.343084
-1.22085 0.379348
-1.21536 0.389554
-1.20988 0.403373
-1.18244 0.372619
-1.15501 0.396433
-1.30316 0.438974
-1.31413 0.435347
-1.3251 0.453636
-1.26475 0.431734
-1.29218 0.428136
-1.25926 0.424553
-1.28669 0.453636
-1.33608 0.491345
-1.41289 0.538583
-1.36351 0.479875
-1.34156 0.461058
-1.29218 0.453636
-1.31962 0.495199
-1.42936 0.534564
-1.38546 0.491345
-1.42387 0.510764
-1.39643 0.530559
-1.41838 0.499068
-1.37449 0.52657
-1.37449 0.514693
-1.35802 0.495199
-1.31413 0.495199
-1.31962 0.476081
-1.40741 0.518637
-1.35254 0.491345
-1.37449 0.499068
-1.26475 0.420986
-1.33059 0.417433
-1.26475 0.435347
-1.34156 0.438974
-1.33608 0.453636
-1.29218 0.461058
-1.28121 0.453636
-1.33608 0.510764
-1.40741 0.530559
-1.38546 0.542617
-1.40741 0.546667
-1.42387 0.575434
-1.42936 0.563015
-1.41289 0.600678
-1.53909 0.670646
-1.52812 0.643957
-1.53909 0.643957
-1.53909 0.635181
-1.56653 0.670646
-1.5775 0.66616
-1.56104 0.670646
-1.58299 0.693302
-1.51166 0.66616
-1.52263 0.648367
-1.58299 0.679663
-1.53909 0.66169
-1.53909 0.652793
-1.56104 0.675147
-1.51166 0.639561
-1.52812 0.648367
-1.52263 0.639561
-1.59396 0.688741
-1.53361 0.657234
-1.48422 0.652793
-1.58848 0.707076
-1.50069 0.657234
-1.52263 0.657234
-1.4952 0.652793
-1.56653 0.684194
-1.53909 0.684194
-1.56653 0.693302
-1.55556 0.670646
-1.53361 0.657234
-1.55007 0.675147
-1.54458 0.657234
-1.56104 0.688741
-1.59396 0.707076
-1.6214 0.725652
-1.59945 0.725652
-1.59396 0.716334
-1.65432 0.725652
-1.58299 0.688741
-1.55556 0.684194
-1.55556 0.652793
-1.50617 0.635181
-1.56653 0.657234
-1.57202 0.675147
-1.54458 0.657234
-1.57202 0.657234
-1.52812 0.657234
-1.52263 0.643957
-1.53361 0.630815
-1.50069 0.617809
-1.4952 0.622129
-1.54458 0.635181
-1.44582 0.617809
-1.4952 0.626465
-1.47325 0.635181
-1.48971 0.643957
-1.48422 0.630815
-1.47874 0.622129
-1.46228 0.617809
-1.45679 0.609213
-1.39095 0.587988
-1.50069 0.622129
-1.45679 0.622129
-1.46776 0.596433
-1.48422 0.617809
-1.48422 0.609213
-1.47874 0.579603
-1.38546 0.550731
-1.41838 0.575434
-1.42387 0.609213
-1.37997 0.579603
-1.47874 0.622129
-1.40741 0.600678
-1.44582 0.622129
-1.50069 0.626465
-1.47325 0.643957
-1.42387 0.617809
-1.37449 0.592203
-1.45679 0.622129
-1.47325 0.648367
-1.41289 0.575434
-1.46228 0.609213
-1.41838 0.587988
-1.43484 0.587988
-1.50069 0.600678
-1.41289 0.542617
-1.36351 0.52657
-1.44582 0.575434
-1.39095 0.530559
-1.44582 0.538583
-1.48971 0.583788
-1.53909 0.626465
-1.44582 0.563015
-1.46228 0.583788
-1.43484 0.575434
-1.4513 0.596433
-1.44033 0.600678
-1.39643 0.579603
-1.40741 0.579603
-1.46228 0.596433
-1.43484 0.571279
-1.46228 0.604938
-1.44582 0.579603
-1.4952 0.592203
-1.4513 0.563015
-1.42936 0.558905
-1.40741 0.567139
-1.48422 0.613504
-1.42387 0.575434
-1.45679 0.567139
-1.41289 0.538583
-1.35254 0.530559
-1.37449 0.542617
-1.369 0.538583
-1.369 0.522596
-1.33608 0.499068
-1.28669 0.468539
-1.23731 0.468539
-1.39095 0.495199
-1.36351 0.476081
-1.41289 0.499068
-1.31962 0.518637
-1.35254 0.530559
-1.41838 0.530559
-1.39095 0.514693
-1.37997 0.50685
-1.40192 0.534564
-1.41289 0.530559
-1.40741 0.542617
-1.37997 0.510764
-1.39643 0.50685
-1.37997 0.499068
-1.45679 0.538583
-1.39095 0.502951
-1.29218 0.446275
-1.39643 0.487507
-1.36351 0.483683
-1.41838 0.483683
-1.4952 0.495199
-1.46776 0.510764
-1.43484 0.502951
-1.40741 0.468539
-1.40192 0.424553
-1.37997 0.435347
-1.35802 0.406865
-1.36351 0.420986
-1.41289 0.410373
-1.42936 0.410373
-1.41838 0.424553
-1.37997 0.399896
-1.43484 0.428136
-1.47874 0.449948
-1.51166 0.487507
-1.48422 0.476081
-1.46228 0.468539
-1.4513 0.449948
-1.55007 0.50685
-1.43484 0.453636
-1.44033 0.468539
-1.40192 0.468539
-1.42936 0.476081
-1.38546 0.446275
-1.41838 0.461058
-1.41838 0.428136
-1.369 0.435347
-1.36351 0.435347
-1.34705 0.472303
-1.41289 0.468539
-1.46776 0.499068
-1.43484 0.499068
-1.38546 0.45734
-1.35254 0.435347
-1.39095 0.468539
-1.37997 0.472303
-1.39095 0.476081
-1.33608 0.483683
-1.42936 0.502951
-1.41838 0.499068
-1.42387 0.479875
-1.41289 0.510764
-1.46776 0.522596
-1.35802 0.499068
-1.369 0.495199
-1.34156 0.461058
-1.37449 0.483683
-1.33059 0.491345
-1.40741 0.479875
-1.36351 0.45734
-1.30864 0.45734
-1.35254 0.487507
-1.39643 0.464791
-1.34156 0.420986
-1.30864 0.417433
-1.37449 0.45734
-1.30864 0.428136
-1.369 0.431734
-1.25926 0.389554
-1.31962 0.403373
-1.29218 0.399896
-1.27023 0.431734
-1.37997 0.449948
-1.39095 0.438974
-1.34156 0.424553
-1.26475 0.379348
-1.33608 0.396433
-1.37449 0.403373
-1.40741 0.403373
-1.31962 0.389554
-1.29218 0.35606
-1.31413 0.346306
-1.33059 0.311698
-1.39095 0.336686
-1.40741 0.359342
-1.38546 0.349542
-1.38546 0.343084
-1.369 0.352794
-1.28669 0.343084
-1.28121 0.317855
-1.33608 0.339878
-1.29218 0.33351
-1.31962 0.349542
-1.31413 0.35606
-1.33059 0.369277
-1.28669 0.314769
-1.369 0.330349
-1.39643 0.36595
-1.37997 0.36595
-1.37997 0.379348
-1.35254 0.362639
-1.31962 0.339878
-1.38546 0.392986
-1.33608 0.352794
-1.29218 0.362639
-1.3251 0.359342
-1.31962 0.362639
-1.40192 0.417433
-1.28121 0.372619
-1.22634 0.386137
-1.30864 0.382735
-1.39095 0.431734
-1.2428 0.403373
-1.35802 0.410373
-1.31413 0.389554
-1.29218 0.372619
-1.23731 0.406865
-1.29767 0.392986
-1.33059 0.359342
-1.27572 0.372619
-1.27023 0.330349
-1.31413 0.382735
-1.31962 0.379348
-1.34156 0.35606
-1.33059 0.36595
-1.25926 0.352794
-1.36351 0.389554
-1.39095 0.382735
-1.369 0.382735
-1.35254 0.413895
-1.31413 0.375976
-1.3251 0.389554
-1.33059 0.36595
-1.30864 0.375976
-1.34156 0.389554
-1.35802 0.372619
-1.35254 0.392986
-1.40192 0.410373
-1.37997 0.396433
-1.37997 0.403373
-1.33059 0.410373
-1.30864 0.396433
-1.27572 0.372619
-1.31413 0.375976
-1.20988 0.379348
-1.20439 0.346306
-1.30864 0.396433
-1.27023 0.36595
-1.27572 0.386137
-1.19342 0.36595
-1.20439 0.372619
-1.23182 0.36595
-1.1989 0.369277
-1.16598 0.369277
-1.18793 0.375976
-1.21536 0.379348
-1.2428 0.382735
-1.20439 0.36595
-1.23731 0.396433
-1.18793 0.352794
-1.16049 0.362639
-1.16049 0.346306
-1.22634 0.343084
-1.18793 0.369277
-1.26475 0.386137
-1.24829 0.362639
-1.22085 0.359342
-1.14952 0.346306
-1.18793 0.362639
-1.31962 0.410373
-1.27023 0.375976
-1.24829 0.379348
-1.3251 0.396433
-1.34705 0.406865
-1.35254 0.417433
-1.35254 0.435347
-1.3251 0.410373
-1.35254 0.413895
-1.40741 0.438974
-1.3251 0.410373
-1.40192 0.420986
-1.31413 0.399896
-1.29218 0.359342
-1.20439 0.33351
-1.22634 0.317855
-1.28669 0.311698
-1.24829 0.314769
-1.29218 0.308642
-1.29218 0.324072
-1.23182 0.267441
-1.28669 0.308642
-1.25377 0.339878
-1.31962 0.339878
-1.33608 0.362639
-1.28121 0.311698
-1.23182 0.317855
-1.20439 0.287673
-1.24829 0.305601
-1.22634 0.317855
-1.22634 0.327203
-1.22085 0.320956
-1.25377 0.320956
-1.18793 0.305601
-1.19342 0.305601
-1.23182 0.327203
-1.22085 0.330349
-1.21536 0.336686
-1.20988 0.349542
-1.26475 0.375976
-1.25926 0.375976
-1.27023 0.372619
-1.28669 0.389554
-1.25926 0.375976
-1.30316 0.379348
-1.25926 0.372619
-1.31962 0.399896
-1.30316 0.403373
-1.30316 0.346306
-1.28669 0.339878
-1.30864 0.35606
-1.29218 0.379348
-1.33608 0.403373
-1.34705 0.410373
-1.31413 0.399896
-1.27023 0.379348
-1.21536 0.346306
-1.23182 0.320956
-1.31413 0.362639
-1.35254 0.379348
-1.25926 0.375976
-1.28121 0.372619
-1.3251 0.396433
-1.34705 0.403373
-1.30316 0.386137
-1.25926 0.389554
-1.27572 0.386137
-1.1989 0.339878
-1.27572 0.36595
-1.28121 0.362639
-1.28669 0.362639
-1.27023 0.359342
-1.28669 0.362639
-1.28669 0.379348
-1.27572 0.352794
-1.13855 0.343084
-1.13855 0.327203
-1.23731 0.372619
-1.21536 0.375976
-1.25377 0.424553
-1.24829 0.392986
-1.28121 0.396433
-1.23731 0.382735
-1.31413 0.399896
-1.33608 0.420986
-1.38546 0.413895
-1.31413 0.435347
-1.369 0.468539
-1.39095 0.453636
-1.37997 0.438974
-1.30316 0.446275
-1.3251 0.428136
-1.30864 0.461058
-1.30864 0.417433
-1.3251 0.45734
-1.30864 0.446275
-1.35802 0.476081
-1.35802 0.431734
-1.40741 0.442617
-1.35254 0.431734
-1.25377 0.372619
-1.30316 0.403373
-1.29218 0.392986
-1.27023 0.372619
-1.26475 0.379348
-1.3251 0.392986
-1.40741 0.424553
-1.37449 0.413895
-1.29767 0.392986
-1.39095 0.413895
-1.3251 0.403373
-1.35802 0.431734
-1.39095 0.491345
-1.44582 0.499068
-1.31413 0.461058
-1.35802 0.479875
-1.33059 0.491345
-1.30864 0.50685
-1.37449 0.502951
-1.37449 0.502951
-1.369 0.534564
-1.44033 0.52657
-1.46776 0.50685
-1.39643 0.483683
-1.39643 0.491345
-1.36351 0.442617
-1.34156 0.449948
-1.25926 0.420986
-1.30864 0.417433
-1.21536 0.382735
-1.24829 0.386137
-1.25926 0.386137
-1.2428 0.36595
-1.20988 0.343084
-1.20439 0.35606
-1.2428 0.359342
-1.22085 0.375976
-1.20988 0.372619
-1.22634 0.386137
-1.27572 0.399896
-1.20988 0.369277
-1.21536 0.382735
-1.25926 0.389554
-1.25926 0.403373
-1.26475 0.403373
-1.2428 0.392986
-1.28121 0.403373
-1.27572 0.396433
-1.24829 0.349542
-1.22634 0.35606
-1.16598 0.362639
-1.18244 0.369277
-1.1989 0.389554
-1.26475 0.413895
-1.22634 0.389554
-1.29218 0.438974
-1.34156 0.442617
-1.33608 0.410373
-1.33059 0.417433
-1.29767 0.396433
-1.28121 0.372619
-1.33059 0.389554
-1.34156 0.392986
-1.3251 0.396433
-1.35254 0.406865
-1.36351 0.410373
-1.33608 0.413895
-1.369 0.438974
-1.30864 0.428136
-1.3251 0.449948
-1.34705 0.428136
-1.37997 0.449948
-1.40741 0.449948
-1.42387 0.449948
-1.42387 0.468539
-1.41289 0.446275
-1.28121 0.372619
-1.26475 0.382735
-1.30316 0.392986
-1.24829 0.379348
-1.29767 0.392986
-1.27572 0.369277
-1.22085 0.336686
-1.35802 0.379348
-1.30316 0.396433
-1.3251 0.428136
-1.41289 0.483683
-1.4513 0.487507
-1.40192 0.453636
-1.41289 0.424553
-1.40741 0.464791
-1.37449 0.45734
-1.33059 0.446275
-1.37449 0.453636
-1.41838 0.468539
-1.39643 0.464791
-1.43484 0.45734
-1.41838 0.479875
-1.40741 0.472303
-1.35802 0.472303
-1.36351 0.495199
-1.42387 0.487507
-1.45679 0.499068
-1.48971 0.522596
-1.47874 0.518637
-1.45679 0.514693
-1.42936 0.487507
-1.45679 0.510764
-1.42936 0.522596
-1.48422 0.514693
-1.48422 0.538583
-1.48422 0.502951
-1.40741 0.479875
-1.43484 0.483683
-1.39643 0.476081
-1.37997 0.495199
-1.46228 0.522596
-1.47874 0.530559
-1.47874 0.542617
-1.50069 0.530559
-1.44582 0.518637
-1.46228 0.502951
-1.45679 0.502951
-1.42387 0.479875
-1.34705 0.45734
-1.44033 0.487507
-1.39643 0.464791
-1.41838 0.483683
-1.39643 0.472303
-1.369 0.464791
-1.41289 0.476081
-1.39643 0.442617
-1.44033 0.446275
-1.41838 0.461058
-1.41838 0.45734
-1.46776 0.487507
-1.4952 0.510764
-1.44033 0.514693
-1.48971 0.502951
-1.50617 0.487507
-1.47874 0.483683
-1.46776 0.483683
-1.52812 0.502951
-1.44582 0.461058
-1.47874 0.472303
-1.47874 0.45734
-1.44033 0.464791
-1.43484 0.468539
-1.45679 0.476081
-1.41289 0.446275
-1.43484 0.446275
-1.43484 0.468539
-1.37997 0.420986
-1.37449 0.420986
-1.37449 0.424553
-1.35802 0.406865
-1.31413 0.382735
-1.35254 0.386137
-1.33059 0.379348
-1.28121 0.379348
-1.25377 0.389554
-1.27023 0.386137
-1.26475 0.35606
-1.23731 0.36595
-1.19342 0.33351
-1.18793 0.330349
-1.19342 0.372619
-1.16049 0.343084
-1.19342 0.308642
-1.14952 0.296569
-1.14403 0.299565
-1.18244 0.324072
-1.34156 0.36595
-1.3251 0.369277
-1.28669 0.330349
-1.31413 0.352794
-1.26475 0.379348
-1.26475 0.375976
-1.25377 0.352794
-1.25926 0.372619
-1.30864 0.413895
-1.29767 0.413895
-1.27572 0.403373
-1.31962 0.406865
-1.30864 0.424553
-1.29218 0.435347
-1.369 0.468539
-1.33608 0.461058
-1.27023 0.468539
-1.35802 0.499068
-1.369 0.491345
-1.40741 0.499068
-1.37449 0.468539
-1.34156 0.464791
-1.35802 0.464791
-1.39095 0.453636
-1.38546 0.472303
-1.34705 0.428136
-1.43484 0.479875
-1.33608 0.449948
-1.35254 0.495199
-1.33059 0.453636
-1.30864 0.45734
-1.29767 0.431734
-1.33608 0.446275
-1.30316 0.45734
-1.35802 0.449948
-1.39643 0.499068
-1.31962 0.449948
-1.33608 0.491345
-1.42936 0.530559
-1.41838 0.510764
-1.369 0.50685
-1.42387 0.514693
-1.4513 0.50685
-1.39643 0.510764
-1.39095 0.542617
-1.42387 0.518637
-1.43484 0.52657
-1.44582 0.534564
-1.38546 0.491345
-1.39095 0.487507
-1.36351 0.487507
-1.39095 0.50685
-1.38546 0.483683
-1.30316 0.453636
-1.369 0.453636
-1.41838 0.479875
-1.34705 0.431734
-1.30864 0.431734
-1.33608 0.438974
-1.33608 0.396433
-1.38546 0.403373
-1.35802 0.389554
-1.35802 0.369277
-1.369 0.375976
-1.38546 0.372619
-1.42387 0.372619
-1.37449 0.369277
-1.41838 0.36595
-1.36351 0.372619
-1.35254 0.410373
-1.30864 0.382735
-1.37997 0.424553
-1.36351 0.428136
-1.40192 0.413895
-1.31962 0.375976
-1.41289 0.386137
-1.41838 0.392986
-1.39095 0.406865
-1.44033 0.399896
-1.37449 0.369277
-1.36351 0.375976
-1.30316 0.369277
-1.38546 0.379348
-1.3251 0.35606
-1.35254 0.36595
-1.41289 0.396433
-1.35254 0.392986
-1.40192 0.424553
-1.39643 0.362639
-1.34156 0.346306
-1.369 0.362639
-1.34705 0.362639
-1.29218 0.327203
-1.33608 0.339878
-1.35802 0.343084
-1.28121 0.299565
-1.2428 0.308642
-1.21536 0.336686
-1.20988 0.299565
-1.1989 0.314769
-1.29767 0.317855
-1.29218 0.330349
-1.23182 0.317855
-1.29767 0.362639
-1.17695 0.314769
-1.17147 0.320956
-1.23731 0.343084
-1.27572 0.349542
-1.24829 0.336686
-1.26475 0.330349
-1.31962 0.359342
-1.30864 0.324072
-1.35802 0.352794
-1.29218 0.33351
-1.27023 0.324072
-1.26475 0.311698
-1.1989 0.278911
-1.22085 0.302575
-1.22085 0.299565
-1.1989 0.299565
-1.21536 0.290623
-1.25377 0.305601
-1.20439 0.293589
-1.21536 0.287673
-1.28669 0.290623
-1.30316 0.302575
-1.18244 0.250686
-1.2428 0.296569
-1.23731 0.290623
-1.27572 0.270286
-1.25926 0.276021
-1.30316 0.284737
-1.25377 0.261796
-1.27572 0.281817
-1.27572 0.273146
-1.23731 0.270286
-1.19342 0.258996
-1.24829 0.281817
-1.19342 0.284737
-1.27023 0.284737
-1.23182 0.296569
-1.31413 0.33351
-1.25377 0.35606
-1.29767 0.343084
-1.30864 0.343084
-1.29767 0.339878
-1.26475 0.308642
-1.29767 0.302575
-1.34156 0.287673
-1.3251 0.302575
-1.31413 0.281817
-1.24829 0.299565
-1.29218 0.311698
-1.27023 0.287673
-1.28121 0.320956
-1.33059 0.320956
-1.28669 0.314769
-1.30316 0.327203
-1.25926 0.336686
-1.29218 0.349542
-1.37449 0.359342
-1.35254 0.343084
-1.33059 0.346306
-1.31413 0.339878
-1.30316 0.311698
-1.28121 0.327203
-1.25926 0.317855
-1.17147 0.308642
-1.17695 0.276021
-1.22085 0.324072
-1.22634 0.343084
-1.23731 0.327203
-1.14403 0.302575
-1.13306 0.290623
-1.17695 0.299565
-1.12209 0.276021
-1.12209 0.305601
-1.13306 0.330349
-1.23731 0.343084
-1.20988 0.339878
-1.18793 0.314769
-1.17695 0.327203
-1.14403 0.311698
-1.17695 0.33351
-1.17695 0.324072
-1.2428 0.339878
-1.18244 0.324072
-1.24829 0.330349
-1.16049 0.290623
-1.17695 0.320956
-1.16598 0.281817
-1.14403 0.273146
-1.12757 0.247947
-1.07819 0.256211
-0.962963 0.250686
-1.03429 0.258996
-1.12209 0.311698
-1.11111 0.293589
-1.12209 0.281817
-1.18793 0.302575
-1.20439 0.343084
-1.25926 0.33351
-1.3251 0.386137
-1.30316 0.410373
-1.30864 0.413895
-1.29218 0.410373
-1.25926 0.392986
-1.29218 0.399896
-1.23182 0.375976
-1.19342 0.346306
-1.2428 0.375976
-1.28121 0.359342
-1.24829 0.352794
-1.29767 0.349542
-1.31413 0.349542
-1.30864 0.386137
-1.34156 0.382735
-1.36351 0.399896
-1.27572 0.346306
-1.30864 0.389554
-1.35802 0.403373
-1.3251 0.392986
-1.33608 0.362639
-1.35802 0.379348
-1.38546 0.375976
-1.30864 0.349542
-1.31962 0.320956
-1.369 0.336686
-1.40741 0.35606
-1.39643 0.379348
-1.369 0.382735
-1.37449 0.379348
-1.30316 0.372619
-1.30864 0.406865
-1.3251 0.428136
-1.34705 0.410373
-1.30316 0.406865
-1.33608 0.399896
-1.35802 0.389554
-1.34705 0.403373
-1.30864 0.406865
-1.26475 0.359342
-1.25377 0.379348
-1.2428 0.362639
-1.27572 0.36595
-1.35802 0.399896
-1.37449 0.406865
-1.36351 0.446275
-1.30316 0.406865
-1.39095 0.472303
-1.42387 0.468539
-1.35802 0.431734
-1.36351 0.453636
-1.34705 0.446275
-1.35254 0.461058
-1.34705 0.45734
-1.37997 0.45734
-1.36351 0.420986
-1.33059 0.417433
-1.36351 0.453636
-1.40741 0.464791
-1.37449 0.442617
-1.33059 0.453636
-1.38546 0.483683
-1.28121 0.446275
-1.34156 0.446275
-1.30316 0.435347
-1.30316 0.472303
-1.28669 0.468539
-1.29767 0.468539
-1.34156 0.464791
-1.29767 0.464791
-1.31962 0.50685
-1.31413 0.468539
-1.36351 0.510764
-1.3251 0.52657
-1.33059 0.50685
-1.30864 0.502951
-1.39643 0.514693
-1.369 0.538583
-1.44582 0.563015
-1.41838 0.542617
-1.46776 0.571279
-1.48422 0.571279
-1.43484 0.542617
-1.41838 0.546667
-1.43484 0.542617
-1.38546 0.52657
-1.44033 0.558905
-1.40741 0.558905
-1.45679 0.575434
-1.45679 0.596433
-1.42936 0.55481
-1.41289 0.55481
-1.39643 0.546667
-1.369 0.50685
-1.38546 0.522596
-1.38546 0.50685
-1.37449 0.50685
-1.42936 0.514693
-1.39095 0.495199
-1.41289 0.502951
-1.39095 0.510764
-1.37997 0.495199
-1.39095 0.510764
-1.28121 0.464791
-1.31962 0.495199
-1.34705 0.491345
-1.37449 0.514693
-1.35254 0.479875
-1.31962 0.510764
-1.31413 0.491345
-1.27023 0.483683
-1.1989 0.45734
-1.25926 0.479875
-1.28669 0.495199
-1.29218 0.502951
-1.30864 0.487507
-1.27572 0.472303
-1.34705 0.518637
-1.39095 0.542617
-1.33608 0.50685
-1.369 0.518637
-1.28669 0.472303
-1.24829 0.472303
-1.3251 0.510764
-1.24829 0.476081
-1.24829 0.502951
-1.21536 0.464791
-1.24829 0.491345
-1.369 0.491345
-1.28121 0.476081
-1.29767 0.483683
-1.42936 0.546667
-1.33608 0.45734
-1.31962 0.476081
-1.34156 0.435347
-1.33608 0.435347
-1.27023 0.403373
-1.23731 0.389554
-1.28121 0.389554
-1.27572 0.403373
-1.25926 0.372619
-1.33059 0.428136
-1.31962 0.413895
-1.27023 0.417433
-1.29767 0.389554
-1.35802 0.431734
-1.30864 0.435347
-1.27023 0.424553
-1.36351 0.413895
-1.31962 0.399896
-1.3251 0.403373
-1.34156 0.417433
-1.30864 0.410373
-1.33059 0.396433
-1.3251 0.417433
-1.36351 0.403373
-1.28121 0.352794
-1.3251 0.392986
-1.27572 0.346306
-1.22085 0.346306
-1.29218 0.349542
-1.25377 0.35606
-1.19342 0.352794
-1.27023 0.396433
-1.28121 0.372619
-1.29767 0.359342
-1.2428 0.36595
-1.30316 0.389554
-1.3251 0.399896
-1.36351 0.406865
-1.3251 0.375976
-1.25926 0.352794
-1.28121 0.362639
-1.27572 0.379348
-1.31962 0.406865
-1.29218 0.389554
-1.30316 0.382735
-1.22634 0.362639
-1.22634 0.372619
-1.22085 0.339878
-1.31962 0.362639
-1.28121 0.362639
-1.27023 0.410373
-1.29218 0.369277
-1.30316 0.369277
-1.34156 0.375976
-1.34705 0.399896
-1.34156 0.379348
-1.34156 0.346306
-1.33059 0.382735
-1.36351 0.413895
-1.36351 0.389554
-1.369 0.406865
-1.35802 0.389554
-1.3251 0.386137
-1.25377 0.382735
-1.31413 0.406865
-1.3251 0.435347
-1.27023 0.424553
-1.33608 0.438974
-1.37997 0.446275
-1.34156 0.428136
-1.37449 0.428136
-1.34705 0.410373
-1.36351 0.372619
-1.31413 0.369277
-1.30316 0.359342
-1.35254 0.35606
-1.35254 0.346306
-1.42936 0.375976
-1.39095 0.349542
-1.30316 0.339878
-1.23182 0.324072
-1.33608 0.343084
-1.36351 0.382735
-1.39095 0.379348
-1.34705 0.359342
-1.36351 0.36595
-1.33059 0.339878
-1.37997 0.369277
-1.38546 0.379348
-1.37997 0.349542
-1.34705 0.352794
-1.37449 0.346306
-1.37449 0.346306
-1.37449 0.35606
-1.34156 0.317855
-1.34705 0.346306
-1.31413 0.339878
-1.31962 0.346306
-1.3251 0.362639
-1.31413 0.36595
-1.25926 0.33351
-1.24829 0.330349
-1.27572 0.305601
-1.31962 0.362639
-1.37449 0.369277
-1.34156 0.349542
-1.31962 0.352794
-1.35254 0.362639
-1.40741 0.359342
-1.31962 0.336686
-1.36351 0.336686
-1.24829 0.290623
-1.33059 0.296569
-1.31962 0.305601
-1.2428 0.293589
-1.30864 0.284737
-1.25926 0.290623
-1.3251 0.299565
-1.369 0.320956
-1.34705 0.320956
-1.34156 0.343084
-1.31413 0.311698
-1.35802 0.336686
-1.37997 0.362639
-1.39095 0.375976
-1.37997 0.369277
-1.34156 0.389554
-1.40741 0.410373
-1.39643 0.386137
-1.34156 0.362639
-1.42387 0.396433
-1.37997 0.386137
-1.35254 0.375976
-1.34156 0.359342
-1.31962 0.336686
-1.29218 0.308642
-1.33608 0.36595
-1.25377 0.33351
-1.31413 0.359342
-1.28121 0.36595
-1.30864 0.36595
-1.3251 0.375976
-1.35802 0.386137
-1.37997 0.369277
-1.38546 0.403373
-1.33608 0.369277
-1.34156 0.359342
-1.29218 0.324072
-1.25926 0.317855
-1.34705 0.35606
-1.36351 0.35606
-1.30316 0.327203
-1.29767 0.339878
-1.37449 0.352794
-1.37997 0.320956
-1.39643 0.336686
-1.40741 0.343084
-1.36351 0.343084
-1.39095 0.287673
-1.34705 0.314769
-1.34705 0.299565
-1.34156 0.33351
-1.33059 0.349542
-1.369 0.317855
-1.3251 0.330349
-1.33608 0.33351
-1.36351 0.35606
-1.34156 0.324072
-1.22634 0.305601
-1.24829 0.314769
-1.1989 0.324072
-1.25926 0.339878
-1.31413 0.352794
-1.27023 0.308642
-1.28121 0.314769
-1.29767 0.293589
-1.28669 0.311698
-1.29218 0.264611
-1.29767 0.267441
-1.22085 0.253441
-1.20439 0.264611
-1.21536 0.270286
-1.26475 0.293589
-1.26475 0.278911
-1.29218 0.296569
-1.24829 0.281817
-1.28121 0.287673
-1.33608 0.296569
-1.31962 0.302575
-1.33608 0.311698
-1.33608 0.317855
-1.34705 0.320956
-1.30864 0.302575
-1.30864 0.314769
-1.34156 0.336686
-1.30316 0.35606
-1.34705 0.392986
-1.30864 0.359342
-1.31962 0.36595
-1.33608 0.346306
-1.34705 0.352794
-1.3251 0.35606
-1.35254 0.349542
-1.35254 0.362639
-1.3251 0.35606
-1.35802 0.382735
-1.36351 0.35606
-1.31413 0.346306
-1.29767 0.33351
-1.26475 0.330349
-1.26475 0.317855
-1.28121 0.346306
-1.27023 0.296569
-1.27572 0.317855
-1.28121 0.317855
-1.27572 0.330349
-1.22634 0.296569
-1.23731 0.305601
-1.31413 0.308642
-1.39095 0.327203
-1.28669 0.311698
-1.31413 0.343084
-1.33608 0.336686
-1.36351 0.327203
-1.3251 0.352794
-1.31962 0.359342
-1.34156 0.375976
-1.39643 0.406865
-1.31413 0.369277
-1.30864 0.346306
-1.30316 0.336686
-1.31413 0.359342
-1.28121 0.362639
-1.17147 0.296569
-1.28121 0.33351
-1.22634 0.264611
-1.25926 0.293589
-1.31413 0.349542
-1.34156 0.33351
-1.35254 0.336686
-1.34156 0.320956
-1.29218 0.327203
-1.33608 0.320956
-1.29767 0.330349
-1.38546 0.362639
-1.39095 0.352794
-1.34705 0.343084
-1.39095 0.359342
-1.369 0.352794
-1.29767 0.349542
-1.35254 0.35606
-1.33608 0.346306
-1.29767 0.314769
-1.30864 0.330349
-1.36351 0.324072
-1.24829 0.276021
-1.35802 0.327203
-1.35254 0.336686
-1.30864 0.327203
-1.36351 0.324072
-1.37997 0.359342
-1.40192 0.375976
-1.37997 0.36595
-1.33608 0.33351
-1.39095 0.375976
-1.40192 0.372619
-1.39643 0.369277
-1.369 0.375976
-1.35802 0.336686
-1.37449 0.339878
-1.28121 0.296569
-1.30316 0.311698
-1.31962 0.311698
-1.34705 0.302575
-1.34705 0.290623
-1.30864 0.245222
-1.33608 0.287673
-1.34156 0.267441
-1.28121 0.237138
-1.29767 0.242512
-1.29218 0.281817
-1.31413 0.256211
-1.28121 0.250686
-1.21536 0.226571
-1.21536 0.206158
-1.30864 0.2137
-1.3251 0.221377
-1.44033 0.267441
-1.369 0.264611
-1.40192 0.276021
-1.369 0.302575
-1.33059 0.317855
-1.34156 0.290623
-1.39643 0.296569
-1.39095 0.305601
-1.37449 0.293589
-1.40192 0.317855
-1.41838 0.320956
-1.42936 0.362639
-1.50617 0.36595
-1.47874 0.36595
-1.369 0.302575
-1.39095 0.317855
-1.40192 0.314769
-1.39095 0.302575
-1.41838 0.317855
-1.42387 0.308642
-1.38546 0.287673
-1.37997 0.311698
-1.42936 0.33351
-1.31962 0.305601
-1.28669 0.287673
-1.23182 0.281817
-1.34156 0.276021
-1.29767 0.264611
-1.30864 0.290623
-1.29767 0.250686
-1.30316 0.284737
-1.34705 0.302575
-1.33059 0.299565
-1.31413 0.320956
-1.34156 0.296569
-1.29218 0.317855
-1.369 0.343084
-1.40192 0.305601
-1.369 0.290623
-1.33059 0.314769
-1.30316 0.293589
-1.29767 0.302575
-1.31413 0.305601
-1.31413 0.311698
-1.30316 0.327203
-1.40741 0.327203
-1.35802 0.311698
-1.28669 0.287673
-1.24829 0.250686
-1.30316 0.267441
-1.31413 0.308642
-1.35802 0.317855
-1.31413 0.308642
-1.30864 0.311698
-1.33059 0.330349
-1.39095 0.330349
-1.34705 0.336686
-1.38546 0.33351
-1.36351 0.336686
-1.42936 0.36595
-1.40192 0.349542
-1.3251 0.305601
-1.35254 0.336686
-1.35254 0.324072
-1.36351 0.33351
-1.37997 0.327203
-1.30316 0.324072
-1.28121 0.327203
-1.33608 0.308642
-1.29218 0.296569
-1.28121 0.287673
-1.29218 0.308642
-1.369 0.308642
-1.44033 0.362639
-1.37449 0.327203
-1.43484 0.349542
-1.35254 0.336686
-1.3251 0.346306
-1.37449 0.369277
-1.3251 0.362639
-1.369 0.386137
-1.35254 0.382735
-1.37449 0.420986
-1.41289 0.413895
-1.41289 0.406865
-1.41289 0.413895
-1.42387 0.403373
-1.38546 0.392986
-1.41289 0.428136
-1.44033 0.420986
-1.40192 0.410373
-1.41838 0.420986
-1.33608 0.399896
-1.35802 0.410373
-1.29767 0.389554
-1.27572 0.36595
-1.3251 0.369277
-1.3251 0.352794
-1.27023 0.311698
-1.3251 0.324072
-1.29767 0.320956
-1.29218 0.305601
-1.28121 0.320956
-1.2428 0.308642
-1.1989 0.281817
-1.27023 0.324072
-1.29218 0.336686
-1.35254 0.359342
-1.31962 0.359342
-1.40192 0.386137
-1.35254 0.392986
-1.30864 0.372619
-1.33608 0.369277
-1.29767 0.359342
-1.33608 0.362639
-1.33608 0.311698
-1.29767 0.311698
-1.30316 0.302575
-1.29767 0.330349
-1.30864 0.317855
-1.39643 0.339878
-1.31413 0.302575
-1.29218 0.293589
-1.3251 0.314769
-1.31413 0.327203
-1.30316 0.290623
-1.28121 0.287673
-1.2428 0.276021
-1.22085 0.290623
-1.23731 0.287673
-1.27572 0.311698
-1.13855 0.276021
-1.27023 0.293589
-1.22634 0.278911
-1.27023 0.284737
-1.27572 0.281817
-1.18244 0.239818
-1.2428 0.239818
-1.23731 0.245222
-1.24829 0.231824
-1.22634 0.218803
-1.26475 0.237138
-1.35802 0.22919
-1.31413 0.226571
-1.22085 0.234474
-1.27572 0.253441
-1.22085 0.218803
-1.16049 0.201206
-1.15501 0.19389
-1.0727 0.179664
-1.21536 0.203675
-1.19342 0.19389
-1.1989 0.19389
-1.1989 0.208657
-1.14952 0.208657
-1.26475 0.231824
-1.23182 0.221377
-1.28121 0.231824
-1.25377 0.218803
-1.28121 0.221377
-1.21536 0.206158
-1.21536 0.218803
-1.16049 0.184346
-1.14952 0.2137
-1.13855 0.191481
-1.18793 0.211171
-1.20988 0.216244
-1.1989 0.191481
-1.10562 0.181998
-1.0727 0.196313
-1.17147 0.2137
-1.22085 0.221377
-1.17147 0.196313
-1.20439 0.184346
-1.21536 0.184346
-1.27572 0.201206
-1.29767 0.226571
-1.26475 0.237138
-1.29218 0.208657
-1.29218 0.242512
-1.23182 0.242512
-1.23731 0.226571
-1.22085 0.218803
-1.19342 0.216244
-1.20439 0.203675
-1.20988 0.221377
-1.19342 0.201206
-1.20439 0.172755
-1.33608 0.203675
-1.25926 0.208657
-1.25926 0.208657
-1.23731 0.218803
-1.14952 0.198752
-1.16598 0.223967
-1.20988 0.239818
-1.26475 0.231824
-1.23731 0.216244
-1.29218 0.2137
-1.35254 0.234474
-1.27023 0.203675
-1.30316 0.226571
-1.29218 0.218803
-1.27572 0.242512
-1.30316 0.242512
-1.31962 0.245222
-1.29218 0.2137
-1.31413 0.237138
-1.28121 0.231824
-1.34705 0.239818
-1.3251 0.245222
-1.27023 0.223967
-1.27023 0.216244
-1.31413 0.218803
-1.35802 0.221377
-1.31962 0.2137
-1.33059 0.216244
-1.35254 0.223967
-1.39095 0.234474
-1.39643 0.276021
-1.43484 0.278911
-1.39095 0.296569
-1.35254 0.278911
-1.34156 0.278911
-1.39643 0.287673
-1.35254 0.284737
-1.29767 0.256211
-1.27572 0.237138
-1.33059 0.247947
-1.31962 0.267441
-1.35254 0.261796
-1.34156 0.278911
-1.39095 0.261796
-1.37449 0.267441
-1.36351 0.231824
-1.37449 0.267441
-1.29767 0.261796
-1.29218 0.247947
-1.27023 0.226571
-1.33608 0.247947
-1.30316 0.231824
-1.24829 0.2137
-1.26475 0.218803
-1.27572 0.216244
-1.28121 0.198752
-1.25926 0.221377
-1.25926 0.203675
-1.2428 0.184346
-1.20988 0.196313
-1.22085 0.201206
-1.18793 0.184346
-1.18244 0.165981
-1.1166 0.163753
-1.23182 0.159342
-1.27572 0.172755
-1.31413 0.175043
-1.33059 0.198752
-1.31413 0.181998
-1.27572 0.189088
-1.23731 0.19389
-1.25926 0.201206
-1.12757 0.157159
-1.23182 0.165981
-1.15501 0.175043
-1.23731 0.168224
-1.18793 0.157159
-1.22634 0.175043
-1.18244 0.168224
-1.16049 0.134143
-1.17695 0.10929
-1.13306 0.126225
-1.14952 0.140239
-1.20439 0.134143
-1.16598 0.126225
-1.12209 0.120444
-1.1166 0.105692
-1.12757 0.10929
-1.24829 0.140239
-1.20988 0.13616
-1.16049 0.152839
-1.20439 0.144379
-1.23731 0.157159
-1.28121 0.150702
-1.15501 0.140239
-1.25377 0.157159
-1.19342 0.13616
-1.23731 0.132141
-1.22634 0.130154
-1.1989 0.132141
-1.22634 0.140239
-1.19342 0.132141
-1.21536 0.138192
-1.1166 0.128182
-1.1989 0.144379
-1.21536 0.134143
-1.27572 0.152839
-1.31413 0.154992
-1.2428 0.126225
-1.33059 0.126225
-1.30316 0.116666
-1.29767 0.128182
-1.25377 0.112948
-1.27023 0.116666
-1.18793 0.118547
-1.20988 0.146472
-1.18793 0.144379
-1.25377 0.150702
-1.25926 0.128182
-1.22085 0.111111
-1.23182 0.098677
-1.1989 0.077542
-1.22085 0.0745163
-1.24829 0.0886063
-1.23731 0.100408
-1.28669 0.128182
-1.23731 0.107483
-1.2428 0.0837741
-1.25926 0.102154
-1.24829 0.10929
-1.20988 0.114799
-1.21536 0.120444
-1.20439 0.100408
-1.25926 0.116666
-1.17695 0.0935739
-1.16049 0.102154
-1.15501 0.122356
-1.16598 0.116666
-1.19342 0.0969609
-1.14403 0.111111
-1.08368 0.112948
-1.09465 0.100408
-1.18793 0.102154
-1.20439 0.120444
-1.19342 0.116666
-1.17147 0.118547
-1.13855 0.102154
-1.14952 0.107483
-1.13306 0.091903
-1.15501 0.105692
-1.11111 0.10929
-1.13855 0.107483
-1.10014 0.116666
-1.17147 0.107483
-1.12209 0.098677
-1.1989 0.105692
-1.11111 0.0935739
-1.10562 0.0935739
-1.10562 0.103916
-1.22634 0.122356
-1.20439 0.116666
-1.17695 0.102154
-1.19342 0.0902471
-1.14952 0.102154
-1.14952 0.114799
-1.11111 0.105692
-1.13855 0.107483
-1.06722 0.0790775
-1.18793 0.0700906
-1.17147 0.0745163
-1.23731 0.0602908
-1.19342 0.0686454
-1.13306 0.0550221
-1.13306 0.0672154
-1.14403 0.0821935
-1.21536 0.0886063
-1.17147 0.073026
-1.18793 0.073026
-1.23182 0.0837741
-1.13855 0.0760216
-1.10562 0.0686454
-1.10562 0.0821935
-1.13306 0.077542
-1.07819 0.0700906
-1.1989 0.0686454
-1.14403 0.0821935
-1.08916 0.0630155
-1.16049 0.0512286
-1.14403 0.0576263
-1.13306 0.0700906
-1.16598 0.0837741
-1.13855 0.098677
-1.13855 0.0821935
-1.18244 0.0790775
-1.08368 0.0902471
-1.11111 0.080628
-1.10562 0.0630155
-1.12757 0.0524781
-1.12209 0.0440482
-1.19342 0.0644004
-1.14403 0.0512286
-1.15501 0.0563167
-1.18793 0.0602908
-1.19342 0.0452073
-1.18244 0.0429041
-1.1166 0.0452073
-1.08916 0.0440482
-1.06722 0.0322914
-1.03978 0.0342936
-1.0727 0.0429041
-1.02332 0.031313
-1.05075 0.0342936
-1.07819 0.0215433
-0.990398 0.0149048
-1.02881 0.019195
-0.995885 0.0162746
-1.01783 0.0248852
-0.96845 0.0142424
-1.00686 0.0303496
-1.02881 0.0129629
-0.995885 0.0303496
-1.00686 0.0266464
-0.979424 0.0240271
-1.02881 0.0275496
-1.08916 0.0303496
-1.05075 0.0303496
-1.01235 0.0248852
-1.05075 0.0322914
-1.04527 0.0342936
-1.1166 0.0475707
-1.10014 0.0374096
-1.11111 0.0294012
-1.06722 0.0303496
-1.06173 0.031313
-1.09465 0.0384784
-1.11111 0.0417751
-1.11111 0.0395622
-1.12209 0.0342936
-1.03978 0.0231841
-1.05075 0.0123457
-1.02332 0.0117435
-1.03978 0.0266464
-1.05075 0.0207455
-1.02881 0.0223562
-1.05075 0.0240271
-1.06173 0.0117435
-1.08916 0.00700172
-1.10562 0.00286203
-1.12757 0.00611357
-1.03429 0.00655012
-1.14952 0.00381039
-1.10562 0.0031631
-1.13306 0.00381039
-1.0727 0.00204915
-1.18244 0.000679285
-1.14952 0.00204915
-1.1166 0.00137174
-1.12209 0.000423377
-1.10562 0.00158249
-1.05075 0.00117605
-1.08916 0.00286203
-1.10562 0.00158249
-1.04527 4.70419e-05
-1.10562 1.69351e-05
-1.03429 9.22021e-05
-0.995885 0.000152416
-1.06173 9.22021e-05
-1.08916 9.22021e-05
-1.17147 1.69351e-05
-1.13306 0.000829819
-1.14403 9.22021e-05
-1.13855 0.000423377
-1.15501 0.000227683
-1.21536 1.88168e-06
-1.23731 0.000543804
-1.23731 0.000227683
-1.19342 4.70419e-05
-1.16049 0.000152416
-1.1989 9.22021e-05
-1.17147 0.000318003
-1.17695 0.000829819
-1.13306 0.000829819
-1.19342 0.000995407
-1.12757 0.00257602
-1.12209 0.00381039
-1.07819 0.00489424
-1.11111 0.00746837
-1.10562 0.00655012
-1.16049 0.0100275
-1.14403 0.0105844
-1.14403 0.00655012
-1.12209 0.0100275
-1.1989 0.00117605
-1.23731 0.0031631
-1.25377 0.00257602
-1.15501 0.00844685
-1.18244 0.00415662
-1.25926 0.00347922
-1.18244 0.0142424
-1.14952 0.00844685
-1.13855 0.00528563
-1.0727 0.00489424
-1.09465 0.00347922
-1.11111 0.00180829
-1.07819 0.00451791
-1.07819 0.00347922
-1.12209 0.00347922
-1.14403 0.00569207
-1.14952 0.00257602
-1.17147 0.00347922
-1.13306 0.000829819
-1.15501 0.000679285
-1.19342 0.000318003
-1.23182 4.70419e-05
-1.12757 0.00230505
-1.14952 0.00158249
-1.17147 0.000318003
-1.13855 0.000543804
-1.23731 0.00158249
-1.17147 0.00117605
-1.18244 0.00415662
-1.21536 0.00489424
-1.19342 0.00700172
-1.25377 0.00795008
-1.23182 0.00381039
-1.08368 0.00117605
-1.16598 0.00137174
-1.14403 0.000543804
-1.13855 0.00415662
-1.20988 0.000829819
-1.13855 0.000679285
-1.09465 0.00230505
-1.08916 0.000679285
-1.10014 0.00257602
-1.17147 0.000543804
-1.07819 0.00117605
-1.12757 0.00489424
-1.08916 0.00895866
-1.13306 0.00415662
-1.14952 0.00489424
-1.17147 0.00569207
-1.23182 0.00381039
-1.20988 0.00381039
-1.1989 0.00257602
-1.1989 0.00204915
-1.18244 0.0031631
-1.20439 0.00795008
-1.18793 0.0177047
-1.20439 0.00844685
-1.17147 0.00489424
-1.18793 0.000995407
-1.21536 0.00381039
-1.17695 0.00895866
-1.17147 0.00381039
-1.17147 0.00611357
-1.21536 0.00655012
-1.20988 0.00489424
-1.20988 0.00347922
-1.25926 0.00700172
-1.18793 0.0100275
-1.2428 0.00569207
-1.25377 0.00451791
-1.24829 0.00895866
-1.21536 0.0155822
-1.27572 0.00795008
-1.28669 0.00611357
-1.29218 0.00746837
-1.25377 0.00611357
-1.24829 0.0129629
-1.22085 0.00746837
-1.25926 0.0123457
-1.27023 0.0155822
-1.22634 0.0135951
-1.31413 0.0100275
-1.27023 0.00611357
-1.23731 0.00451791
-1.17695 0.00204915
-1.19342 0.000227683
-1.2428 0.00137174
-1.24829 0.00257602
-1.25926 0.00204915
-1.28669 0.00286203
-1.29218 0.00230505
-1.28669 0.000679285
-1.27572 0.00137174
-1.27023 0.0031631
-1.28669 0.00204915
-1.22634 0.00381039
-1.22085 0.00137174
-1.20988 0.00230505
-1.18244 0.00569207
-1.20988 0.00137174
-1.17147 0.00257602
-1.22085 0.000423377
-1.19342 0.00158249
-1.12757 0.00489424
-1.16049 0.00795008
-1.13855 0.00895866
-1.22085 0.00451791
-1.22085 0.00700172
-1.1989 0.00451791
-1.21536 0.000829819
-1.17147 0.000423377
-1.16598 0.000543804
-1.14403 0.00137174
-1.13306 0.000679285
-1.13306 1.88168e-06
-1.16598 9.22021e-05
-1.25377 0.00230505
-1.27023 0.00257602
-1.22634 0.000423377
-1.21536 0.000995407
-1.20439 9.22021e-05
-1.21536 0.000318003
-1.23182 0.000318003
-1.12757 0.000227683
-1.15501 9.22021e-05
-1.09465 1.69351e-05
-1.12757 1.88168e-06
-1.15501 0.00117605
-1.12757 0.000227683
-1.17147 1.88168e-06
-1.15501 9.22021e-05
-1.13306 0.000318003
-1.20988 0.00286203
-1.17695 0.00451791
-1.11111 0.000995407
-1.12757 0.000995407
-1.14952 0.00117605
-1.1166 1.69351e-05
-1.09465 0.000829819
-1.11111 0.00158249
-1.13855 0.00286203
-1.09465 0.00230505
-1.06173 0.00895866
-1.03978 0.00489424
-1.08916 0.00489424
-1.09465 0.00451791
-1.03429 0.00451791
-1.10562 0.00655012
-1.15501 0.00795008
-1.12757 0.00528563
-1.08368 0.00528563
-1.06722 0.0129629
-1.08368 0.00746837
-1.03978 0.00895866
-1.02881 0.00528563
-1.06173 0.00230505
-1.02332 0.00230505
-1.05624 0.00415662
-1.09465 0.00257602
-1.13306 0.000423377
-1.13855 0.00158249
-1.05075 0.00746837
-1.10014 0.00415662
-1.08368 0.00528563
-1.05624 0.00381039
-1.06173 0.00655012
-1.05624 0.0100275
-1.05075 0.00204915
-1.02332 0.00569207
-1.03978 0.00569207
-1.02881 0.00347922
-1.06173 0.00158249
-1.04527 0.00415662
-1.11111 0.00347922
-1.08916 0.00257602
-1.06722 0.00286203
-1.0727 0.00655012
-1.11111 0.00655012
-1.1166 0.00415662
-1.13855 0.00746837
-1.03978 0.00611357
-1.03429 0.00655012
-1.08368 0.00844685
-1.08368 0.00655012
-1.08368 0.00655012
-1.09465 0.00415662
-1.08916 0.00655012
-1.08368 0.00528563
-1.05624 0.0111565
-1.05624 0.0149048
-1.03978 0.0240271
-1.07819 0.0284679
-1.07819 0.0363559
-1.06173 0.0395622
-1.02332 0.0475707
-1.03978 0.0463814
-1.03429 0.0576263
-1.06173 0.0616456
-1.17147 0.0524781
-1.13855 0.0563167
-1.06722 0.0499943
-1.08916 0.0745163
-1.03978 0.0524781
-1.04527 0.0616456
-1.04527 0.0440482
-0.979424 0.0374096
-1.09465 0.0463814
-1.00137 0.0384784
-0.962963 0.0342936
-1.01783 0.0395622
-0.990398 0.0512286
-0.979424 0.0384784
-1.01783 0.0499943
-1.07819 0.0550221
-1.02332 0.0475707
-1.05075 0.0745163
-1.10014 0.073026
-1.13855 0.0616456
-1.10014 0.080628
-1.13855 0.0715507
-1.13855 0.0969609
-1.16598 0.0902471
-1.16049 0.0715507
-1.16598 0.058951
-1.18244 0.0715507
-1.1989 0.073026
-1.18793 0.080628
-1.22634 0.0644004
-1.25377 0.0952599
-1.24829 0.102154
-1.18244 0.100408
-1.2428 0.0745163
-1.27572 0.0760216
-1.27023 0.077542
-1.20988 0.077542
-1.22634 0.0821935
-1.21536 0.0658003
-1.13855 0.0550221
-1.09465 0.0686454
-1.17147 0.0524781
-1.11111 0.0487749
-1.25926 0.0563167
-1.20439 0.0537426
-1.28669 0.0644004
-1.24829 0.0686454
-1.29218 0.0790775
-1.1989 0.0616456
-1.14952 0.0700906
-1.1989 0.0902471
-1.1166 0.0837741
-1.18244 0.080628
-1.1989 0.080628
-1.17695 0.091903
-1.23731 0.0902471
-1.18244 0.0853698
-1.26475 0.103916
-1.2428 0.105692
-1.1989 0.116666
-1.22634 0.122356
-1.2428 0.0952599
-1.24829 0.0935739
-1.22085 0.0760216
-1.18793 0.0745163
-1.18244 0.0886063
-1.24829 0.077542
-1.2428 0.073026
-1.26475 0.0837741
-1.2428 0.0821935
-1.23731 0.0853698
-1.22634 0.0715507
-1.22634 0.0700906
-1.12757 0.0512286
-1.16049 0.0512286
-1.1989 0.0487749
-1.18244 0.0602908
-1.16049 0.0550221
-1.14952 0.0452073
-1.14403 0.0440482
-1.08368 0.0395622
-1.18793 0.0353172
-1.18244 0.0440482
-1.14952 0.0266464
-1.13855 0.031313
-1.17147 0.033285
-1.13306 0.0284679
-1.12757 0.031313
-1.11111 0.0275496
-1.16049 0.0452073
-1.14403 0.0475707
-1.10562 0.0417751
-1.03429 0.0384784
-1.08368 0.0363559
-1.13306 0.0384784
-1.2428 0.0487749
-1.19342 0.0440482
-1.18244 0.0452073
-1.13306 0.0384784
-1.11111 0.0303496
-1.14952 0.0322914
-1.14403 0.0294012
-1.20988 0.0374096
-1.13855 0.0322914
-1.1166 0.0284679
-1.18244 0.0266464
-1.17695 0.0199627
-1.16049 0.0184423
-1.20988 0.0223562
-1.28121 0.0215433
-1.16598 0.0215433
-1.22085 0.0294012
-1.25926 0.0363559
-1.23182 0.0342936
-1.28121 0.0353172
-1.22634 0.0429041
-1.19342 0.0363559
-1.23182 0.0322914
-1.19342 0.033285
-1.18793 0.0322914
-1.17147 0.0223562
-1.18244 0.0231841
-1.1989 0.0275496
-1.17695 0.0155822
-1.12757 0.0184423
-1.10562 0.0123457
-1.20988 0.019195
-1.19342 0.0169821
-1.19342 0.0257583
-1.18793 0.0284679
-1.14403 0.0294012
-1.13306 0.0406611
-1.1989 0.0406611
-1.22085 0.0395622
-1.17695 0.0417751
-1.19342 0.0363559
-1.17695 0.033285
-1.17695 0.0135951
-1.18793 0.0123457
-1.16049 0.0149048
-1.13855 0.0177047
-1.13306 0.019195
-1.18793 0.0266464
-1.13855 0.0155822
-1.17695 0.0162746
-1.16049 0.0155822
-1.12757 0.0162746
-1.15501 0.0184423
-1.20439 0.0215433
-1.10014 0.0169821
-1.03978 0.0169821
-1.10014 0.0105844
-1.18244 0.0215433
-1.14952 0.0215433
-1.18244 0.0223562
-1.18793 0.0215433
-1.1166 0.00895866
-1.10562 0.0117435
-1.11111 0.00895866
-1.15501 0.0111565
-1.15501 0.00655012
-1.1166 0.00158249
-1.12757 0.00117605
-1.13855 0.00257602
-1.13306 0.00347922
-1.12757 0.00117605
-1.16049 0.00347922
-1.10014 0.00158249
-1.06173 0.00381039
-1.10562 0.0111565
-1.12757 0.00746837
-1.14952 0.00795008
-1.13855 0.00180829
-1.13855 0.00158249
-1.13855 0.00137174
-1.1989 0.00347922
-1.20439 0.00895866
-1.16049 0.0142424
-1.16598 0.00746837
-1.13855 0.00948553
-1.13855 0.00746837
-1.16049 0.00451791
-1.16598 0.00746837
-1.16049 0.0149048
-1.1989 0.0100275
-1.15501 0.0177047
-1.16049 0.0149048
-1.13306 0.0184423
-1.18793 0.0240271
-1.13855 0.0257583
-1.09465 0.0240271
-1.12757 0.0257583
-1.08916 0.0184423
-1.10562 0.0123457
-1.07819 0.0117435
-1.13306 0.00528563
-1.12757 0.0169821
-1.10562 0.0162746
-1.13855 0.0162746
-1.16049 0.0149048
-1.12209 0.0123457
-1.14403 0.0149048
-1.16049 0.0169821
-1.12209 0.0129629
-1.11111 0.00795008
-1.16598 0.0100275
-1.13855 0.00948553
-1.23182 0.00948553
-1.15501 0.0105844
-1.18793 0.019195
-1.23731 0.0162746
-1.17695 0.019195
-1.20988 0.0155822
-1.13855 0.0184423
-1.19342 0.0149048
-1.15501 0.0207455
-1.22634 0.0199627
-1.10014 0.0162746
-1.12757 0.0257583
-1.10562 0.0294012
-1.18244 0.0284679
-1.20988 0.0294012
-1.18244 0.0406611
-1.17695 0.0417751
-1.16598 0.0303496
-1.22634 0.0342936
-1.25926 0.033285
-1.22634 0.0374096
-1.26475 0.033285
-1.2428 0.0199627
-1.2428 0.0294012
-1.26475 0.0363559
-1.23731 0.0512286
-1.17147 0.0537426
-1.14403 0.0524781
-1.18244 0.0550221
-1.27023 0.0644004
-1.28669 0.0563167
-1.25926 0.0499943
-1.20988 0.0475707
-1.26475 0.0487749
-1.23182 0.0284679
-1.23182 0.031313
-1.28121 0.031313
-1.29218 0.0440482
-1.30864 0.031313
-1.21536 0.0353172
-1.23731 0.0215433
-1.23731 0.031313
-1.18244 0.0248852
-1.16598 0.0223562
-1.16049 0.0184423
-1.13855 0.0155822
-1.20439 0.0123457
-1.1989 0.0100275
-1.17695 0.00795008
-1.14952 0.0129629
-1.15501 0.0031631
-1.20439 0.00746837
-1.11111 0.00700172
-1.12209 0.00569207
-1.1166 0.00569207
-1.17695 0.00569207
-1.1989 0.00655012
-1.17695 0.00700172
-1.14403 0.00655012
-1.11111 0.00257602
-1.12209 0.0149048
-1.18793 0.0129629
-1.22634 0.0155822
-1.16049 0.0111565
-1.14952 0.0129629
-1.16049 0.0111565
-1.16049 0.0117435
-1.1166 0.00746837
-1.14403 0.00655012
-1.06722 0.00611357
-1.07819 0.00795008
-1.14952 0.00844685
-1.17147 0.0111565
-1.18793 0.0123457
-1.18793 0.0100275
-1.12757 0.00795008
-1.12209 0.0129629
-1.14403 0.0231841
-1.22634 0.0303496
-1.20439 0.0231841
-1.22634 0.0294012
-1.2428 0.0363559
-1.25377 0.0440482
-1.25926 0.0487749
-1.20988 0.0231841
-1.26475 0.0257583
-1.30316 0.0240271
-1.31962 0.033285
-1.26475 0.0384784
-1.21536 0.0384784
-1.17695 0.0303496
-1.10562 0.0374096
-1.18244 0.0452073
-1.18793 0.0537426
-1.20988 0.0487749
-1.16049 0.0550221
-1.21536 0.0537426
-1.20988 0.0475707
-1.1989 0.0512286
-1.23182 0.0463814
-1.13306 0.031313
-1.12757 0.0215433
-1.13306 0.0342936
-1.07819 0.0169821
-1.03978 0.0223562
-1.16598 0.0231841
-1.13855 0.0395622
-1.11111 0.0284679
-1.16598 0.0353172
-1.15501 0.0342936
-1.18244 0.0512286
-1.16598 0.0440482
-1.22085 0.0602908
-1.14403 0.0700906
-1.19342 0.0745163
-1.24829 0.0853698
-1.22634 0.080628
-1.24829 0.0602908
-1.25377 0.0452073
-1.25377 0.0512286
-1.25926 0.0395622
-1.23182 0.0429041
-1.18244 0.0353172
-1.25926 0.0406611
-1.19342 0.0248852
-1.21536 0.0294012
-1.28669 0.031313
-1.25926 0.0363559
-1.18793 0.0429041
-1.22634 0.0499943
-1.20439 0.058951
-1.11111 0.0463814
-1.20988 0.0550221
-1.14952 0.0463814
-1.13855 0.0374096
-1.1166 0.0452073
-1.14952 0.0452073
-1.19342 0.0499943
-1.22085 0.0499943
-1.16049 0.0512286
-1.14952 0.0440482
-1.19342 0.0524781
-1.18793 0.0563167
-1.18793 0.0440482
-1.26475 0.0616456
-1.24829 0.0440482
-1.20439 0.0395622
-1.20439 0.033285
-1.25377 0.0353172
-1.25377 0.0395622
-1.25377 0.0353172
-1.25377 0.0417751
-1.23731 0.031313
-1.27572 0.0294012
-1.2428 0.0240271
-1.2428 0.0240271
-1.20988 0.0162746
-1.18793 0.0142424
-1.14952 0.0199627
-1.22085 0.0284679
-1.2428 0.0240271
-1.24829 0.0266464
-1.16049 0.0417751
-1.12757 0.0384784
-1.2428 0.0452073
-1.21536 0.0576263
-1.23182 0.0487749
-1.19342 0.0475707
-1.20439 0.0550221
-1.22634 0.0550221
-1.1989 0.0672154
-1.14403 0.0563167
-1.17695 0.0512286
-1.19342 0.0715507
-1.18793 0.0524781
-1.12209 0.0616456
-1.25377 0.0630155
-1.21536 0.0463814
-1.27572 0.0563167
-1.2428 0.0524781
-1.29218 0.0524781
-1.33059 0.0524781
-1.28669 0.0576263
-1.30316 0.0563167
-1.29767 0.0602908
-1.35802 0.0576263
-1.27023 0.0602908
-1.27023 0.0512286
-1.21536 0.0537426
-1.26475 0.0745163
-1.24829 0.0700906
-1.19342 0.0499943
-1.25377 0.0463814
-1.21536 0.0686454
-1.18244 0.0935739
-1.21536 0.0935739
-1.16049 0.0902471
-1.2428 0.105692
-1.28121 0.0935739
-1.2428 0.077542
-1.20439 0.0790775
-1.28669 0.0853698
-1.26475 0.100408
-1.28121 0.091903
-1.25926 0.107483
-1.20988 0.10929
-1.29767 0.10929
-1.19342 0.091903
-1.22634 0.0837741
-1.18793 0.077542
-1.23182 0.0821935
-1.17147 0.098677
-1.13855 0.098677
-1.18244 0.10929
-1.20988 0.100408
-1.17147 0.098677
-1.12757 0.100408
-1.09465 0.122356
-1.13855 0.098677
-1.18793 0.107483
-1.17147 0.124283
-1.17695 0.120444
-1.16049 0.0969609
-1.13306 0.112948
-1.13306 0.0886063
-1.10014 0.102154
-1.10014 0.118547
-1.17695 0.120444
-1.11111 0.10929
-1.08916 0.098677
-1.16598 0.103916
-1.18793 0.128182
-1.18244 0.120444
-1.14403 0.124283
-1.13855 0.105692
-1.07819 0.112948
-1.11111 0.098677
-1.07819 0.100408
-1.07819 0.0902471
-1.12209 0.0935739
-1.18244 0.0902471
-1.20988 0.0952599
-1.29218 0.105692
-1.20439 0.107483
-1.23731 0.132141
-1.3251 0.114799
-1.25377 0.0902471
-1.28121 0.120444
-1.30864 0.116666
-1.34156 0.107483
-1.27572 0.126225
-1.2428 0.13616
-1.29767 0.130154
-1.25377 0.116666
-1.28121 0.111111
-1.17147 0.112948
-1.23731 0.091903
-1.19342 0.0952599
-1.16598 0.100408
-1.14403 0.0869805
-1.20988 0.111111
-1.17147 0.100408
-1.10014 0.116666
-1.13306 0.114799
-1.20988 0.0935739
-1.18244 0.102154
-1.16598 0.120444
-1.17695 0.105692
-1.1989 0.111111
-1.23731 0.107483
-1.18793 0.118547
-1.19342 0.114799
-1.24829 0.120444
-1.30864 0.116666
-1.29218 0.112948
-1.31962 0.112948
-1.29218 0.112948
-1.25377 0.0821935
-1.23731 0.0837741
-1.23182 0.077542
-1.18793 0.0853698
-1.1989 0.0853698
-1.12209 0.0658003
-1.17147 0.0672154
-1.18793 0.0686454
-1.22634 0.073026
-1.22085 0.0512286
-1.22085 0.0499943
-1.18244 0.0616456
-1.18244 0.0616456
-1.16598 0.0452073
-1.13306 0.0384784
-1.09465 0.031313
-1.13306 0.0322914
-1.08916 0.0257583
-1.04527 0.019195
-1.08368 0.0275496
-1.08916 0.033285
-1.10562 0.0406611
-1.11111 0.0363559
-1.0727 0.0266464
-1.08368 0.0417751
-1.0727 0.0512286
-1.08916 0.0576263
-1.08916 0.0512286
-1.08368 0.0417751
-1.03978 0.0417751
-1.00686 0.0294012
-1.13855 0.0353172
-1.08916 0.0395622
-1.10562 0.0353172
-1.09465 0.0275496
-1.12757 0.0353172
-1.18244 0.0248852
-1.17695 0.0303496
-1.1166 0.0111565
-1.08916 0.0184423
-1.1166 0.0135951
-1.17147 0.0177047
-1.08368 0.019195
-1.13855 0.0184423
-1.05075 0.0275496
-1.14952 0.0342936
-1.16049 0.0374096
-1.12757 0.0353172
-1.14403 0.033285
-1.16049 0.0384784
-1.14952 0.0284679
-1.13306 0.0353172
-1.08368 0.0207455
-1.16598 0.0322914
-1.08368 0.0240271
-1.10014 0.0248852
-1.00686 0.019195
-1.1166 0.0266464
-1.12209 0.0452073
-1.16049 0.0353172
-1.14403 0.0363559
-1.12757 0.031313
-1.14952 0.0322914
-1.18793 0.0463814
-1.14952 0.0303496
-1.15501 0.033285
-1.19342 0.0353172
-1.17695 0.0294012
-1.1166 0.0353172
-1.20988 0.0463814
-1.19342 0.0429041
-1.16598 0.0487749
-1.1989 0.0745163
-1.19342 0.0576263
-1.17147 0.0576263
-1.18244 0.0499943
-1.14952 0.0440482
-1.12209 0.0406611
-1.15501 0.0303496
-1.15501 0.0406611
-1.13306 0.033285
-1.13855 0.0384784
-1.07819 0.0395622
-1.1166 0.0353172
-1.0727 0.0184423
-1.02332 0.0169821
-0.995885 0.0406611
-1.05075 0.0363559
-1.08368 0.0475707
-1.06722 0.0463814
-1.15501 0.0630155
-1.14403 0.0524781
-1.10014 0.0463814
-1.14403 0.0487749
-1.13855 0.0475707
-1.20988 0.0630155
-1.14952 0.0550221
-1.21536 0.0395622
-1.2428 0.0475707
-1.22634 0.0440482
-1.28669 0.0429041
-1.31962 0.0487749
-1.24829 0.0384784
-1.24829 0.0537426
-1.20439 0.0452073
-1.25926 0.058951
-1.20988 0.0417751
-1.20988 0.0499943
-1.25377 0.0576263
-1.27572 0.0644004
-1.27023 0.0686454
-1.28669 0.0658003
-1.28121 0.0630155
-1.27023 0.0440482
-1.27572 0.0524781
-1.25377 0.0342936
-1.26475 0.0384784
-1.22085 0.0374096
-1.23182 0.0374096
-1.22634 0.0275496
-1.24829 0.0284679
-1.24829 0.033285
-1.29218 0.0342936
-1.25377 0.0275496
-1.18793 0.0231841
-1.18793 0.0231841
-1.2428 0.0231841
-1.13306 0.0284679
-1.13306 0.0223562
-1.17695 0.0294012
-1.28121 0.0294012
-1.24829 0.0231841
-1.17695 0.0284679
-1.11111 0.0240271
-1.14952 0.0248852
-1.0727 0.0248852
-1.12757 0.0303496
-1.12757 0.0215433
-1.10014 0.0294012
-1.15501 0.0257583
-1.17147 0.0275496
-1.12209 0.0248852
-1.19342 0.0240271
-1.1989 0.0240271
-1.19342 0.0162746
-1.18244 0.0117435
-1.20988 0.0177047
-1.16049 0.019195
-1.20439 0.0257583
-1.23731 0.0275496
-1.22634 0.0303496
-1.16598 0.0303496
-1.27572 0.0266464
-1.17147 0.033285
-1.21536 0.0294012
-1.23731 0.0374096
-1.22634 0.0440482
-1.20988 0.0475707
-1.22085 0.0440482
-1.19342 0.0429041
-1.17147 0.0363559
-1.1989 0.031313
-1.21536 0.0452073
-1.25377 0.0322914
-1.19342 0.0342936
-1.20439 0.0353172
-1.16598 0.0463814
-1.08368 0.058951
-1.18793 0.0700906
-1.2428 0.0658003
-1.17695 0.0406611
-1.17695 0.0550221
-1.14403 0.0644004
-1.14952 0.0700906
-1.18793 0.0602908
-1.16049 0.0790775
-1.15501 0.102154
-1.10562 0.0969609
-1.13306 0.102154
-1.06722 0.0935739
-1.15501 0.0869805
-1.2428 0.103916
-1.16598 0.114799
-1.17695 0.120444
-1.22634 0.128182
-1.22634 0.10929
-1.16598 0.118547
-1.19342 0.102154
-1.17147 0.111111
-1.15501 0.111111
-1.18793 0.138192
-1.16598 0.124283
-1.16598 0.111111
-1.16049 0.134143
-1.18244 0.122356
-1.21536 0.146472
-1.16598 0.124283
-1.20439 0.124283
-1.27023 0.124283
-1.20988 0.126225
-1.23731 0.10929
-1.21536 0.107483
-1.23182 0.116666
-1.20439 0.112948
-1.23182 0.152839
-1.24829 0.13616
-1.22634 0.130154
-1.2428 0.138192
-1.2428 0.159342
-1.28121 0.146472
-1.23182 0.138192
-1.18244 0.150702
-1.31962 0.168224
-1.30316 0.172755
-1.28669 0.177346
-1.26475 0.154992
-1.25377 0.189088
-1.28121 0.179664
-1.22085 0.140239
-1.21536 0.138192
-1.27572 0.157159
-1.27023 0.175043
-1.25377 0.165981
-1.28121 0.196313
-1.22085 0.186709
-1.19342 0.170482
-1.17695 0.152839
-1.21536 0.19389
-1.2428 0.179664
-1.29767 0.177346
-1.23731 0.16154
-1.28669 0.175043
-1.30316 0.159342
-1.27023 0.132141
-1.30316 0.138192
-1.29767 0.148579
-1.3251 0.144379
-1.28669 0.146472
-1.30316 0.140239
-1.31413 0.146472
-1.26475 0.128182
-1.26475 0.142302
-1.28669 0.134143
-1.28121 0.138192
-1.28669 0.142302
-1.17695 0.130154
-1.30316 0.134143
-1.30316 0.134143
-1.28669 0.112948
-1.21536 0.124283
-1.17695 0.105692
-1.18244 0.102154
-1.16598 0.077542
-1.17695 0.0869805
-1.14403 0.0952599
-1.13855 0.10929
-1.18244 0.114799
-1.13306 0.0869805
-1.05075 0.0853698
-1.13306 0.10929
-1.12209 0.0952599
-1.09465 0.091903
-1.15501 0.102154
-1.11111 0.077542
-1.12757 0.0935739
-1.19342 0.100408
-1.24829 0.0902471
-1.23182 0.098677
-1.24829 0.102154
-1.2428 0.098677
-1.22085 0.103916
-1.23731 0.0952599
-1.26475 0.0969609
-1.18244 0.0886063
-1.16049 0.0902471
-1.21536 0.118547
-1.18793 0.107483
-1.18793 0.0969609
-1.20988 0.0969609
-1.15501 0.114799
-1.14952 0.080628
-1.16598 0.0969609
-1.1166 0.0869805
-1.03978 0.0869805
-1.08916 0.0853698
-1.13306 0.0644004
-1.12209 0.0616456
-1.02332 0.058951
-1.12757 0.0745163
-1.14403 0.0745163
-1.13306 0.0821935
-1.09465 0.0760216
-1.17147 0.0745163
-1.14403 0.0790775
-1.18793 0.0715507
-1.14403 0.0715507
-1.18244 0.0644004
-1.18244 0.0715507
-1.16598 0.0658003
-1.18793 0.0630155
-1.19342 0.0672154
-1.14403 0.077542
-1.10014 0.0686454
-1.14403 0.080628
-1.14952 0.0886063
-1.16598 0.103916
-1.16598 0.091903
-1.14403 0.091903
-1.12757 0.0853698
-1.14952 0.058951
-1.1166 0.080628
-1.10562 0.0760216
-1.13855 0.0869805
-1.14952 0.080628
-1.09465 0.0745163
-1.11111 0.0658003
-1.16049 0.0658003
-1.20439 0.0616456
-1.1166 0.0537426
-1.16598 0.0630155
-1.15501 0.0602908
-1.19342 0.0524781
-1.18244 0.0563167
-1.15501 0.0463814
-1.13855 0.0602908
-1.1166 0.0700906
-1.23182 0.0715507
-1.20988 0.0512286
-1.23182 0.0576263
-1.24829 0.0644004
-1.22085 0.0715507
-1.1989 0.0563167
-1.28121 0.0715507
-1.20988 0.073026
-1.22085 0.077542
-1.19342 0.0760216
-1.15501 0.0524781
-1.20988 0.0499943
-1.23182 0.0524781
-1.22085 0.0512286
-1.1989 0.0524781
-1.16598 0.0512286
-1.16049 0.0475707
-1.15501 0.0487749
-1.10014 0.0429041
-1.14952 0.0417751
-1.12209 0.0550221
-1.16598 0.0524781
-1.20439 0.058951
-1.20439 0.0550221
-1.19342 0.0512286
-1.14403 0.0440482
-1.13855 0.0563167
-1.17695 0.0616456
-1.0727 0.0475707
-1.12209 0.0616456
-1.07819 0.0576263
-1.15501 0.073026
-1.12757 0.0672154
-1.13855 0.0644004
-1.13855 0.0644004
-1.20439 0.0715507
-1.22085 0.0853698
-1.19342 0.103916
-1.23182 0.118547
-1.23182 0.116666
-1.24829 0.130154
-1.19342 0.128182
-1.1989 0.126225
-1.14403 0.114799
-1.12209 0.112948
-1.08916 0.091903
-1.10014 0.112948
-1.12209 0.128182
-1.14403 0.126225
-1.1166 0.114799
-1.08368 0.111111
-1.08368 0.140239
-1.06722 0.146472
-1.14952 0.179664
-1.07819 0.142302
-1.03429 0.179664
-1.11111 0.165981
-1.13855 0.165981
-1.08368 0.150702
-1.14952 0.159342
-1.08368 0.126225
-1.10562 0.128182
-1.07819 0.13616
-1.02332 0.13616
-1.05624 0.116666
-1.05075 0.0886063
-1.08368 0.107483
-1.06722 0.098677
-1.06173 0.116666
-1.12209 0.126225
-1.10014 0.120444
-1.07819 0.10929
-1.13855 0.130154
-1.13855 0.126225
-1.10014 0.120444
-1.14403 0.128182
-1.10562 0.112948
-1.11111 0.132141
-1.02881 0.116666
-1.15501 0.13616
-1.08916 0.098677
-1.0727 0.134143
-1.09465 0.130154
-1.1989 0.148579
-1.12209 0.134143
-1.14403 0.150702
-1.15501 0.140239
-1.20988 0.148579
-1.1166 0.140239
-1.12209 0.118547
-1.22085 0.148579
-1.14403 0.120444
-1.17147 0.138192
-1.15501 0.150702
-1.12757 0.134143
-1.10014 0.112948
-1.14403 0.116666
-1.10562 0.128182
-1.10014 0.0935739
-1.14952 0.132141
-1.20439 0.132141
-1.16049 0.148579
-1.15501 0.100408
-1.18244 0.091903
-1.16598 0.105692
-1.18244 0.100408
-1.14403 0.0869805
-1.14403 0.0658003
-1.16598 0.0837741
-1.10014 0.0602908
-1.15501 0.0475707
-1.09465 0.0429041
-1.18793 0.0576263
-1.17147 0.058951
-1.20988 0.0524781
-1.16049 0.0537426
-1.08368 0.0512286
-1.15501 0.0550221
-1.17147 0.0644004
-1.16598 0.0672154
-1.16049 0.0644004
-1.17147 0.0550221
-1.18244 0.0537426
-1.19342 0.0512286
-1.14952 0.0512286
-1.18244 0.0524781
-1.11111 0.0550221
-1.12209 0.0745163
-1.07819 0.0644004
-1.14952 0.073026
-1.04527 0.0821935
-1.02881 0.0969609
-1.07819 0.10929
-1.10562 0.120444
-1.07819 0.098677
-1.12209 0.0902471
-1.10014 0.111111
-1.11111 0.122356
-1.0727 0.112948
-1.13855 0.0952599
-1.14952 0.0886063
-1.13306 0.100408
-1.18793 0.118547
-1.18244 0.122356
-1.15501 0.112948
-1.13855 0.116666
-1.11111 0.102154
-1.13306 0.0952599
-1.13306 0.0935739
-1.09465 0.100408
-1.1166 0.0902471
-1.06722 0.077542
-1.12209 0.0630155
-1.14403 0.0686454
-1.08916 0.0630155
-1.08916 0.0576263
-1.05624 0.0487749
-1.13855 0.058951
-1.07819 0.0537426
-1.05624 0.0563167
-1.08916 0.0417751
-1.05624 0.0374096
-1.05075 0.033285
-0.962963 0.0463814
-1.00137 0.0487749
-0.995885 0.0406611
-0.995885 0.0395622
-1.05624 0.0440482
-1.08916 0.0630155
-0.979424 0.0303496
-0.951989 0.0384784
-1.03978 0.0417751
-1.05075 0.0417751
-1.02881 0.0463814
-1.00686 0.0342936
-1.03978 0.0550221
-1.09465 0.0616456
-1.06173 0.0475707
-1.03429 0.0452073
-1.10562 0.0658003
-1.02332 0.0322914
-1.02332 0.031313
-1.00137 0.031313
-1.03978 0.0257583
-1.01235 0.0199627
-1.11111 0.0184423
-1.08368 0.0184423
-1.1166 0.0223562
-1.12209 0.0199627
-1.07819 0.0177047
-1.06722 0.0149048
-1.05624 0.0123457
-1.05624 0.0117435
-1.05075 0.0184423
-1.03429 0.0129629
-1.08368 0.00948553
-1.06722 0.0031631
-1.0727 0.00204915
-1.09465 0.000227683
-1.07819 0.000995407
-1.10562 4.70419e-05
-1.16598 0.00158249
-1.10562 0.00117605
-1.13306 0.00230505
-1.04527 0.00257602
-1.11111 0.00347922
-1.09465 0.00117605
-1.0727 4.70419e-05
-1.13855 9.22021e-05
-1.15501 9.22021e-05
-1.14952 0.000318003
-1.13855 0.000318003
-1.10014 0.000679285
-1.12757 0.000152416
-1.12757 9.22021e-05
-1.09465 1.69351e-05
-1.13855 0.000995407
-1.16598 0.000423377
-1.18244 0.000829819
-1.18793 1.69351e-05
-1.12209 9.22021e-05
-1.15501 0.000423377
-1.19342 0.000679285
-1.17695 1.88168e-06
-1.17147 1.88168e-06
-1.17695 0.000318003
-1.14403 0.000423377
-1.18244 0.000679285
-1.20439 0.000318003
-1.26475 4.70419e-05
-1.24829 9.22021e-05
-1.23731 0.000152416
-1.22634 1.88168e-06
-1.19342 1.69351e-05
-1.1989 0.00257602
-1.14403 0.00257602
-1.14403 0.00230505
-1.17695 0.00257602
-1.13306 0.00257602
-1.08368 0.000227683
-1.08368 1.88168e-06
-1.08368 1.69351e-05
-1.03978 1.69351e-05
-1.11111 0.000543804
-1.16049 0.00158249
-1.12757 0.00257602
-1.08368 0.00204915
-1.08916 0.000543804
-1.11111 0.00117605
-1.08916 0.00204915
-1.10562 0.00611357
-1.18244 0.00569207
-1.14403 0.00180829
-1.16049 0.00489424
-1.15501 0.00117605
-1.05624 1.69351e-05
-1.1989 0.000152416
-1.14403 4.70419e-05
-1.16049 0.000152416
-1.06173 0.000318003
-1.0727 0.000679285
-1.13855 4.70419e-05
-1.16598 0.000543804
-1.1166 0.000543804
-1.10562 0.000829819
-1.14952 0.000829819
-1.15501 0.00180829
-1.08916 0.00204915
-1.0727 0.00180829
-1.02881 0.000679285
-1.08368 0.00180829
-1.08916 0.00415662
-1.0727 0.0031631
-1.14952 0.00204915
-1.18244 0.000679285
-1.10562 0.000227683
-1.11111 0.000318003
-1.12209 9.22021e-05
-1.10014 0.000679285
-1.16049 0.00180829
-1.1166 0.00158249
-1.13855 0.000318003
-1.10014 0.000543804
-1.09465 0.000423377
-1.15501 0.00117605
-1.1166 0.000227683
-1.14403 1.69351e-05
-1.15501 0.00180829
-1.13306 0.00204915
-1.16049 0.000152416
-1.0727 1.69351e-05
-1.17147 1.69351e-05
-1.1166 1.69351e-05
-1.12209 0.000318003
-1.14952 0.000152416
-1.17147 0.000543804
-1.1989 0.00180829
-1.18793 0.000423377
-1.20439 0.00180829
-1.20988 4.70419e-05
-1.18793 0.000679285
-1.18793 0.000318003
-1.16049 0.000829819
-1.1989 0.000995407
-1.19342 0.0031631
-1.22085 0.00451791
-1.20439 0.0100275
-1.23731 0.00895866
-1.23182 0.00895866
-1.19342 0.0100275
-1.18244 0.0105844
-1.15501 0.0177047
-1.27023 0.0199627
-1.14403 0.0149048
-1.17695 0.0223562
-1.18244 0.0135951
-1.13306 0.0155822
-1.1989 0.0162746
-1.07819 0.019195
-1.10014 0.00844685
-1.06722 0.0129629
-1.0727 0.0100275
-1.12757 0.00948553
-1.07819 0.00948553
-1.08916 0.0123457
-1.12757 0.00948553
-1.13855 0.00746837
-1.17147 0.00381039
-1.1166 0.00611357
-1.12209 0.0031631
-1.13306 0.00489424
-1.10562 0.00180829
-1.10014 0.000829819
-1.07819 0.000543804
-1.12757 1.69351e-05
-1.16598 1.88168e-06
-1.1166 0.000318003
-1.14403 0.000423377
-1.12757 0.000543804
-1.16049 0.000152416
-1.17147 4.70419e-05
-1.17695 0.00257602
-1.18244 0.00204915
-1.13306 0.000995407
-1.17695 0.000318003
-1.18244 0.00381039
-1.20439 0.000995407
-1.18244 0.00158249
-1.17147 1.69351e-05
-1.16598 0.000995407
-1.16049 0.000318003
-1.14403 0.000543804
-1.14952 1.88168e-06
-1.14403 0.000829819
-1.14952 9.22021e-05
-1.19342 1.69351e-05
-1.18244 0.000543804
-1.13855 0.00204915
-1.12209 0.00180829
-1.14952 0.00286203
-1.1166 0.00137174
-1.11111 0.00381039
-1.1166 0.00180829
-1.09465 0.00528563
-1.17147 0.00415662
-1.16049 0.000679285
-1.14403 0.00158249
-1.17695 0.000995407
-1.14952 0.00137174
-1.20439 0.000679285
-1.13855 0.00489424
-1.16598 0.00489424
-1.15501 0.00700172
-1.12757 0.00655012
-1.14952 0.00528563
-1.23731 0.00257602
-1.22085 0.00347922
-1.24829 0.00700172
-1.23731 0.00415662
-1.23731 0.00415662
-1.24829 0.00415662
-1.25926 0.00451791
-1.23731 0.00347922
-1.2428 0.00569207
-1.19342 0.00611357
-1.26475 0.000829819
-1.20988 0.00204915
-1.17147 0.00257602
-1.20988 0.00158249
-1.18244 0.00180829
-1.23182 0.00230505
-1.20439 0.00137174
-1.17147 0.000318003
-1.19342 0.00528563
-1.23182 0.0105844
-1.23182 0.0100275
-1.17147 0.00700172
-1.16049 0.00948553
-1.16049 0.00528563
-1.14952 0.00286203
-1.10562 0.00569207
-1.06173 0.0111565
-1.15501 0.00795008
-1.10562 0.0105844
-1.14952 0.00795008
-1.13855 0.00746837
-1.06722 0.00230505
-1.17147 0.00286203
-1.18244 0.00286203
-1.15501 0.00117605
-1.10562 0.00137174
-1.13855 0.00137174
-1.18793 0.00204915
-1.19342 0.00611357
-1.17147 0.00415662
-1.16049 0.00204915
-1.14952 0.0031631
-1.09465 0.000318003
-1.11111 0.000423377
-1.1989 0.00230505
-1.1989 0.000679285
-1.23182 1.69351e-05
-1.17147 1.88168e-06
-1.17695 4.70419e-05
-1.21536 0.000543804
-1.17147 1.88168e-06
-1.21536 0.000829819
-1.25377 0.000829819
-1.20988 0.00257602
-1.14952 0.00528563
-1.18244 0.00528563
-1.18793 0.00611357
-1.20439 0.00489424
-1.12209 0.00286203
-1.16049 0.00117605
-1.14952 0.00257602
-1.12757 0.00528563
-1.14403 0.0031631
-1.11111 0.000543804
-1.16598 0.000829819
-1.09465 0.000543804
-1.14952 0.00230505
-1.18244 0.00158249
-1.13306 0.00257602
-1.14403 0.00700172
-1.10014 0.00180829
-1.12209 0.00381039
-1.13306 0.00569207
-1.03978 0.00528563
-1.08368 0.00415662
-1.03978 0.00655012
-1.0727 0.00347922
-0.984911 0.00180829
-1.11111 0.00347922
-1.08916 0.00230505
-1.07819 0.00180829
-1.08916 0.000543804
-1.0727 0.000227683
-1.10562 0.00257602
-1.13306 0.00230505
-1.12757 0.00347922
-1.10014 0.00257602
-1.08368 0.000995407
-1.1166 0.0031631
-1.10014 0.00347922
-1.1166 0.00347922
-1.12757 0.00347922
-1.10562 0.00948553
-1.08916 0.00451791
-1.09465 0.000995407
-1.08916 0.00117605
-1.1166 0.000423377
-1.10562 0.00117605
-1.0727 0.00180829
-1.06173 0.000318003
-1.05624 0.00158249
-1.16049 0.000829819
-1.10014 0.000227683
-1.10562 9.22021e-05
-1.13306 1.88168e-06
-1.04527 0.000423377
-1.14403 0.00180829
-1.16049 0.000543804
-1.02332 0.000543804
-1.06173 0.00158249
-1.09465 0.00137174
-1.10014 0.00204915
-1.12757 0.000679285
-1.06173 0.00158249
-1.10562 1.88168e-06
-1.03429 4.70419e-05
-1.09465 4.70419e-05
-1.10562 0.00180829
-1.0727 0.000227683
-1.11111 1.88168e-06
-1.15501 0.000227683
-1.13306 0.000423377
-1.13306 0.000543804
-1.16598 0.000227683
-1.18793 0.000679285
-1.18244 1.88168e-06
-1.18793 0.000543804
-1.14403 1.88168e-06
-1.09465 9.22021e-05
-1.04527 0.000543804
-1.14952 0.000152416
-1.17147 1.88168e-06
-1.18793 1.88168e-06
-1.20439 0.000679285
-1.15501 0.00204915
-1.16049 0.000995407
-1.16598 0.00180829
-1.13855 0.00230505
-1.13855 0.00381039
-1.05075 0.00347922
-1.07819 0.000829819
-1.12757 0.00117605
-1.05624 0.000227683
-1.06173 0.00451791
-1.16049 0.00158249
-1.16598 0.00655012
-1.18793 0.00655012
-1.13855 0.00844685
-1.12757 0.0111565
-1.18793 0.00746837
-1.25377 0.0142424
-1.17147 0.0100275
-1.18793 0.00569207
-1.17147 0.0100275
-1.17695 0.0149048
-1.18244 0.00844685
-1.1989 0.0105844
-1.25377 0.0149048
-1.2428 0.0129629
-1.21536 0.0111565
-1.20439 0.0117435
-1.23182 0.0117435
-1.25377 0.0123457
-1.21536 0.00569207
-1.25926 0.0100275
-1.2428 0.0129629
-1.16049 0.0155822
-1.1989 0.0117435
-1.25377 0.00895866
-1.25926 0.0135951
-1.24829 0.0100275
-1.2428 0.00948553
-1.20439 0.0117435
-1.12209 0.00528563
-1.19342 0.00895866
-1.17147 0.00528563
-1.22085 0.00381039
-1.25377 0.0100275
-1.23182 0.0162746
-1.20439 0.0117435
-1.23731 0.00611357
-1.29218 0.0135951
-1.17695 0.0100275
-1.22085 0.0105844
-1.21536 0.0184423
-1.14403 0.0207455
-1.1989 0.0142424
-1.22085 0.00948553
-1.23182 0.0117435
-1.17695 0.0117435
-1.23182 0.00844685
-1.23182 0.0149048
-1.20988 0.0117435
-1.18244 0.00895866
-1.26475 0.00844685
-1.29218 0.00700172
-1.33608 0.00895866
-1.369 0.00611357
-1.28669 0.00700172
-1.27572 0.0100275
-1.30316 0.0111565
-1.33608 0.0142424
-1.29218 0.0135951
-1.28121 0.0105844
-1.23731 0.00611357
-1.1989 0.00746837
-1.2428 0.00489424
-1.2428 0.00158249
-1.25377 0.00489424
-1.18793 0.00489424
-1.15501 0.00381039
-1.17147 0.00700172
-1.13306 0.00230505
-1.18244 0.000829819
-1.1989 0.00158249
-1.25926 0.000995407
-1.1989 0.0031631
-1.16049 0.00611357
-1.19342 0.00700172
-1.22085 0.00569207
-1.13855 0.00844685
-1.20988 0.00611357
-1.09465 0.00700172
-1.12757 0.00347922
-1.06173 0.00948553
-1.08916 0.00569207
-1.14403 0.00844685
-1.08368 0.00746837
-1.13855 0.00895866
-1.06722 0.0129629
-1.09465 0.00948553
-1.12757 0.0117435
-1.20988 0.00795008
-1.17695 0.0111565
-1.13855 0.0100275
-1.06722 0.0123457
-1.10014 0.0100275
-1.20439 0.0135951
-1.19342 0.0123457
-1.18793 0.00895866
-1.18793 0.00746837
-1.15501 0.0142424
-1.12757 0.00895866
-1.14403 0.0169821
-1.15501 0.0155822
-1.16049 0.0117435
-1.1989 0.0142424
-1.17147 0.0117435
-1.17147 0.0207455
-1.17695 0.0149048
-1.18244 0.0169821
-1.15501 0.0135951
-1.19342 0.0177047
-1.16049 0.0223562
-1.18244 0.0266464
-1.15501 0.031313
-1.15501 0.0294012
-1.18244 0.0429041
-1.17695 0.0322914
-1.18793 0.0563167
-1.20988 0.0524781
-1.18793 0.0550221
-1.14952 0.0417751
-1.16049 0.0322914
-1.17147 0.0417751
-1.20439 0.0417751
-1.13306 0.033285
-1.14403 0.0384784
-1.14952 0.0342936
-1.18793 0.0303496
-1.23731 0.0374096
-1.22634 0.0353172
-1.20439 0.0374096
-1.18244 0.0384784
-1.22634 0.0406611
-1.09465 0.0406611
-1.22634 0.0406611
-1.17147 0.0550221
-1.25377 0.0475707
-1.25377 0.0550221
-1.22085 0.0452073
-1.22634 0.0512286
-1.23182 0.0672154
-1.18244 0.0630155
-1.18244 0.0658003
-1.13306 0.0700906
-1.17147 0.0821935
-1.17147 0.077542
-1.22085 0.0672154
-1.17695 0.0644004
-1.20439 0.0658003
-1.22085 0.077542
-1.19342 0.0745163
-1.17695 0.0576263
-1.19342 0.0475707
-1.16598 0.0672154
-1.15501 0.0563167
-1.18244 0.0487749
-1.20988 0.0395622
-1.22634 0.0576263
-1.22634 0.0537426
-1.16598 0.0563167
-1.13855 0.0463814
-1.17147 0.0363559
-1.17695 0.0475707
-1.20439 0.0374096
-1.22085 0.0353172
-1.22085 0.031313
-1.18793 0.0240271
-1.12757 0.0266464
-1.2428 0.0342936
-1.18244 0.0342936
-1.12757 0.0303496
-1.18793 0.0563167
-1.18793 0.0429041
-1.28669 0.0512286
-1.28669 0.0512286
-1.23731 0.0487749
-1.22634 0.058951
-1.23731 0.0550221
-1.2428 0.0429041
-1.23182 0.0644004
-1.20439 0.0499943
-1.2428 0.0475707
-1.24829 0.0475707
-1.1989 0.0487749
-1.27572 0.0524781
-1.29218 0.0550221
-1.21536 0.0475707
-1.23182 0.0524781
-1.27023 0.0715507
-1.30316 0.058951
-1.30864 0.0602908
-1.28121 0.073026
-1.31962 0.0644004
-1.33059 0.0715507
-1.18793 0.058951
-1.27023 0.0630155
-1.28121 0.0715507
-1.23731 0.0700906
-1.26475 0.073026
-1.23182 0.0853698
-1.16049 0.0969609
-1.20988 0.0745163
-1.31413 0.0837741
-1.26475 0.0700906
-1.20988 0.0745163
-1.30316 0.0790775
-1.29767 0.0837741
-1.2428 0.0686454
-1.31962 0.077542
-1.34156 0.0853698
-1.30864 0.0790775
-1.35254 0.0902471
-1.28121 0.0644004
-1.23731 0.0644004
-1.16049 0.0487749
-1.23182 0.0563167
-1.2428 0.0576263
-1.18793 0.0672154
-1.20988 0.0602908
-1.22634 0.058951
-1.19342 0.0715507
-1.23731 0.073026
-1.20988 0.105692
-1.24829 0.0745163
-1.21536 0.0686454
-1.19342 0.0837741
-1.29218 0.100408
-1.28121 0.091903
-1.20988 0.0821935
-1.25377 0.0760216
-1.23731 0.0837741
-1.28121 0.073026
-1.22634 0.0853698
-1.28669 0.0700906
-1.28669 0.0853698
-1.25926 0.091903
-1.25926 0.0952599
-1.30316 0.0700906
-1.28121 0.0672154
-1.28121 0.0853698
-1.2428 0.0821935
-1.27572 0.0935739
-1.31962 0.091903
-1.25926 0.0821935
-1.26475 0.0853698
-1.26475 0.0869805
-1.29767 0.0869805
-1.3251 0.0902471
-1.26475 0.102154
-1.28121 0.0969609
-1.31962 0.0902471
-1.34156 0.0902471
-1.31962 0.0952599
-1.28669 0.0837741
-1.31962 0.0821935
-1.39095 0.091903
-1.33059 0.091903
-1.3251 0.098677
-1.25926 0.0821935
-1.31413 0.098677
-1.31962 0.0745163
-1.33059 0.0715507
-1.3251 0.0563167
-1.38546 0.0630155
-1.35802 0.0576263
-1.34705 0.0440482
-1.40741 0.0524781
-1.31962 0.0602908
-1.31413 0.0602908
-1.30864 0.0616456
-1.22634 0.0417751
-1.27572 0.0487749
-1.25926 0.0512286
-1.21536 0.0374096
-1.18793 0.0395622
-1.17147 0.0576263
-1.19342 0.0512286
-1.20439 0.0499943
-1.19342 0.0644004
-1.18244 0.0616456
-1.1989 0.0563167
-1.1989 0.0644004
-1.23182 0.0537426
-1.29767 0.0550221
-1.24829 0.0417751
-1.2428 0.0475707
-1.17695 0.0602908
-1.18244 0.0616456
-1.19342 0.0487749
-1.27023 0.0658003
-1.1989 0.0602908
-1.25377 0.0644004
-1.19342 0.0644004
-1.19342 0.0512286
-1.26475 0.0487749
-1.2428 0.0524781
-1.21536 0.0417751
-1.18244 0.0550221
-1.16049 0.0499943
-1.18244 0.0576263
-1.20439 0.0686454
-1.23182 0.0715507
-1.21536 0.0475707
-1.13855 0.0537426
-1.17147 0.0499943
-1.17147 0.0487749
-1.13306 0.0475707
-1.08368 0.0563167
-1.12757 0.0475707
-1.19342 0.0429041
-1.2428 0.0537426
-1.24829 0.0512286
-1.20988 0.0487749
-1.24829 0.0537426
-1.25926 0.0487749
-1.28121 0.0576263
-1.22085 0.0475707
-1.18244 0.0463814
-1.20439 0.0672154
-1.15501 0.0475707
-1.17695 0.0487749
-1.14952 0.0512286
-1.10562 0.0563167
-1.06722 0.0512286
-1.16598 0.0563167
-1.10562 0.058951
-1.02332 0.0563167
-1.09465 0.0672154
-1.07819 0.0537426
-1.10014 0.0537426
-1.03978 0.0630155
-1.08916 0.0821935
-1.10562 0.080628
-1.06173 0.0700906
-1.1166 0.0512286
-1.00686 0.0563167
-1.00686 0.073026
-1.01783 0.0686454
-1.03429 0.0658003
-1.04527 0.0576263
-1.05624 0.0672154
-1.02881 0.077542
-1.05624 0.091903
-1.02881 0.105692
-1.09465 0.100408
-1.15501 0.111111
-1.0727 0.098677
-1.1166 0.103916
-1.08916 0.100408
-1.06722 0.077542
-1.13306 0.080628
-1.16049 0.0790775
-1.19342 0.0672154
-1.15501 0.0790775
-1.21536 0.0952599
-1.18244 0.0715507
-1.1989 0.0745163
-1.19342 0.0745163
-1.14403 0.058951
-1.1989 0.073026
-1.15501 0.0602908
-1.13306 0.0563167
-1.15501 0.0658003
-1.07819 0.0463814
-1.09465 0.0395622
-1.07819 0.0384784
-1.08368 0.0374096
-1.1166 0.0240271
-1.05624 0.0223562
-1.03978 0.0199627
-1.08916 0.0294012
-1.0727 0.0353172
-1.09465 0.0294012
-1.07819 0.0440482
-1.16049 0.0275496
-1.08916 0.0231841
-1.13855 0.0342936
-1.13306 0.033285
-1.09465 0.0294012
-1.09465 0.0363559
-1.03978 0.0440482
-1.0727 0.0630155
-1.10562 0.0658003
-1.06173 0.0644004
-1.06722 0.0658003
-1.0727 0.0537426
-1.13855 0.077542
-1.14403 0.0658003
-1.10014 0.0644004
-1.05624 0.0512286
-1.00686 0.0406611
-1.06173 0.0487749
-1.01235 0.0602908
-1.03978 0.077542
-1.05624 0.080628
-1.0727 0.080628
-1.08368 0.0869805
-1.11111 0.077542
-1.10014 0.073026
-1.03429 0.0686454
-1.10014 0.073026
-1.07819 0.0700906
-1.03978 0.0644004
-1.08368 0.0644004
-1.03429 0.0537426
-1.0727 0.0644004
-1.11111 0.0602908
-1.08916 0.0715507
-1.11111 0.077542
-1.13855 0.080628
-1.13306 0.0902471
-1.15501 0.080628
-1.18244 0.0886063
-1.10562 0.0658003
-1.17147 0.073026
-1.13855 0.073026
-1.13855 0.105692
-1.10562 0.118547
-1.08368 0.107483
-1.12757 0.103916
-1.06173 0.10929
-1.10014 0.122356
-1.08368 0.107483
-1.06173 0.100408
-1.1166 0.114799
-1.08916 0.107483
-1.08368 0.126225
-1.04527 0.103916
-1.17695 0.114799
-1.17147 0.114799
-1.22085 0.10929
-1.20988 0.114799
-1.29767 0.126225
-1.28669 0.118547
-1.23182 0.103916
-1.17695 0.103916
-1.23731 0.107483
-1.24829 0.0969609
-1.21536 0.0821935
-1.18244 0.0886063
-1.20988 0.0869805
-1.12209 0.077542
-1.19342 0.0700906
-1.20439 0.0821935
-1.20988 0.0537426
-1.21536 0.0644004
-1.16598 0.0602908
-1.25926 0.0499943
-1.19342 0.0563167
-1.18244 0.0537426
-1.18793 0.0616456
-1.2428 0.0630155
-1.20439 0.0363559
-1.22085 0.0512286
-1.20439 0.0487749
-1.20439 0.0524781
-1.20439 0.0524781
-1.21536 0.0537426
-1.22085 0.0417751
-1.22634 0.0353172
-1.23731 0.0363559
-1.27023 0.0463814
-1.28669 0.0384784
-1.25926 0.0363559
-1.18793 0.0275496
-1.18244 0.0322914
-1.17147 0.0440482
-1.10562 0.0275496
-1.22634 0.0266464
-1.18244 0.0294012
-1.09465 0.0374096
-1.16049 0.0322914
-1.03978 0.0363559
-1.05624 0.0284679
-1.09465 0.0363559
-1.08916 0.0406611
-1.17695 0.031313
-1.14403 0.0240271
-1.13855 0.0240271
-1.20439 0.0284679
-1.23731 0.0275496
-1.22634 0.0303496
-1.22634 0.0322914
-1.20988 0.0374096
-1.17695 0.0374096
-1.18244 0.0303496
-1.18793 0.0248852
-1.24829 0.0374096
-1.20439 0.0275496
-1.1989 0.0374096
-1.16598 0.0322914
-1.14403 0.0207455
-1.1989 0.0177047
-1.18793 0.0223562
-1.23731 0.0199627
-1.16598 0.0240271
-1.12757 0.0284679
-1.17147 0.0322914
-1.18793 0.0266464
-1.20439 0.019195
-1.12757 0.0284679
-1.19342 0.0184423
-1.16049 0.0342936
-1.13306 0.0475707
-1.10014 0.0440482
-1.09465 0.0303496
-1.13855 0.0275496
-1.0727 0.0342936
-1.11111 0.0248852
-1.13855 0.0384784
-1.14403 0.0294012
-1.20439 0.0374096
-1.19342 0.0463814
-1.16598 0.0353172
-1.07819 0.0248852
-1.10014 0.0275496
-1.12757 0.0322914
-1.06173 0.0417751
-1.03978 0.0266464
-1.17147 0.0322914
-1.15501 0.0207455
-1.13306 0.0248852
-1.20439 0.0395622
-1.16598 0.0384784
-1.17147 0.0452073
-1.14952 0.0429041
-1.1166 0.0342936
-1.17147 0.0417751
-1.21536 0.0452073
-1.20988 0.0395622
-1.22634 0.0452073
-1.13855 0.0499943
-1.23731 0.0715507
-1.22634 0.0686454
