0.000186949
0.00228915
1.81146e-05
0.000221809
0.00452931
0.00195331
0.000677799
0.000292307
2.79515e-05
0.00136581
5.48168e-06
0.000267854
0.000677194
0.00116543
0.00020511
0.000352987
3.38093e-05
0.000652542
0.000159171
0.0030721
0.000819115
0.000556808
0.00595574
0.00404852
5.05496e-06
0.000389336
4.81669e-05
0.00370984
0.000122469
0.000332216
0.00180228
0.00488895
0.000196054
0.000400553
1.62115e-05
3.31213e-05
0.00474991
0.000341788
0.000606591
4.36483e-05
2.93128e-05
0.000238988
4.90579e-06
3.9997e-05
0.000710176
0.000203926
0.000183561
5.27093e-05
3.5456e-05
0.000114181
0.000142449
0.000458738
0.00085901
9.74297e-05
0.00533005
0.00060454
5.30116e-06
6.81257e-05
4.31066e-05
0.000553967
0.000128434
5.8131e-05
0.00161293
0.000730037
0.0127794
0.00303902
3.19852e-05
7.60626e-06
0.309614
0.00259317
0.0011968
1.00238e-05
0.0019107
0.00181322
9.67908e-06
9.18525e-06
0.0462915
0.0015472
0.000362165
1.21046e-05
0.00231113
0.000866301
0.00028105
0.000105348
0.0559929
0.000739206
0.0105161
0.000138832
0.000345546
0.000516874
8.5049e-05
0.000127218
0.00837172
0.000441044
0.0031823
0.000167652
0.0134018
0.000531765
2.86249e-05
1.13579e-06
0.324693
0.00045375
0.00107107
1.49679e-06
0.00200376
0.000317275
8.66222e-06
1.37158e-06
0.0485461
0.000270728
0.000324117
1.80751e-06
0.00242369
0.000151585
0.000251524
1.5731e-05
0.05872
0.000129346
0.00941135
2.07309e-05
0.000362375
9.04422e-05
7.6114e-05
1.89966e-05
0.00877945
7.71734e-05
0.00284798
2.50344e-05
