0.000189998
0.00226998
9.9999e-06
0.000259997
0.00464995
0.00210998
0.000789992
0.000239998
2.99997e-05
0.00120999
0
0.000359996
0.000749993
0.000949991
0.000159998
0.000409996
2.99997e-05
0.000839992
0.000179998
0.00308997
0.000819992
0.000479995
0.00593994
0.00416996
0
0.000429996
5.99994e-05
0.00381996
7.99992e-05
0.000389996
0.00198998
0.00521995
0.000179998
0.000299997
1.99998e-05
2.99997e-05
0.00469995
0.000379996
0.000549995
7.99992e-05
2.99997e-05
0.000229998
0
1.99998e-05
0.000649994
0.000259997
0.000179998
4.99995e-05
5.99994e-05
9.9999e-05
8.99991e-05
0.000559994
0.000859991
0.000139999
0.00549995
0.000549995
0
9.9999e-05
1.99998e-05
0.000569994
0.000129999
2.99997e-05
0.00151998
0.000659993
0.0125299
0.00298997
0
0
0.309727
0.00266997
0.00123999
9.9999e-06
0.00208998
0.00180998
9.9999e-06
9.9999e-06
0.0461395
0.00157998
0.000399996
9.9999e-06
0.00241998
0.000759992
0.000309997
0.000149999
0.0552294
0.000879991
0.0103699
0.000199998
0.000349997
0.000759992
9.9999e-05
0.000129999
0.00840992
0.000389996
0.00341997
0.000119999
0.0131299
0.000519995
1.99998e-05
0
0.324857
0.000379996
0.00105999
0
0.00201998
0.000399996
9.9999e-06
0
0.0480795
0.000279997
0.000409996
0
0.00243998
0.000129999
0.000289997
2.99997e-05
0.0582494
9.9999e-05
0.00947991
0
0.000249998
8.99991e-05
9.9999e-05
1.99998e-05
0.00898991
1.99998e-05
0.00292997
9.9999e-06
