-2 1
-1.8299 0.877781
-1.64335 0.763526
-1.61043 0.758739
-1.56104 0.688741
-1.55556 0.697878
-1.52263 0.657234
-1.39095 0.600678
-1.39643 0.567139
-1.33608 0.550731
-1.33059 0.50685
-1.36351 0.483683
-1.40741 0.464791
-1.38546 0.502951
-1.41838 0.453636
-1.37997 0.438974
-1.34705 0.372619
-1.37449 0.36595
-1.39643 0.413895
-1.41838 0.399896
-1.47325 0.476081
-1.43484 0.495199
-1.35254 0.442617
-1.369 0.50685
-1.39095 0.534564
-1.36351 0.468539
-1.35802 0.567139
-1.4513 0.609213
-1.4513 0.575434
-1.43484 0.550731
-1.31413 0.514693
-1.39095 0.550731
-1.42387 0.530559
-1.30864 0.502951
-1.43484 0.499068
-1.41289 0.468539
-1.37449 0.461058
-1.31413 0.442617
-1.41289 0.514693
-1.33059 0.495199
-1.39643 0.522596
-1.4952 0.617809
-1.50617 0.587988
-1.4513 0.571279
-1.40741 0.558905
-1.4952 0.622129
-1.46776 0.604938
-1.44033 0.567139
-1.39643 0.600678
-1.42387 0.579603
-1.37997 0.571279
-1.40192 0.587988
-1.42387 0.604938
-1.37449 0.550731
-1.4513 0.617809
-1.37449 0.579603
-1.6214 0.684194
-1.58299 0.684194
-1.52263 0.622129
-1.40741 0.587988
-1.35802 0.514693
-1.3251 0.542617
-1.38546 0.522596
-1.40741 0.491345
-1.36351 0.464791
-1.34156 0.438974
-1.37449 0.495199
-1.369 0.522596
-1.39643 0.550731
-1.24829 0.476081
-1.3251 0.499068
-1.39643 0.530559
-1.4513 0.518637
-1.41289 0.514693
-1.4513 0.587988
-1.43484 0.600678
-1.47325 0.617809
-1.47874 0.66616
-1.50069 0.652793
-1.48971 0.693302
-1.48971 0.639561
-1.39643 0.600678
-1.33059 0.534564
-1.27023 0.502951
-1.46776 0.622129
-1.41838 0.579603
-1.45679 0.600678
-1.46776 0.563015
-1.44582 0.575434
-1.35254 0.542617
-1.35802 0.499068
-1.37449 0.491345
-1.369 0.491345
-1.3251 0.495199
-1.30316 0.449948
-1.33059 0.428136
-1.24829 0.386137
-1.2428 0.324072
-1.27023 0.339878
-1.25377 0.336686
-1.20439 0.308642
-1.22634 0.359342
-1.28669 0.339878
-1.20439 0.375976
-1.13306 0.290623
-1.1166 0.239818
-1.16598 0.273146
-1.22085 0.293589
-1.23182 0.258996
-1.13306 0.198752
-1.16598 0.218803
-1.14403 0.19389
-1.12209 0.184346
-1.06722 0.186709
-1.17147 0.175043
-1.13306 0.203675
-1.13306 0.231824
-1.18793 0.253441
-1.18793 0.253441
-1.24829 0.317855
-1.22634 0.330349
-1.24829 0.339878
-1.3251 0.428136
-1.39643 0.518637
-1.39095 0.575434
-1.45679 0.596433
-1.48971 0.609213
-1.51715 0.622129
-1.33059 0.479875
-1.44033 0.499068
-1.42936 0.50685
-1.46228 0.499068
-1.37449 0.476081
-1.46776 0.571279
-1.47325 0.596433
-1.4513 0.604938
-1.46776 0.592203
-1.4513 0.596433
-1.4952 0.604938
-1.42387 0.583788
-1.37997 0.579603
-1.45679 0.609213
-1.53361 0.639561
-1.53361 0.648367
-1.53909 0.684194
-1.46776 0.648367
-1.61043 0.753967
-1.6214 0.768328
-1.57202 0.707076
-1.46228 0.648367
-1.47874 0.635181
-1.4513 0.622129
-1.46228 0.626465
-1.55556 0.679663
-1.48971 0.613504
-1.46228 0.579603
-1.41289 0.55481
-1.34156 0.491345
-1.4513 0.487507
-1.39095 0.487507
-1.33608 0.491345
-1.44582 0.538583
-1.41838 0.479875
-1.39095 0.534564
-1.33608 0.502951
-1.369 0.464791
-1.3251 0.514693
-1.29767 0.476081
-1.31413 0.502951
-1.33059 0.449948
-1.34156 0.50685
-1.39643 0.530559
-1.34705 0.499068
-1.44033 0.538583
-1.44582 0.52657
-1.39643 0.499068
-1.369 0.491345
-1.42387 0.542617
-1.44033 0.522596
-1.40741 0.472303
-1.37449 0.446275
-1.34705 0.386137
-1.40192 0.386137
-1.30864 0.343084
-1.28669 0.270286
-1.31413 0.258996
-1.25377 0.239818
-1.25377 0.237138
-1.23182 0.175043
-1.22085 0.198752
-1.16049 0.223967
-1.1989 0.276021
-1.30316 0.311698
-1.31413 0.231824
-1.34705 0.261796
-1.31962 0.278911
-1.33059 0.317855
-1.33059 0.278911
-1.30864 0.253441
-1.39095 0.327203
-1.38546 0.359342
-1.25926 0.284737
-1.3251 0.247947
-1.28121 0.239818
-1.24829 0.22919
-1.21536 0.281817
-1.21536 0.336686
-1.31413 0.362639
-1.33608 0.375976
-1.29767 0.375976
-1.35802 0.36595
-1.25377 0.317855
-1.30864 0.299565
-1.31962 0.359342
-1.23731 0.290623
-1.23731 0.311698
-1.17695 0.339878
-1.20439 0.327203
-1.22634 0.372619
-1.33608 0.446275
-1.27572 0.392986
-1.25377 0.375976
-1.35254 0.483683
-1.35254 0.491345
-1.35802 0.510764
-1.34705 0.446275
-1.37997 0.483683
-1.35254 0.483683
-1.25377 0.428136
-1.369 0.534564
-1.44582 0.604938
-1.40192 0.522596
-1.37997 0.510764
-1.33059 0.453636
-1.27023 0.476081
-1.35254 0.52657
-1.37449 0.502951
-1.48971 0.563015
-1.39643 0.514693
-1.37449 0.491345
-1.40741 0.538583
-1.47874 0.592203
-1.47874 0.567139
-1.52263 0.626465
-1.41838 0.542617
-1.37997 0.550731
-1.369 0.550731
-1.35254 0.52657
-1.44033 0.596433
-1.50069 0.652793
-1.45679 0.604938
-1.35802 0.495199
-1.42387 0.518637
-1.41838 0.52657
-1.35254 0.510764
-1.18244 0.375976
-1.35802 0.428136
-1.3251 0.389554
-1.25926 0.35606
-1.27572 0.396433
-1.37449 0.479875
-1.37997 0.522596
-1.50069 0.609213
-1.56104 0.66616
-1.57202 0.66169
-1.44582 0.579603
-1.36351 0.502951
-1.41289 0.499068
-1.3251 0.510764
-1.30316 0.55481
-1.31413 0.502951
-1.34156 0.567139
-1.20988 0.438974
-1.23731 0.435347
-1.25926 0.446275
-1.27023 0.420986
-1.28669 0.324072
-1.39095 0.396433
-1.47325 0.487507
-1.36351 0.406865
-1.29767 0.406865
-1.30316 0.483683
-1.39095 0.487507
-1.43484 0.502951
-1.38546 0.558905
-1.35802 0.518637
-1.40741 0.546667
-1.4952 0.613504
-1.51166 0.604938
-1.48422 0.657234
-1.50617 0.643957
-1.5775 0.635181
-1.47325 0.571279
-1.41838 0.55481
-1.50617 0.592203
-1.39643 0.518637
-1.30864 0.428136
-1.38546 0.510764
-1.42387 0.571279
-1.44033 0.55481
-1.45679 0.592203
-1.41838 0.55481
-1.44582 0.563015
-1.48422 0.530559
-1.43484 0.502951
-1.4513 0.563015
-1.44033 0.558905
-1.41289 0.563015
-1.35802 0.575434
-1.39643 0.542617
-1.39643 0.499068
-1.3251 0.417433
-1.25377 0.308642
-1.26475 0.36595
-1.25377 0.396433
-1.25377 0.35606
-1.31962 0.35606
-1.28669 0.392986
-1.35254 0.410373
-1.369 0.369277
-1.31962 0.379348
-1.34156 0.420986
-1.28669 0.375976
-1.25926 0.346306
-1.22085 0.314769
-1.27023 0.324072
-1.35254 0.420986
-1.29767 0.438974
-1.39095 0.45734
-1.33059 0.424553
-1.27023 0.399896
-1.3251 0.428136
-1.28669 0.369277
-1.24829 0.359342
-1.34705 0.435347
-1.34705 0.413895
-1.1989 0.386137
-1.14403 0.320956
-1.19342 0.324072
-1.17695 0.273146
-1.25926 0.311698
-1.35254 0.379348
-1.23731 0.302575
-1.25926 0.311698
-1.20988 0.336686
-1.25377 0.320956
-1.24829 0.336686
-1.27572 0.284737
-1.33608 0.218803
-1.33608 0.218803
-1.30864 0.247947
-1.23731 0.293589
-1.30864 0.311698
-1.31962 0.281817
-1.30316 0.314769
-1.2428 0.293589
-1.25926 0.308642
-1.27572 0.349542
-1.23182 0.372619
-1.29767 0.438974
-1.42936 0.502951
-1.31962 0.45734
-1.24829 0.438974
-1.09465 0.362639
-1.22634 0.468539
-1.39643 0.55481
-1.52812 0.609213
-1.55556 0.622129
-1.42387 0.604938
-1.47874 0.643957
-1.47325 0.635181
-1.46776 0.626465
-1.46228 0.622129
-1.46228 0.630815
-1.51166 0.639561
-1.56104 0.652793
-1.6214 0.730333
-1.76955 0.837137
-1.69822 0.797456
-1.72565 0.847208
-1.61591 0.768328
-1.55007 0.688741
-1.42936 0.617809
-1.52812 0.697878
-1.48422 0.697878
-1.52263 0.670646
-1.41289 0.622129
-1.41838 0.639561
-1.46228 0.643957
-1.39643 0.622129
-1.35254 0.52657
-1.37997 0.609213
-1.46776 0.652793
-1.39095 0.579603
-1.4513 0.567139
-1.47874 0.613504
-1.35254 0.518637
-1.369 0.542617
-1.37997 0.55481
-1.36351 0.483683
-1.37997 0.550731
-1.39643 0.514693
-1.40741 0.522596
-1.42387 0.479875
-1.41838 0.522596
-1.43484 0.563015
-1.39095 0.518637
-1.40192 0.464791
-1.35802 0.45734
-1.33608 0.442617
-1.30864 0.461058
-1.369 0.431734
-1.30864 0.386137
-1.34156 0.438974
-1.25377 0.382735
-1.29218 0.392986
-1.23182 0.36595
-1.25926 0.424553
-1.30316 0.438974
-1.41838 0.487507
-1.42387 0.495199
-1.39643 0.461058
-1.35802 0.449948
-1.38546 0.464791
-1.34156 0.428136
-1.3251 0.420986
-1.31962 0.389554
-1.43484 0.442617
-1.45679 0.389554
-1.31962 0.276021
-1.28669 0.239818
-1.36351 0.273146
-1.34156 0.273146
-1.29767 0.270286
-1.19342 0.203675
-1.18793 0.208657
-1.2428 0.179664
-1.22085 0.181998
-1.23182 0.175043
-1.20439 0.157159
-1.2428 0.196313
-1.22634 0.203675
-1.30316 0.203675
-1.33059 0.221377
-1.29767 0.218803
-1.35802 0.305601
-1.47874 0.317855
-1.41289 0.290623
-1.44033 0.317855
-1.35254 0.324072
-1.34156 0.302575
-1.30864 0.276021
-1.20439 0.253441
-1.28669 0.311698
-1.25926 0.276021
-1.29767 0.276021
-1.30864 0.237138
-1.25377 0.245222
-1.22085 0.221377
-1.16598 0.170482
-1.18244 0.2137
-1.12757 0.19389
-1.15501 0.19389
-1.27023 0.179664
-1.27023 0.191481
-1.20988 0.19389
-1.24829 0.191481
-1.27023 0.239818
-1.25377 0.237138
-1.33059 0.296569
-1.29767 0.299565
-1.23182 0.293589
-1.2428 0.349542
-1.24829 0.293589
-1.16049 0.247947
-1.2428 0.208657
-1.2428 0.250686
-1.34705 0.253441
-1.37997 0.299565
-1.38546 0.308642
-1.27572 0.19389
-1.19342 0.146472
-1.29767 0.154992
-1.17695 0.165981
-1.28121 0.206158
-1.23731 0.201206
-1.17695 0.191481
-1.1989 0.170482
-1.20439 0.203675
-1.27023 0.208657
-1.21536 0.170482
-1.1166 0.146472
-1.13855 0.138192
-1.16049 0.142302
-1.1989 0.120444
-1.21536 0.146472
-1.20988 0.126225
-1.1989 0.0853698
-1.12757 0.0952599
-1.11111 0.0630155
-1.1166 0.0760216
-1.08916 0.0644004
-1.12757 0.0475707
-1.10014 0.0700906
-1.15501 0.0672154
-1.17147 0.0395622
-1.21536 0.0537426
-1.22085 0.0475707
-1.28669 0.0550221
-1.18244 0.0658003
-1.22634 0.0576263
-1.2428 0.0902471
-1.28121 0.080628
-1.23731 0.0790775
-1.20439 0.10929
-1.17695 0.126225
-1.25377 0.142302
-1.2428 0.122356
-1.2428 0.146472
-1.30316 0.172755
-1.28669 0.124283
-1.18793 0.126225
-1.12757 0.122356
-1.11111 0.112948
-1.13306 0.122356
-1.1989 0.112948
-1.14952 0.0952599
-1.19342 0.098677
-1.16049 0.0902471
-1.1989 0.107483
-1.22634 0.177346
-1.26475 0.186709
-1.15501 0.177346
-1.13306 0.198752
-1.14403 0.245222
-1.08368 0.186709
-1.03978 0.189088
-1.06722 0.140239
-1.03978 0.13616
-1.16598 0.126225
-1.15501 0.146472
-1.13855 0.130154
-1.17695 0.163753
-1.22634 0.211171
-1.25377 0.203675
-1.22634 0.191481
-1.26475 0.234474
-1.20988 0.181998
-1.27572 0.206158
-1.25377 0.223967
-1.20988 0.211171
-1.28121 0.208657
-1.16598 0.250686
-1.17147 0.221377
-1.27572 0.226571
-1.30316 0.339878
-1.31962 0.324072
-1.34156 0.33351
-1.34156 0.308642
-1.29767 0.317855
-1.25926 0.317855
-1.29767 0.273146
-1.25377 0.250686
-1.20439 0.226571
-1.22085 0.264611
-1.21536 0.223967
-1.3251 0.296569
-1.31413 0.330349
-1.25926 0.327203
-1.30316 0.386137
-1.34705 0.392986
-1.35254 0.35606
-1.29767 0.278911
-1.19342 0.258996
-1.2428 0.287673
-1.25377 0.258996
-1.1989 0.281817
-1.13855 0.261796
-1.13855 0.2137
-1.1166 0.206158
-1.08368 0.198752
-1.14403 0.191481
-1.1989 0.175043
-1.25926 0.168224
-1.29767 0.198752
-1.1989 0.19389
-1.27023 0.198752
-1.31962 0.201206
-1.369 0.196313
-1.27023 0.16154
-1.25926 0.134143
-1.29218 0.140239
-1.22634 0.172755
-1.25926 0.124283
-1.23182 0.126225
-1.28669 0.157159
-1.22085 0.144379
-1.2428 0.148579
-1.24829 0.175043
-1.30864 0.211171
-1.30864 0.218803
-1.39095 0.203675
-1.35802 0.186709
-1.36351 0.148579
-1.28669 0.177346
-1.29218 0.16154
-1.33059 0.221377
-1.36351 0.258996
-1.35802 0.278911
-1.40192 0.247947
-1.42387 0.287673
-1.28121 0.216244
-1.20988 0.148579
-1.25926 0.150702
-1.25377 0.124283
-1.2428 0.077542
-1.10014 0.0630155
-1.14403 0.0342936
-1.09465 0.0162746
-1.12209 0.00611357
-1.11111 0.0123457
-1.27572 0.0342936
-1.21536 0.0363559
-1.28121 0.0284679
-1.33608 0.0363559
-1.31413 0.0644004
-1.30316 0.098677
-1.26475 0.105692
-1.21536 0.0537426
-1.15501 0.0374096
-1.16598 0.058951
-1.26475 0.0576263
-1.20988 0.0452073
-1.14952 0.0429041
-1.12209 0.0463814
-1.14403 0.0487749
-1.03978 0.0429041
-1.00137 0.0499943
-1.07819 0.0406611
-1.1989 0.019195
-1.10014 0.0284679
-1.12757 0.019195
-1.06173 0.0322914
-1.12757 0.058951
-1.14403 0.0463814
-1.11111 0.0303496
-1.05624 0.0177047
-1.1166 0.0223562
-1.12209 0.019195
-1.13306 0.019195
-1.02881 0.0374096
-1.10014 0.00700172
-1.1166 0.0100275
-1.1166 0.00655012
-1.09465 0.00347922
-1.10014 0.0031631
-1.20439 0.0129629
-1.10014 0.0129629
-1.13306 0.0177047
-1.14403 0.0169821
-1.17147 0.00746837
-1.21536 0.00381039
-1.11111 0.00381039
-1.13306 0.00347922
-1.12757 0.000995407
-1.03978 9.22021e-05
-1.03429 0.000152416
-1.13306 0.00347922
-1.13306 0.0105844
-1.17695 0.0223562
-1.10014 0.019195
-1.18244 0.0342936
-1.26475 0.0429041
-1.24829 0.0303496
-1.21536 0.0248852
-1.21536 0.0406611
-1.1989 0.0223562
-1.1989 0.0207455
-1.28669 0.0177047
-1.27572 0.0105844
-1.2428 0.0395622
-1.35254 0.0363559
-1.34156 0.0266464
-1.39095 0.0512286
-1.37449 0.0602908
-1.31413 0.0284679
-1.22634 0.0184423
-1.1989 0.0322914
-1.19342 0.0745163
-1.24829 0.130154
-1.22085 0.150702
-1.16049 0.157159
-1.13306 0.181998
-1.2428 0.218803
-1.26475 0.237138
-1.12209 0.189088
-1.14952 0.181998
-1.18244 0.206158
-1.20988 0.270286
-1.20988 0.250686
-1.19342 0.216244
-1.12757 0.211171
-1.11111 0.196313
-1.08916 0.120444
-1.16598 0.132141
-1.19342 0.126225
-1.22085 0.198752
-1.19342 0.184346
-1.22085 0.201206
-1.18244 0.184346
-1.1989 0.179664
-1.17695 0.181998
-1.23731 0.216244
-1.23182 0.179664
-1.24829 0.239818
-1.23182 0.239818
-1.20439 0.267441
-1.22634 0.284737
-1.31413 0.343084
-1.30316 0.392986
-1.34156 0.352794
-1.369 0.386137
-1.39095 0.438974
-1.33059 0.417433
-1.28669 0.36595
-1.3251 0.379348
-1.34705 0.442617
-1.37997 0.461058
-1.34156 0.499068
-1.369 0.530559
-1.29767 0.483683
-1.40192 0.468539
-1.36351 0.431734
-1.30316 0.346306
-1.25926 0.369277
-1.31962 0.461058
-1.33059 0.495199
-1.369 0.546667
-1.36351 0.550731
-1.33608 0.538583
-1.27023 0.476081
-1.25926 0.382735
-1.23731 0.372619
-1.27023 0.446275
-1.3251 0.446275
-1.38546 0.52657
-1.29767 0.487507
-1.41838 0.538583
-1.42936 0.596433
-1.369 0.575434
-1.40192 0.609213
-1.47874 0.679663
-1.46228 0.670646
-1.51715 0.688741
-1.58848 0.720985
-1.59945 0.768328
-1.67627 0.782824
-1.59396 0.758739
-1.6214 0.777977
-1.52812 0.720985
-1.50069 0.675147
-1.55556 0.693302
-1.5775 0.758739
-1.55556 0.707076
-1.47325 0.604938
-1.54458 0.657234
-1.4952 0.617809
-1.43484 0.657234
-1.58299 0.739742
-1.58299 0.768328
-1.61591 0.768328
-1.46228 0.648367
-1.42936 0.609213
-1.39095 0.558905
-1.39643 0.510764
-1.369 0.491345
-1.39095 0.499068
-1.41838 0.491345
-1.29218 0.428136
-1.40192 0.522596
-1.41289 0.52657
-1.43484 0.50685
-1.369 0.468539
-1.33059 0.403373
-1.30316 0.406865
-1.44033 0.499068
-1.37997 0.476081
-1.34156 0.413895
-1.28669 0.339878
-1.22634 0.299565
-1.34705 0.369277
-1.33608 0.346306
-1.35802 0.299565
-1.29767 0.256211
-1.28669 0.250686
-1.29218 0.211171
-1.22634 0.201206
-1.25377 0.196313
-1.28669 0.221377
-1.25377 0.211171
-1.27572 0.250686
-1.25926 0.270286
-1.20988 0.22919
-1.23182 0.242512
-1.18793 0.258996
-1.31413 0.223967
-1.34705 0.216244
-1.3251 0.184346
-1.27572 0.218803
-1.18793 0.179664
-1.28121 0.208657
-1.1989 0.218803
-1.28121 0.239818
-1.28669 0.19389
-1.23731 0.168224
-1.26475 0.223967
-1.29218 0.245222
-1.20439 0.264611
-1.28121 0.261796
-1.23182 0.247947
-1.20439 0.281817
-1.21536 0.302575
-1.26475 0.278911
-1.30864 0.245222
-1.24829 0.206158
-1.27572 0.184346
-1.20988 0.170482
-1.17695 0.150702
-1.20988 0.152839
-1.20988 0.132141
-1.20439 0.116666
-1.22085 0.098677
-1.18244 0.073026
-1.14952 0.0563167
-1.12757 0.0563167
-1.13855 0.0644004
-1.22085 0.077542
-1.27023 0.091903
-1.30864 0.0952599
-1.3251 0.0821935
-1.22085 0.0715507
-1.23731 0.073026
-1.27023 0.0837741
-1.1989 0.0902471
-1.22085 0.0475707
-1.20439 0.0475707
-1.21536 0.0886063
-1.21536 0.130154
-1.10014 0.132141
-1.13855 0.134143
-1.12209 0.163753
-1.22085 0.181998
-1.18793 0.19389
-1.33059 0.218803
-1.29218 0.256211
-1.22085 0.234474
-1.23731 0.258996
-1.24829 0.264611
-1.27572 0.242512
-1.27023 0.163753
-1.25926 0.157159
-1.31413 0.179664
-1.25926 0.231824
-1.29767 0.264611
-1.31413 0.223967
-1.27572 0.231824
-1.29218 0.165981
-1.28669 0.159342
-1.22085 0.159342
-1.24829 0.163753
-1.25926 0.120444
-1.17147 0.138192
-1.20988 0.111111
-1.27572 0.150702
-1.19342 0.122356
-1.25377 0.120444
-1.24829 0.105692
-1.28669 0.124283
-1.30316 0.124283
-1.15501 0.0700906
-1.13855 0.0658003
-1.14952 0.0616456
-1.14403 0.0294012
-1.12757 0.0440482
-1.16049 0.0512286
-1.14952 0.0353172
-1.1166 0.031313
-1.20988 0.0363559
-1.16598 0.0199627
-1.18793 0.00347922
-1.16049 0.000318003
-1.25377 0.00257602
-1.22085 0.00230505
-1.18793 0.00489424
-1.19342 0.00489424
-1.22085 0.00844685
-1.20988 0.0031631
-1.18793 0.0142424
-1.09465 0.0169821
-1.23182 0.00895866
-1.15501 0.00844685
-1.20988 0.00611357
-1.20988 0.0177047
-1.23182 0.0199627
-1.26475 0.033285
-1.1989 0.033285
-1.23731 0.0184423
-1.20439 0.0240271
-1.23731 0.0452073
-1.23182 0.0452073
-1.31413 0.033285
-1.20988 0.0322914
-1.18793 0.0452073
-1.24829 0.0576263
-1.25926 0.0524781
-1.25926 0.0499943
-1.19342 0.0602908
-1.12209 0.080628
-1.18244 0.0745163
-1.16598 0.0644004
-1.17147 0.0550221
-1.16598 0.0275496
-1.15501 0.0353172
-1.21536 0.0169821
-1.1989 0.0129629
-1.27023 0.0162746
-1.28121 0.033285
-1.2428 0.0760216
-1.24829 0.080628
-1.19342 0.0902471
-1.14403 0.098677
-1.15501 0.0563167
-1.16049 0.0576263
-1.12757 0.0672154
-1.1989 0.0658003
-1.13306 0.0395622
-1.1989 0.0969609
-1.13855 0.102154
-1.20988 0.0869805
-1.25926 0.132141
-1.27023 0.132141
-1.25377 0.13616
-1.31413 0.128182
-1.24829 0.112948
-1.21536 0.128182
-1.28121 0.150702
-1.33608 0.226571
-1.22634 0.196313
-1.11111 0.179664
-1.06722 0.19389
-1.10014 0.226571
-1.18244 0.168224
-1.18244 0.172755
-1.12757 0.168224
-1.1166 0.165981
-1.23731 0.226571
-1.26475 0.253441
-1.31962 0.276021
-1.21536 0.293589
-1.21536 0.290623
-1.16049 0.239818
-1.2428 0.2137
-1.18244 0.201206
-1.14952 0.154992
-1.17147 0.134143
-1.15501 0.170482
-1.14403 0.157159
-1.08916 0.132141
-1.11111 0.10929
-1.08916 0.165981
-1.12757 0.189088
-1.18244 0.175043
-1.16598 0.163753
-1.13855 0.128182
-1.14403 0.118547
-1.21536 0.105692
-1.14952 0.157159
-1.13306 0.179664
-1.22634 0.181998
-1.15501 0.165981
-1.04527 0.138192
-1.04527 0.163753
-1.08916 0.150702
-1.08916 0.142302
-1.2428 0.203675
-1.2428 0.208657
-1.17695 0.201206
-1.15501 0.216244
-1.1166 0.189088
-1.05624 0.203675
-1.06722 0.237138
-1.13855 0.296569
-1.28121 0.372619
-1.27023 0.352794
-1.40192 0.468539
-1.35802 0.472303
-1.46228 0.550731
-1.44033 0.575434
-1.45679 0.596433
-1.50617 0.604938
-1.48971 0.596433
-1.4513 0.609213
-1.40192 0.563015
-1.39643 0.52657
-1.40192 0.50685
-1.47874 0.538583
-1.38546 0.442617
-1.30864 0.446275
-1.25926 0.410373
-1.43484 0.435347
-1.38546 0.449948
-1.41838 0.438974
-1.37997 0.464791
-1.4513 0.510764
-1.40192 0.45734
-1.39643 0.464791
-1.31962 0.472303
-1.48971 0.587988
-1.47874 0.575434
-1.38546 0.530559
-1.34156 0.52657
-1.39643 0.583788
-1.44582 0.592203
-1.51166 0.648367
-1.54458 0.635181
-1.48422 0.604938
-1.41289 0.563015
-1.39095 0.558905
-1.41289 0.592203
-1.45679 0.613504
-1.46776 0.604938
-1.51715 0.609213
-1.47325 0.609213
-1.48971 0.617809
-1.53909 0.657234
-1.52812 0.670646
-1.51166 0.609213
-1.41838 0.542617
-1.39643 0.476081
-1.30316 0.420986
-1.21536 0.379348
-1.30864 0.424553
-1.37997 0.50685
-1.41289 0.431734
-1.25926 0.359342
-1.09465 0.302575
-1.26475 0.324072
-1.20988 0.284737
-1.20988 0.320956
-1.22085 0.379348
-1.27572 0.442617
-1.27572 0.406865
-1.37997 0.413895
-1.27572 0.349542
-1.23731 0.324072
-1.31413 0.336686
-1.2428 0.369277
-1.26475 0.413895
-1.30316 0.435347
-1.33608 0.424553
-1.30316 0.413895
-1.29218 0.406865
-1.27023 0.35606
-1.31413 0.359342
-1.25377 0.290623
-1.26475 0.336686
-1.20988 0.330349
-1.08916 0.223967
-1.27023 0.258996
-1.25377 0.258996
-1.26475 0.336686
-1.18793 0.308642
-1.2428 0.311698
-1.0727 0.293589
-1.11111 0.320956
-1.20439 0.327203
-1.369 0.417433
-1.33059 0.399896
-1.33608 0.379348
-1.33608 0.339878
-1.30864 0.379348
-1.20439 0.239818
-1.25926 0.276021
-1.31962 0.330349
-1.22634 0.302575
-1.30864 0.359342
-1.37997 0.392986
-1.44033 0.424553
-1.33059 0.389554
-1.33608 0.372619
-1.33608 0.324072
-1.41289 0.320956
-1.33608 0.281817
-1.369 0.314769
-1.369 0.336686
-1.38546 0.327203
-1.37449 0.273146
-1.33608 0.293589
-1.27572 0.264611
-1.35802 0.258996
-1.25926 0.273146
-1.39643 0.349542
-1.31962 0.311698
-1.20439 0.276021
-1.22085 0.281817
-1.18793 0.296569
-1.31962 0.339878
-1.29767 0.399896
-1.42936 0.510764
-1.38546 0.491345
-1.52263 0.487507
-1.52263 0.476081
-1.41838 0.431734
-1.34156 0.431734
-1.31413 0.399896
-1.24829 0.406865
-1.40192 0.431734
-1.40741 0.453636
-1.40741 0.479875
-1.4513 0.491345
-1.4513 0.534564
-1.31962 0.487507
-1.22634 0.406865
-1.28121 0.442617
-1.34705 0.479875
-1.27023 0.45734
-1.29767 0.392986
-1.18793 0.320956
-1.29767 0.375976
-1.30864 0.461058
-1.3251 0.424553
-1.19342 0.399896
-1.22085 0.396433
-1.25926 0.403373
-1.14952 0.375976
-1.16598 0.324072
-1.08368 0.258996
-1.09465 0.281817
-1.10562 0.231824
-1.13855 0.198752
-1.14403 0.165981
-1.15501 0.211171
-1.15501 0.293589
-1.20988 0.339878
-1.11111 0.305601
-1.23182 0.343084
-1.25377 0.36595
-1.23731 0.35606
-1.33608 0.424553
-1.34705 0.396433
-1.29767 0.392986
-1.41838 0.464791
-1.40741 0.487507
-1.37449 0.50685
-1.29767 0.476081
-1.23182 0.410373
-1.2428 0.36595
-1.369 0.372619
-1.28121 0.386137
-1.30864 0.382735
-1.33608 0.435347
-1.40192 0.453636
-1.36351 0.420986
-1.36351 0.396433
-1.30864 0.386137
-1.44582 0.461058
-1.31962 0.420986
-1.37449 0.438974
-1.41289 0.461058
-1.369 0.476081
-1.31413 0.446275
-1.27023 0.428136
-1.34705 0.483683
-1.34705 0.483683
-1.33608 0.487507
-1.36351 0.514693
-1.37449 0.442617
-1.33059 0.375976
-1.24829 0.386137
-1.30864 0.446275
-1.20988 0.369277
-1.18793 0.375976
-1.30864 0.352794
-1.31962 0.424553
-1.21536 0.35606
-1.30864 0.392986
-1.3251 0.372619
-1.33059 0.375976
-1.30864 0.36595
-1.31413 0.396433
-1.33059 0.435347
-1.35802 0.530559
-1.42387 0.558905
-1.37449 0.502951
-1.33059 0.491345
-1.43484 0.55481
-1.50069 0.643957
-1.46228 0.622129
-1.48971 0.617809
-1.31962 0.522596
-1.36351 0.491345
-1.35802 0.510764
-1.35802 0.502951
-1.37449 0.461058
-1.3251 0.375976
-1.34156 0.431734
-1.36351 0.468539
-1.37449 0.542617
-1.46228 0.639561
-1.55007 0.688741
-1.58299 0.73503
-1.50069 0.66616
-1.43484 0.622129
-1.4952 0.630815
-1.40192 0.571279
-1.39643 0.542617
-1.35254 0.514693
-1.28121 0.442617
-1.41289 0.483683
-1.41289 0.50685
-1.44582 0.487507
-1.44033 0.495199
-1.50069 0.522596
-1.46228 0.55481
-1.4513 0.604938
-1.4513 0.622129
-1.43484 0.600678
-1.47325 0.609213
-1.47325 0.600678
-1.47874 0.613504
-1.45679 0.652793
-1.5775 0.73503
-1.56653 0.744468
-1.63786 0.773145
-1.5775 0.730333
-1.58848 0.711697
-1.50617 0.622129
-1.46776 0.55481
-1.44033 0.575434
-1.40741 0.571279
-1.41289 0.518637
-1.41838 0.550731
-1.369 0.542617
-1.56653 0.609213
-1.50069 0.575434
-1.59945 0.600678
-1.40741 0.52657
-1.48971 0.579603
-1.50617 0.587988
-1.53909 0.530559
-1.46776 0.579603
-1.47325 0.596433
-1.46776 0.575434
-1.37997 0.52657
-1.34705 0.431734
-1.36351 0.399896
-1.38546 0.442617
-1.39643 0.461058
-1.38546 0.479875
-1.37449 0.476081
-1.37449 0.483683
-1.3251 0.424553
-1.3251 0.431734
-1.33059 0.420986
-1.29767 0.362639
-1.3251 0.349542
-1.25377 0.343084
-1.27023 0.343084
-1.31413 0.320956
-1.29218 0.36595
-1.28121 0.296569
-1.17695 0.273146
-1.2428 0.239818
-1.23182 0.290623
-1.31413 0.33351
-1.3251 0.336686
-1.35254 0.302575
-1.39095 0.352794
-1.34705 0.36595
-1.39643 0.403373
-1.29767 0.375976
-1.33608 0.327203
-1.41838 0.339878
-1.35254 0.320956
-1.29218 0.287673
-1.25926 0.287673
-1.31413 0.284737
-1.29218 0.293589
-1.26475 0.314769
-1.14952 0.261796
-1.23731 0.324072
-1.36351 0.327203
-1.34705 0.317855
-1.1989 0.317855
-1.28121 0.369277
-1.33608 0.453636
-1.33059 0.453636
-1.29218 0.403373
-1.29218 0.406865
-1.25377 0.362639
-1.10562 0.314769
-1.17695 0.314769
-1.23731 0.417433
-1.34156 0.396433
-1.46776 0.461058
-1.41289 0.431734
-1.51166 0.472303
-1.41838 0.468539
-1.36351 0.442617
-1.46228 0.420986
-1.34705 0.406865
-1.40192 0.369277
-1.38546 0.435347
-1.31962 0.428136
-1.25926 0.399896
-1.30864 0.442617
-1.35802 0.428136
-1.40192 0.449948
-1.27572 0.379348
-1.23731 0.320956
-1.23182 0.305601
-1.18244 0.270286
-1.12757 0.273146
-1.13855 0.302575
-1.20988 0.352794
-1.21536 0.299565
-1.29767 0.336686
-1.34156 0.379348
-1.29218 0.320956
-1.30316 0.339878
-1.31962 0.382735
-1.31413 0.36595
-1.29218 0.352794
-1.31962 0.33351
-1.30316 0.386137
-1.29218 0.343084
-1.29767 0.35606
-1.26475 0.327203
-1.27572 0.36595
-1.22085 0.362639
-1.22085 0.349542
-1.28669 0.403373
-1.31962 0.375976
-1.22634 0.379348
-1.19342 0.273146
-1.19342 0.302575
-1.19342 0.33351
-1.14952 0.284737
-1.18244 0.330349
-1.22085 0.359342
-1.26475 0.369277
-1.29767 0.403373
-1.33608 0.442617
-1.37449 0.495199
-1.36351 0.514693
-1.40192 0.55481
-1.46776 0.575434
-1.37997 0.530559
-1.33608 0.461058
-1.24829 0.420986
-1.31413 0.435347
-1.34705 0.510764
-1.45679 0.546667
-1.44033 0.550731
-1.52812 0.622129
-1.42936 0.558905
-1.40192 0.546667
-1.369 0.483683
-1.33059 0.453636
-1.29218 0.410373
-1.27572 0.406865
-1.35254 0.487507
-1.31962 0.438974
-1.2428 0.431734
-1.38546 0.472303
-1.30316 0.386137
-1.33059 0.296569
-1.33059 0.305601
-1.21536 0.239818
-1.3251 0.284737
-1.28669 0.327203
-1.33059 0.276021
-1.28121 0.270286
-1.31962 0.339878
-1.35802 0.379348
-1.39643 0.330349
-1.42936 0.343084
-1.44033 0.296569
-1.36351 0.237138
-1.31962 0.247947
-1.3251 0.261796
-1.31962 0.239818
-1.35802 0.221377
-1.35254 0.239818
-1.29218 0.270286
-1.29767 0.247947
-1.25926 0.242512
-1.3251 0.234474
-1.28669 0.198752
-1.28121 0.250686
-1.25926 0.270286
-1.31962 0.287673
-1.33608 0.237138
-1.29767 0.234474
-1.31962 0.231824
-1.31962 0.261796
-1.25926 0.245222
-1.27023 0.177346
-1.28121 0.157159
-1.14952 0.16154
-1.15501 0.165981
-1.14403 0.142302
-1.10562 0.152839
-1.22085 0.177346
-1.31962 0.223967
-1.28121 0.191481
-1.25926 0.16154
-1.20988 0.154992
-1.12757 0.126225
-1.1166 0.122356
-0.984911 0.091903
-1.12209 0.144379
-1.16049 0.163753
-1.23182 0.206158
-1.16049 0.208657
-1.08916 0.159342
-1.20439 0.148579
-1.17695 0.208657
-1.12757 0.179664
-1.1166 0.146472
-1.16598 0.179664
-1.12209 0.184346
-1.14952 0.245222
-1.14403 0.22919
-1.13306 0.163753
-1.18793 0.165981
-1.18244 0.191481
-1.31413 0.258996
-1.27023 0.203675
-1.23731 0.186709
-1.23731 0.186709
-1.22085 0.177346
-1.17695 0.184346
-1.20988 0.142302
-1.21536 0.140239
-1.29767 0.196313
-1.23731 0.184346
-1.15501 0.157159
-1.0727 0.112948
-1.16598 0.140239
-1.13855 0.0853698
-1.11111 0.0602908
-1.10562 0.0487749
-1.06173 0.0700906
-1.00137 0.0935739
-1.14952 0.132141
-1.07819 0.138192
-0.962963 0.189088
-1.09465 0.191481
-1.17147 0.223967
-1.1989 0.287673
-1.12757 0.293589
-1.27023 0.406865
-1.33059 0.479875
-1.38546 0.538583
-1.42936 0.592203
-1.42936 0.587988
-1.38546 0.550731
-1.52812 0.670646
-1.47325 0.639561
-1.44033 0.630815
-1.40192 0.579603
-1.37997 0.52657
-1.36351 0.461058
-1.34705 0.491345
-1.29218 0.476081
-1.31413 0.435347
-1.29218 0.396433
-1.27023 0.406865
-1.21536 0.349542
-1.1989 0.413895
-1.24829 0.442617
-1.28121 0.446275
-1.25926 0.336686
-1.37997 0.453636
-1.34705 0.438974
-1.46776 0.479875
-1.46228 0.449948
-1.38546 0.406865
-1.35802 0.317855
-1.41289 0.420986
-1.34705 0.352794
-1.42936 0.281817
-1.34156 0.261796
-1.17147 0.226571
-1.23731 0.311698
-1.31962 0.324072
-1.33059 0.276021
-1.30864 0.242512
-1.31413 0.237138
-1.30316 0.19389
-1.23182 0.168224
-1.23182 0.163753
-1.27023 0.198752
-1.22634 0.150702
-1.17147 0.132141
-1.27023 0.132141
-1.28121 0.118547
-1.27572 0.134143
-1.25377 0.112948
-1.21536 0.0686454
-1.22634 0.102154
-1.22634 0.124283
-1.26475 0.140239
-1.27023 0.128182
-1.30316 0.126225
-1.33608 0.128182
-1.26475 0.122356
-1.369 0.116666
-1.29767 0.0602908
-1.27023 0.0363559
-1.22085 0.0524781
-1.29767 0.0550221
-1.28121 0.0384784
-1.28121 0.0155822
-1.369 0.0177047
-1.28121 0.0129629
-1.26475 0.0129629
-1.2428 0.0177047
-1.29767 0.0223562
-1.23182 0.0215433
-1.21536 0.0257583
-1.21536 0.0142424
-1.20988 0.0184423
-1.13306 0.00569207
-1.1166 0.00137174
-1.1989 0.000679285
-1.12209 9.22021e-05
-1.18244 0.00117605
-1.13855 0.000152416
-1.1166 0.000829819
-1.09465 0.000679285
-1.15501 0.0111565
-1.18793 0.0129629
-1.17695 0.0257583
-1.20988 0.0257583
-1.25926 0.0223562
-1.28669 0.0257583
-1.23731 0.0223562
-1.20988 0.0524781
-1.22085 0.058951
-1.22085 0.0353172
-1.29218 0.0429041
-1.2428 0.0563167
-1.13855 0.0452073
-1.13306 0.0223562
-1.12209 0.0248852
-1.17147 0.0149048
-1.03429 0.0117435
-1.06722 0.00700172
-1.02881 0.000318003
-1.01235 0.000152416
-1.03429 0.00137174
-1.11111 0.000318003
-1.0727 0.000227683
-1.10014 1.88168e-06
-1.02881 0.000152416
-1.0727 0.00489424
-1.11111 0.000543804
-1.16049 0.000152416
-1.13855 0.00117605
-1.14403 0.00257602
-1.1166 0.00381039
-1.10014 0.0184423
-1.12757 0.0169821
-1.09465 0.00746837
-1.01783 0.00158249
-1.11111 1.69351e-05
-1.12209 0.00180829
-1.11111 0.00137174
-1.00686 0.000679285
-0.962963 1.88168e-06
-0.973937 0.0031631
-1.04527 0.0105844
-1.09465 0.0149048
-1.12757 0.0162746
-1.02332 0.0240271
-1.07819 0.0169821
-1.1166 0.0149048
-1.1989 0.0199627
-1.17147 0.0184423
-1.10562 0.019195
-1.00686 0.0129629
-1.0727 0.0207455
-1.05075 0.0031631
-1.06173 0.0169821
-1.10562 0.0429041
-1.19342 0.0537426
-1.24829 0.091903
-1.30864 0.105692
-1.25377 0.0837741
-1.27572 0.114799
-1.20439 0.130154
-1.24829 0.122356
-1.27023 0.0853698
-1.2428 0.0952599
-1.30864 0.100408
-1.18793 0.0658003
-1.10562 0.0417751
-1.19342 0.0644004
-1.20439 0.0452073
-1.29767 0.0322914
-1.31413 0.0231841
-1.23731 0.0395622
-1.30864 0.0630155
-1.29218 0.0576263
-1.24829 0.0149048
-1.27572 0.0177047
-1.25926 0.0123457
-1.24829 0.019195
-1.13306 0.00381039
-1.16049 0.00117605
-1.19342 0.000829819
-1.27023 4.70419e-05
-1.28669 0.000318003
-1.25377 4.70419e-05
-1.1989 1.69351e-05
-1.22085 0.000152416
-1.17695 1.69351e-05
-1.28121 0.000829819
-1.25377 0.0117435
-1.26475 0.0149048
-1.28669 0.0105844
-1.22634 0.00746837
-1.2428 0.00451791
-1.22085 0.0135951
-1.23182 0.00451791
-1.2428 0.00746837
-1.17147 0.0149048
-1.16049 0.0184423
-1.20439 0.00611357
-1.16598 0.000829819
-1.20439 0.000227683
-1.14403 4.70419e-05
-1.09465 0.000543804
-1.14952 0.00158249
-1.15501 0.00655012
-1.09465 0.000543804
-1.14952 1.69351e-05
-1.12757 0.00415662
-1.12757 0.00451791
-1.05075 1.69351e-05
-1.07819 0.00117605
-1.13306 9.22021e-05
-1.12757 0.00451791
-1.12209 0.00286203
-1.20988 0.00158249
-1.13306 0.00948553
-1.17695 4.70419e-05
-1.22634 0.00844685
-1.23731 0.00257602
-1.20988 0.000152416
-1.2428 0.0162746
-1.22634 0.0223562
-1.27572 0.0215433
-1.20439 0.00746837
-1.22634 0.00257602
-1.23731 0.0177047
-1.34156 0.031313
-1.35802 0.0374096
-1.30316 0.0275496
-1.21536 0.0129629
-1.25926 0.0155822
-1.27023 0.033285
-1.22634 0.0363559
-1.22085 0.0322914
-1.25926 0.0550221
-1.23182 0.0700906
-1.35254 0.112948
-1.35802 0.077542
-1.28669 0.0760216
-1.25377 0.0563167
-1.20988 0.0440482
-1.25377 0.033285
-1.22085 0.0384784
-1.23182 0.0248852
-1.08368 0.00700172
-1.20988 0.00286203
-1.23182 0.00117605
-1.21536 0.0100275
-1.29218 0.00655012
-1.24829 0.00415662
-1.21536 0.00286203
-1.20439 0.00286203
-1.18793 0.00158249
-1.25377 0.000679285
-1.03429 0.0031631
-1.01783 0.000995407
-0.995885 0.0199627
-1.09465 0.00204915
-1.18793 0.00137174
-1.23182 0.00230505
-1.30316 0.000423377
-1.27572 0.000995407
-1.21536 4.70419e-05
-1.23731 0.00158249
-1.25377 0.00948553
-1.29767 0.00381039
-1.28669 0.0105844
-1.15501 0.00795008
-1.10014 0.00795008
-1.16598 0.00347922
-1.14403 0.00286203
-1.13855 0.000227683
-1.22634 0.000829819
-1.25926 9.22021e-05
-1.25926 0.000423377
-1.22085 0.000679285
-1.28669 0.00286203
-1.21536 1.88168e-06
-1.29767 9.22021e-05
-1.29218 0.00230505
-1.33608 1.69351e-05
-1.30316 0.00257602
-1.30316 4.70419e-05
-1.17147 0.00117605
-1.1989 0.00137174
-1.13306 0.00137174
-1.13855 0.00347922
-1.21536 0.033285
-1.23182 0.033285
-1.22085 0.019195
-1.25377 0.0342936
-1.25377 0.0384784
-1.27572 0.0384784
-1.34156 0.0452073
-1.27023 0.0499943
-1.22634 0.0294012
-1.23182 0.00655012
-1.13306 0.0155822
-1.12209 0.0129629
-1.12757 0.00451791
-1.22634 0.00700172
-1.14952 0.00230505
-1.15501 0.000423377
-1.16049 0.00569207
-1.22634 0.00528563
-1.17695 0.00655012
-1.25926 0.00795008
-1.21536 0.0169821
-1.22634 0.00746837
-1.22085 0.0117435
-1.10014 0.0129629
-1.10014 0.0207455
-1.11111 0.0105844
-1.14403 0.00795008
-1.08368 0.00569207
-1.14403 0.000829819
-1.27023 0.00415662
-1.3251 0.00746837
-1.25377 0.0169821
-1.29218 0.0499943
-1.22634 0.0969609
-1.25926 0.0886063
-1.28669 0.107483
-1.13855 0.100408
-1.20988 0.118547
-1.17147 0.0616456
-1.2428 0.0969609
-1.25377 0.111111
-1.28669 0.111111
-1.18244 0.112948
-1.22634 0.116666
-1.22634 0.0935739
-1.18244 0.0869805
-1.1989 0.105692
-1.21536 0.0760216
-1.23182 0.0563167
-1.22085 0.0672154
-1.22634 0.0499943
-1.17695 0.0630155
-1.16598 0.0550221
-1.1989 0.0616456
-1.25926 0.0821935
-1.28669 0.073026
-1.2428 0.0700906
-1.13855 0.0499943
-1.25377 0.0463814
-1.33059 0.0715507
-1.4513 0.0886063
-1.33059 0.0935739
-1.39095 0.124283
-1.35802 0.140239
-1.36351 0.165981
-1.36351 0.148579
-1.33608 0.116666
-1.38546 0.112948
-1.27572 0.0935739
-1.2428 0.0463814
-1.21536 0.0294012
-1.28669 0.0129629
-1.24829 0.00844685
-1.23182 0.00948553
-1.24829 0.0275496
-1.23182 0.031313
-1.20439 0.0452073
-1.20439 0.0524781
-1.26475 0.0384784
-1.20988 0.0275496
-1.14403 0.0231841
-1.30316 0.0135951
-1.25377 0.00895866
-1.1989 0.00347922
-1.0727 0.00381039
-1.17695 0.00415662
-1.1989 0.000318003
-1.20988 0.00347922
-1.14403 0.0155822
-1.23731 0.0207455
-1.20439 0.0155822
-1.20439 0.0240271
-1.22085 0.0384784
-1.21536 0.0475707
-1.17695 0.0440482
-1.19342 0.058951
-1.13306 0.0342936
-1.17147 0.033285
-1.17695 0.033285
-1.09465 0.0231841
-1.13306 0.0177047
-1.11111 0.0169821
-1.13855 0.0499943
-1.10014 0.0475707
-1.02332 0.0363559
-0.984911 0.0374096
-1.15501 0.031313
-1.17147 0.0602908
-1.23731 0.0630155
-1.11111 0.0524781
-1.10562 0.0550221
-1.13855 0.0837741
-1.16049 0.103916
-1.18793 0.0821935
-1.23731 0.0563167
-1.34156 0.0672154
-1.26475 0.0363559
-1.19342 0.0429041
-1.29218 0.033285
-1.20439 0.0353172
-1.16598 0.0284679
-1.18793 0.0374096
-1.18793 0.0294012
-1.23182 0.0452073
-1.24829 0.0406611
-1.25377 0.0353172
-1.16049 0.0602908
-1.12757 0.0630155
-1.20439 0.0537426
-1.2428 0.0616456
-1.15501 0.0550221
-1.17147 0.0524781
-1.22085 0.0630155
-1.17695 0.080628
-1.13855 0.0853698
-1.13855 0.0952599
-1.14403 0.126225
-1.17147 0.134143
-1.20988 0.163753
-1.23182 0.218803
-1.20439 0.242512
-1.36351 0.389554
-1.30316 0.349542
-1.34705 0.317855
-1.31413 0.339878
-1.20439 0.314769
-1.22634 0.276021
-1.23182 0.305601
-1.28121 0.287673
-1.25377 0.296569
-1.23731 0.278911
-1.25926 0.250686
-1.26475 0.281817
-1.28121 0.293589
-1.36351 0.299565
-1.35802 0.317855
-1.37997 0.336686
-1.38546 0.352794
-1.38546 0.320956
-1.36351 0.314769
-1.29218 0.261796
-1.37997 0.314769
-1.30864 0.290623
-1.2428 0.284737
-1.25377 0.320956
-1.25377 0.287673
-1.30864 0.330349
-1.28121 0.281817
-1.23731 0.284737
-1.19342 0.281817
-1.28121 0.290623
-1.2428 0.256211
-1.23731 0.223967
-1.27023 0.273146
-1.23731 0.250686
-1.30864 0.308642
-1.34156 0.346306
-1.24829 0.339878
-1.30864 0.349542
-1.2428 0.36595
-1.27572 0.403373
-1.30864 0.349542
-1.35802 0.424553
-1.39643 0.487507
-1.33059 0.431734
-1.28669 0.386137
-1.21536 0.382735
-1.25377 0.379348
-1.28121 0.327203
-1.33059 0.379348
-1.41289 0.392986
-1.30864 0.413895
-1.28669 0.349542
-1.38546 0.386137
-1.34156 0.35606
-1.369 0.349542
-1.33059 0.362639
-1.34156 0.339878
-1.3251 0.359342
-1.28669 0.293589
-1.22634 0.33351
-1.18244 0.273146
-1.19342 0.287673
-1.28121 0.362639
-1.24829 0.346306
-1.31413 0.35606
-1.3251 0.379348
-1.34156 0.33351
-1.3251 0.314769
-1.30864 0.299565
-1.2428 0.320956
-1.16598 0.284737
-1.20988 0.247947
-1.17695 0.287673
-1.16049 0.270286
-1.06173 0.201206
-1.17147 0.206158
-1.18244 0.198752
-1.17147 0.132141
-1.05075 0.102154
-1.02881 0.0576263
-1.1166 0.077542
-1.1989 0.140239
-1.16598 0.150702
-1.18793 0.152839
-1.26475 0.172755
-1.22085 0.198752
-1.24829 0.165981
-1.22085 0.198752
-1.26475 0.208657
-1.33608 0.218803
-1.369 0.239818
-1.31413 0.226571
-1.27572 0.208657
-1.28121 0.157159
-1.30316 0.146472
-1.29218 0.186709
-1.31413 0.186709
-1.22634 0.163753
-1.15501 0.146472
-1.23182 0.177346
-1.30864 0.184346
-1.26475 0.242512
-1.35802 0.211171
-1.369 0.196313
-1.28669 0.223967
-1.34156 0.261796
-1.23731 0.201206
-1.11111 0.196313
-1.23182 0.258996
-1.27023 0.296569
-1.25377 0.317855
-1.28121 0.293589
-1.19342 0.239818
-1.26475 0.256211
-1.26475 0.346306
-1.35802 0.339878
-1.44582 0.386137
-1.42387 0.386137
-1.33608 0.379348
-1.35254 0.442617
-1.40741 0.464791
-1.34156 0.417433
-1.37997 0.491345
-1.41838 0.491345
-1.40741 0.50685
-1.44033 0.583788
-1.51715 0.613504
-1.48422 0.587988
-1.51715 0.583788
-1.51715 0.643957
-1.41838 0.575434
-1.27572 0.472303
-1.28669 0.442617
-1.28121 0.449948
-1.28121 0.461058
-1.26475 0.453636
-1.29218 0.449948
-1.30316 0.487507
-1.35254 0.499068
-1.48422 0.579603
-1.369 0.510764
-1.29218 0.461058
-1.20988 0.406865
-1.30316 0.410373
-1.37449 0.514693
-1.39643 0.571279
-1.34705 0.491345
-1.37449 0.538583
-1.30316 0.487507
-1.40741 0.538583
-1.39643 0.510764
-1.40741 0.538583
-1.47325 0.592203
-1.58848 0.679663
-1.59945 0.670646
-1.48422 0.596433
-1.42387 0.55481
-1.34705 0.567139
-1.31413 0.479875
-1.39095 0.538583
-1.42936 0.575434
-1.46228 0.571279
-1.53909 0.652793
-1.48971 0.630815
-1.45679 0.575434
-1.41838 0.563015
-1.40192 0.550731
-1.34705 0.491345
-1.37997 0.514693
-1.37997 0.50685
-1.44033 0.579603
-1.45679 0.630815
-1.44033 0.626465
-1.47325 0.592203
-1.41289 0.575434
-1.40741 0.52657
-1.44582 0.596433
-1.44033 0.592203
-1.47325 0.643957
-1.59396 0.730333
-1.62689 0.753967
-1.59396 0.725652
-1.51166 0.66169
-1.44582 0.534564
-1.46228 0.563015
-1.41838 0.567139
-1.39643 0.530559
-1.39643 0.538583
-1.42387 0.518637
-1.46776 0.571279
-1.51715 0.579603
-1.40741 0.483683
-1.43484 0.499068
-1.40741 0.495199
-1.38546 0.483683
-1.41289 0.45734
-1.41838 0.491345
-1.42387 0.534564
-1.40192 0.530559
-1.40192 0.52657
-1.42936 0.538583
-1.47874 0.575434
-1.47325 0.55481
-1.41838 0.546667
-1.38546 0.530559
-1.37997 0.514693
-1.34156 0.52657
-1.34705 0.563015
-1.48422 0.600678
-1.42936 0.579603
-1.40192 0.510764
-1.33059 0.491345
-1.34156 0.435347
-1.31962 0.396433
-1.30864 0.359342
-1.27023 0.346306
-1.29767 0.403373
-1.31962 0.35606
-1.28121 0.336686
-1.30864 0.343084
-1.33059 0.336686
-1.24829 0.330349
-1.23731 0.327203
-1.27023 0.343084
-1.30316 0.392986
-1.37997 0.442617
-1.46228 0.50685
-1.39643 0.487507
-1.369 0.417433
-1.369 0.438974
-1.35802 0.435347
-1.14952 0.339878
-1.2428 0.336686
-1.23182 0.302575
-1.15501 0.278911
-1.20988 0.234474
-1.18793 0.234474
-1.25926 0.250686
-1.22085 0.177346
-1.28669 0.22919
-1.24829 0.247947
-1.30316 0.324072
-1.25926 0.317855
-1.25926 0.302575
-1.3251 0.302575
-1.23731 0.311698
-1.19342 0.258996
-1.20988 0.237138
-1.22085 0.201206
-1.06722 0.107483
-1.23731 0.100408
-1.22085 0.111111
-1.24829 0.105692
-1.18244 0.0602908
-1.10562 0.0616456
-1.22085 0.102154
-1.21536 0.103916
-1.13306 0.0790775
-1.17147 0.0935739
-1.11111 0.148579
-1.14403 0.172755
-1.11111 0.157159
-1.1989 0.146472
-1.27023 0.142302
-1.27572 0.150702
-1.20988 0.130154
-1.20439 0.112948
-1.22085 0.091903
-1.18244 0.0969609
-1.25926 0.159342
-1.30316 0.201206
-1.27023 0.211171
-1.10562 0.168224
-1.17695 0.168224
-1.1989 0.142302
-1.19342 0.128182
-1.28121 0.189088
-1.20988 0.157159
-1.22085 0.103916
-1.25926 0.0853698
-1.22634 0.120444
-1.2428 0.0886063
-1.29767 0.13616
-1.22634 0.184346
-1.20439 0.189088
-1.22085 0.231824
-1.17695 0.191481
-1.1989 0.144379
-1.20988 0.13616
-1.15501 0.126225
-1.22634 0.128182
-1.22085 0.138192
-1.28121 0.175043
-1.30316 0.186709
-1.28121 0.19389
-1.31413 0.146472
-1.25377 0.150702
-1.26475 0.150702
-1.28669 0.186709
-1.36351 0.184346
-1.33059 0.223967
-1.30864 0.239818
-1.28121 0.247947
-1.1989 0.150702
-1.18793 0.165981
-1.14403 0.198752
-1.18244 0.172755
-1.10014 0.130154
-1.19342 0.168224
-1.20988 0.165981
-1.22085 0.16154
-1.19342 0.170482
-1.13855 0.175043
-1.24829 0.189088
-1.21536 0.234474
-1.22085 0.218803
-1.31413 0.256211
-1.20988 0.189088
-1.1989 0.19389
-1.25377 0.216244
-1.2428 0.184346
-1.06722 0.142302
-1.01783 0.13616
-1.0727 0.132141
-1.06722 0.191481
-1.16049 0.253441
-1.29218 0.314769
-1.30864 0.327203
-1.18244 0.261796
-1.22085 0.264611
-1.18244 0.221377
-1.13306 0.154992
-1.16049 0.128182
-1.13306 0.122356
-1.1989 0.130154
-1.17147 0.146472
-1.23182 0.191481
-1.20988 0.175043
-1.36351 0.245222
-1.34156 0.247947
-1.29767 0.264611
-1.35802 0.261796
-1.25926 0.239818
-1.2428 0.163753
-1.21536 0.154992
-1.19342 0.168224
-1.36351 0.198752
-1.28121 0.218803
-1.369 0.247947
-1.31413 0.234474
-1.33608 0.242512
-1.20988 0.218803
-1.30864 0.186709
-1.23182 0.170482
-1.23731 0.2137
-1.2428 0.2137
-1.25377 0.206158
-1.29767 0.19389
-1.15501 0.179664
-1.29767 0.198752
-1.25377 0.234474
-1.23182 0.203675
-1.16598 0.172755
-1.18793 0.148579
-1.12209 0.0869805
-1.16598 0.0969609
-1.14952 0.103916
-1.10562 0.0715507
-1.13306 0.0686454
-1.18244 0.122356
-1.14403 0.128182
-1.20439 0.172755
-1.369 0.196313
-1.30316 0.177346
-1.16598 0.201206
-1.27572 0.293589
-1.27572 0.314769
-1.30316 0.287673
-1.33608 0.287673
-1.20439 0.170482
-1.20439 0.170482
-1.20988 0.148579
-1.28121 0.146472
-1.20439 0.181998
-1.14403 0.168224
-1.23731 0.211171
-1.26475 0.256211
-1.1989 0.256211
-1.1166 0.234474
-1.21536 0.218803
-1.22085 0.256211
-1.22634 0.299565
-1.29767 0.302575
-1.25377 0.290623
-1.3251 0.308642
-1.33608 0.311698
-1.27023 0.299565
-1.22634 0.242512
-1.24829 0.239818
-1.20988 0.203675
-1.2428 0.206158
-1.22634 0.242512
-1.20988 0.226571
-1.14952 0.208657
-1.16049 0.172755
-1.15501 0.191481
-1.17695 0.191481
-1.27023 0.2137
-1.29767 0.270286
-1.29767 0.324072
-1.23182 0.293589
-1.25926 0.305601
-1.22085 0.324072
-1.20988 0.293589
-1.1989 0.293589
-1.1989 0.264611
-1.20988 0.256211
-1.23182 0.22919
-1.22634 0.290623
-1.22085 0.237138
-1.23182 0.256211
-1.22634 0.281817
-1.21536 0.314769
-1.27023 0.296569
-1.34156 0.317855
-1.369 0.324072
-1.37449 0.290623
-1.22634 0.253441
-1.18793 0.231824
-1.22085 0.216244
-1.23731 0.226571
-1.26475 0.203675
-1.25926 0.184346
-1.20988 0.130154
-1.18244 0.124283
-1.1166 0.100408
-1.20439 0.112948
-1.14952 0.126225
-1.22085 0.111111
-1.18793 0.112948
-1.14403 0.140239
-1.19342 0.221377
-1.35802 0.299565
-1.33608 0.320956
-1.29218 0.336686
-1.27572 0.270286
-1.1989 0.267441
-1.17147 0.284737
-1.16598 0.290623
-1.22085 0.314769
-1.16049 0.33351
-1.14952 0.299565
-1.18793 0.327203
-1.30864 0.362639
-1.20439 0.339878
-1.20439 0.372619
-1.21536 0.352794
-1.19342 0.267441
-1.25926 0.296569
-1.28669 0.327203
-1.28669 0.330349
-1.31413 0.362639
-1.2428 0.36595
-1.25377 0.343084
-1.22085 0.352794
-1.20988 0.330349
-1.29218 0.379348
-1.22085 0.379348
-1.27572 0.396433
-1.30864 0.417433
-1.2428 0.372619
-1.25926 0.281817
-1.17695 0.22919
-1.13306 0.226571
-1.24829 0.247947
-1.25926 0.186709
-1.18793 0.16154
-1.18244 0.157159
-1.17695 0.226571
-1.23182 0.264611
-1.23182 0.234474
-1.20439 0.284737
-1.24829 0.278911
-1.25377 0.261796
-1.24829 0.261796
-1.23182 0.314769
-1.2428 0.330349
-1.18244 0.281817
-1.16049 0.287673
-1.11111 0.261796
-1.07819 0.22919
-1.18793 0.264611
-1.19342 0.256211
-1.31962 0.284737
-1.27572 0.281817
-1.27572 0.278911
-1.31962 0.293589
-1.29218 0.302575
-1.28121 0.327203
-1.24829 0.308642
-1.23731 0.296569
-1.33059 0.324072
-1.31413 0.324072
-1.35254 0.359342
-1.29767 0.314769
-1.31413 0.305601
-1.27572 0.33351
-1.24829 0.317855
-1.2428 0.317855
-1.25377 0.35606
-1.29218 0.424553
-1.39095 0.495199
-1.40192 0.479875
-1.43484 0.483683
-1.37997 0.461058
-1.27023 0.442617
-1.17147 0.35606
-1.3251 0.446275
-1.34705 0.464791
-1.37997 0.495199
-1.26475 0.442617
-1.3251 0.514693
-1.42387 0.592203
-1.30316 0.518637
-1.43484 0.563015
-1.40741 0.55481
-1.40192 0.55481
-1.29767 0.453636
-1.44033 0.522596
-1.36351 0.468539
-1.30864 0.510764
-1.47874 0.522596
-1.369 0.435347
-1.30316 0.45734
-1.18244 0.435347
-1.21536 0.375976
-1.24829 0.399896
-1.31413 0.472303
-1.25377 0.435347
-1.26475 0.442617
-1.37997 0.461058
-1.31413 0.476081
-1.27023 0.461058
-1.29767 0.45734
-1.29218 0.396433
-1.17147 0.379348
-1.20439 0.362639
-1.24829 0.372619
-1.23182 0.392986
-1.27023 0.392986
-1.31413 0.379348
-1.31413 0.375976
-1.28669 0.428136
-1.38546 0.476081
-1.23182 0.442617
-1.19342 0.36595
-1.26475 0.336686
-1.15501 0.330349
-1.17147 0.308642
-1.14403 0.264611
-1.28669 0.33351
-1.2428 0.324072
-1.24829 0.35606
-1.23731 0.399896
-1.29218 0.435347
-1.36351 0.495199
-1.34705 0.472303
-1.38546 0.530559
-1.3251 0.449948
-1.30316 0.420986
-1.36351 0.431734
-1.31962 0.417433
-1.38546 0.453636
-1.3251 0.379348
-1.3251 0.438974
-1.31962 0.491345
-1.35802 0.491345
-1.3251 0.453636
-1.30316 0.413895
-1.28121 0.413895
-1.26475 0.392986
-1.39643 0.50685
-1.40741 0.491345
-1.35802 0.468539
-1.38546 0.45734
-1.39095 0.449948
-1.35802 0.406865
-1.27572 0.406865
-1.39643 0.538583
-1.42387 0.596433
-1.369 0.550731
-1.34156 0.538583
-1.30316 0.453636
-1.27572 0.420986
-1.24829 0.479875
-1.35802 0.502951
-1.28669 0.495199
-1.3251 0.461058
-1.3251 0.514693
-1.40741 0.534564
-1.48971 0.579603
-1.46228 0.538583
-1.52263 0.622129
-1.51715 0.626465
-1.56104 0.657234
-1.46776 0.635181
-1.51166 0.670646
-1.50617 0.66616
-1.47874 0.66616
-1.54458 0.693302
-1.56653 0.707076
-1.61043 0.716334
-1.58299 0.697878
-1.42936 0.626465
-1.41838 0.575434
-1.34156 0.522596
-1.34705 0.530559
-1.35254 0.55481
-1.43484 0.604938
-1.36351 0.476081
-1.27572 0.431734
-1.33608 0.435347
-1.42936 0.476081
-1.50617 0.575434
-1.48971 0.567139
-1.37997 0.453636
-1.34156 0.428136
-1.33059 0.399896
-1.30864 0.392986
-1.29218 0.372619
-1.34705 0.346306
-1.27572 0.324072
-1.28669 0.346306
-1.28669 0.369277
-1.28121 0.33351
-1.33059 0.362639
-1.33608 0.35606
-1.27572 0.33351
-1.25377 0.308642
-1.18244 0.2137
-1.28121 0.191481
-1.27572 0.198752
-1.2428 0.198752
-1.22085 0.267441
-1.22085 0.299565
-1.18244 0.276021
-1.23731 0.314769
-1.24829 0.311698
-1.26475 0.305601
-1.3251 0.339878
-1.39643 0.359342
-1.35802 0.273146
-1.29767 0.256211
-1.21536 0.276021
-1.36351 0.234474
-1.34705 0.245222
-1.30316 0.231824
-1.31962 0.253441
-1.25377 0.270286
-1.23731 0.264611
-1.27572 0.392986
-1.43484 0.413895
-1.46228 0.417433
-1.41838 0.386137
-1.369 0.359342
-1.41289 0.396433
-1.42387 0.349542
-1.37449 0.33351
-1.34705 0.317855
-1.35254 0.311698
-1.33608 0.362639
-1.28669 0.327203
-1.29218 0.339878
-1.30316 0.281817
-1.25926 0.261796
-1.25926 0.239818
-1.1989 0.290623
-1.13855 0.264611
-1.09465 0.216244
-1.20439 0.226571
-1.17695 0.221377
-1.15501 0.256211
-1.08368 0.179664
-1.16598 0.234474
-1.19342 0.216244
-1.27572 0.196313
-1.19342 0.138192
-1.1989 0.132141
-1.23182 0.142302
-1.17147 0.105692
-1.09465 0.0952599
-1.13855 0.103916
-1.12757 0.0952599
-1.09465 0.0658003
-1.09465 0.0658003
-1.10562 0.0672154
-1.23182 0.102154
-1.22085 0.152839
-1.28669 0.211171
-1.25926 0.22919
-1.27023 0.170482
-1.22634 0.146472
-1.18793 0.134143
-1.1989 0.114799
-1.18244 0.134143
-1.22085 0.111111
-1.23182 0.134143
-1.24829 0.105692
-1.19342 0.0869805
-1.14403 0.080628
-1.29767 0.140239
-1.20988 0.098677
-1.22085 0.0902471
-1.2428 0.0672154
-1.33059 0.0935739
-1.35254 0.100408
-1.30316 0.0952599
-1.27572 0.105692
-1.29218 0.112948
-1.25926 0.0952599
-1.31962 0.107483
-1.31413 0.154992
-1.36351 0.172755
-1.40741 0.181998
-1.43484 0.203675
-1.3251 0.168224
-1.29767 0.142302
-1.27572 0.186709
-1.28669 0.168224
-1.27023 0.16154
-1.28669 0.168224
-1.30864 0.102154
-1.29218 0.105692
-1.30864 0.116666
-1.35802 0.091903
-1.37997 0.134143
-1.39095 0.132141
-1.40741 0.0853698
-1.38546 0.0886063
-1.31413 0.0869805
-1.30864 0.0902471
-1.33608 0.098677
-1.23731 0.105692
-1.3251 0.098677
-1.25377 0.116666
-1.34156 0.165981
-1.27023 0.13616
-1.20439 0.144379
-1.25926 0.146472
-1.2428 0.126225
-1.23182 0.102154
-1.19342 0.132141
-1.20439 0.103916
-1.17695 0.179664
-1.14952 0.165981
-1.21536 0.184346
-1.23731 0.170482
-1.29218 0.148579
-1.20988 0.148579
-1.19342 0.140239
-1.25377 0.138192
-1.24829 0.091903
-1.23731 0.091903
-1.10562 0.0524781
-1.16598 0.0869805
-1.21536 0.10929
-1.10014 0.0869805
-1.07819 0.0869805
-1.16049 0.0886063
-1.18793 0.0853698
-1.10562 0.091903
-1.11111 0.091903
-1.11111 0.0790775
-1.16598 0.0837741
-1.20988 0.0935739
-1.13306 0.058951
-1.15501 0.0499943
-1.09465 0.0353172
-1.06722 0.0512286
-0.96845 0.0353172
-1.09465 0.0512286
-1.13306 0.0363559
-1.06722 0.0475707
-1.00686 0.0512286
-1.01235 0.0322914
-0.995885 0.0452073
-1.02332 0.0231841
-1.05624 0.0524781
-1.1166 0.0686454
-1.14403 0.0440482
-1.1989 0.0417751
-1.25377 0.0284679
-1.23182 0.0105844
-1.14952 0.0123457
-1.19342 0.0294012
-1.25926 0.0576263
-1.21536 0.0790775
-1.1989 0.0935739
-1.16049 0.077542
-1.04527 0.0395622
-1.08916 0.0294012
-1.08368 0.0452073
-1.09465 0.0563167
-1.12209 0.0524781
-1.12757 0.0537426
-1.21536 0.0463814
-1.18793 0.0487749
-1.18793 0.0616456
-1.22634 0.0686454
-1.16049 0.0686454
-1.12757 0.0672154
-1.3251 0.0429041
-1.34156 0.0240271
-1.24829 0.0199627
-1.24829 0.0257583
-1.23731 0.0463814
-1.23182 0.0199627
-1.2428 0.0184423
-1.29218 0.0363559
-1.27572 0.0199627
-1.21536 0.0374096
-1.16049 0.0499943
-1.20439 0.073026
-1.31413 0.0745163
-1.19342 0.0487749
-1.23731 0.0837741
-1.17147 0.0658003
-1.2428 0.0463814
-1.21536 0.0537426
-1.17695 0.0952599
-1.1989 0.0869805
-1.22634 0.100408
-1.2428 0.111111
-1.1989 0.105692
-1.23182 0.0821935
-1.08916 0.0353172
-1.12757 0.0406611
-1.12757 0.0537426
-1.17695 0.0342936
-1.16598 0.0177047
-1.16049 0.0240271
-1.22085 0.0524781
-1.28669 0.0969609
-1.30864 0.111111
-1.1989 0.0952599
-1.25377 0.0969609
-1.18793 0.0886063
-1.24829 0.0563167
-1.10562 0.0475707
-1.18793 0.0342936
-1.12757 0.0275496
-1.13306 0.0199627
-1.20439 0.0162746
-1.17695 0.0199627
-1.09465 0.019195
-1.12757 0.00844685
-1.12209 0.00746837
-1.16049 1.88168e-06
-1.18793 0.000995407
-1.1989 0.00286203
-1.2428 0.0031631
-1.1989 0.000679285
-1.18793 0.00844685
-1.2428 0.0031631
-1.18244 9.22021e-05
-1.21536 0.00230505
-1.20988 9.22021e-05
-1.23182 0.00117605
-1.10014 0.00569207
-1.23731 0.00611357
-1.31413 0.031313
-1.1989 0.0207455
-1.18793 0.0184423
-1.15501 0.0177047
-1.15501 0.0215433
-1.23731 0.0257583
-1.25926 0.0215433
-1.26475 0.0135951
-1.33059 0.0105844
-1.33608 0.00286203
-1.28669 0.00180829
-1.20439 1.69351e-05
-1.21536 0.000227683
-1.18244 9.22021e-05
-1.14403 0.000995407
-1.22085 0.00746837
-1.22085 0.000318003
-1.18793 1.69351e-05
-1.25926 0.00230505
-1.23182 0.00381039
-1.18793 0.0105844
-1.17147 0.0149048
-1.10014 0.00415662
-1.15501 0.000543804
-1.10562 0.000152416
-1.06173 0.00180829
-1.12757 0.000995407
-1.14952 1.69351e-05
-1.0727 4.70419e-05
-1.09465 4.70419e-05
-1.19342 1.88168e-06
-1.2428 0.000995407
-1.27572 0.00230505
-1.24829 0.000995407
-1.30316 0.0031631
-1.25926 0.00257602
-1.27023 0.00347922
-1.29767 0.00655012
-1.25377 0.00180829
-1.2428 0.0031631
-1.22085 0.000995407
-1.20439 0.000227683
-1.1989 0.00137174
-1.20439 1.69351e-05
-1.13855 4.70419e-05
-1.08916 0.000543804
-1.21536 0.000543804
-1.18793 0.00347922
-1.19342 0.000152416
-1.21536 9.22021e-05
-1.25377 0.00611357
-1.22634 0.00528563
-1.20439 0.00844685
-1.26475 0.00844685
-1.17695 0.00844685
-1.18793 0.00415662
-1.15501 0.00381039
-1.19342 0.00528563
-1.24829 0.00746837
-1.2428 0.00347922
-1.03429 0.00489424
-1.03429 0.00795008
-1.18793 0.00489424
-1.16598 0.0162746
-1.15501 0.0294012
-1.12757 0.033285
-1.13855 0.0353172
-1.18793 0.0550221
-1.14403 0.0429041
-1.22634 0.0429041
-1.17695 0.0207455
-1.2428 0.0406611
-1.35254 0.0303496
-1.28669 0.033285
-1.33608 0.0215433
-1.34156 0.0284679
-1.23182 0.033285
-1.19342 0.0275496
-1.1989 0.0240271
-1.11111 0.0162746
-1.12209 0.00948553
-1.18793 0.00569207
-1.12209 0.00948553
-1.01235 0.00286203
-0.973937 4.70419e-05
-1.13306 0.00655012
-1.23731 0.00257602
-1.2428 0.00700172
-1.13306 0.0155822
-1.20439 0.00746837
-1.20988 0.0162746
-1.11111 0.00844685
-1.19342 0.00746837
-1.17695 0.0135951
-1.14403 0.00611357
-1.15501 0.000318003
-1.12757 0.00569207
-1.17147 0.0100275
-1.1989 0.0105844
-1.13306 0.00844685
-1.20439 0.00204915
-1.23731 0.00117605
-1.18793 0.0129629
-1.18793 0.00415662
-1.2428 0.0100275
-1.21536 0.0177047
-1.17695 0.00795008
-1.18793 0.00117605
-1.21536 0.00381039
-1.24829 0.0199627
-1.17695 0.0123457
-1.16049 0.0135951
-1.16598 0.00489424
-1.27023 0.0169821
-1.21536 0.0149048
-1.22085 0.0440482
-1.12757 0.0440482
-1.18793 0.0353172
-1.28121 0.0429041
-1.25926 0.0550221
-1.19342 0.0452073
-1.0727 0.0275496
-1.18793 0.0487749
-1.22085 0.080628
-1.27023 0.0853698
-1.26475 0.0935739
-1.17147 0.077542
-1.12209 0.0902471
-1.10562 0.0672154
-1.04527 0.0672154
-1.13855 0.0715507
-1.16049 0.0760216
-1.21536 0.0935739
-1.17695 0.0790775
-1.16598 0.0524781
-1.13855 0.073026
-1.15501 0.0969609
-1.08368 0.102154
-1.10014 0.0869805
-1.12757 0.126225
-1.17695 0.19389
-1.18793 0.239818
-1.17147 0.281817
-1.20988 0.287673
-1.24829 0.290623
-1.26475 0.320956
-1.37997 0.399896
-1.48971 0.468539
-1.34705 0.446275
-1.39095 0.472303
-1.43484 0.468539
-1.39643 0.431734
-1.39095 0.428136
-1.33059 0.35606
-1.39095 0.375976
-1.42387 0.369277
-1.31413 0.372619
-1.27572 0.359342
-1.21536 0.379348
-1.24829 0.389554
-1.25926 0.417433
-1.30316 0.386137
-1.28669 0.372619
-1.33059 0.392986
-1.29218 0.359342
-1.30864 0.428136
-1.33608 0.438974
-1.369 0.464791
-1.33059 0.399896
-1.35254 0.428136
-1.35802 0.431734
-1.33059 0.417433
-1.28121 0.446275
-1.25926 0.399896
-1.369 0.449948
-1.37997 0.442617
-1.3251 0.461058
-1.26475 0.389554
-1.29218 0.435347
-1.27572 0.417433
-1.38546 0.52657
-1.48971 0.592203
-1.44033 0.538583
-1.39095 0.483683
-1.39643 0.50685
-1.44033 0.583788
-1.52263 0.596433
-1.44033 0.55481
-1.44582 0.558905
-1.50069 0.604938
-1.40192 0.55481
-1.46228 0.609213
-1.39095 0.558905
-1.34705 0.538583
-1.29767 0.491345
-1.29218 0.499068
-1.28121 0.50685
-1.39643 0.542617
-1.3251 0.472303
-1.3251 0.453636
-1.27572 0.431734
-1.25377 0.389554
-1.22634 0.369277
-1.33608 0.410373
-1.39095 0.417433
-1.31413 0.424553
-1.31962 0.472303
-1.27572 0.476081
-1.35254 0.518637
-1.39095 0.483683
-1.37997 0.479875
-1.30316 0.428136
-1.29767 0.431734
-1.25926 0.442617
-1.3251 0.472303
-1.31962 0.530559
-1.39095 0.55481
-1.41838 0.55481
-1.45679 0.596433
-1.43484 0.587988
-1.50617 0.693302
-1.4952 0.657234
-1.46228 0.563015
-1.369 0.491345
-1.33608 0.410373
-1.31413 0.442617
-1.26475 0.359342
-1.28669 0.372619
-1.25377 0.35606
-1.28121 0.392986
-1.29767 0.36595
-1.28121 0.330349
-1.25377 0.349542
-1.3251 0.324072
-1.31413 0.339878
-1.23731 0.336686
-1.29218 0.324072
-1.29767 0.296569
-1.29767 0.346306
-1.31962 0.375976
-1.31413 0.362639
-1.30316 0.369277
-1.34705 0.438974
-1.33608 0.472303
-1.35802 0.472303
-1.47874 0.514693
-1.47325 0.579603
-1.31962 0.502951
-1.34705 0.530559
-1.27572 0.495199
-1.42936 0.571279
-1.3251 0.55481
-1.35254 0.483683
-1.36351 0.55481
-1.41289 0.542617
-1.40741 0.546667
-1.41838 0.604938
-1.37997 0.596433
-1.39643 0.534564
-1.46776 0.571279
-1.48422 0.600678
-1.46776 0.563015
-1.3251 0.487507
-1.31413 0.479875
-1.34705 0.502951
-1.41838 0.510764
-1.45679 0.563015
-1.4513 0.55481
-1.44582 0.499068
-1.42936 0.514693
-1.40192 0.518637
-1.36351 0.483683
-1.35802 0.446275
-1.36351 0.435347
-1.26475 0.375976
-1.23731 0.349542
-1.28669 0.375976
-1.30316 0.431734
-1.38546 0.514693
-1.42387 0.530559
-1.37997 0.502951
-1.51166 0.587988
-1.4513 0.583788
-1.39643 0.558905
-1.47325 0.583788
-1.4513 0.534564
-1.48971 0.609213
-1.41838 0.583788
-1.45679 0.626465
-1.36351 0.563015
-1.369 0.514693
-1.40192 0.546667
-1.48971 0.575434
-1.40741 0.550731
-1.4513 0.546667
-1.41289 0.522596
-1.37997 0.45734
-1.37449 0.461058
-1.44582 0.431734
-1.29767 0.379348
-1.30316 0.352794
-1.18793 0.278911
-1.1989 0.258996
-1.20439 0.264611
-1.14952 0.218803
-1.25377 0.284737
-1.16598 0.179664
-1.14403 0.140239
-1.16598 0.114799
-1.09465 0.122356
-1.17147 0.128182
-1.27572 0.157159
-1.23182 0.140239
-1.22085 0.124283
-1.2428 0.128182
-1.20988 0.165981
-1.16598 0.118547
-1.13306 0.140239
-1.10014 0.154992
-1.17695 0.144379
-1.21536 0.186709
-1.30316 0.216244
-1.22634 0.196313
-1.19342 0.170482
-1.30864 0.223967
-1.1989 0.201206
-1.17695 0.218803
-1.17147 0.198752
-1.17147 0.157159
-1.18793 0.172755
-1.29767 0.172755
-1.24829 0.16154
-1.23182 0.206158
-1.16598 0.208657
-1.16049 0.203675
-1.18793 0.216244
-1.25377 0.242512
-1.28121 0.242512
-1.31962 0.242512
-1.28121 0.22919
-1.35254 0.250686
-1.25377 0.226571
-1.25926 0.201206
-1.14952 0.186709
-1.23731 0.148579
-1.22085 0.175043
-1.18244 0.16154
-1.34156 0.175043
-1.20988 0.114799
-1.24829 0.154992
-1.2428 0.111111
-1.11111 0.0853698
-1.16049 0.0616456
-1.14403 0.091903
-1.04527 0.073026
-1.11111 0.098677
-1.14403 0.114799
-1.12757 0.107483
-1.18244 0.0790775
-1.19342 0.103916
-1.17695 0.0886063
-1.1166 0.105692
-1.14952 0.144379
-1.13306 0.132141
-1.11111 0.134143
-1.22085 0.184346
-1.18244 0.172755
-1.21536 0.203675
-1.14403 0.159342
-1.14952 0.177346
-1.08916 0.154992
-1.1166 0.196313
-1.16049 0.189088
-1.15501 0.177346
-1.28121 0.223967
-1.34705 0.245222
-1.24829 0.253441
-1.13855 0.181998
-1.10562 0.165981
-1.05624 0.201206
-1.11111 0.175043
-1.12757 0.132141
-1.07819 0.118547
-1.12757 0.165981
-1.18793 0.179664
-1.18793 0.175043
-1.22085 0.13616
-1.23182 0.128182
-1.20988 0.130154
-1.26475 0.142302
-1.1989 0.140239
-1.18244 0.16154
-1.1989 0.186709
-1.18244 0.16154
-1.28669 0.122356
-1.19342 0.103916
-1.20439 0.0686454
-1.14403 0.107483
-1.25377 0.114799
-1.23731 0.144379
-1.1989 0.130154
-1.27572 0.126225
-1.22085 0.107483
-1.25926 0.0760216
-1.28121 0.0853698
-1.16049 0.0715507
-1.24829 0.0886063
-1.19342 0.112948
-1.1166 0.118547
-1.18793 0.111111
-1.19342 0.118547
-1.20988 0.138192
-1.13855 0.130154
-1.11111 0.0869805
-1.13855 0.0886063
-1.10562 0.107483
-1.14403 0.132141
-1.12757 0.111111
-1.12757 0.122356
-1.2428 0.146472
-1.22634 0.138192
-1.23731 0.152839
-1.26475 0.134143
-1.10562 0.13616
-1.17695 0.140239
-1.26475 0.191481
-1.28121 0.231824
-1.16598 0.239818
-1.20439 0.22919
-1.24829 0.270286
-1.28121 0.226571
-1.33608 0.231824
-1.33059 0.186709
-1.33608 0.231824
-1.27572 0.191481
-1.27023 0.211171
-1.18244 0.159342
-1.17147 0.128182
-1.24829 0.144379
-1.24829 0.154992
-1.14403 0.103916
-1.2428 0.118547
-1.2428 0.0869805
-1.26475 0.0969609
-1.24829 0.0745163
-1.30316 0.130154
-1.27572 0.170482
-1.28121 0.196313
-1.28669 0.118547
-1.28669 0.138192
-1.2428 0.170482
-1.30316 0.130154
-1.16598 0.154992
-1.25377 0.186709
-1.17147 0.163753
-1.19342 0.128182
-1.18244 0.120444
-1.20988 0.150702
-1.17147 0.154992
-1.12757 0.152839
-1.1166 0.177346
-1.1989 0.177346
-1.20988 0.154992
-1.16049 0.138192
-1.29767 0.130154
-1.25377 0.146472
-1.13306 0.114799
-1.14952 0.130154
-1.16598 0.146472
-1.03429 0.120444
-1.08916 0.128182
-1.18244 0.0760216
-1.08916 0.0576263
-1.09465 0.0616456
-1.13855 0.0969609
-1.21536 0.10929
-1.17147 0.100408
-1.15501 0.0745163
-1.27023 0.10929
-1.25926 0.098677
-1.25377 0.0658003
-1.25926 0.0563167
-1.2428 0.0417751
-1.18244 0.0294012
-1.28669 0.0266464
-1.21536 0.0363559
-1.21536 0.0499943
-1.12209 0.0294012
-1.16049 0.019195
-1.07819 0.0177047
-1.12757 0.0215433
-1.20988 0.0199627
-1.20988 0.00844685
-1.2428 0.00415662
-1.16049 0.00117605
-1.15501 0.00137174
-1.19342 0.000829819
-1.18244 0.000995407
-1.20988 0.00451791
-1.18793 1.88168e-06
-1.09465 0.00117605
-1.08368 0.000829819
-1.18793 0.00137174
-1.19342 0.000995407
-1.20988 0.00257602
-1.23182 0.00158249
-1.19342 0.000423377
-1.15501 9.22021e-05
-1.08368 0.00137174
-1.11111 0.00230505
-1.17147 1.69351e-05
-1.20439 0.000423377
-1.26475 0.00286203
-1.22085 0.00347922
-1.1989 0.00180829
-1.19342 0.000995407
-1.15501 0.000152416
-1.16598 0.000423377
-1.23731 0.00230505
-1.10014 0.00180829
-1.14403 0.00180829
-1.10562 0.00746837
-1.0727 0.000227683
-1.13306 0.00528563
-1.11111 0.00700172
-1.14952 1.69351e-05
-1.05075 0.00948553
-1.05624 0.00746837
-1.05624 0.0155822
-1.01235 0.00230505
-1.08368 0.0111565
-1.16049 0.0215433
-1.0727 0.0231841
-1.03429 0.0149048
-1.08368 0.0231841
-1.14952 0.0207455
-1.20439 0.00844685
-1.27572 0.0162746
-1.23182 0.0100275
-1.1166 0.0266464
-1.13855 0.0135951
-1.1166 0.00795008
-1.05075 0.0100275
-1.05075 0.0223562
-1.02332 0.0184423
-1.06173 0.0105844
-1.06173 0.0266464
-1.04527 0.0257583
-1.12209 0.0512286
-1.24829 0.0499943
-1.15501 0.0429041
-1.23731 0.0417751
-1.20439 0.031313
-1.23731 0.0284679
-1.25926 0.0452073
-1.18793 0.0487749
-1.12209 0.0395622
-1.20439 0.0275496
-1.19342 0.0240271
-1.2428 0.0322914
-1.1989 0.0395622
-1.19342 0.0406611
-1.17695 0.0406611
-1.14403 0.0406611
-1.09465 0.0563167
-1.18793 0.0644004
-1.14403 0.0821935
-1.20439 0.0869805
-1.17147 0.0715507
-1.22085 0.098677
-1.21536 0.080628
-1.20439 0.091903
-1.2428 0.0902471
-1.16049 0.103916
-1.26475 0.112948
-1.29767 0.130154
-1.24829 0.114799
-1.29767 0.102154
-1.28669 0.140239
-1.1989 0.118547
-1.28121 0.146472
-1.17147 0.098677
-1.23182 0.0745163
-1.21536 0.0395622
-1.18244 0.0537426
-1.20439 0.0155822
-1.22634 0.0142424
-1.3251 0.0199627
-1.25377 0.0155822
-1.22634 0.0240271
-1.24829 0.0384784
-1.23182 0.0395622
-1.33608 0.0616456
-1.25926 0.0463814
-1.30864 0.0537426
-1.20988 0.0672154
-1.23182 0.0745163
-1.23182 0.0760216
-1.18244 0.0512286
-1.16598 0.0487749
-1.15501 0.0745163
-1.18244 0.073026
-1.25926 0.058951
-1.23182 0.0417751
-1.15501 0.0294012
-1.14952 0.0169821
-1.1989 0.0322914
-1.1989 0.0207455
-1.16598 0.00746837
-1.14952 0.00895866
-1.14403 0.00204915
-1.16049 0.000423377
-1.10014 0.00117605
-1.08368 1.88168e-06
-1.03429 1.69351e-05
-1.10562 0.00137174
-1.16598 0.00204915
-1.22634 0.00257602
-1.17695 0.00795008
-1.2428 0.019195
-1.22085 0.0266464
-1.25926 0.0105844
-1.3251 0.0123457
-1.37449 0.00895866
-1.35254 0.00347922
-1.31413 0.00117605
-1.26475 0.00347922
-1.27023 0.0155822
-1.2428 0.0223562
-1.27023 0.0105844
-1.12757 0.0117435
-1.13855 0.0223562
-1.1989 0.0215433
-1.20988 0.0294012
-1.33608 0.0374096
-1.29218 0.0630155
-1.29218 0.0406611
-1.29218 0.00948553
-1.31413 0.00569207
-1.27572 0.00611357
-1.19342 0.0105844
-1.23731 0.0240271
-1.21536 0.0322914
-1.17695 0.0223562
-1.14952 0.0207455
-1.16049 0.00795008
-1.10562 0.00180829
-1.05624 0.00137174
-1.07819 0.000995407
-1.05624 0.000152416
-1.12209 9.22021e-05
-0.962963 0.000227683
-1.06722 0.000318003
-1.08916 1.88168e-06
-1.04527 0.00230505
-1.07819 0.0257583
-1.08368 0.0123457
-1.06173 0.0512286
-1.11111 0.0363559
-1.16598 0.0363559
-1.23731 0.0429041
-1.25377 0.0715507
-1.27023 0.0745163
-1.25926 0.0686454
-1.20439 0.0760216
-1.13855 0.0602908
-1.21536 0.0853698
-1.18244 0.0760216
-1.18244 0.0630155
-1.1166 0.0886063
-1.14952 0.0790775
-1.15501 0.120444
-1.25926 0.186709
-1.29767 0.206158
-1.22634 0.22919
-1.21536 0.245222
-1.20988 0.201206
-1.34705 0.256211
-1.23182 0.22919
-1.17695 0.218803
-1.18793 0.261796
-1.20439 0.284737
-1.28669 0.320956
-1.25377 0.327203
-1.17695 0.379348
-1.17695 0.369277
-1.25377 0.386137
-1.26475 0.36595
-1.33608 0.372619
-1.25926 0.396433
-1.31413 0.406865
-1.36351 0.442617
-1.31962 0.382735
-1.23182 0.382735
-1.27572 0.362639
-1.28121 0.372619
-1.2428 0.314769
-1.28121 0.324072
-1.14403 0.281817
-1.11111 0.256211
-1.07819 0.211171
-1.06173 0.234474
-1.15501 0.234474
-1.10014 0.226571
-1.10562 0.177346
-1.10014 0.179664
-1.03978 0.16154
-1.06173 0.148579
-1.14403 0.258996
-1.31962 0.33351
-1.34156 0.349542
-1.35802 0.352794
-1.33059 0.305601
-1.39095 0.343084
-1.29767 0.35606
-1.29767 0.343084
-1.25926 0.382735
-1.27023 0.396433
-1.28121 0.420986
-1.30316 0.442617
-1.25926 0.438974
-1.28669 0.502951
-1.42936 0.502951
-1.40741 0.530559
-1.39643 0.563015
-1.46776 0.596433
-1.44033 0.558905
-1.52263 0.575434
-1.4513 0.52657
-1.37997 0.518637
-1.31962 0.491345
-1.47874 0.542617
-1.4952 0.542617
-1.35254 0.476081
-1.36351 0.510764
-1.39643 0.518637
-1.41838 0.567139
-1.39643 0.546667
-1.58848 0.652793
-1.48971 0.657234
-1.59945 0.73503
-1.56653 0.74921
-1.51166 0.702469
-1.4952 0.679663
-1.55556 0.707076
-1.59945 0.711697
-1.52263 0.66616
-1.43484 0.558905
-1.37997 0.546667
-1.40192 0.558905
-1.42936 0.604938
-1.46228 0.639561
-1.46228 0.684194
-1.42387 0.617809
-1.41289 0.609213
-1.35802 0.514693
-1.31962 0.449948
-1.28669 0.424553
-1.34705 0.479875
-1.29767 0.438974
-1.30316 0.379348
-1.28669 0.449948
-1.29767 0.438974
-1.33059 0.476081
-1.37997 0.52657
-1.36351 0.491345
-1.40192 0.52657
-1.39095 0.558905
-1.35802 0.579603
-1.34156 0.50685
-1.42387 0.567139
-1.46228 0.609213
-1.44033 0.583788
-1.44582 0.587988
-1.44582 0.587988
-1.37449 0.567139
-1.38546 0.55481
-1.36351 0.483683
-1.34156 0.446275
-1.27023 0.406865
-1.2428 0.36595
-1.35802 0.375976
-1.31413 0.379348
-1.25377 0.35606
-1.27572 0.346306
-1.26475 0.308642
-1.21536 0.270286
-1.22085 0.22919
-1.28121 0.287673
-1.28121 0.253441
-1.30316 0.273146
-1.27023 0.247947
-1.25377 0.273146
-1.29218 0.302575
-1.17147 0.191481
-1.34705 0.221377
-1.35802 0.237138
-1.33059 0.221377
-1.31962 0.22919
-1.2428 0.2137
-1.28669 0.256211
-1.28121 0.281817
-1.23182 0.247947
-1.29218 0.267441
-1.13855 0.218803
-1.18793 0.276021
-1.17147 0.226571
-1.22634 0.302575
-1.25926 0.250686
-1.24829 0.311698
-1.18244 0.317855
-1.30864 0.372619
-1.33059 0.417433
-1.33608 0.386137
-1.38546 0.491345
-1.41289 0.518637
-1.369 0.45734
-1.36351 0.428136
-1.38546 0.442617
-1.37997 0.487507
-1.42936 0.530559
-1.41289 0.502951
-1.31413 0.438974
-1.33059 0.403373
-1.39095 0.417433
-1.3251 0.35606
-1.22634 0.311698
-1.22085 0.261796
-1.36351 0.305601
-1.45679 0.302575
-1.45679 0.299565
-1.28121 0.245222
-1.22634 0.234474
-1.29767 0.287673
-1.39095 0.362639
-1.37997 0.339878
-1.2428 0.296569
-1.19342 0.284737
-1.23731 0.320956
-1.31413 0.35606
-1.36351 0.449948
-1.40192 0.424553
-1.34156 0.410373
-1.42387 0.403373
-1.31962 0.339878
-1.31962 0.399896
-1.29218 0.352794
-1.28121 0.320956
-1.22634 0.221377
-1.23731 0.239818
-1.27023 0.287673
-1.25926 0.264611
-1.17147 0.242512
-1.22634 0.276021
-1.17695 0.284737
-1.07819 0.247947
-1.10014 0.245222
-1.11111 0.218803
-1.17147 0.287673
-1.16598 0.250686
-1.11111 0.203675
-1.13306 0.152839
-1.15501 0.16154
-1.18793 0.223967
-1.10014 0.19389
-1.1989 0.290623
-1.29218 0.410373
-1.31413 0.479875
-1.42936 0.550731
-1.37997 0.453636
-1.37449 0.461058
-1.37997 0.464791
-1.33059 0.499068
-1.35802 0.534564
-1.41289 0.558905
-1.44033 0.538583
-1.37997 0.499068
-1.40192 0.538583
-1.34705 0.50685
-1.33059 0.50685
-1.22085 0.428136
-1.31413 0.502951
-1.2428 0.499068
-1.3251 0.52657
-1.27023 0.502951
-1.30316 0.510764
-1.37997 0.530559
-1.37449 0.558905
-1.48971 0.622129
-1.52263 0.617809
-1.41289 0.546667
-1.39643 0.476081
-1.35254 0.435347
-1.37997 0.406865
-1.17147 0.339878
-1.29218 0.349542
-1.23182 0.317855
-1.38546 0.424553
-1.38546 0.449948
-1.42387 0.510764
-1.37449 0.50685
-1.29767 0.479875
-1.42936 0.563015
-1.37997 0.522596
-1.44033 0.592203
-1.42387 0.575434
-1.40741 0.542617
-1.39643 0.604938
-1.47325 0.648367
-1.46776 0.639561
-1.50069 0.670646
-1.45679 0.630815
-1.37449 0.579603
-1.44582 0.596433
-1.41838 0.579603
-1.40741 0.530559
-1.40741 0.530559
-1.34156 0.479875
-1.31413 0.399896
-1.25377 0.36595
-1.28121 0.362639
-1.1989 0.336686
-1.23182 0.293589
-1.26475 0.352794
-1.34705 0.379348
-1.27023 0.396433
-1.30316 0.352794
-1.29767 0.382735
-1.23731 0.327203
-1.18793 0.296569
-1.30864 0.346306
-1.23182 0.290623
-1.14403 0.189088
-1.16598 0.206158
-1.14403 0.218803
-1.16598 0.234474
-1.16598 0.261796
-1.17147 0.267441
-1.18244 0.293589
-1.1989 0.314769
-1.23731 0.324072
-1.17147 0.287673
-1.22634 0.311698
-1.21536 0.293589
-1.22085 0.273146
-1.1166 0.196313
-1.16049 0.168224
-1.16049 0.170482
-1.11111 0.152839
-1.14403 0.19389
-1.18244 0.196313
-1.2428 0.208657
-1.29767 0.175043
-1.27572 0.175043
-1.22634 0.175043
-1.18793 0.163753
-1.29767 0.175043
-1.13306 0.144379
-1.00686 0.0886063
-1.11111 0.0935739
-1.01235 0.0935739
-1.08916 0.073026
-1.04527 0.0630155
-1.06173 0.0853698
-1.06722 0.0886063
-1.03429 0.0686454
-1.02332 0.0524781
-0.951989 0.0524781
-1.06173 0.091903
-1.16049 0.150702
-1.23182 0.13616
-1.33059 0.124283
-1.24829 0.0886063
-1.2428 0.111111
-1.1989 0.098677
-1.19342 0.122356
-1.22085 0.128182
-1.18793 0.116666
-1.12757 0.0616456
-1.1166 0.0499943
-1.11111 0.0745163
-1.0727 0.0417751
-1.08368 0.0440482
-1.0727 0.033285
-0.973937 0.031313
-1.0727 0.033285
-1.08368 0.0303496
-1.05624 0.0231841
-1.14952 0.0177047
-1.2428 0.0105844
-1.15501 0.0162746
-1.18793 0.0257583
-1.18244 0.0353172
-1.1166 0.0231841
-1.12209 0.0231841
-1.27572 0.0616456
-1.25926 0.0686454
-1.1989 0.0672154
-1.0727 0.0395622
-1.11111 0.0452073
-1.08368 0.0322914
-1.17695 0.019195
-1.09465 0.0240271
-1.12209 0.0395622
-1.22085 0.0512286
-1.25377 0.0644004
-1.16049 0.0563167
-1.10014 0.0686454
-1.2428 0.0902471
-1.17695 0.0790775
-1.21536 0.0853698
-1.12757 0.0969609
-1.13306 0.091903
-1.23731 0.140239
-1.22634 0.132141
-1.25926 0.165981
-1.25377 0.157159
-1.28121 0.191481
-1.28669 0.208657
-1.35802 0.179664
-1.33608 0.218803
-1.30316 0.216244
-1.28669 0.203675
-1.30316 0.223967
-1.25926 0.218803
-1.27023 0.242512
-1.20439 0.201206
-1.22634 0.191481
-1.28669 0.239818
-1.38546 0.242512
-1.29218 0.253441
-1.29767 0.245222
-1.31962 0.2137
-1.36351 0.250686
-1.28669 0.264611
-1.22634 0.242512
-1.2428 0.201206
-1.30864 0.247947
-1.34156 0.276021
-1.39095 0.296569
-1.38546 0.302575
-1.30864 0.270286
-1.30864 0.287673
-1.22085 0.234474
-1.26475 0.22919
-1.24829 0.184346
-1.25377 0.189088
-1.34705 0.184346
-1.18244 0.159342
-1.18244 0.159342
-1.17147 0.186709
-1.15501 0.179664
-1.14952 0.142302
-1.16049 0.170482
-1.18793 0.221377
-1.27023 0.261796
-1.35254 0.299565
-1.38546 0.287673
-1.34156 0.314769
-1.25926 0.281817
-1.37997 0.267441
-1.35254 0.264611
-1.31962 0.261796
-1.40192 0.267441
-1.35254 0.223967
-1.30316 0.203675
-1.35802 0.175043
-1.3251 0.179664
-1.27572 0.124283
-1.25377 0.116666
-1.27572 0.122356
-1.22634 0.122356
-1.20988 0.142302
-1.26475 0.126225
-1.27572 0.126225
-1.22085 0.098677
-1.24829 0.105692
-1.35802 0.111111
-1.31413 0.134143
-1.29767 0.0969609
-1.31962 0.132141
-1.31413 0.142302
-1.35254 0.126225
-1.3251 0.142302
-1.30864 0.152839
-1.39643 0.168224
-1.46228 0.154992
-1.39095 0.13616
-1.33608 0.13616
-1.22634 0.148579
-1.27023 0.157159
-1.31962 0.159342
-1.29218 0.124283
-1.26475 0.138192
-1.30864 0.130154
-1.30316 0.128182
-1.30864 0.126225
-1.29218 0.130154
-1.25926 0.146472
-1.31962 0.128182
-1.30316 0.157159
-1.30316 0.154992
-1.30316 0.152839
-1.30316 0.218803
-1.28121 0.201206
-1.25926 0.218803
-1.28121 0.234474
-1.29218 0.177346
-1.20439 0.159342
-1.20988 0.0869805
-1.18793 0.0935739
-1.22634 0.0952599
-1.16049 0.0760216
-1.16049 0.0745163
-1.14952 0.0700906
-1.07819 0.0602908
-1.12757 0.0886063
-1.13306 0.080628
-1.11111 0.122356
-1.17695 0.157159
-1.11111 0.165981
-1.18793 0.165981
-1.18793 0.170482
-1.19342 0.19389
-1.25926 0.226571
-1.20439 0.223967
-1.28121 0.231824
-1.25377 0.221377
-1.22634 0.253441
-1.31413 0.281817
-1.24829 0.250686
-1.20988 0.226571
-1.19342 0.206158
-1.21536 0.152839
-1.24829 0.150702
-1.22085 0.142302
-1.21536 0.144379
-1.29218 0.132141
-1.18244 0.0869805
-1.1166 0.0700906
-0.984911 0.0952599
-1.03429 0.0672154
-1.10014 0.0745163
-1.17695 0.0837741
-1.08916 0.0644004
-1.08368 0.0524781
-1.15501 0.0563167
-1.13855 0.0644004
-1.18793 0.098677
-1.18244 0.091903
-1.21536 0.0853698
-1.23182 0.102154
-1.22085 0.114799
-1.18793 0.073026
-1.16049 0.100408
-1.20988 0.0902471
-1.13855 0.0630155
-1.13855 0.0487749
-1.21536 0.0869805
-1.27023 0.0658003
-1.25926 0.077542
-1.23731 0.102154
-1.20439 0.102154
-1.21536 0.105692
-1.33608 0.111111
-1.34156 0.107483
-1.34705 0.142302
-1.25377 0.126225
-1.29218 0.140239
-1.3251 0.152839
-1.34705 0.198752
-1.28669 0.154992
-1.369 0.128182
-1.29218 0.134143
-1.3251 0.114799
-1.26475 0.102154
-1.31413 0.103916
-1.24829 0.0952599
-1.28121 0.126225
-1.33608 0.146472
-1.35254 0.157159
-1.39643 0.172755
-1.35802 0.152839
-1.30864 0.130154
-1.34705 0.152839
-1.38546 0.144379
-1.34705 0.16154
-1.3251 0.128182
-1.23182 0.118547
-1.1989 0.0686454
-1.23731 0.0686454
-1.20988 0.080628
-1.19342 0.0902471
-1.30316 0.122356
-1.34705 0.132141
-1.13855 0.114799
-1.1989 0.118547
-1.23731 0.132141
-1.17695 0.103916
-1.10562 0.138192
-1.16598 0.16154
-1.23731 0.124283
-1.23182 0.107483
-1.2428 0.0886063
-1.31413 0.0969609
-1.29218 0.118547
-1.28121 0.116666
-1.22634 0.142302
-1.23731 0.130154
-1.26475 0.122356
-1.17695 0.091903
-1.16049 0.0616456
-1.22085 0.0550221
-1.19342 0.0512286
-1.15501 0.0374096
-1.17695 0.0406611
-1.25377 0.0342936
-1.19342 0.0275496
-1.1166 0.00451791
-1.08368 0.00117605
-1.16598 0.000423377
-1.14403 0.00158249
-1.12757 0.000423377
-1.05624 0.000829819
-1.08368 0.00347922
-1.18793 0.00569207
-1.0727 0.0162746
-1.13855 0.0257583
-1.14403 0.0512286
-1.12209 0.0524781
-1.12209 0.0537426
-1.11111 0.0550221
-1.13306 0.0353172
-1.22085 0.0266464
-1.16598 0.0284679
-1.20439 0.0715507
-1.16049 0.0576263
-1.18244 0.098677
-1.18244 0.077542
-1.18793 0.0821935
-1.369 0.091903
-1.27572 0.128182
-1.2428 0.128182
-1.15501 0.0869805
-1.12757 0.112948
-1.12209 0.0969609
-1.14952 0.077542
-1.10014 0.0821935
-1.21536 0.0886063
-1.35254 0.0700906
-1.30316 0.0760216
-1.23182 0.0935739
-1.25377 0.0760216
-1.23182 0.080628
-1.20439 0.0672154
-1.21536 0.0487749
-1.25377 0.080628
-1.33059 0.102154
-1.28669 0.0821935
-1.3251 0.0790775
-1.26475 0.0760216
-1.23182 0.0902471
-1.2428 0.0969609
-1.10014 0.0969609
-1.13306 0.0790775
-1.14403 0.058951
-1.13306 0.0499943
-1.12209 0.0644004
-1.07819 0.0686454
-1.10014 0.033285
-1.10014 0.019195
-1.14952 0.0240271
-1.11111 0.0275496
-1.04527 0.033285
-1.10014 0.0215433
-1.14952 0.0231841
-1.1989 0.031313
-1.26475 0.031313
-1.18244 0.019195
-1.12757 0.00286203
-1.18793 1.69351e-05
-1.14403 0.00158249
-1.10014 0.0031631
-1.08368 0.00415662
-1.16049 0.00257602
-1.18244 0.00569207
-1.10014 0.00257602
-1.1166 0.00746837
-1.06722 0.000227683
-1.08368 0.000152416
-1.21536 0.00257602
-1.22085 0.00895866
-1.26475 0.0215433
-1.14403 0.0149048
-1.08368 0.0184423
-1.11111 0.019195
-1.03978 0.0111565
-1.17695 0.00795008
-1.21536 0.00528563
-1.12757 0.00137174
-1.15501 9.22021e-05
-1.1989 1.88168e-06
-1.15501 0.00746837
-1.14952 0.00137174
-1.1989 0.000995407
-1.17147 0.00347922
-1.22085 0.00137174
-1.16598 0.00204915
-1.0727 0.000227683
-1.08368 0.000318003
-1.09465 4.70419e-05
-1.01235 0.000152416
-1.09465 0.00204915
-1.06173 0.00230505
-1.06173 1.88168e-06
-1.00686 0.00415662
-1.08368 0.000423377
-1.18793 0.000423377
-1.25377 4.70419e-05
-1.28669 0.000318003
-1.29767 1.88168e-06
-1.27023 0.00137174
-1.22634 0.00230505
-1.20439 0.000152416
-1.15501 9.22021e-05
-1.22634 0.00158249
-1.28669 0.00489424
-1.25926 0.00844685
-1.23731 0.0031631
-1.17147 0.0117435
-1.07819 0.019195
-1.10562 0.0248852
-1.13855 0.0303496
-1.10014 0.0177047
-1.13306 0.0207455
-1.13855 0.0155822
-1.23182 0.00569207
-1.14403 0.00286203
-1.13306 0.00180829
-1.24829 0.000679285
-1.12209 0.00230505
-1.14952 0.00528563
-1.00686 0.0123457
-1.04527 0.0374096
-1.09465 0.0177047
-1.16598 0.0162746
-1.10014 0.0199627
-1.17147 0.0363559
-1.23731 0.0463814
-1.31413 0.0284679
-1.29767 0.0207455
-1.30864 0.0303496
-1.26475 0.0440482
-1.23731 0.0374096
-1.16049 0.0275496
-1.12209 0.0537426
-1.16598 0.0475707
-1.08916 0.0342936
-1.14952 0.0406611
-1.15501 0.0363559
-1.11111 0.0111565
-1.04527 0.0100275
-1.17147 0.0384784
-1.20439 0.0935739
-1.31413 0.111111
-1.26475 0.105692
-1.25926 0.102154
-1.14403 0.0700906
-1.13306 0.0374096
-1.19342 0.0452073
-1.25926 0.0524781
-1.23182 0.0452073
-1.21536 0.0853698
-1.21536 0.116666
-1.1989 0.091903
-1.27023 0.10929
-1.1989 0.0969609
-1.14952 0.0790775
-1.11111 0.0630155
-1.15501 0.0700906
-1.17695 0.0440482
-1.0727 0.0199627
-1.03978 0.0177047
-1.1166 0.00611357
-1.12209 0.00230505
-1.05624 0.000227683
-1.12209 0.00415662
-1.08368 0.00415662
-1.10562 0.00655012
-1.08368 0.00611357
-1.07819 0.00451791
-1.10562 0.000543804
-1.07819 0.00569207
-1.06173 0.00611357
-1.11111 0.00158249
-1.06173 0.000829819
-1.00686 0.00528563
-1.05075 0.0135951
-1.01235 0.00948553
-1.08916 0.00844685
-1.13306 0.00286203
-1.07819 0.00489424
-1.13306 0.0129629
-1.14952 0.0177047
-1.14952 0.0215433
-1.14403 0.0248852
-1.17695 0.0284679
-1.20439 0.0322914
-1.15501 0.0231841
-1.02881 0.0303496
-1.08916 0.0353172
-1.10014 0.0537426
-1.12757 0.0821935
-1.26475 0.0417751
-1.22634 0.0215433
-1.30864 0.0563167
-1.18793 0.0342936
-1.1166 0.0184423
-1.13855 0.00655012
-1.1166 0.00158249
-1.16598 0.00844685
-1.14403 0.0105844
-1.13855 0.0155822
-1.2428 0.0184423
-1.23731 0.0231841
-1.23731 0.033285
-1.29218 0.0487749
-1.31962 0.0550221
-1.31413 0.0499943
-1.29767 0.0563167
-1.31962 0.0616456
-1.17695 0.0429041
-1.16598 0.0429041
-1.16598 0.0512286
-1.23731 0.0537426
-1.28121 0.0452073
-1.24829 0.0602908
-1.25926 0.0952599
-1.25377 0.0886063
-1.31962 0.091903
-1.23182 0.0658003
-1.18244 0.0686454
-1.25377 0.0524781
-1.18244 0.0384784
-1.17147 0.0294012
-1.16049 0.0440482
-1.13306 0.0417751
-1.18793 0.0512286
-1.20439 0.0672154
-1.17147 0.0644004
-1.23731 0.0869805
-1.23182 0.073026
-1.16598 0.0644004
-1.2428 0.0452073
-1.23731 0.0353172
-1.16049 0.0475707
-1.20439 0.0563167
-1.16049 0.033285
-1.15501 0.0342936
-1.25377 0.0429041
-1.28121 0.0537426
-1.24829 0.0886063
-1.20988 0.0475707
-1.24829 0.0715507
-1.28669 0.0616456
-1.28121 0.0576263
-1.1989 0.0550221
-1.17695 0.0602908
-1.14403 0.0658003
-1.19342 0.0440482
-1.1989 0.0550221
-1.13306 0.0576263
-1.03429 0.0745163
-1.04527 0.0630155
-1.12209 0.0715507
-1.08916 0.0790775
-1.07819 0.0576263
-1.01235 0.0672154
-1.00686 0.0853698
-1.05075 0.138192
-0.96845 0.146472
-1.18244 0.273146
-1.27572 0.276021
-1.29218 0.284737
-1.3251 0.352794
-1.31413 0.372619
-1.30316 0.386137
-1.33059 0.339878
-1.28121 0.343084
-1.30864 0.379348
-1.33059 0.464791
-1.35254 0.468539
-1.26475 0.417433
-1.46776 0.435347
-1.36351 0.375976
-1.38546 0.382735
-1.40192 0.417433
-1.38546 0.396433
-1.369 0.406865
-1.37449 0.461058
-1.42387 0.502951
-1.35802 0.514693
-1.28669 0.461058
-1.23182 0.410373
-1.30316 0.461058
-1.29218 0.424553
-1.30864 0.472303
-1.35802 0.483683
-1.37449 0.518637
-1.34705 0.491345
-1.45679 0.571279
-1.42387 0.626465
-1.44033 0.592203
-1.48422 0.652793
-1.47325 0.592203
-1.38546 0.530559
-1.4513 0.558905
-1.4513 0.583788
-1.30316 0.502951
-1.2428 0.438974
-1.24829 0.417433
-1.22085 0.379348
-1.27572 0.410373
-1.23731 0.406865
-1.24829 0.417433
-1.28669 0.375976
-1.30864 0.372619
-1.37449 0.45734
-1.36351 0.487507
-1.40192 0.483683
-1.42387 0.438974
-1.39095 0.386137
-1.34156 0.389554
-1.35802 0.375976
-1.25926 0.287673
-1.13855 0.231824
-1.18793 0.270286
-1.28121 0.250686
-1.1989 0.22919
-1.27023 0.273146
-1.2428 0.299565
-1.18793 0.305601
-1.20988 0.327203
-1.29767 0.435347
-1.23731 0.35606
-1.17695 0.33351
-1.26475 0.278911
-1.35254 0.343084
-1.29218 0.339878
-1.36351 0.392986
-1.41289 0.464791
-1.46228 0.487507
-1.45679 0.499068
-1.48422 0.546667
-1.37449 0.534564
-1.42936 0.514693
-1.48971 0.502951
-1.38546 0.449948
-1.41838 0.45734
-1.40192 0.446275
-1.24829 0.379348
-1.3251 0.379348
-1.28121 0.305601
-1.16598 0.320956
-1.29767 0.336686
-1.30316 0.346306
-1.28669 0.349542
-1.28669 0.314769
-1.23182 0.250686
-1.19342 0.305601
-1.2428 0.314769
-1.22634 0.278911
-1.23731 0.278911
-1.27023 0.314769
-1.33059 0.287673
-1.30864 0.324072
-1.33059 0.296569
-1.35802 0.293589
-1.41289 0.278911
-1.36351 0.258996
-1.2428 0.256211
-1.25377 0.237138
-1.21536 0.245222
-1.18244 0.264611
-1.25377 0.308642
-1.2428 0.242512
-1.28121 0.250686
-1.34156 0.278911
-1.34156 0.296569
-1.30864 0.234474
-1.30316 0.264611
-1.28121 0.245222
-1.33608 0.218803
-1.3251 0.196313
-1.29767 0.216244
-1.29218 0.231824
-1.39095 0.247947
-1.35802 0.203675
-1.35254 0.261796
-1.38546 0.278911
-1.34705 0.273146
-1.39095 0.261796
-1.369 0.247947
-1.369 0.256211
-1.33059 0.261796
-1.44582 0.359342
-1.36351 0.36595
-1.4513 0.35606
-1.41838 0.36595
-1.37449 0.413895
-1.30316 0.442617
-1.34156 0.349542
-1.37449 0.33351
-1.25926 0.256211
-1.27572 0.261796
-1.28121 0.287673
-1.2428 0.305601
-1.23731 0.290623
-1.15501 0.250686
-1.18244 0.256211
-1.13855 0.237138
-1.22085 0.22919
-1.23731 0.250686
-1.17695 0.221377
-1.22634 0.281817
-1.18793 0.250686
-1.25926 0.276021
-1.23182 0.253441
-1.21536 0.256211
-1.16049 0.211171
-1.12209 0.198752
-1.22634 0.264611
-1.20439 0.203675
-1.23731 0.237138
-1.28669 0.2137
-1.3251 0.203675
-1.2428 0.208657
-1.21536 0.170482
-1.24829 0.150702
-1.21536 0.10929
-1.24829 0.10929
-1.23731 0.126225
-1.23731 0.103916
-1.26475 0.105692
-1.25377 0.0902471
-1.11111 0.0395622
-1.20988 0.0429041
-1.1166 0.0231841
-1.14403 0.0223562
-1.2428 0.0207455
-1.15501 0.0342936
-1.18793 0.0550221
-1.20988 0.0686454
-1.33059 0.0512286
-1.23182 0.0537426
-1.17695 0.0105844
-1.25377 0.0231841
-1.20439 0.0123457
-1.27572 0.0266464
-1.22085 0.0363559
-1.1989 0.0257583
-1.2428 0.0266464
-1.28121 0.0537426
-1.21536 0.0275496
-1.18793 0.0440482
-1.30316 0.0363559
-1.21536 0.0322914
-1.12209 0.0284679
-1.12209 0.0353172
-1.24829 0.0499943
-1.1989 0.0223562
-1.20988 0.0275496
-1.22634 0.0135951
-1.12209 0.00381039
-1.16049 9.22021e-05
-1.17695 0.00158249
-1.24829 9.22021e-05
-1.23182 9.22021e-05
-1.16598 0.00257602
-1.12209 0.00286203
-1.17695 0.000543804
-1.13855 0.00489424
-1.17695 0.000423377
-1.10014 0.000995407
-1.17147 0.00489424
-1.17695 0.00655012
-1.24829 0.0100275
-1.2428 0.00569207
-1.16049 0.0149048
-1.22634 0.0322914
-1.20988 0.0129629
-1.18793 0.0384784
-1.25926 0.0395622
-1.22634 0.0374096
-1.29767 0.0429041
-1.26475 0.0384784
-1.3251 0.0322914
-1.31413 0.033285
-1.26475 0.0440482
-1.30864 0.0630155
-1.28669 0.091903
-1.17695 0.116666
-1.1989 0.124283
-1.18244 0.111111
-1.22634 0.10929
-1.17147 0.0672154
-1.17147 0.0499943
-1.23182 0.0686454
-1.16049 0.0760216
-1.18793 0.130154
-1.25926 0.163753
-1.23731 0.134143
-1.36351 0.170482
-1.26475 0.191481
-1.29218 0.198752
-1.40192 0.242512
-1.31962 0.276021
-1.19342 0.278911
-1.23731 0.276021
-1.22085 0.287673
-1.16598 0.308642
-1.24829 0.296569
-1.21536 0.242512
-1.07819 0.172755
-1.18244 0.203675
-1.37449 0.308642
-1.39643 0.382735
-1.34705 0.382735
-1.30316 0.346306
-1.2428 0.327203
-1.27572 0.379348
-1.3251 0.438974
-1.34156 0.461058
-1.41289 0.476081
-1.46228 0.579603
-1.4952 0.639561
-1.50617 0.639561
-1.46776 0.596433
-1.4513 0.538583
-1.41289 0.534564
-1.45679 0.583788
-1.369 0.579603
-1.44582 0.592203
-1.52263 0.613504
-1.52263 0.639561
-1.4952 0.657234
-1.4513 0.626465
-1.44582 0.622129
-1.50069 0.675147
-1.50617 0.707076
-1.52263 0.697878
-1.4952 0.684194
-1.52812 0.679663
-1.55556 0.711697
-1.5775 0.697878
-1.48971 0.652793
-1.47874 0.635181
-1.46776 0.639561
-1.51715 0.693302
-1.50617 0.670646
-1.50069 0.657234
-1.46228 0.643957
-1.34705 0.510764
-1.37997 0.542617
-1.23182 0.446275
-1.23731 0.438974
-1.23731 0.424553
-1.26475 0.435347
-1.28121 0.431734
-1.29767 0.449948
-1.3251 0.453636
-1.33059 0.483683
-1.44033 0.464791
-1.43484 0.491345
-1.43484 0.487507
-1.39643 0.449948
-1.38546 0.420986
-1.41289 0.428136
-1.37449 0.424553
-1.34705 0.359342
-1.33059 0.314769
-1.369 0.247947
-1.38546 0.247947
-1.29218 0.201206
-1.17695 0.198752
-1.23731 0.22919
-1.27023 0.203675
-1.24829 0.208657
-1.23182 0.211171
-1.33059 0.157159
-1.24829 0.10929
-1.25377 0.130154
-1.21536 0.111111
-1.27023 0.126225
-1.16049 0.091903
-1.16049 0.100408
-1.20988 0.170482
-1.3251 0.221377
-1.33059 0.237138
-1.30864 0.218803
-1.25377 0.287673
-1.28121 0.317855
-1.22634 0.349542
-1.34705 0.428136
-1.28121 0.438974
-1.39643 0.495199
-1.34705 0.52657
-1.42387 0.587988
-1.41289 0.558905
-1.35802 0.567139
-1.34156 0.487507
-1.35254 0.495199
-1.30864 0.420986
-1.35254 0.472303
-1.28669 0.379348
-1.18244 0.317855
-1.18244 0.314769
-1.16598 0.299565
-1.09465 0.253441
-1.20439 0.221377
-1.17147 0.256211
-1.18244 0.284737
-1.25377 0.308642
-1.23731 0.320956
-1.17147 0.261796
-1.1989 0.221377
-1.16598 0.261796
-1.27572 0.253441
-1.27023 0.284737
-1.26475 0.311698
-1.26475 0.320956
-1.22085 0.308642
-1.22634 0.372619
-1.22085 0.379348
-1.35254 0.406865
-1.30316 0.389554
-1.35254 0.435347
-1.29767 0.406865
-1.27023 0.336686
-1.2428 0.362639
-1.31413 0.346306
-1.26475 0.278911
-1.27023 0.281817
-1.34705 0.349542
-1.29218 0.330349
-1.3251 0.339878
-1.30316 0.287673
-1.20439 0.253441
-1.22085 0.216244
-1.20439 0.256211
-1.17147 0.267441
-1.22634 0.33351
-1.10014 0.253441
-1.05075 0.216244
-1.14952 0.278911
-1.27572 0.311698
-1.16049 0.270286
-1.24829 0.320956
-1.27572 0.362639
-1.35802 0.406865
-1.33059 0.359342
-1.33608 0.396433
-1.37997 0.396433
-1.369 0.362639
-1.28669 0.389554
-1.33059 0.410373
-1.27572 0.386137
-1.25926 0.379348
-1.28121 0.413895
-1.30316 0.386137
-1.20439 0.305601
-1.26475 0.324072
-1.27023 0.245222
-1.25377 0.198752
-1.31413 0.203675
-1.26475 0.211171
-1.28669 0.256211
-1.31413 0.264611
-1.26475 0.2137
-1.28669 0.218803
-1.2428 0.211171
-1.21536 0.177346
-1.23182 0.19389
-1.17695 0.16154
-1.20988 0.191481
-1.25926 0.198752
-1.18793 0.221377
-1.25926 0.226571
-1.27572 0.253441
-1.15501 0.191481
-1.14403 0.203675
-1.19342 0.256211
-1.23731 0.276021
-1.22634 0.242512
-1.22634 0.221377
-1.1989 0.159342
-1.14403 0.16154
-1.18244 0.170482
-1.14403 0.177346
-1.17147 0.201206
-1.12209 0.196313
-1.20439 0.239818
-1.26475 0.239818
-1.23182 0.221377
-1.14403 0.179664
-1.20439 0.247947
-1.12757 0.203675
-1.23731 0.245222
-1.20988 0.203675
-1.15501 0.152839
-1.26475 0.148579
-1.26475 0.208657
-1.2428 0.165981
-1.22634 0.179664
-1.22085 0.186709
-1.13306 0.13616
-1.13306 0.168224
-1.24829 0.179664
-1.29218 0.218803
-1.22085 0.191481
-1.22085 0.2137
-1.2428 0.237138
-1.29767 0.276021
-1.28669 0.330349
-1.28121 0.362639
-1.27572 0.453636
-1.34156 0.468539
-1.28121 0.45734
-1.37449 0.453636
-1.39643 0.483683
-1.40192 0.449948
-1.4513 0.483683
-1.30316 0.461058
-1.3251 0.472303
-1.46776 0.514693
-1.50617 0.575434
-1.30864 0.449948
-1.35254 0.464791
-1.40741 0.483683
-1.41838 0.476081
-1.36351 0.428136
-1.37997 0.362639
-1.35802 0.352794
-1.35802 0.35606
-1.38546 0.389554
-1.30864 0.346306
-1.27023 0.305601
-1.27023 0.308642
-1.31962 0.36595
-1.29767 0.346306
-1.36351 0.403373
-1.34705 0.396433
-1.30316 0.35606
-1.26475 0.386137
-1.29767 0.382735
-1.33608 0.449948
-1.26475 0.453636
-1.26475 0.464791
-1.41838 0.575434
-1.39643 0.558905
-1.38546 0.50685
-1.38546 0.514693
-1.369 0.518637
-1.27572 0.472303
-1.28121 0.499068
-1.28669 0.514693
-1.2428 0.472303
-1.31413 0.514693
-1.27572 0.50685
-1.31962 0.499068
-1.3251 0.495199
-1.34156 0.518637
-1.46228 0.468539
-1.37449 0.435347
-1.20988 0.349542
-1.30316 0.431734
-1.23731 0.403373
-1.15501 0.324072
-1.28121 0.428136
-1.29767 0.442617
-1.37449 0.476081
-1.48422 0.530559
-1.41289 0.50685
-1.46228 0.55481
-1.46776 0.563015
-1.44033 0.55481
-1.33608 0.518637
-1.33608 0.479875
-1.35802 0.499068
-1.48422 0.550731
-1.50069 0.461058
-1.51715 0.410373
-1.48422 0.431734
-1.47325 0.406865
-1.40741 0.428136
-1.39643 0.399896
-1.42936 0.417433
-1.39643 0.362639
-1.4513 0.389554
-1.31413 0.308642
-1.34705 0.317855
-1.34705 0.369277
-1.27023 0.396433
-1.29767 0.36595
-1.37449 0.349542
-1.30864 0.339878
-1.35802 0.386137
-1.33608 0.36595
-1.20988 0.276021
-1.27023 0.324072
-1.37449 0.362639
-1.35254 0.386137
-1.38546 0.406865
-1.29218 0.36595
-1.24829 0.359342
-1.22085 0.36595
-1.41838 0.491345
-1.42387 0.483683
-1.37449 0.468539
-1.369 0.518637
-1.31962 0.464791
-1.37997 0.50685
-1.33059 0.483683
-1.37449 0.45734
-1.34705 0.476081
-1.39095 0.45734
-1.35254 0.461058
-1.44033 0.575434
-1.40741 0.50685
-1.37997 0.483683
-1.44582 0.600678
-1.48422 0.55481
-1.4513 0.514693
-1.369 0.435347
-1.41289 0.449948
-1.28121 0.403373
-1.26475 0.375976
-1.30316 0.359342
-1.33608 0.349542
-1.369 0.327203
-1.25377 0.293589
-1.33059 0.392986
-1.37997 0.435347
-1.42387 0.453636
-1.31962 0.438974
-1.30864 0.442617
-1.29767 0.410373
-1.34705 0.487507
-1.40741 0.476081
-1.37449 0.491345
-1.40741 0.567139
-1.40192 0.579603
-1.38546 0.550731
-1.31413 0.510764
-1.39095 0.495199
-1.37449 0.472303
-1.35802 0.491345
-1.42936 0.476081
-1.4513 0.483683
-1.33059 0.476081
-1.29218 0.438974
-1.22634 0.343084
-1.37449 0.403373
-1.37449 0.317855
-1.31962 0.320956
-1.30864 0.314769
-1.20439 0.258996
-1.25377 0.253441
-1.20988 0.349542
-1.27023 0.343084
-1.30316 0.346306
-1.35254 0.403373
-1.30316 0.403373
-1.35254 0.431734
-1.33059 0.410373
-1.34156 0.386137
-1.24829 0.330349
-1.26475 0.290623
-1.23182 0.281817
-1.18793 0.302575
-1.27572 0.287673
-1.18244 0.256211
-1.26475 0.287673
-1.21536 0.284737
-1.14952 0.253441
-1.18793 0.278911
-1.22085 0.327203
-1.23731 0.36595
-1.21536 0.346306
-1.27023 0.375976
-1.31962 0.382735
-1.26475 0.396433
-1.33059 0.499068
-1.22634 0.392986
-1.27023 0.406865
-1.36351 0.449948
-1.25926 0.392986
-1.24829 0.386137
-1.18793 0.33351
-1.28121 0.372619
-1.21536 0.375976
-1.24829 0.317855
-1.34156 0.339878
-1.33608 0.410373
-1.41838 0.392986
-1.42387 0.375976
-1.29218 0.278911
-1.20988 0.22919
-1.21536 0.150702
-1.31413 0.196313
-1.26475 0.184346
-1.2428 0.16154
-1.22085 0.19389
-1.17147 0.234474
-1.20439 0.216244
-1.25377 0.273146
-1.21536 0.253441
-1.13306 0.22919
-1.17695 0.201206
-1.22634 0.211171
-1.23731 0.250686
-1.30316 0.311698
-1.23731 0.349542
-1.33608 0.399896
-1.31413 0.406865
-1.29218 0.35606
-1.31413 0.305601
-1.33608 0.336686
-1.33608 0.35606
-1.27572 0.339878
-1.25926 0.284737
-1.21536 0.278911
-1.22634 0.308642
-1.29218 0.359342
-1.35254 0.369277
-1.27572 0.392986
-1.20988 0.369277
-1.25377 0.379348
-1.34705 0.453636
-1.33608 0.396433
-1.37997 0.417433
-1.31413 0.417433
-1.35254 0.428136
-1.43484 0.413895
-1.40741 0.420986
-1.41289 0.491345
-1.44582 0.558905
-1.37449 0.558905
-1.41838 0.55481
-1.48422 0.626465
-1.48971 0.626465
-1.48422 0.626465
-1.47325 0.675147
-1.44582 0.643957
-1.39643 0.592203
-1.35254 0.522596
-1.42936 0.550731
-1.35802 0.52657
-1.29218 0.479875
-1.35802 0.563015
-1.44582 0.575434
-1.45679 0.575434
-1.37997 0.558905
-1.40741 0.55481
-1.36351 0.50685
-1.33059 0.464791
-1.35802 0.449948
-1.34705 0.420986
-1.3251 0.45734
-1.28669 0.431734
-1.25926 0.413895
-1.28669 0.362639
-1.22634 0.399896
-1.14952 0.343084
-1.28121 0.372619
-1.22085 0.33351
-1.24829 0.372619
-1.23182 0.349542
-1.34156 0.45734
-1.42936 0.487507
-1.44033 0.495199
-1.33059 0.442617
-1.29767 0.372619
-1.40192 0.424553
-1.31413 0.389554
-1.30316 0.352794
-1.40192 0.410373
-1.34156 0.349542
-1.28669 0.339878
-1.28121 0.406865
-1.4513 0.468539
-1.42936 0.417433
-1.30864 0.386137
-1.37997 0.420986
-1.42387 0.438974
-1.41838 0.550731
-1.44582 0.499068
-1.40192 0.438974
-1.30864 0.382735
-1.26475 0.330349
-1.3251 0.369277
-1.3251 0.359342
-1.30864 0.343084
-1.2428 0.339878
-1.22085 0.336686
-1.27572 0.35606
-1.28669 0.389554
-1.22085 0.324072
-1.25377 0.372619
-1.30316 0.330349
-1.22634 0.305601
-1.27572 0.36595
-1.34705 0.435347
-1.31962 0.420986
-1.3251 0.349542
-1.25377 0.33351
-1.28121 0.264611
-1.36351 0.305601
-1.31413 0.250686
-1.30864 0.226571
-1.17695 0.181998
-1.20439 0.203675
-1.22634 0.203675
-1.22634 0.179664
-1.18244 0.152839
-1.19342 0.146472
-1.17147 0.142302
-1.16598 0.130154
-1.23731 0.170482
-1.26475 0.198752
-1.28121 0.144379
-1.37449 0.16154
-1.33059 0.181998
-1.31962 0.16154
-1.40192 0.172755
-1.30864 0.146472
-1.29218 0.144379
-1.30864 0.114799
-1.26475 0.105692
-1.25377 0.0563167
-1.1989 0.0475707
-1.15501 0.0363559
-1.14403 0.0248852
-1.08916 0.0169821
-1.03978 0.0142424
-1.05624 0.0184423
-1.0727 0.0207455
-1.05624 0.0162746
-1.10014 0.0275496
-1.12209 0.0111565
-1.06722 0.0100275
-1.03978 0.0353172
-1.13855 0.0487749
-1.13855 0.0363559
-1.13855 0.0275496
-1.11111 0.00569207
-1.02332 0.00528563
-1.04527 0.00451791
-1.11111 0.00451791
-1.03978 0.0162746
