-2 1
-1.91221 0.956586
-1.96708 0.983607
-1.9561 0.978173
-1.98903 0.994521
-1.94513 0.972753
-1.92867 0.96196
-1.9561 0.978173
-1.93416 0.967349
-1.95062 0.972753
-1.93416 0.967349
-1.90672 0.951227
-1.93416 0.956586
-1.93416 0.945883
-1.93416 0.96196
-1.97257 0.983607
-2 1
-1.96159 0.978173
-1.94513 0.972753
-1.93964 0.967349
-1.93416 0.967349
-1.90672 0.951227
-1.94513 0.972753
-1.93964 0.967349
-1.96708 0.983607
-1.94513 0.972753
-1.9561 0.978173
-1.96708 0.983607
-1.96708 0.983607
-1.93416 0.967349
-1.9177 0.956586
-1.9561 0.978173
-1.94513 0.972753
-1.93964 0.967349
-1.9561 0.978173
-1.97805 0.989056
-1.9561 0.978173
-1.88477 0.93524
-1.86831 0.924658
-1.87929 0.924658
-1.89575 0.93524
-1.89026 0.929941
-1.92318 0.951227
-1.88477 0.919389
-1.93416 0.96196
-1.96708 0.983607
-1.96708 0.983607
-1.97805 0.989056
-1.91221 0.951227
-1.93416 0.967349
-1.9561 0.978173
-1.94513 0.972753
-1.98903 0.994521
-1.92867 0.96196
-1.91221 0.951227
-1.86831 0.919389
-1.91221 0.945883
-1.88477 0.924658
-1.87929 0.929941
-1.86831 0.929941
-1.90672 0.945883
-1.89026 0.945883
-1.90123 0.945883
-1.86831 0.929941
-1.85185 0.919389
-1.92318 0.96196
-1.94513 0.967349
-1.9561 0.978173
-1.96708 0.983607
-1.94513 0.972753
-1.92318 0.96196
-1.95062 0.972753
-1.94513 0.972753
-1.96708 0.983607
-1.9561 0.978173
-1.92867 0.96196
-1.9561 0.978173
-1.95062 0.972753
-1.97805 0.989056
-1.97805 0.989056
-1.98903 0.994521
-1.96708 0.983607
-1.89026 0.940554
-1.93416 0.956586
-1.9561 0.978173
-1.96159 0.978173
-1.93416 0.967349
-1.96708 0.983607
-1.9561 0.978173
-1.9561 0.978173
-1.97805 0.989056
-1.97805 0.989056
-1.96708 0.983607
-1.92867 0.956586
-1.93416 0.967349
-1.9561 0.978173
-1.90672 0.951227
-1.89575 0.93524
-1.88477 0.929941
-1.91221 0.940554
-1.95062 0.972753
-1.93416 0.967349
-1.92318 0.96196
-1.9561 0.978173
-1.92318 0.956586
-1.9177 0.956586
-1.90672 0.951227
-1.9561 0.978173
-1.89026 0.945883
-1.89026 0.945883
-1.9177 0.956586
-1.95062 0.972753
-1.93964 0.96196
-1.93416 0.956586
-1.96708 0.983607
-1.93416 0.96196
-1.93416 0.956586
-1.95062 0.967349
-1.9177 0.951227
-1.93964 0.96196
-1.94513 0.972753
-1.92867 0.96196
-1.90123 0.945883
-1.84088 0.908897
-1.90672 0.945883
-1.89575 0.945883
-1.93416 0.96196
-1.94513 0.967349
-1.94513 0.972753
-1.94513 0.967349
-1.95062 0.972753
-1.90123 0.940554
-1.89026 0.924658
-1.86283 0.888093
-1.8738 0.898465
-1.88477 0.898465
-1.8738 0.877781
-1.87929 0.888093
-1.89575 0.893271
-1.87929 0.908897
-1.90672 0.929941
-1.9177 0.951227
-1.92867 0.96196
-1.97805 0.989056
-1.94513 0.967349
-1.93416 0.967349
-1.97805 0.989056
-1.92318 0.956586
-1.89575 0.93524
-1.9177 0.945883
-1.94513 0.972753
-1.96708 0.983607
-1.9177 0.956586
-1.92318 0.96196
-1.94513 0.972753
-1.97805 0.989056
-1.96708 0.983607
-1.98903 0.994521
-1.9561 0.978173
-1.96708 0.983607
-1.94513 0.972753
-1.9561 0.978173
-1.92318 0.96196
-1.95062 0.972753
-1.94513 0.967349
-1.94513 0.972753
-1.91221 0.951227
-1.89575 0.945883
-1.91221 0.951227
-1.92318 0.945883
-1.94513 0.967349
-1.94513 0.972753
-1.90672 0.951227
-1.91221 0.945883
-1.93964 0.96196
-1.95062 0.972753
-1.97805 0.989056
-1.93964 0.967349
-1.94513 0.972753
-1.93416 0.967349
-1.9561 0.978173
-1.9561 0.978173
-1.94513 0.972753
-1.92318 0.956586
-1.9177 0.956586
-1.89026 0.940554
-1.94513 0.972753
-1.97805 0.989056
-1.90672 0.951227
-1.89026 0.93524
-1.93416 0.96196
-1.93416 0.967349
-1.93416 0.967349
-1.93416 0.967349
-1.91221 0.956586
-1.94513 0.972753
-1.89575 0.945883
-1.87929 0.93524
-1.9561 0.978173
-1.93964 0.967349
-1.9177 0.956586
-1.93416 0.96196
-1.96159 0.978173
-1.95062 0.972753
-1.9561 0.978173
-1.9177 0.956586
-1.97257 0.983607
-1.94513 0.972753
-2 1
-2 1
-1.93964 0.967349
-1.93416 0.967349
-1.96708 0.983607
-1.92867 0.96196
-1.9561 0.972753
-1.92318 0.945883
-1.91221 0.945883
-1.90123 0.940554
-1.89575 0.93524
-1.88477 0.940554
-1.92867 0.96196
-1.9177 0.956586
-1.9561 0.978173
-1.93416 0.956586
-1.9177 0.956586
-1.86831 0.924658
-1.91221 0.945883
-1.89575 0.945883
-1.90672 0.945883
-1.89026 0.93524
-1.93964 0.967349
-1.96159 0.978173
-1.9177 0.956586
-1.89575 0.940554
-1.93964 0.96196
-1.93964 0.96196
-1.92867 0.96196
-1.90672 0.951227
-1.91221 0.956586
-1.92318 0.96196
-1.95062 0.972753
-1.93416 0.967349
-1.9177 0.956586
-1.94513 0.972753
-1.92867 0.96196
-1.92318 0.96196
-1.92318 0.96196
-1.90123 0.945883
-1.96159 0.978173
-1.9177 0.956586
-1.92867 0.96196
-1.95062 0.972753
-1.9177 0.956586
-1.86831 0.929941
-1.88477 0.929941
-1.89575 0.93524
-1.96159 0.978173
-1.92867 0.96196
-1.89575 0.945883
-1.94513 0.967349
-1.93964 0.96196
-1.93416 0.967349
-1.94513 0.972753
-1.95062 0.972753
-1.91221 0.956586
-1.92867 0.96196
-1.98903 0.994521
-1.94513 0.972753
-1.9561 0.978173
-1.92867 0.96196
-1.95062 0.972753
-1.93964 0.967349
-1.93964 0.967349
-1.90672 0.951227
-1.9561 0.978173
-1.96708 0.983607
-1.97257 0.983607
-1.93416 0.967349
-1.94513 0.972753
-1.89026 0.93524
-1.89026 0.93524
-1.93416 0.96196
-1.9561 0.978173
-1.94513 0.972753
-1.90672 0.951227
-1.93416 0.967349
-1.94513 0.972753
-1.96708 0.983607
-1.94513 0.972753
-1.92867 0.96196
-1.95062 0.972753
-1.97257 0.983607
-1.96708 0.983607
-1.94513 0.967349
-1.89026 0.945883
-1.9177 0.956586
-1.94513 0.972753
-1.86283 0.919389
-1.91221 0.956586
-1.94513 0.972753
-1.96708 0.983607
-1.9561 0.978173
-1.94513 0.967349
-1.9177 0.951227
-1.96708 0.983607
-1.93416 0.956586
-1.91221 0.951227
-1.87929 0.929941
-1.92867 0.956586
-1.91221 0.945883
-1.93416 0.967349
-1.95062 0.972753
-1.9561 0.978173
-1.92867 0.96196
-1.93416 0.96196
-1.89575 0.940554
-1.92867 0.96196
-1.92318 0.96196
-1.93416 0.96196
-1.96708 0.983607
-1.95062 0.972753
-1.93416 0.96196
-1.9561 0.972753
-1.95062 0.967349
-1.90123 0.945883
-1.96708 0.983607
-1.9561 0.978173
-1.98903 0.994521
-1.97805 0.989056
-2 1
-2 1
-1.96708 0.983607
-1.96159 0.978173
-1.97805 0.989056
-1.9561 0.978173
-1.9561 0.978173
-1.93964 0.967349
-1.94513 0.967349
-1.9177 0.956586
-1.96159 0.978173
-1.90672 0.951227
-1.91221 0.951227
-1.92318 0.96196
-1.92867 0.96196
-1.9561 0.978173
-1.9561 0.978173
-1.9561 0.978173
-1.96708 0.983607
-1.9177 0.945883
-1.9561 0.967349
-1.89575 0.940554
-1.97805 0.989056
-1.97805 0.989056
-1.9561 0.978173
-1.91221 0.956586
-1.92318 0.956586
-1.94513 0.967349
-1.92318 0.956586
-1.9177 0.956586
-1.96708 0.983607
-1.9561 0.978173
-1.98903 0.994521
-1.96708 0.983607
-1.94513 0.972753
-1.93416 0.967349
-1.93964 0.96196
-1.89026 0.940554
-1.93964 0.967349
-1.96159 0.978173
-1.90123 0.951227
-1.94513 0.972753
-1.9561 0.978173
-1.97805 0.989056
-1.96708 0.983607
-1.96708 0.983607
-1.96708 0.983607
-1.98903 0.994521
-1.96708 0.983607
-1.97805 0.989056
-1.96708 0.983607
-1.94513 0.972753
-1.90672 0.951227
-1.9561 0.978173
-1.9561 0.978173
-1.97805 0.989056
-1.96708 0.983607
-1.91221 0.951227
-1.93416 0.967349
-1.96708 0.983607
-1.92867 0.96196
-1.93964 0.967349
-1.9177 0.951227
-1.9177 0.951227
-1.86283 0.914135
-1.87929 0.914135
-1.89575 0.940554
-1.93964 0.967349
-1.90123 0.945883
-1.93416 0.96196
-1.9177 0.956586
-1.88477 0.940554
-1.89575 0.945883
-1.87929 0.93524
-1.8299 0.903673
-1.85185 0.914135
-1.91221 0.940554
-1.89026 0.929941
-1.92318 0.96196
-1.94513 0.972753
-1.96708 0.983607
-1.94513 0.972753
-1.92867 0.96196
-1.96708 0.983607
-1.92318 0.956586
-1.93964 0.967349
-1.93416 0.967349
-1.95062 0.972753
-1.92867 0.956586
-1.9177 0.951227
-1.92318 0.945883
-1.91221 0.945883
-1.90123 0.945883
-1.94513 0.972753
-1.9561 0.972753
-1.93964 0.967349
-1.92318 0.956586
-1.93964 0.96196
-1.93416 0.96196
-1.89575 0.945883
-1.9177 0.951227
-1.93416 0.967349
-1.9561 0.978173
-1.96708 0.983607
-1.9561 0.978173
-1.94513 0.967349
-1.90123 0.945883
-1.90123 0.945883
-1.88477 0.929941
-1.8738 0.919389
-1.87929 0.924658
-1.90123 0.945883
-1.93964 0.967349
-1.94513 0.972753
-1.96708 0.983607
-1.9561 0.978173
-1.92867 0.96196
-1.89575 0.940554
-1.9177 0.956586
-1.92318 0.951227
-1.93964 0.951227
-1.92867 0.96196
-1.92318 0.96196
-1.94513 0.967349
-1.92867 0.96196
-1.94513 0.972753
-1.96708 0.983607
-1.96708 0.983607
-1.9561 0.978173
-1.92867 0.951227
-1.92318 0.956586
-1.92867 0.96196
-1.89575 0.940554
-1.89026 0.940554
-1.90123 0.945883
-1.91221 0.956586
-1.92867 0.956586
-1.93964 0.96196
-1.92318 0.945883
-1.89026 0.929941
-1.9177 0.956586
-1.94513 0.972753
-1.93416 0.967349
-1.89026 0.940554
-1.87929 0.93524
-1.89575 0.945883
-1.93964 0.967349
-1.91221 0.951227
-1.98903 0.994521
-1.9561 0.978173
-1.92867 0.96196
-1.91221 0.951227
-1.92318 0.96196
-1.9561 0.978173
-1.9561 0.978173
-1.97805 0.989056
-1.97805 0.989056
-1.95062 0.972753
-1.89575 0.940554
-1.97257 0.983607
-1.93964 0.967349
-1.9561 0.978173
-1.93416 0.96196
-1.9177 0.956586
-1.87929 0.919389
-1.86831 0.919389
-1.8738 0.929941
-1.92318 0.951227
-1.91221 0.945883
-1.89026 0.93524
-1.93416 0.967349
-1.95062 0.972753
-1.94513 0.96196
-1.90123 0.940554
-1.93416 0.96196
-1.96159 0.978173
-1.92318 0.96196
-1.9177 0.951227
-1.93964 0.967349
-1.93964 0.967349
-1.97257 0.983607
-1.92318 0.956586
-1.9177 0.956586
-1.93416 0.967349
-1.93964 0.96196
-1.91221 0.945883
-1.89575 0.940554
-1.89575 0.945883
-1.92867 0.96196
-1.9177 0.956586
-1.92867 0.96196
-1.93964 0.967349
-1.92318 0.956586
-1.88477 0.929941
-1.85734 0.919389
-1.91221 0.951227
-1.9177 0.951227
-1.9177 0.951227
-1.9561 0.978173
-1.94513 0.972753
-1.92318 0.96196
-1.90672 0.951227
-1.9561 0.978173
-1.9561 0.978173
-1.93416 0.956586
-1.92867 0.956586
-1.95062 0.96196
-1.93964 0.967349
-1.97805 0.989056
-1.98903 0.994521
-1.94513 0.972753
-1.88477 0.940554
-1.86283 0.919389
-1.95062 0.972753
-1.9561 0.978173
-1.94513 0.972753
-1.95062 0.972753
-1.94513 0.96196
-1.96708 0.983607
-1.96159 0.978173
-1.93416 0.967349
-1.94513 0.972753
-1.96708 0.983607
-1.96159 0.978173
-1.97805 0.989056
-1.97805 0.989056
-1.9561 0.978173
-1.92867 0.96196
-1.92867 0.96196
-1.92318 0.956586
-1.9177 0.945883
-1.86831 0.924658
-1.92867 0.96196
-1.93964 0.967349
-1.97257 0.983607
-1.94513 0.972753
-1.89575 0.945883
-1.89575 0.945883
-1.93416 0.967349
-1.92867 0.96196
-1.96159 0.978173
-2 1
-1.95062 0.972753
-1.87929 0.929941
-1.91221 0.945883
-1.89026 0.93524
-1.89575 0.940554
-1.92867 0.96196
-1.91221 0.945883
-1.92867 0.956586
-1.90123 0.951227
-1.95062 0.972753
-1.92867 0.96196
-1.95062 0.972753
-1.98903 0.994521
-1.97805 0.989056
-1.96708 0.983607
-1.98903 0.994521
-1.97805 0.989056
-1.92867 0.96196
-1.90672 0.951227
-1.89026 0.940554
-1.90672 0.940554
-1.92867 0.96196
-1.95062 0.972753
-1.95062 0.972753
-1.9561 0.978173
-1.93964 0.967349
-1.94513 0.972753
-1.96159 0.978173
-1.94513 0.967349
-1.98903 0.994521
-1.96159 0.978173
-1.9561 0.972753
-1.96708 0.983607
-1.97805 0.989056
-1.97805 0.989056
-1.95062 0.972753
-1.94513 0.972753
-1.93416 0.967349
-1.96159 0.978173
-1.93964 0.967349
-1.89575 0.940554
-1.9177 0.956586
-1.9177 0.956586
-1.92318 0.93524
-1.92318 0.951227
-1.9177 0.956586
-1.93416 0.96196
-1.8738 0.929941
-1.92318 0.956586
-1.93416 0.967349
-1.96708 0.983607
-1.93964 0.967349
-1.94513 0.972753
-1.93964 0.967349
-1.94513 0.972753
-1.97805 0.989056
-1.92867 0.96196
-1.87929 0.940554
-1.90123 0.945883
-1.90672 0.93524
-1.91221 0.945883
-1.9177 0.956586
-1.92867 0.96196
-1.93416 0.967349
-1.90672 0.951227
-1.91221 0.956586
-1.86831 0.924658
-1.8738 0.93524
-1.90672 0.951227
-1.9561 0.972753
-1.94513 0.972753
-1.96708 0.983607
-1.93416 0.967349
-1.9561 0.978173
-1.95062 0.972753
-1.94513 0.972753
-1.92867 0.96196
-1.93964 0.967349
-1.88477 0.940554
-1.90672 0.951227
-1.92867 0.951227
-1.92867 0.96196
-1.94513 0.967349
-1.91221 0.951227
-1.92867 0.96196
-1.96708 0.983607
-1.97805 0.989056
-2 1
-1.98903 0.994521
-1.93964 0.967349
-1.93416 0.967349
-1.94513 0.972753
-1.95062 0.972753
-1.92867 0.956586
-1.91221 0.956586
-1.9177 0.956586
-1.93964 0.967349
-1.92867 0.96196
-1.95062 0.96196
-1.92318 0.956586
-1.95062 0.972753
-1.88477 0.93524
-1.90672 0.945883
-1.9177 0.956586
-1.86283 0.929941
-1.86831 0.919389
-1.89575 0.940554
-1.88477 0.919389
-1.8738 0.929941
-1.90672 0.945883
-1.93964 0.967349
-1.91221 0.945883
-1.89575 0.940554
-1.92318 0.96196
-1.92867 0.96196
-1.96159 0.978173
-1.92867 0.96196
-1.91221 0.951227
-1.93964 0.96196
-1.87929 0.924658
-1.93964 0.967349
-1.98903 0.994521
-1.93416 0.967349
-1.93964 0.967349
-1.93416 0.967349
-1.93964 0.967349
-1.94513 0.972753
-1.92318 0.96196
-1.93416 0.967349
-1.95062 0.972753
-1.96708 0.983607
-1.96159 0.978173
-1.90123 0.945883
-1.93416 0.967349
-1.94513 0.972753
-1.97257 0.983607
-1.96708 0.983607
-1.96159 0.978173
-1.95062 0.972753
-1.96708 0.983607
-1.96708 0.983607
-1.91221 0.945883
-1.92867 0.96196
-1.95062 0.972753
-1.92867 0.956586
-1.91221 0.956586
-1.92318 0.96196
-1.92318 0.96196
-1.96708 0.983607
-1.96708 0.983607
-1.94513 0.972753
-1.97805 0.989056
-1.94513 0.972753
-1.93964 0.967349
-1.90123 0.945883
-1.9561 0.978173
-1.92318 0.956586
-1.9177 0.945883
-1.92318 0.956586
-1.93416 0.96196
-1.90672 0.945883
-1.89575 0.945883
-1.89026 0.940554
-1.93416 0.967349
-1.93964 0.967349
-1.97805 0.989056
-1.9561 0.978173
-1.93964 0.967349
-1.90672 0.951227
-1.90123 0.951227
-1.9561 0.978173
-1.96708 0.983607
-1.93964 0.967349
-1.93416 0.96196
-1.9177 0.951227
-1.92318 0.951227
-1.94513 0.967349
-1.9177 0.951227
-1.88477 0.929941
-1.89026 0.929941
-1.91221 0.951227
-1.9177 0.956586
-1.90123 0.940554
-1.90672 0.951227
-1.92318 0.956586
-1.9561 0.978173
-1.96708 0.983607
-1.96708 0.983607
-1.93964 0.967349
-1.92867 0.956586
-1.9177 0.951227
-1.88477 0.93524
-1.91221 0.951227
-1.90672 0.940554
-1.92867 0.96196
-1.93416 0.96196
-1.96708 0.983607
-1.98903 0.994521
-1.94513 0.972753
-1.93964 0.967349
-1.90672 0.945883
-1.89026 0.929941
-1.93964 0.967349
-1.92318 0.956586
-1.96708 0.978173
-1.98903 0.994521
-1.91221 0.945883
-1.96708 0.983607
-1.95062 0.972753
-1.90672 0.945883
-1.93416 0.967349
-1.92318 0.96196
-1.9561 0.978173
-1.95062 0.972753
-1.96708 0.983607
-1.92318 0.96196
-1.90672 0.945883
-1.87929 0.929941
-1.88477 0.93524
-1.90123 0.945883
-1.90672 0.945883
-1.91221 0.951227
-1.8738 0.924658
-1.86283 0.914135
-1.90123 0.945883
-1.94513 0.972753
-1.96708 0.983607
-1.94513 0.972753
-1.9561 0.978173
-1.96159 0.978173
-1.94513 0.972753
-1.91221 0.956586
-1.89026 0.940554
-1.89575 0.93524
-1.86831 0.924658
-1.88477 0.93524
-1.86831 0.929941
-1.88477 0.93524
-1.94513 0.967349
-1.90672 0.945883
-1.87929 0.93524
-1.92318 0.96196
-1.95062 0.972753
-1.96708 0.983607
-1.98903 0.994521
-1.98354 0.989056
-1.96708 0.983607
-1.96159 0.978173
-1.97805 0.989056
-1.96708 0.983607
-1.97805 0.989056
-1.93964 0.967349
-1.95062 0.972753
-1.93964 0.96196
-1.93964 0.967349
-1.93416 0.967349
-1.94513 0.972753
-1.9561 0.967349
-1.96159 0.972753
-1.97805 0.989056
-1.97805 0.989056
-1.98903 0.994521
-1.9561 0.978173
-1.92867 0.956586
-1.90672 0.945883
-1.96159 0.978173
-1.9177 0.956586
-1.93416 0.96196
-1.93416 0.96196
-1.91221 0.956586
-1.94513 0.972753
-1.9561 0.978173
-1.92867 0.96196
-1.9561 0.972753
-1.95062 0.972753
-1.91221 0.951227
-1.95062 0.972753
-1.97257 0.983607
-1.9561 0.978173
-1.98354 0.989056
-1.97257 0.983607
-1.96708 0.983607
-1.93416 0.967349
-1.97257 0.983607
-1.94513 0.972753
-1.93416 0.967349
-1.88477 0.940554
-1.89026 0.940554
-1.94513 0.967349
-1.93964 0.967349
-1.9561 0.978173
-1.93964 0.967349
-1.94513 0.972753
-1.94513 0.972753
-1.92867 0.96196
-1.9177 0.956586
-1.9177 0.956586
-1.93416 0.96196
-1.8738 0.929941
-1.87929 0.93524
-1.9177 0.956586
-1.92867 0.96196
-1.96708 0.983607
-1.97805 0.989056
-1.98903 0.994521
-1.97805 0.989056
-1.9561 0.978173
-1.94513 0.972753
-1.96708 0.983607
-1.98903 0.994521
-1.97805 0.989056
-1.9561 0.978173
-1.94513 0.972753
-1.94513 0.967349
-1.94513 0.967349
-1.93416 0.96196
-1.94513 0.972753
-1.93416 0.96196
-1.93416 0.967349
-1.90672 0.951227
-1.90672 0.945883
-1.87929 0.940554
-1.8738 0.93524
-1.84636 0.914135
-1.92318 0.945883
-1.94513 0.967349
-1.9561 0.978173
-1.9561 0.978173
-1.97805 0.989056
-1.97257 0.983607
-1.98903 0.994521
-1.97805 0.989056
-1.98903 0.994521
-1.96708 0.983607
-1.93416 0.967349
-1.91221 0.951227
-1.89575 0.945883
-1.89575 0.945883
-1.93964 0.967349
-1.92867 0.96196
-1.96708 0.972753
-1.92318 0.96196
-1.95062 0.972753
-1.97805 0.989056
-1.91221 0.956586
-1.97805 0.989056
-1.9561 0.978173
-1.93416 0.967349
-1.93416 0.96196
-1.91221 0.956586
-1.95062 0.972753
-1.9177 0.951227
-1.94513 0.972753
-1.9561 0.978173
-1.96708 0.983607
-1.92867 0.956586
-1.92867 0.956586
-1.92867 0.96196
-1.95062 0.967349
-1.90672 0.929941
-1.93964 0.956586
-1.91221 0.93524
-1.9177 0.940554
-1.90672 0.945883
-1.94513 0.967349
-1.95062 0.967349
-1.92318 0.956586
-1.91221 0.956586
-1.96708 0.983607
-1.93964 0.967349
-1.91221 0.951227
-1.95062 0.972753
-1.92867 0.96196
-1.95062 0.972753
-1.97805 0.989056
-1.9561 0.978173
-1.95062 0.972753
-1.93416 0.967349
-1.8738 0.924658
-1.86831 0.919389
-1.91221 0.956586
-1.9561 0.978173
-1.95062 0.972753
-1.9561 0.978173
-1.9561 0.972753
-1.95062 0.972753
-1.90123 0.945883
-1.90123 0.945883
-1.95062 0.972753
-1.93416 0.967349
-1.96159 0.978173
-1.90672 0.951227
-1.8738 0.929941
-1.8738 0.924658
-1.88477 0.924658
-1.89026 0.93524
-1.9177 0.951227
-1.92867 0.96196
-1.97257 0.983607
-1.96708 0.983607
-1.98903 0.994521
-1.92867 0.96196
-1.9177 0.951227
-1.94513 0.967349
-1.92867 0.96196
-1.93416 0.96196
-1.9561 0.978173
-1.93964 0.967349
-1.96708 0.983607
-1.96708 0.983607
-2 1
-1.96159 0.978173
-1.9177 0.956586
-1.9561 0.978173
-1.93416 0.96196
-1.92867 0.96196
-1.9561 0.978173
-1.93964 0.967349
-1.94513 0.972753
-1.93416 0.967349
-1.93964 0.967349
-1.90672 0.940554
-1.90672 0.951227
-1.90672 0.951227
-1.91221 0.956586
-1.94513 0.972753
-1.92318 0.951227
-1.94513 0.972753
-1.93416 0.967349
-1.90123 0.951227
-1.90672 0.951227
-1.93416 0.956586
-1.9561 0.978173
-1.96708 0.983607
-1.93416 0.967349
-1.93416 0.967349
-1.92318 0.956586
-1.98903 0.994521
-1.95062 0.972753
-1.96159 0.978173
-1.94513 0.972753
-1.94513 0.972753
-1.97805 0.989056
-1.94513 0.967349
-1.90672 0.945883
-1.93416 0.96196
-1.9561 0.972753
-1.93416 0.96196
-1.97805 0.989056
-1.95062 0.972753
-1.88477 0.929941
-1.92318 0.96196
-1.93416 0.967349
-1.8738 0.93524
-1.9561 0.978173
-1.9561 0.978173
-1.9561 0.978173
-1.93416 0.96196
-1.93964 0.967349
-1.93964 0.967349
-1.93964 0.967349
-1.90672 0.951227
-1.94513 0.967349
-1.95062 0.972753
-1.97257 0.983607
-1.97805 0.989056
-1.93416 0.967349
-1.96159 0.978173
-1.97805 0.989056
-1.97805 0.989056
-1.96159 0.978173
-1.96159 0.978173
-1.9561 0.978173
-1.97257 0.983607
-1.89575 0.93524
-1.89575 0.945883
-1.92318 0.951227
-1.93964 0.967349
-1.96708 0.983607
-1.92867 0.96196
-1.96708 0.983607
-1.96159 0.978173
-1.95062 0.972753
-1.93964 0.967349
-1.94513 0.967349
-1.9561 0.978173
-1.90672 0.945883
-1.93416 0.96196
-1.98903 0.994521
-1.93416 0.96196
-1.89575 0.945883
-1.9177 0.956586
-1.97257 0.983607
-1.94513 0.972753
-1.96708 0.983607
-1.97805 0.989056
-1.93964 0.967349
-1.90672 0.951227
-1.9177 0.956586
-1.93416 0.967349
-1.92318 0.956586
-1.93416 0.967349
-1.96159 0.978173
-1.9561 0.978173
-1.93416 0.967349
-1.94513 0.972753
-1.94513 0.972753
-1.95062 0.972753
-1.9177 0.951227
-1.9177 0.956586
-1.94513 0.972753
-1.90672 0.951227
-1.91221 0.951227
-1.95062 0.972753
-1.98354 0.989056
-1.97257 0.983607
-1.95062 0.972753
-1.93416 0.96196
-1.92867 0.956586
-1.93416 0.967349
-1.88477 0.93524
-1.90123 0.951227
-1.93416 0.967349
-1.93416 0.967349
-1.94513 0.972753
-1.94513 0.967349
-1.9561 0.972753
-1.95062 0.967349
-2 1
-1.92867 0.96196
-1.92318 0.96196
-1.92867 0.96196
-1.9177 0.956586
-1.94513 0.972753
-1.9561 0.978173
-1.93964 0.967349
-1.92867 0.96196
-1.96708 0.978173
-1.9561 0.978173
-1.94513 0.972753
-1.9561 0.978173
-1.96708 0.983607
-1.97805 0.989056
-1.97805 0.989056
-1.98903 0.994521
-1.97257 0.983607
-1.93964 0.967349
-1.93964 0.967349
-1.89026 0.93524
-1.88477 0.940554
-1.92867 0.96196
-1.96159 0.978173
-1.93964 0.967349
-1.92318 0.96196
-1.93416 0.967349
-1.96159 0.978173
-1.92867 0.96196
-1.9561 0.978173
-1.90672 0.945883
-1.93416 0.967349
-1.97805 0.989056
-1.93416 0.96196
-1.94513 0.972753
-1.92867 0.96196
-1.90123 0.951227
-1.89026 0.940554
-1.84636 0.908897
-1.89026 0.940554
-1.85734 0.919389
-1.90672 0.945883
-1.92318 0.96196
-1.93964 0.967349
-1.93416 0.967349
-1.93964 0.967349
-1.9561 0.978173
-1.9561 0.978173
-1.92318 0.956586
-1.93416 0.967349
-1.92318 0.956586
-1.95062 0.972753
-1.94513 0.972753
-1.8738 0.93524
-1.87929 0.929941
-1.9561 0.967349
-1.94513 0.967349
-1.96708 0.983607
-1.96159 0.978173
-1.96708 0.983607
-1.97257 0.983607
-1.93964 0.967349
-1.95062 0.972753
-1.90123 0.945883
-1.93964 0.967349
-1.93416 0.967349
-1.95062 0.972753
-1.9561 0.978173
-1.9177 0.956586
-1.9561 0.978173
-1.92318 0.96196
-1.86831 0.914135
-1.85185 0.908897
-1.89575 0.93524
-1.89575 0.93524
-1.91221 0.951227
-1.91221 0.956586
-1.91221 0.951227
-1.9177 0.956586
-1.89026 0.93524
-1.9177 0.956586
-1.90672 0.940554
-1.93964 0.967349
-1.92867 0.96196
-1.96159 0.978173
-1.94513 0.972753
-1.9561 0.978173
-1.92867 0.96196
-1.91221 0.956586
-1.96159 0.978173
-1.92318 0.96196
-1.95062 0.972753
-1.95062 0.972753
-1.92318 0.956586
-1.90672 0.945883
-1.92867 0.96196
-1.9561 0.978173
-1.96708 0.983607
-1.96708 0.983607
-1.96708 0.983607
-1.9561 0.978173
-1.91221 0.93524
-1.87929 0.924658
-1.91221 0.951227
-1.89575 0.93524
-1.86283 0.919389
-1.93416 0.967349
-1.93416 0.967349
-1.87929 0.93524
-1.90123 0.951227
-1.90672 0.951227
-1.93416 0.967349
-1.90672 0.951227
-1.94513 0.972753
-1.94513 0.967349
-1.9561 0.978173
-1.97805 0.989056
-1.97257 0.983607
-1.96708 0.983607
-1.94513 0.972753
-1.9561 0.978173
-1.93416 0.967349
-1.93964 0.967349
-1.98354 0.989056
-1.93416 0.967349
-1.93416 0.967349
-1.90672 0.945883
-1.95062 0.972753
-1.90123 0.940554
-1.92318 0.96196
-1.95062 0.972753
-1.91221 0.951227
-1.91221 0.940554
-1.9177 0.951227
-1.91221 0.956586
-1.92867 0.951227
-1.88477 0.929941
-1.88477 0.929941
-1.86831 0.914135
-1.88477 0.929941
-1.88477 0.93524
-1.92867 0.945883
-1.94513 0.972753
-1.86831 0.924658
-1.89026 0.945883
-1.9177 0.951227
-1.9177 0.951227
-1.92318 0.951227
-1.93964 0.96196
-1.95062 0.967349
-1.93416 0.96196
-1.89026 0.940554
-1.92867 0.956586
-1.91221 0.951227
-1.90123 0.940554
-1.89026 0.929941
-1.90672 0.940554
-1.92318 0.951227
-1.92867 0.96196
-1.91221 0.951227
-1.86283 0.924658
-1.93964 0.96196
-1.90672 0.945883
-1.90672 0.945883
-1.92867 0.96196
-1.92867 0.96196
-1.93416 0.967349
-1.96708 0.983607
-1.96708 0.983607
-1.9561 0.978173
-1.93964 0.967349
-1.92867 0.96196
-1.92318 0.96196
-1.89026 0.929941
-1.90123 0.951227
-1.89575 0.940554
-1.90672 0.924658
-1.91221 0.924658
-1.91221 0.945883
-1.89575 0.940554
-1.9177 0.951227
-1.9177 0.956586
-1.90123 0.945883
-1.86283 0.924658
-1.89026 0.940554
-1.92318 0.956586
-1.92318 0.956586
-1.90123 0.940554
-1.91221 0.956586
-1.90123 0.93524
-1.9177 0.956586
-1.94513 0.972753
-1.87929 0.924658
-1.90123 0.940554
-1.92318 0.945883
-1.91221 0.951227
-1.9561 0.978173
-1.94513 0.967349
-1.90123 0.940554
-1.90672 0.945883
-1.94513 0.967349
-1.90123 0.951227
-1.94513 0.972753
-1.91221 0.951227
-1.92867 0.96196
-1.97257 0.983607
-1.90672 0.93524
-1.86831 0.929941
-1.94513 0.967349
-1.90672 0.951227
-1.96708 0.983607
-1.9561 0.978173
-1.95062 0.972753
-1.97805 0.989056
-1.93416 0.96196
-1.93416 0.96196
-1.93964 0.967349
-1.9177 0.951227
-1.95062 0.972753
-1.93416 0.967349
-1.98903 0.994521
-1.94513 0.972753
-1.91221 0.956586
-1.90672 0.945883
-1.93416 0.96196
-1.94513 0.972753
-1.96708 0.972753
-1.95062 0.972753
-1.9177 0.956586
-1.97257 0.983607
-1.96708 0.983607
-1.93416 0.967349
-1.92318 0.96196
-1.94513 0.972753
-1.90123 0.945883
-1.95062 0.972753
-1.93416 0.967349
-1.93416 0.967349
-1.94513 0.972753
-1.92318 0.956586
-1.96159 0.978173
-1.92867 0.951227
-1.90672 0.93524
-1.93416 0.96196
-1.96708 0.983607
-1.97805 0.989056
-1.94513 0.972753
-1.96708 0.983607
-1.9561 0.978173
-1.9561 0.978173
-1.91221 0.956586
-1.90672 0.945883
-1.96708 0.983607
-1.97805 0.989056
-1.96708 0.978173
-1.93416 0.967349
-1.84636 0.908897
-1.86283 0.924658
-1.93964 0.967349
-1.9561 0.978173
-1.96708 0.983607
-2 1
-1.96708 0.983607
-1.96708 0.983607
-1.9177 0.956586
-1.91221 0.956586
-1.9177 0.951227
-1.90123 0.93524
-1.94513 0.972753
-1.93964 0.967349
-1.89575 0.945883
-1.92867 0.96196
-1.90123 0.940554
-1.9177 0.956586
-1.92318 0.96196
-1.90123 0.945883
-1.93964 0.967349
-1.94513 0.967349
-1.93416 0.96196
-1.92318 0.956586
-1.93964 0.967349
-1.89575 0.945883
-1.90123 0.945883
-1.9177 0.956586
-1.93416 0.956586
-1.89026 0.940554
-1.92318 0.951227
-1.8738 0.924658
-1.89026 0.93524
-1.9177 0.945883
-1.90672 0.940554
-1.90672 0.945883
-1.95062 0.972753
-1.91221 0.951227
-1.93964 0.967349
-1.9561 0.978173
-1.90123 0.945883
-1.93416 0.951227
-1.9177 0.956586
-1.93416 0.967349
-1.96708 0.983607
-1.96708 0.983607
-1.96708 0.983607
-1.95062 0.972753
-1.97805 0.989056
-1.9561 0.978173
-1.95062 0.967349
-1.96708 0.978173
-1.94513 0.967349
-1.94513 0.972753
-1.94513 0.967349
-1.9177 0.956586
-1.91221 0.956586
-1.93416 0.967349
-1.94513 0.972753
-1.97805 0.989056
-1.96708 0.983607
-1.94513 0.967349
-1.9177 0.945883
-1.89026 0.940554
-1.9177 0.940554
-1.89575 0.940554
-1.8738 0.924658
-1.90123 0.940554
-1.89575 0.93524
-1.84636 0.908897
-1.89026 0.940554
-1.87929 0.919389
-1.83539 0.898465
-1.85734 0.88293
-1.85734 0.903673
-1.91221 0.945883
-1.92318 0.940554
-1.89026 0.93524
-1.9561 0.978173
-1.92867 0.96196
-1.91221 0.951227
-1.92867 0.96196
-1.89026 0.93524
-1.9561 0.978173
-1.9561 0.978173
-1.96159 0.978173
-1.92318 0.919389
-1.89026 0.914135
-1.9177 0.929941
-1.89575 0.940554
-1.90123 0.945883
-1.93416 0.967349
-1.93964 0.967349
-1.96708 0.983607
-1.96159 0.978173
-1.92867 0.96196
-1.92318 0.956586
-1.92318 0.951227
-1.9177 0.951227
-1.93416 0.96196
-1.95062 0.972753
-1.95062 0.972753
-1.93964 0.967349
-1.91221 0.951227
-1.94513 0.967349
-1.93964 0.96196
-1.95062 0.972753
-1.92318 0.96196
-1.94513 0.972753
-1.95062 0.972753
-1.9561 0.978173
-1.95062 0.967349
-1.94513 0.96196
-1.89026 0.940554
-1.9177 0.956586
-1.9177 0.956586
-1.94513 0.972753
-1.94513 0.967349
-1.9561 0.978173
-1.95062 0.972753
-1.95062 0.972753
-1.86831 0.924658
-1.8738 0.929941
-1.92867 0.96196
-1.95062 0.972753
-1.94513 0.967349
-1.92318 0.956586
-1.88477 0.93524
-1.96708 0.983607
-1.9561 0.978173
-1.9561 0.978173
-1.98354 0.989056
-1.96159 0.978173
-1.93416 0.951227
-1.95062 0.972753
-1.93964 0.967349
-1.94513 0.972753
-1.88477 0.940554
-1.92867 0.96196
-1.94513 0.967349
-1.96159 0.978173
-1.9561 0.978173
-1.92867 0.96196
-1.88477 0.940554
-1.93416 0.956586
-1.96708 0.972753
-1.92318 0.96196
-1.90672 0.940554
-1.9177 0.951227
-1.94513 0.96196
-1.92318 0.956586
-1.9561 0.978173
-1.97805 0.989056
-1.9177 0.956586
-1.91221 0.956586
-1.89026 0.929941
-1.91221 0.93524
-1.90123 0.93524
-1.90672 0.929941
-1.90123 0.940554
-1.92867 0.96196
-1.9177 0.951227
-1.93416 0.96196
-1.96159 0.978173
-1.8738 0.93524
-1.87929 0.929941
-1.97805 0.989056
-1.97805 0.989056
-1.86283 0.924658
-1.9177 0.956586
-1.93416 0.967349
-1.96708 0.983607
-1.92318 0.96196
-1.89026 0.940554
-1.88477 0.929941
-1.92867 0.96196
-1.93416 0.967349
-1.91221 0.951227
-1.93964 0.967349
-1.94513 0.972753
-1.9177 0.956586
-1.91221 0.951227
-1.93964 0.967349
-1.90672 0.951227
-1.92318 0.956586
-1.93964 0.956586
-1.94513 0.972753
-1.96708 0.983607
-1.93964 0.967349
-1.92867 0.96196
-1.94513 0.972753
-1.93964 0.967349
-1.90123 0.945883
-1.89026 0.929941
-1.85185 0.914135
-1.90672 0.945883
-1.92318 0.956586
-1.92867 0.96196
-1.90123 0.945883
-1.94513 0.972753
-1.95062 0.972753
-1.92867 0.96196
-1.88477 0.93524
-1.9177 0.956586
-1.89026 0.940554
-1.93416 0.96196
-1.96708 0.983607
-1.97805 0.989056
-1.95062 0.972753
-1.92318 0.956586
-1.91221 0.951227
-1.96708 0.983607
-1.97257 0.983607
-1.95062 0.96196
-1.95062 0.956586
-1.92867 0.951227
-1.92867 0.96196
-1.93416 0.96196
-1.89575 0.945883
-1.94513 0.972753
-1.95062 0.972753
-1.9561 0.978173
-1.96159 0.978173
-1.90123 0.945883
-1.90123 0.945883
-1.89026 0.93524
-1.92318 0.951227
-1.92318 0.951227
-1.95062 0.972753
-1.93964 0.967349
-1.93416 0.967349
-1.90672 0.940554
-1.9177 0.956586
-1.94513 0.967349
-1.92867 0.96196
-1.92318 0.956586
-1.92318 0.96196
-1.96159 0.978173
-1.97805 0.989056
-1.93416 0.96196
-1.9177 0.951227
-1.95062 0.972753
-1.93964 0.967349
-1.94513 0.972753
-1.93416 0.967349
-1.94513 0.972753
-1.9561 0.978173
-1.96708 0.983607
-1.96159 0.978173
-1.91221 0.951227
-1.91221 0.951227
-1.89575 0.945883
-1.9561 0.978173
-1.90123 0.940554
-1.92318 0.945883
-1.92867 0.96196
-1.92318 0.951227
-1.93416 0.96196
-1.9177 0.951227
-1.89026 0.93524
-1.89575 0.940554
-1.88477 0.93524
-1.93416 0.96196
-1.93416 0.96196
-1.92867 0.96196
-1.9561 0.978173
-1.96159 0.978173
-1.94513 0.972753
-1.93416 0.967349
-1.9561 0.978173
-1.93416 0.967349
-1.92318 0.956586
-1.93416 0.96196
-1.90672 0.951227
-1.90123 0.951227
-1.90123 0.951227
-1.93416 0.967349
-1.93964 0.967349
-1.9177 0.951227
-1.94513 0.967349
-1.94513 0.972753
-1.90672 0.951227
-1.89026 0.93524
-1.90123 0.951227
-1.86831 0.929941
-1.83539 0.888093
-1.88477 0.93524
-1.91221 0.951227
-1.96159 0.978173
-1.95062 0.972753
-1.94513 0.972753
-1.9177 0.956586
-1.94513 0.972753
-1.91221 0.945883
-1.94513 0.967349
-1.90672 0.951227
-1.93416 0.967349
-1.93416 0.967349
-1.89026 0.945883
-1.89575 0.945883
-1.95062 0.972753
-1.90672 0.951227
-1.90672 0.951227
-1.9561 0.978173
-1.92318 0.951227
-1.93964 0.956586
-1.96708 0.983607
-1.95062 0.972753
-1.92867 0.951227
-1.90672 0.945883
-1.94513 0.972753
-1.96708 0.983607
-1.92867 0.96196
-1.97257 0.983607
-1.94513 0.972753
-1.93416 0.967349
-1.93416 0.967349
-1.9561 0.978173
-1.92318 0.956586
-1.9561 0.978173
-1.9561 0.972753
-1.92867 0.96196
-1.91221 0.945883
-1.86831 0.929941
-1.86831 0.929941
-1.90672 0.93524
-1.90123 0.951227
-1.85734 0.914135
-1.92318 0.940554
-1.89026 0.940554
-1.92867 0.96196
-1.93416 0.967349
-1.90123 0.951227
-1.93964 0.967349
-1.94513 0.972753
-1.94513 0.972753
-1.91221 0.956586
-1.92318 0.96196
-1.93416 0.967349
-1.94513 0.972753
-1.96708 0.983607
-1.9177 0.956586
-1.93964 0.96196
-1.92867 0.956586
-1.93964 0.967349
-1.94513 0.967349
-1.90672 0.945883
-1.90672 0.940554
-1.89575 0.919389
-1.90123 0.924658
-1.9177 0.951227
-1.9177 0.951227
-1.9177 0.956586
-1.84088 0.914135
-1.89026 0.940554
-1.92867 0.96196
-1.9561 0.978173
-1.90123 0.940554
-1.90672 0.945883
-1.90672 0.951227
-1.9177 0.956586
-1.92867 0.96196
-1.9177 0.956586
-1.9561 0.978173
-1.86283 0.914135
-1.87929 0.93524
-1.8738 0.924658
-1.90123 0.93524
-1.91221 0.956586
-1.89575 0.945883
-1.92867 0.956586
-1.97805 0.989056
-1.94513 0.972753
-1.94513 0.972753
-1.93416 0.96196
-1.93964 0.967349
-1.87929 0.940554
-1.91221 0.951227
-1.9177 0.956586
-1.93964 0.967349
-1.96708 0.983607
-1.94513 0.972753
-1.92318 0.945883
-1.93416 0.96196
-1.94513 0.972753
-1.92318 0.96196
-1.9561 0.978173
-1.96159 0.978173
-1.92867 0.956586
-1.90672 0.951227
-1.94513 0.972753
-1.9177 0.951227
-1.9177 0.956586
-1.91221 0.951227
-1.95062 0.972753
-1.88477 0.93524
-1.93964 0.967349
-1.96708 0.983607
-1.96159 0.978173
-1.97805 0.989056
-1.98903 0.994521
-1.97805 0.989056
-1.97805 0.989056
-1.96159 0.978173
-1.92318 0.956586
-1.92867 0.951227
-1.93416 0.96196
-1.93416 0.96196
-1.93964 0.967349
-1.93964 0.967349
-1.94513 0.972753
-1.94513 0.972753
-1.96159 0.978173
-1.96708 0.983607
-1.94513 0.972753
-1.96159 0.978173
-1.95062 0.967349
-1.9177 0.956586
-1.89026 0.93524
-1.90123 0.951227
-1.90123 0.945883
-1.90672 0.951227
-1.92867 0.96196
-1.9177 0.956586
-1.92318 0.96196
-1.92318 0.956586
-1.92318 0.96196
-1.9177 0.956586
-1.89575 0.945883
-1.9561 0.972753
-1.98903 0.994521
-1.98903 0.994521
-1.96708 0.983607
-1.92867 0.96196
-1.9177 0.940554
-1.92867 0.956586
-1.92318 0.951227
-1.95062 0.972753
-1.9561 0.967349
-1.93964 0.967349
-1.90672 0.940554
-1.90123 0.924658
-1.92867 0.96196
-1.9177 0.956586
-1.92318 0.956586
-1.9177 0.956586
-1.93416 0.96196
-1.91221 0.945883
-1.90123 0.945883
-1.90672 0.951227
-1.93964 0.967349
-1.95062 0.972753
-1.96708 0.983607
-1.93964 0.967349
-1.94513 0.972753
-1.95062 0.96196
-1.9177 0.945883
-1.97805 0.989056
-1.90123 0.945883
-1.90672 0.951227
-1.86831 0.924658
-1.9177 0.945883
-1.91221 0.945883
-1.83539 0.908897
-1.84088 0.919389
-1.9177 0.956586
-1.88477 0.940554
-1.90123 0.951227
-1.93416 0.967349
-1.92318 0.96196
-1.93964 0.967349
-1.94513 0.972753
-1.93964 0.967349
-1.9561 0.978173
-1.90672 0.951227
-1.94513 0.972753
-1.93964 0.967349
-1.96708 0.983607
-1.97805 0.989056
-1.96159 0.978173
-1.92867 0.96196
-1.90672 0.914135
-1.92867 0.945883
-1.93416 0.951227
-1.90672 0.93524
-1.88477 0.919389
-1.86283 0.914135
-1.89026 0.940554
-1.94513 0.972753
-1.96708 0.983607
-1.94513 0.972753
-1.90672 0.945883
-1.93964 0.967349
-1.9561 0.978173
-1.93964 0.96196
-1.95062 0.972753
-1.94513 0.972753
-1.94513 0.972753
-1.91221 0.951227
-1.9177 0.956586
-1.93964 0.956586
-1.89026 0.940554
-1.94513 0.972753
-1.93964 0.967349
-1.93964 0.967349
-1.90672 0.945883
-1.92318 0.940554
-1.89575 0.93524
-1.96708 0.983607
-1.96708 0.983607
-1.93416 0.967349
-1.92318 0.96196
-1.94513 0.972753
-1.96708 0.983607
-1.9561 0.978173
-1.9561 0.978173
-1.9561 0.978173
-1.93416 0.96196
-1.9177 0.956586
-1.95062 0.972753
-1.94513 0.972753
-1.93416 0.967349
-1.9177 0.956586
-1.9561 0.978173
-1.94513 0.972753
-1.94513 0.967349
-1.87929 0.924658
-1.8738 0.914135
-1.90123 0.929941
-1.89575 0.940554
-1.87929 0.929941
-1.87929 0.93524
-1.87929 0.93524
-1.93416 0.956586
-1.89575 0.940554
-1.90672 0.940554
-1.93416 0.956586
-1.9177 0.956586
-1.92867 0.96196
-1.90672 0.945883
-1.9177 0.951227
-1.88477 0.929941
-1.93416 0.967349
-1.97805 0.989056
-2 1
-1.97805 0.989056
-1.96708 0.983607
-1.97805 0.989056
-1.94513 0.967349
-1.92867 0.956586
-1.94513 0.972753
-1.9561 0.978173
-1.91221 0.951227
-1.95062 0.972753
-1.95062 0.972753
-1.94513 0.951227
-1.94513 0.96196
-1.96708 0.983607
-1.93964 0.967349
-1.9561 0.978173
-1.9561 0.978173
-1.96159 0.978173
-1.97805 0.989056
-1.92867 0.96196
-1.92318 0.96196
-1.93416 0.967349
-1.96708 0.978173
-1.9177 0.956586
-1.98903 0.994521
-1.9561 0.978173
-1.93416 0.967349
-1.90123 0.945883
-1.9177 0.956586
-1.91221 0.951227
-1.8738 0.924658
-1.87929 0.929941
-1.8738 0.93524
-1.92318 0.96196
-1.92318 0.956586
-1.91221 0.945883
-1.92867 0.96196
-1.93964 0.96196
-1.90123 0.945883
-1.94513 0.972753
-1.9177 0.956586
-1.93416 0.96196
-1.93964 0.967349
-1.92867 0.956586
-1.97257 0.983607
-1.97805 0.989056
-1.94513 0.972753
-1.93964 0.967349
-1.93416 0.96196
-1.97805 0.989056
-1.9561 0.972753
-1.92867 0.96196
-1.89026 0.93524
-1.92318 0.96196
-1.93964 0.96196
-1.93964 0.96196
-1.96708 0.983607
-1.92318 0.96196
-1.94513 0.972753
-1.96708 0.983607
-1.9177 0.945883
-1.90123 0.945883
-1.9177 0.956586
-1.92318 0.96196
-1.90672 0.951227
-1.9561 0.978173
-1.94513 0.972753
-1.93416 0.967349
-1.9177 0.956586
-1.93964 0.967349
-1.96159 0.978173
-1.97805 0.989056
-1.97805 0.989056
-1.95062 0.972753
-1.92867 0.96196
-1.90123 0.940554
-1.85185 0.903673
-1.85185 0.919389
-1.9177 0.951227
-1.82442 0.908897
-1.84636 0.914135
-1.87929 0.929941
-1.87929 0.93524
-1.86831 0.924658
-1.90672 0.951227
-1.9177 0.956586
-1.96708 0.983607
-1.92867 0.96196
-1.95062 0.972753
-1.9177 0.951227
-1.90672 0.945883
-1.92867 0.96196
-1.93964 0.967349
-1.92318 0.951227
-1.92867 0.96196
-1.9177 0.956586
-1.89026 0.940554
-1.93416 0.967349
-1.96159 0.978173
-1.98903 0.994521
-1.98903 0.994521
-1.91221 0.956586
-1.92318 0.96196
-1.90672 0.940554
-1.89575 0.940554
-1.93416 0.96196
-1.92318 0.96196
-1.92318 0.96196
-1.88477 0.93524
-1.89575 0.940554
-1.9177 0.956586
-1.9561 0.978173
-1.93416 0.967349
-1.91221 0.951227
-1.86831 0.929941
-1.90672 0.951227
-1.9177 0.956586
-1.94513 0.972753
-1.94513 0.972753
-1.9561 0.978173
-1.9561 0.972753
-1.94513 0.967349
-1.97805 0.989056
-1.98903 0.994521
-1.9561 0.972753
-1.93964 0.96196
-1.93964 0.967349
-1.97257 0.983607
-1.92318 0.956586
-1.91221 0.951227
-1.92318 0.96196
-1.90123 0.945883
-1.92867 0.956586
-1.9561 0.978173
-1.94513 0.972753
-1.9561 0.978173
-1.95062 0.972753
-1.9561 0.978173
-1.97805 0.989056
-1.9561 0.978173
-1.96708 0.978173
-1.97805 0.989056
-2 1
-1.96708 0.983607
-1.9561 0.978173
-1.92318 0.956586
-1.93964 0.967349
-1.91221 0.956586
-1.98903 0.994521
-1.96708 0.983607
-1.94513 0.967349
-1.93964 0.967349
-1.93964 0.967349
-1.9561 0.978173
-1.97805 0.989056
-1.93416 0.967349
-1.93416 0.967349
-1.96159 0.978173
-1.93416 0.967349
-1.92318 0.96196
-1.94513 0.972753
-1.89026 0.929941
-1.93416 0.96196
-1.9177 0.956586
-1.92318 0.956586
-1.93416 0.967349
-1.93416 0.967349
-1.92318 0.956586
-1.95062 0.972753
-1.97257 0.983607
-1.9561 0.972753
-1.93964 0.967349
-1.92318 0.951227
-1.92318 0.96196
-1.92867 0.951227
-1.9177 0.951227
-1.90123 0.940554
-1.91221 0.956586
-1.93416 0.96196
-1.94513 0.972753
-1.93964 0.967349
-1.94513 0.967349
-1.95062 0.972753
-1.9561 0.978173
-1.95062 0.972753
-1.88477 0.940554
-1.87929 0.929941
-1.94513 0.967349
-1.93964 0.967349
-1.96159 0.978173
-1.98903 0.994521
-1.96159 0.978173
-1.9561 0.972753
-1.96708 0.983607
-1.90123 0.945883
-1.9177 0.956586
-1.8738 0.924658
-1.88477 0.919389
-1.90123 0.945883
-1.89026 0.929941
-1.86831 0.924658
-1.89026 0.940554
-1.92318 0.96196
-1.93416 0.967349
-1.91221 0.951227
-1.91221 0.93524
-1.90672 0.940554
-1.92318 0.96196
-1.96708 0.983607
-1.94513 0.972753
-1.94513 0.972753
-1.95062 0.972753
-1.96708 0.983607
-1.94513 0.967349
-1.91221 0.951227
-1.93416 0.956586
-1.92867 0.956586
-1.93964 0.96196
-1.8738 0.929941
-1.9177 0.956586
-1.9177 0.956586
-1.92318 0.956586
-1.95062 0.972753
-1.96708 0.983607
-1.91221 0.956586
-1.96708 0.983607
-1.95062 0.972753
-1.85734 0.919389
-1.87929 0.929941
-1.93964 0.967349
-1.96708 0.983607
-1.97805 0.989056
-1.90123 0.951227
-1.92318 0.956586
-1.92318 0.956586
-1.92867 0.956586
-1.90672 0.951227
-1.96708 0.983607
-1.96708 0.983607
-1.94513 0.972753
-1.93964 0.967349
-1.92867 0.96196
-1.90123 0.945883
-1.97805 0.989056
-1.96708 0.983607
-1.96159 0.978173
-1.93964 0.967349
-1.93416 0.967349
-1.89575 0.945883
-1.9561 0.978173
-1.97805 0.989056
-1.96159 0.978173
-1.92867 0.96196
-1.85185 0.919389
-1.89026 0.940554
-1.90672 0.945883
-1.88477 0.93524
-1.91221 0.951227
-1.9561 0.978173
-1.95062 0.972753
-1.95062 0.972753
-1.89575 0.945883
-1.91221 0.951227
-1.90672 0.951227
-1.92318 0.96196
-1.94513 0.967349
-1.93416 0.951227
-1.9177 0.951227
-1.97805 0.989056
-1.96708 0.983607
-1.92318 0.96196
-1.92318 0.96196
-1.94513 0.972753
-1.93416 0.96196
-1.94513 0.972753
-1.92318 0.96196
-1.90672 0.951227
-1.93964 0.967349
-1.95062 0.972753
-1.9177 0.956586
-1.9177 0.956586
-1.93416 0.967349
-1.92867 0.96196
-1.90672 0.951227
-1.89575 0.940554
-1.93964 0.967349
-1.96708 0.983607
-1.93416 0.967349
-1.92867 0.96196
-1.90672 0.945883
-1.9561 0.978173
-1.9561 0.967349
-1.94513 0.967349
-1.94513 0.972753
-1.98903 0.994521
-1.9561 0.978173
-1.97805 0.989056
-1.97257 0.983607
-1.97805 0.989056
-1.98903 0.994521
-1.9561 0.978173
-1.93964 0.96196
-1.93416 0.967349
-1.9561 0.972753
-1.93416 0.967349
-1.90123 0.945883
-1.92318 0.96196
-1.88477 0.93524
-1.90672 0.951227
-1.95062 0.972753
-1.9561 0.978173
-1.97805 0.989056
-1.94513 0.972753
-1.96708 0.983607
-1.97805 0.989056
-1.93416 0.967349
-1.93416 0.967349
-1.97257 0.983607
-1.93964 0.967349
-1.9177 0.956586
-1.90672 0.951227
-1.94513 0.972753
-1.92867 0.96196
-1.95062 0.972753
-1.93964 0.967349
-1.9561 0.978173
-1.93416 0.967349
-1.92318 0.96196
-1.92318 0.956586
-1.94513 0.967349
-1.97805 0.989056
-1.9561 0.978173
-1.93416 0.96196
-1.96708 0.983607
-1.93964 0.967349
-1.93964 0.967349
-1.94513 0.972753
-1.9177 0.951227
-1.9177 0.945883
-1.93964 0.96196
-1.96159 0.978173
-1.91221 0.951227
-1.90123 0.945883
-1.9561 0.978173
-1.9177 0.956586
-1.95062 0.972753
-1.94513 0.96196
-1.90123 0.940554
-1.90123 0.940554
-1.92318 0.951227
-1.97805 0.989056
-1.9561 0.978173
-1.95062 0.972753
-1.96708 0.983607
-1.89575 0.945883
-1.91221 0.951227
-1.92318 0.96196
-1.90123 0.951227
-1.90672 0.945883
-1.90123 0.940554
-1.8738 0.919389
-1.90672 0.929941
-1.88477 0.924658
-1.91221 0.951227
-1.98903 0.994521
-1.97805 0.989056
-1.9561 0.978173
-1.93416 0.967349
-1.92867 0.96196
-1.92867 0.96196
-1.93964 0.967349
-1.9561 0.978173
-1.86831 0.929941
-1.91221 0.951227
-1.93416 0.967349
-1.9561 0.978173
-1.94513 0.972753
-1.9561 0.978173
-1.96708 0.983607
-1.95062 0.972753
-1.9561 0.978173
-1.95062 0.972753
-1.9561 0.978173
-1.92318 0.96196
-1.92318 0.956586
-1.91221 0.945883
-1.90672 0.951227
-1.94513 0.972753
-1.93964 0.967349
-1.96708 0.983607
-1.92318 0.956586
-1.92867 0.96196
-1.8738 0.924658
-1.92318 0.951227
-1.96159 0.978173
-1.91221 0.945883
-1.9561 0.978173
-1.97805 0.989056
-1.9561 0.978173
-1.9561 0.978173
-1.97805 0.989056
-1.98903 0.994521
-1.96708 0.983607
-1.94513 0.972753
-1.94513 0.972753
-1.93964 0.967349
-1.90123 0.93524
-1.91221 0.951227
-1.90123 0.945883
-1.92318 0.956586
-1.92318 0.956586
-1.93964 0.967349
-1.98903 0.994521
-2 1
-1.95062 0.972753
-1.92318 0.956586
-1.9561 0.972753
-1.93416 0.96196
-1.92318 0.96196
-1.89575 0.940554
-1.93416 0.96196
-1.96708 0.983607
-1.93964 0.967349
-1.9561 0.978173
-1.92867 0.951227
-1.9561 0.978173
-1.9177 0.956586
-1.93964 0.967349
-1.9177 0.956586
-1.89575 0.945883
-1.93964 0.967349
-1.93416 0.96196
-1.89575 0.945883
-1.94513 0.972753
-1.91221 0.951227
-1.92867 0.96196
-1.9177 0.956586
-1.9177 0.93524
-1.90123 0.940554
-1.88477 0.93524
-1.89575 0.929941
-1.85734 0.914135
-1.85734 0.908897
-1.89026 0.908897
-1.88477 0.908897
-1.94513 0.940554
-1.93416 0.945883
-1.8738 0.924658
-1.92318 0.951227
-1.93416 0.956586
-1.91221 0.951227
-1.86831 0.919389
-1.86831 0.919389
-1.84636 0.888093
-1.89026 0.93524
-1.92318 0.956586
-1.92318 0.945883
-1.91221 0.945883
-1.93416 0.956586
-1.96708 0.978173
-1.92867 0.96196
-1.96159 0.978173
-1.93964 0.967349
-1.90672 0.940554
-1.93964 0.967349
-1.97805 0.989056
-1.95062 0.972753
-1.96708 0.978173
-1.9561 0.978173
-1.94513 0.972753
-1.97805 0.989056
-1.89575 0.940554
-1.91221 0.951227
-1.89026 0.93524
-1.9177 0.951227
-1.94513 0.967349
-1.91221 0.951227
-1.8738 0.929941
-1.90123 0.940554
-1.92318 0.956586
-1.90672 0.945883
-1.88477 0.929941
-1.9561 0.978173
-1.92867 0.96196
-1.96708 0.983607
-1.93416 0.967349
-1.93416 0.967349
-1.92318 0.96196
-1.89026 0.924658
-1.9177 0.956586
-1.95062 0.972753
-1.96708 0.983607
-1.94513 0.972753
-1.93416 0.956586
-1.86283 0.924658
-1.91221 0.956586
-1.91221 0.956586
-1.89026 0.940554
-1.93964 0.967349
-1.93416 0.967349
-1.8738 0.929941
-1.89026 0.940554
-1.91221 0.93524
-1.9177 0.929941
-1.93416 0.967349
-1.93416 0.96196
-1.92318 0.96196
-1.96708 0.983607
-1.94513 0.972753
-1.9561 0.978173
-1.9561 0.978173
-1.92318 0.956586
-1.91221 0.951227
-1.90672 0.93524
-1.93416 0.96196
-1.93416 0.967349
-1.96159 0.978173
-1.96159 0.978173
-1.92867 0.96196
-1.90672 0.945883
-1.86831 0.919389
-1.89575 0.929941
-1.92318 0.940554
-1.93416 0.967349
-1.93416 0.96196
-1.89575 0.940554
-1.90123 0.945883
-1.91221 0.956586
-1.86831 0.919389
-1.91221 0.940554
-1.9561 0.972753
-1.94513 0.967349
-1.93964 0.967349
-1.90672 0.945883
-1.90123 0.93524
-1.9177 0.956586
-1.9561 0.978173
-1.92318 0.96196
-1.9561 0.978173
-1.96708 0.983607
-1.94513 0.967349
-1.89575 0.945883
-1.96708 0.983607
-1.98903 0.994521
-1.9561 0.978173
-1.94513 0.972753
-1.90672 0.951227
-1.93416 0.96196
-1.93964 0.967349
-1.93416 0.96196
-1.93964 0.967349
-1.93964 0.967349
-1.92318 0.96196
-1.93964 0.967349
-1.96159 0.978173
-1.96708 0.983607
-1.95062 0.972753
-1.93416 0.956586
-1.92867 0.96196
-1.93964 0.956586
-1.95062 0.96196
-1.93416 0.967349
-1.9561 0.978173
-1.96708 0.983607
-1.97257 0.983607
-1.9561 0.978173
-1.9177 0.956586
-1.95062 0.972753
-1.90123 0.945883
-1.90123 0.945883
-1.9177 0.956586
-1.9177 0.951227
-1.91221 0.951227
-1.8299 0.898465
-1.86831 0.924658
-1.90123 0.945883
-1.95062 0.972753
-1.9561 0.978173
-1.9561 0.978173
-1.93416 0.956586
-1.92318 0.96196
-1.96708 0.983607
-1.8738 0.929941
-1.89575 0.945883
-1.9177 0.956586
-1.93416 0.96196
-1.93416 0.956586
-1.98903 0.994521
-1.96159 0.978173
-1.9561 0.978173
-1.93416 0.967349
-1.9177 0.956586
-1.91221 0.951227
-1.94513 0.972753
-1.97805 0.989056
-1.97805 0.989056
-1.96159 0.978173
-1.92318 0.956586
-1.94513 0.972753
-1.96159 0.978173
-1.92867 0.96196
-1.93416 0.956586
-1.91221 0.951227
-1.9561 0.978173
-1.9561 0.972753
-1.92318 0.956586
-1.92318 0.956586
-1.89575 0.940554
-1.9177 0.951227
-1.91221 0.956586
-1.90672 0.951227
-1.90672 0.945883
-1.89575 0.945883
-1.90123 0.945883
-1.91221 0.951227
-1.94513 0.972753
-1.97805 0.989056
-1.9561 0.978173
-1.94513 0.972753
-1.97805 0.989056
-1.95062 0.972753
-1.93964 0.967349
-1.90672 0.945883
-1.92867 0.956586
-1.97805 0.989056
-1.98903 0.994521
-1.97805 0.989056
-1.97805 0.989056
-1.93416 0.967349
-1.93416 0.967349
-1.94513 0.972753
-1.96708 0.983607
-1.91221 0.956586
-1.92867 0.96196
-1.93416 0.96196
-1.93416 0.967349
-1.93964 0.967349
-1.9561 0.978173
-1.92867 0.96196
-1.9561 0.978173
-1.9561 0.978173
-1.89575 0.945883
-1.95062 0.972753
-1.96708 0.983607
-1.92867 0.956586
-1.96708 0.983607
-1.96708 0.983607
-1.93964 0.956586
-1.92867 0.951227
-1.93416 0.956586
-1.91221 0.951227
-1.87929 0.93524
-1.84636 0.914135
-1.88477 0.929941
-1.93964 0.967349
-1.95062 0.972753
-1.94513 0.972753
-1.9561 0.972753
-1.96159 0.978173
-1.92318 0.951227
-1.87929 0.929941
-1.85734 0.914135
-1.87929 0.93524
-1.9177 0.956586
-1.9177 0.956586
-1.93416 0.967349
-1.96708 0.983607
-1.90123 0.945883
-1.92318 0.956586
-1.90123 0.945883
-1.91221 0.945883
-1.87929 0.929941
-1.94513 0.967349
-1.93964 0.967349
-1.94513 0.972753
-1.96708 0.983607
-1.96708 0.983607
-1.92318 0.956586
-1.93964 0.967349
-1.91221 0.951227
-1.90123 0.945883
-1.92867 0.96196
-1.89026 0.940554
-1.93964 0.96196
-1.9561 0.972753
-1.96159 0.978173
-1.98903 0.994521
-1.98903 0.994521
-1.98354 0.989056
-1.93964 0.96196
-1.94513 0.972753
-1.94513 0.972753
-1.93964 0.967349
-1.94513 0.972753
-1.96159 0.978173
-1.93964 0.967349
-1.92318 0.96196
-1.92867 0.945883
-1.93416 0.940554
-1.93964 0.940554
-1.8738 0.898465
-1.9177 0.898465
-1.87929 0.877781
-1.89575 0.903673
-1.89026 0.893271
-1.9561 0.924658
-1.93964 0.951227
-1.92867 0.93524
-1.94513 0.972753
-1.92318 0.956586
-1.9177 0.951227
-1.92318 0.956586
-1.89575 0.929941
-1.93416 0.93524
-1.94513 0.967349
-1.96159 0.972753
-1.96708 0.983607
-1.9561 0.972753
-1.86831 0.914135
-1.85734 0.893271
-1.90672 0.908897
-1.89575 0.898465
-1.90672 0.924658
-1.92318 0.929941
-1.83539 0.88293
-1.81893 0.893271
-1.88477 0.898465
-1.92318 0.93524
-1.90672 0.919389
-1.89026 0.919389
-1.90123 0.940554
-1.93964 0.96196
-1.93964 0.956586
-1.9177 0.956586
-1.95062 0.972753
-1.88477 0.93524
-1.88477 0.93524
-1.92867 0.96196
-1.91221 0.956586
-1.92867 0.956586
-1.93964 0.967349
-1.90672 0.945883
-1.91221 0.951227
-1.93416 0.96196
-1.92318 0.956586
-1.96708 0.983607
-1.94513 0.972753
-1.93964 0.967349
-1.91221 0.951227
-1.8738 0.929941
-1.92867 0.96196
-1.96708 0.983607
-1.93964 0.967349
-1.87929 0.93524
-1.92867 0.96196
-1.93416 0.967349
-1.96708 0.983607
-1.92867 0.956586
-1.93964 0.967349
-1.93964 0.967349
-1.9561 0.978173
-1.9561 0.978173
-1.93416 0.956586
-1.92318 0.956586
-1.94513 0.972753
-1.95062 0.972753
-1.92867 0.96196
-1.9561 0.978173
-1.96159 0.978173
-1.9177 0.945883
-1.91221 0.951227
-1.96708 0.983607
-1.9561 0.972753
-1.94513 0.972753
-1.93964 0.967349
-1.9561 0.978173
-1.9561 0.978173
-1.93964 0.967349
-1.90123 0.940554
-1.92318 0.951227
-1.90672 0.940554
-1.9177 0.951227
-1.91221 0.951227
-1.93416 0.967349
-1.9561 0.978173
-1.93416 0.967349
-1.94513 0.972753
-1.96159 0.978173
-1.91221 0.951227
-1.87929 0.93524
-1.95062 0.972753
-1.92867 0.956586
-1.94513 0.972753
-1.93416 0.956586
-1.92867 0.96196
-1.96708 0.983607
-1.91221 0.951227
-1.90123 0.940554
-1.9177 0.956586
-1.89575 0.945883
-1.93416 0.96196
-1.96708 0.983607
-1.93416 0.967349
-1.94513 0.972753
-1.92867 0.96196
-1.9561 0.978173
-1.96708 0.983607
-1.94513 0.972753
-1.9561 0.978173
-1.97805 0.989056
-1.97805 0.989056
-1.93964 0.967349
-1.97257 0.983607
-1.94513 0.972753
-1.94513 0.972753
-1.98903 0.994521
-1.95062 0.972753
-1.9561 0.978173
-1.9561 0.978173
-1.92867 0.96196
-1.93416 0.967349
-1.9561 0.978173
-1.91221 0.951227
-1.90672 0.951227
-1.9177 0.956586
-1.88477 0.93524
-1.88477 0.940554
-1.93964 0.967349
-1.94513 0.967349
-1.94513 0.967349
-1.96708 0.983607
-1.96708 0.983607
-1.9561 0.978173
-1.97805 0.989056
-1.96708 0.983607
-1.97805 0.989056
-1.93416 0.967349
-1.89575 0.940554
-1.88477 0.93524
-1.91221 0.951227
-1.93416 0.967349
-1.96708 0.972753
-1.95062 0.972753
-1.9177 0.956586
-1.94513 0.967349
-1.93416 0.967349
-1.96708 0.983607
-1.97805 0.983607
-1.92867 0.951227
-1.96708 0.978173
-1.93964 0.956586
-1.96159 0.978173
-1.94513 0.972753
-1.92318 0.956586
-1.92318 0.956586
-1.91221 0.951227
-1.93964 0.967349
-1.93416 0.956586
-1.89575 0.93524
-1.92867 0.956586
-1.94513 0.96196
-1.93416 0.945883
-1.95062 0.967349
-1.9177 0.945883
-1.90123 0.924658
-1.89026 0.924658
-1.93964 0.967349
-1.92318 0.956586
-1.92867 0.96196
-1.92867 0.96196
-1.94513 0.972753
-1.90123 0.945883
-1.90123 0.945883
-1.90123 0.940554
-1.89026 0.940554
-1.90123 0.940554
-1.92867 0.945883
-1.95062 0.972753
-1.97805 0.989056
-1.95062 0.972753
-1.9561 0.978173
-1.9561 0.978173
-1.96708 0.983607
-1.92867 0.96196
-1.89575 0.945883
-1.93416 0.967349
-1.90672 0.940554
-1.8738 0.924658
-1.90672 0.951227
-1.93416 0.96196
-1.92867 0.96196
-1.89575 0.93524
-1.85734 0.919389
-1.93964 0.967349
-1.96708 0.983607
-1.97805 0.989056
-1.96708 0.983607
-1.91221 0.951227
-1.96708 0.983607
-1.94513 0.972753
-1.95062 0.972753
-1.96159 0.978173
-1.93964 0.967349
-1.93964 0.967349
-1.90123 0.951227
-1.9561 0.978173
-1.96708 0.983607
-1.96708 0.983607
-1.92318 0.956586
-1.93964 0.956586
-1.95062 0.972753
-1.9177 0.956586
-1.90672 0.951227
-1.92318 0.956586
-1.9561 0.978173
-1.91221 0.956586
-1.9561 0.978173
-1.92318 0.96196
-1.92318 0.96196
-1.93964 0.96196
-1.94513 0.972753
-1.93416 0.967349
-1.90672 0.951227
-1.92867 0.96196
-1.90672 0.951227
-1.95062 0.972753
-1.93416 0.96196
-1.94513 0.972753
-1.9561 0.978173
-1.9561 0.978173
-1.95062 0.972753
-1.95062 0.972753
-1.97805 0.989056
-1.9561 0.978173
-1.94513 0.967349
-1.93964 0.967349
-1.88477 0.940554
-1.93416 0.967349
-1.93964 0.967349
-1.93416 0.967349
-1.92318 0.96196
-1.90672 0.951227
-1.93416 0.967349
-1.89575 0.93524
-1.88477 0.929941
-1.89026 0.940554
-1.94513 0.967349
-1.9561 0.978173
-1.94513 0.972753
-1.9561 0.978173
-1.91221 0.956586
-1.93964 0.967349
-1.93416 0.956586
-1.93416 0.96196
-1.92318 0.956586
-1.92318 0.96196
-1.95062 0.967349
-1.9561 0.967349
-1.96708 0.983607
-1.92318 0.96196
-1.93416 0.96196
-1.96708 0.983607
-1.95062 0.972753
-1.93416 0.96196
-1.95062 0.972753
-1.85734 0.924658
-1.91221 0.951227
-1.88477 0.940554
-1.90672 0.951227
-1.91221 0.945883
-1.9177 0.945883
-1.90123 0.945883
-1.8738 0.929941
-1.86283 0.919389
-1.82442 0.903673
-1.86831 0.929941
-1.94513 0.972753
-1.95062 0.972753
-1.9561 0.978173
-1.9177 0.956586
-1.90672 0.951227
-1.91221 0.945883
-1.94513 0.967349
-1.95062 0.972753
-1.96708 0.983607
-1.94513 0.967349
-1.9561 0.978173
-1.98903 0.994521
-1.94513 0.972753
-1.93964 0.967349
-1.96708 0.983607
-1.92318 0.96196
-1.92318 0.96196
-1.9561 0.978173
-1.9177 0.956586
-1.85734 0.919389
-1.92867 0.96196
-1.93416 0.967349
-1.91221 0.956586
-1.89575 0.93524
-1.84636 0.903673
-1.92318 0.951227
-1.89575 0.940554
-1.92867 0.96196
-1.9561 0.978173
-2 1
-1.9561 0.978173
-1.92318 0.96196
-1.9561 0.978173
-1.95062 0.972753
-1.95062 0.972753
-1.95062 0.967349
-1.89575 0.929941
-1.90672 0.929941
-1.90672 0.951227
-1.9561 0.978173
-1.92318 0.96196
-1.97805 0.989056
-1.95062 0.972753
-1.96708 0.983607
-1.96159 0.978173
-1.96708 0.983607
-1.97805 0.989056
-1.9561 0.978173
-1.94513 0.972753
-1.94513 0.972753
-1.86831 0.924658
-1.93416 0.96196
-1.9177 0.956586
-1.9561 0.978173
-1.94513 0.972753
-1.93416 0.96196
-1.93964 0.967349
-1.97805 0.989056
-1.97805 0.989056
-1.9177 0.945883
-1.89026 0.929941
-1.89575 0.940554
-1.9177 0.951227
-1.89575 0.945883
-1.92318 0.96196
-1.9177 0.956586
-1.87929 0.93524
-1.85734 0.919389
-1.90123 0.945883
-1.93416 0.967349
-1.93416 0.967349
-1.93416 0.967349
-1.95062 0.972753
-1.97805 0.989056
-1.96708 0.983607
-1.9561 0.978173
-1.92318 0.96196
-1.88477 0.924658
-1.92318 0.945883
-1.92318 0.956586
-1.92318 0.956586
-1.96708 0.983607
-1.93416 0.967349
-1.94513 0.972753
-1.93416 0.967349
-1.9177 0.956586
-1.90123 0.951227
-1.96159 0.978173
-1.92318 0.96196
-1.92867 0.96196
-1.95062 0.967349
-1.92867 0.945883
-1.92318 0.956586
-1.94513 0.972753
-1.93416 0.967349
-1.9177 0.956586
-1.89575 0.945883
-1.85185 0.914135
-1.9561 0.978173
-1.94513 0.967349
-1.95062 0.972753
-1.96708 0.983607
-1.98903 0.994521
-2 1
-1.97805 0.989056
-1.9177 0.956586
-1.93964 0.967349
-1.9177 0.956586
-1.93416 0.96196
-1.93964 0.967349
-1.9561 0.978173
-1.89575 0.940554
-1.90123 0.951227
-1.93964 0.96196
-1.90672 0.940554
-1.92867 0.96196
-1.90123 0.93524
-1.88477 0.929941
-1.94513 0.972753
-1.97257 0.983607
-1.96708 0.983607
-1.97805 0.989056
-1.96708 0.983607
-1.9561 0.978173
-1.93416 0.967349
-1.93964 0.967349
-1.9177 0.956586
-1.87929 0.93524
-1.87929 0.929941
-1.92867 0.96196
-1.93416 0.967349
-1.92318 0.96196
-1.9177 0.956586
-1.92318 0.96196
-1.93416 0.967349
-1.97257 0.983607
-1.9177 0.951227
-1.94513 0.972753
-1.93416 0.96196
-1.96159 0.978173
-1.97805 0.989056
-1.92867 0.96196
-1.97257 0.983607
-1.95062 0.972753
-1.90672 0.940554
-1.89026 0.929941
-1.88477 0.929941
-1.87929 0.929941
-1.92867 0.96196
-1.91221 0.945883
-1.9561 0.972753
-1.89026 0.93524
-1.92318 0.956586
-1.91221 0.951227
-1.90123 0.945883
-1.94513 0.972753
-1.93964 0.967349
-1.95062 0.972753
-1.93964 0.967349
-1.94513 0.972753
-1.92867 0.96196
-1.94513 0.972753
-1.8738 0.924658
-1.87929 0.929941
-1.90123 0.940554
-1.9177 0.956586
-1.93416 0.96196
-1.89575 0.945883
-1.9177 0.956586
-1.90672 0.945883
-1.91221 0.951227
-1.92318 0.951227
-1.87929 0.929941
-1.86283 0.919389
-1.92318 0.96196
-1.93964 0.967349
-1.94513 0.972753
-1.9177 0.956586
-1.84636 0.924658
-1.85185 0.919389
-1.90672 0.945883
-1.88477 0.924658
-1.90123 0.945883
-1.9177 0.951227
-1.93964 0.967349
-1.9177 0.951227
-1.94513 0.972753
-1.9177 0.956586
-1.91221 0.956586
-1.94513 0.972753
-1.98903 0.994521
-1.92318 0.956586
-1.89026 0.93524
-1.92867 0.96196
-1.9561 0.978173
-1.93416 0.967349
-1.89575 0.945883
-1.89575 0.945883
-1.90672 0.945883
-1.9177 0.951227
-1.94513 0.967349
-1.96159 0.978173
-1.94513 0.972753
-1.9561 0.978173
-1.92318 0.956586
-1.90672 0.945883
-1.90123 0.940554
-1.92867 0.96196
-1.9177 0.956586
-1.92318 0.956586
-1.92867 0.96196
-1.93416 0.967349
-1.93964 0.967349
-1.93964 0.967349
-1.96159 0.978173
-1.95062 0.972753
-1.89575 0.945883
-1.89026 0.945883
-1.92318 0.96196
-1.91221 0.951227
-1.9177 0.951227
-1.92318 0.956586
-1.92867 0.96196
-1.95062 0.972753
-1.89026 0.940554
-1.91221 0.951227
-1.90672 0.945883
-1.94513 0.967349
-1.92318 0.956586
-1.91221 0.945883
-1.93416 0.967349
-1.91221 0.956586
-1.92867 0.96196
-1.94513 0.972753
-1.98903 0.994521
-1.98903 0.994521
-1.96708 0.983607
-1.96159 0.978173
-1.94513 0.972753
-1.95062 0.972753
-1.95062 0.972753
-1.87929 0.93524
-1.91221 0.951227
-1.93964 0.967349
-1.95062 0.972753
-1.90123 0.951227
-1.93416 0.967349
-1.93416 0.967349
-1.96708 0.978173
-1.98903 0.994521
-1.93964 0.967349
-1.97805 0.989056
-1.94513 0.972753
-1.93416 0.967349
-1.94513 0.972753
-1.96708 0.983607
-1.97805 0.989056
-1.9177 0.956586
-1.93964 0.967349
-1.96708 0.978173
-1.90123 0.945883
-1.92318 0.956586
-1.89575 0.940554
-1.89575 0.945883
-1.89575 0.940554
-1.90123 0.945883
-1.92318 0.96196
-1.92318 0.96196
-1.90672 0.940554
-1.95062 0.967349
-1.98903 0.994521
-1.97805 0.989056
-1.94513 0.972753
-1.97257 0.983607
-1.94513 0.972753
-1.91221 0.951227
-1.91221 0.951227
-1.92867 0.96196
-1.93416 0.967349
-1.93964 0.967349
-1.91221 0.956586
-1.93416 0.967349
-1.9561 0.978173
-1.94513 0.972753
-1.90123 0.951227
-1.89026 0.940554
-1.84088 0.908897
-1.90672 0.951227
-1.93964 0.96196
-1.91221 0.945883
-1.87929 0.93524
-1.94513 0.972753
-1.92318 0.956586
-1.94513 0.967349
-1.93964 0.967349
-1.97805 0.989056
-1.94513 0.972753
-1.9177 0.956586
-1.92867 0.96196
-1.8738 0.93524
-1.88477 0.93524
-1.89575 0.924658
-1.88477 0.93524
-1.92318 0.951227
-1.93416 0.967349
-1.93964 0.967349
-1.94513 0.972753
-1.92867 0.96196
-1.90672 0.940554
-1.90672 0.940554
-1.96159 0.978173
-1.96708 0.983607
-1.95062 0.972753
-1.93964 0.956586
-1.93416 0.96196
-1.94513 0.972753
-1.97805 0.989056
-1.97805 0.989056
-1.97805 0.989056
-1.95062 0.972753
-1.93964 0.967349
-1.97257 0.983607
-1.93416 0.967349
-1.89026 0.945883
-1.97257 0.983607
-1.9561 0.972753
-1.93964 0.96196
-1.92318 0.956586
-1.90123 0.951227
-1.94513 0.972753
-1.92318 0.96196
-1.92318 0.96196
-1.95062 0.972753
-1.92318 0.956586
-1.89026 0.940554
-1.89026 0.945883
-1.92318 0.956586
-1.93964 0.96196
-1.97257 0.983607
-1.9177 0.945883
-1.92318 0.956586
-1.91221 0.93524
-1.92318 0.945883
-1.8738 0.929941
-1.85734 0.914135
-1.89026 0.93524
-1.90672 0.945883
-1.94513 0.972753
-1.96159 0.978173
-1.92867 0.96196
-1.90123 0.945883
-1.92318 0.956586
-1.92318 0.96196
-1.95062 0.972753
-1.92867 0.96196
-1.94513 0.972753
-1.93416 0.96196
-1.93416 0.96196
-1.94513 0.972753
-1.93416 0.96196
-1.93964 0.967349
-1.94513 0.967349
-1.96159 0.978173
-1.93416 0.96196
-1.93416 0.96196
-1.9177 0.951227
-1.91221 0.945883
-1.92318 0.956586
-1.89575 0.945883
-1.91221 0.956586
-1.93416 0.951227
-1.95062 0.967349
-1.95062 0.967349
-1.91221 0.951227
-1.94513 0.972753
-1.94513 0.972753
-1.9561 0.978173
-1.97805 0.989056
-1.93416 0.967349
-1.96708 0.983607
-1.93416 0.967349
-1.96708 0.983607
-1.92867 0.96196
-1.97805 0.989056
-1.9561 0.978173
-1.93416 0.956586
-1.92867 0.956586
-1.95062 0.96196
-1.90672 0.929941
-1.91221 0.945883
-1.92867 0.96196
-1.94513 0.96196
-1.96159 0.967349
-1.90672 0.940554
-1.92867 0.951227
-1.94513 0.972753
-1.89575 0.945883
-1.91221 0.951227
-1.94513 0.967349
-1.96708 0.983607
-1.9561 0.978173
-1.94513 0.972753
-1.97805 0.989056
-1.9561 0.978173
-1.96159 0.978173
-1.94513 0.967349
-1.97805 0.989056
-1.97805 0.989056
-1.96159 0.978173
-1.92318 0.96196
-1.91221 0.951227
-1.97805 0.989056
-1.92318 0.956586
-1.93416 0.96196
-1.92318 0.956586
-1.91221 0.945883
-1.93964 0.967349
-1.9177 0.951227
-1.93964 0.967349
-1.93964 0.956586
-1.92867 0.951227
-1.90123 0.945883
-1.91221 0.945883
-1.89575 0.940554
-1.90123 0.940554
-1.9177 0.956586
-1.90123 0.945883
-1.9177 0.956586
-1.92318 0.956586
-1.96159 0.978173
-1.97805 0.989056
-1.97805 0.989056
-1.93416 0.967349
-1.91221 0.956586
-1.8299 0.908897
-1.81893 0.898465
-1.86831 0.929941
-1.89575 0.924658
-1.90123 0.93524
-1.84088 0.903673
-1.8299 0.898465
-1.89026 0.93524
-1.92318 0.96196
-1.94513 0.967349
-1.91221 0.940554
-1.88477 0.940554
-1.93416 0.967349
-1.89575 0.93524
-1.96708 0.983607
-1.94513 0.972753
-1.93416 0.967349
-1.95062 0.972753
-1.89026 0.93524
-1.93416 0.967349
-1.94513 0.972753
-1.98354 0.989056
-1.9561 0.978173
-1.92867 0.96196
-1.95062 0.972753
-1.91221 0.945883
-1.93964 0.967349
-1.92318 0.951227
-1.92318 0.956586
-1.90123 0.945883
-1.90672 0.945883
-1.90123 0.945883
-1.90672 0.951227
-1.92318 0.96196
-1.91221 0.951227
-1.92867 0.96196
-1.94513 0.972753
-1.93964 0.967349
-1.95062 0.972753
-1.92318 0.956586
-1.92318 0.951227
-1.91221 0.951227
-1.97805 0.989056
-1.9561 0.978173
-1.9561 0.972753
-1.90123 0.940554
-1.90672 0.940554
-1.87929 0.929941
-1.93416 0.967349
-1.95062 0.972753
-1.88477 0.93524
-1.92867 0.96196
-1.94513 0.972753
-1.92867 0.956586
-1.9561 0.978173
-1.9561 0.972753
-1.93964 0.967349
-1.92867 0.96196
-1.92867 0.96196
-1.91221 0.956586
-1.90123 0.929941
-1.90672 0.945883
-1.93964 0.96196
-1.93416 0.96196
-1.93964 0.967349
-1.92867 0.96196
-1.95062 0.972753
-1.95062 0.972753
-1.9177 0.956586
-1.93416 0.96196
-1.90672 0.951227
-1.93416 0.967349
-1.92318 0.96196
-1.91221 0.951227
-1.89575 0.945883
-1.93416 0.967349
-1.9177 0.956586
-1.91221 0.956586
-1.96159 0.978173
-1.95062 0.972753
-1.89575 0.945883
-1.90672 0.951227
-1.90123 0.945883
-1.9561 0.978173
-1.90672 0.951227
-1.8738 0.908897
-1.90123 0.93524
-1.86283 0.903673
-1.91221 0.945883
-1.95062 0.972753
-1.96159 0.978173
-1.94513 0.972753
-1.92867 0.956586
-1.92867 0.96196
-1.94513 0.972753
-1.9561 0.978173
-1.95062 0.972753
-1.9177 0.956586
-1.94513 0.967349
-1.94513 0.972753
-1.86283 0.924658
-1.86283 0.929941
-1.93964 0.967349
-1.92867 0.956586
-1.93416 0.967349
-1.92318 0.96196
-1.9177 0.956586
-1.91221 0.945883
-1.92318 0.96196
-1.94513 0.972753
-1.92318 0.96196
-1.91221 0.956586
-1.89575 0.945883
-1.91221 0.956586
-1.90672 0.940554
-1.93964 0.96196
-1.96708 0.983607
-1.96159 0.978173
-1.84636 0.919389
-1.86831 0.919389
-1.88477 0.93524
-1.90672 0.945883
-1.92318 0.956586
-1.93964 0.96196
-1.92318 0.951227
-1.90123 0.945883
-1.89575 0.940554
-1.87929 0.924658
-1.90123 0.93524
-1.92867 0.96196
-1.93416 0.96196
-1.93964 0.967349
-1.95062 0.967349
-1.96159 0.978173
-1.95062 0.972753
-1.90123 0.945883
-1.93964 0.967349
-1.94513 0.972753
-1.94513 0.972753
-1.94513 0.972753
-1.90123 0.929941
-1.95062 0.967349
-1.96159 0.978173
-1.93964 0.967349
-1.9561 0.978173
-1.92867 0.96196
-1.97257 0.983607
-1.90123 0.940554
-1.84636 0.914135
-1.9177 0.956586
-1.92867 0.96196
-1.94513 0.967349
-1.98903 0.994521
-1.97257 0.983607
-1.94513 0.96196
-1.90672 0.951227
-1.88477 0.93524
-1.94513 0.972753
-1.9177 0.951227
-1.94513 0.972753
-1.89026 0.940554
-1.91221 0.956586
-1.93964 0.96196
-1.93416 0.951227
-1.93416 0.945883
-1.89575 0.940554
-1.9177 0.951227
-1.90123 0.951227
-1.94513 0.972753
-1.96159 0.978173
-1.91221 0.956586
-1.87929 0.929941
-1.95062 0.972753
-1.9561 0.978173
-1.93964 0.967349
-1.93416 0.967349
-1.93964 0.967349
-1.96159 0.978173
-1.95062 0.972753
-1.9561 0.978173
-1.91221 0.951227
-1.9177 0.956586
-1.92318 0.96196
-1.95062 0.972753
-1.93964 0.967349
-1.91221 0.956586
-1.96708 0.983607
-1.98903 0.994521
-1.94513 0.967349
-1.96708 0.983607
-1.96708 0.983607
-1.9561 0.978173
-1.96708 0.983607
-1.96159 0.978173
-1.97805 0.989056
-1.96708 0.983607
-1.97257 0.983607
-1.97257 0.983607
-2 1
-1.97257 0.983607
-1.92867 0.956586
-1.84636 0.898465
-1.86283 0.919389
-1.88477 0.919389
-1.9177 0.940554
-1.9561 0.972753
-1.93416 0.96196
-1.92318 0.96196
-1.89026 0.945883
-1.90672 0.951227
-1.90672 0.951227
-1.93416 0.96196
-1.95062 0.972753
-1.94513 0.972753
-1.9177 0.956586
-1.96708 0.983607
-1.96159 0.978173
-1.93416 0.967349
-1.96708 0.983607
-1.96708 0.983607
-1.9561 0.978173
-1.93416 0.967349
-1.96159 0.978173
-1.96159 0.978173
-1.9561 0.978173
-1.96708 0.983607
-1.91221 0.956586
-1.92318 0.96196
-1.97805 0.989056
-1.9561 0.978173
-1.9561 0.978173
-1.94513 0.972753
-1.92318 0.96196
-1.9561 0.978173
-1.9561 0.978173
-1.93416 0.967349
-1.88477 0.93524
-1.90123 0.951227
-1.94513 0.972753
-1.9561 0.978173
-1.94513 0.972753
-1.9561 0.978173
-1.93964 0.967349
-1.92867 0.96196
-1.93416 0.967349
-1.93416 0.967349
-1.94513 0.972753
-1.93964 0.967349
-1.9561 0.978173
-1.92318 0.956586
-1.9177 0.956586
-1.90123 0.945883
-1.96159 0.978173
-1.97805 0.989056
-1.9561 0.978173
-1.97805 0.989056
-1.91221 0.956586
-1.92318 0.956586
-1.90123 0.940554
-1.91221 0.951227
-1.8738 0.924658
-1.90672 0.951227
-1.92318 0.96196
-1.97805 0.989056
-1.95062 0.972753
-1.93964 0.967349
-1.93416 0.967349
-1.90672 0.945883
-1.8738 0.914135
-1.87929 0.919389
-1.83539 0.888093
-1.93964 0.967349
-1.89026 0.93524
-1.93416 0.96196
-1.93416 0.956586
-1.94513 0.967349
-1.93964 0.967349
-1.94513 0.972753
-1.91221 0.945883
-1.90672 0.940554
-1.94513 0.972753
-1.95062 0.972753
-1.97805 0.989056
-1.94513 0.972753
-1.93416 0.96196
-1.96159 0.978173
-1.94513 0.967349
-1.9177 0.951227
-1.9177 0.956586
-1.87929 0.93524
-1.92318 0.951227
-1.94513 0.956586
-1.93964 0.967349
-1.97257 0.983607
-1.96708 0.983607
-1.98903 0.994521
-1.92318 0.956586
-1.9561 0.978173
-1.9561 0.972753
-1.97805 0.989056
-1.98903 0.994521
-1.95062 0.972753
-1.91221 0.956586
-1.89026 0.940554
-1.88477 0.940554
-1.8738 0.93524
-1.90123 0.929941
-1.90672 0.951227
-1.86831 0.919389
-1.85734 0.919389
-1.9177 0.956586
-1.9561 0.978173
-1.94513 0.972753
-1.94513 0.972753
-1.95062 0.972753
-1.95062 0.972753
-1.96708 0.983607
-1.87929 0.93524
-1.91221 0.956586
-1.92318 0.96196
-1.94513 0.972753
-1.9561 0.972753
-1.97257 0.983607
-1.94513 0.972753
-1.92867 0.96196
-1.93416 0.967349
-1.95062 0.972753
-1.93964 0.96196
-1.94513 0.972753
-1.9177 0.956586
-1.98903 0.994521
-1.93964 0.96196
-1.94513 0.967349
-1.93964 0.967349
-1.90672 0.93524
-1.84088 0.898465
-1.86283 0.893271
-1.84088 0.898465
-1.8738 0.929941
-1.90123 0.940554
-1.9177 0.956586
-1.89575 0.945883
-1.90123 0.951227
-1.91221 0.945883
-1.9177 0.951227
-1.9177 0.956586
-1.89575 0.940554
-1.92318 0.951227
-1.94513 0.967349
-1.90672 0.945883
-1.9561 0.978173
-1.94513 0.972753
-1.96708 0.983607
-1.93416 0.967349
-1.97805 0.989056
-1.95062 0.972753
-1.93416 0.967349
-1.9177 0.956586
-1.9561 0.972753
-1.97805 0.989056
-1.94513 0.972753
-1.93416 0.96196
-1.9177 0.951227
-1.92318 0.96196
-1.93964 0.967349
-1.93416 0.96196
-1.91221 0.956586
-1.98903 0.994521
-1.93964 0.967349
-1.96708 0.983607
-1.98354 0.989056
-1.92318 0.96196
-1.82442 0.903673
-1.87929 0.929941
-1.91221 0.951227
-1.89575 0.945883
-1.9561 0.978173
-1.98903 0.994521
-1.97805 0.989056
-1.97805 0.989056
-1.96708 0.978173
-1.98903 0.994521
-1.96708 0.983607
-1.9561 0.972753
-1.90672 0.951227
-1.90123 0.945883
-1.92318 0.951227
-1.89575 0.940554
-1.87929 0.93524
-1.91221 0.956586
-1.92318 0.96196
-1.96708 0.983607
-1.95062 0.967349
-1.92867 0.96196
-1.9561 0.978173
-1.9561 0.978173
-1.9561 0.978173
-1.9561 0.978173
-1.87929 0.93524
-1.9177 0.956586
-1.89575 0.945883
-1.90672 0.945883
-1.89575 0.940554
-1.96708 0.983607
-1.95062 0.972753
-1.9177 0.951227
-1.93964 0.967349
-1.94513 0.967349
-1.9561 0.978173
-1.97257 0.983607
-1.97805 0.989056
-1.93964 0.967349
-1.93964 0.967349
-1.9177 0.951227
-1.85734 0.914135
-1.89026 0.940554
-1.92867 0.96196
-1.9561 0.972753
-1.94513 0.96196
-1.89575 0.945883
-1.92318 0.956586
-1.93964 0.967349
-1.94513 0.972753
-1.93416 0.967349
-1.9561 0.978173
-1.93416 0.96196
-1.89026 0.940554
-1.90123 0.951227
-1.89575 0.940554
-1.90123 0.940554
-1.89026 0.919389
-1.90672 0.940554
-1.89026 0.914135
-1.9177 0.956586
-1.9177 0.956586
-1.86831 0.919389
-1.8738 0.924658
-1.89575 0.945883
-1.93416 0.967349
-1.9561 0.978173
-1.94513 0.967349
-1.93964 0.967349
-1.94513 0.972753
-1.95062 0.972753
-1.93964 0.967349
-1.93416 0.96196
-1.93416 0.96196
-1.94513 0.972753
-1.97805 0.989056
-1.94513 0.972753
-1.97805 0.989056
-1.94513 0.972753
-1.96708 0.983607
-1.94513 0.972753
-1.94513 0.972753
-1.89026 0.93524
-1.88477 0.929941
-1.89026 0.93524
-1.85734 0.924658
-1.9177 0.956586
-1.93416 0.967349
-1.92318 0.956586
-1.95062 0.972753
-1.97257 0.983607
-1.93416 0.96196
-1.92318 0.956586
-1.92867 0.96196
-1.96159 0.978173
-1.94513 0.972753
-1.95062 0.972753
-1.93416 0.96196
-1.94513 0.972753
-1.9561 0.978173
-1.95062 0.972753
-1.91221 0.945883
-1.90123 0.945883
-1.90123 0.940554
-1.90123 0.940554
-1.88477 0.940554
-1.97805 0.989056
-1.96708 0.983607
-1.9561 0.978173
-1.92867 0.956586
-1.90672 0.951227
-1.92867 0.96196
-1.86283 0.924658
-1.89026 0.93524
-1.9177 0.956586
-1.88477 0.93524
-1.85734 0.919389
-1.84088 0.908897
-1.78601 0.872648
-1.89026 0.940554
-1.92318 0.956586
-1.9561 0.978173
-1.97805 0.989056
-1.98903 0.994521
-1.96708 0.983607
-1.94513 0.967349
-1.96708 0.983607
-1.92867 0.96196
-1.92318 0.96196
-1.92318 0.956586
-1.96159 0.978173
-1.97805 0.989056
-1.98354 0.989056
-1.92867 0.96196
-1.94513 0.972753
-1.9177 0.956586
-1.93964 0.967349
-1.93416 0.96196
-1.94513 0.972753
-1.9177 0.951227
-1.92867 0.951227
-1.9561 0.978173
-1.92318 0.956586
-1.92867 0.956586
-1.90123 0.951227
-1.90672 0.951227
-1.93964 0.967349
-1.93416 0.96196
-1.94513 0.967349
-1.92318 0.956586
-1.93416 0.96196
-1.90123 0.945883
-1.91221 0.951227
-1.85185 0.919389
-1.81344 0.893271
-1.81344 0.888093
-1.90123 0.945883
-1.92867 0.96196
-1.8738 0.929941
-1.96708 0.983607
-1.9561 0.972753
-1.90123 0.93524
-1.90672 0.951227
-1.84636 0.903673
-1.89026 0.919389
-1.92867 0.956586
-1.90123 0.951227
-1.92867 0.951227
-1.91221 0.951227
-1.9561 0.967349
-1.96708 0.983607
-1.93416 0.96196
-1.94513 0.972753
-1.93964 0.96196
-1.93964 0.967349
-1.94513 0.972753
-1.9561 0.978173
-1.89026 0.940554
-1.91221 0.951227
-1.88477 0.940554
-1.88477 0.93524
-1.9177 0.956586
-1.9561 0.978173
-1.93416 0.967349
-1.92867 0.96196
-1.9177 0.956586
-1.89575 0.940554
-1.96159 0.978173
-1.9561 0.978173
-1.92318 0.96196
-1.96708 0.983607
-1.9177 0.951227
-1.93964 0.96196
-1.94513 0.972753
-1.96708 0.983607
-1.96159 0.978173
-1.9561 0.978173
-1.92867 0.96196
-1.94513 0.972753
-1.90672 0.951227
-1.94513 0.972753
-2 1
-1.94513 0.972753
-1.93964 0.967349
-1.90672 0.951227
-1.91221 0.951227
-1.96708 0.983607
-1.96159 0.978173
-1.97257 0.983607
-2 1
-2 1
-1.92318 0.96196
-1.95062 0.972753
-1.96708 0.983607
-1.94513 0.972753
-1.85734 0.929941
-1.84636 0.903673
-1.84088 0.903673
-1.90123 0.945883
-1.94513 0.967349
-1.96708 0.983607
-1.90672 0.945883
-1.92867 0.96196
-1.94513 0.967349
-1.94513 0.972753
-1.96708 0.983607
-1.9561 0.972753
-1.96159 0.978173
-1.90672 0.945883
-1.96159 0.978173
-1.95062 0.972753
-1.90123 0.951227
-1.9561 0.978173
-1.92867 0.96196
-1.9177 0.956586
-1.96708 0.978173
-1.92867 0.96196
-1.93964 0.96196
-1.93416 0.956586
-1.87929 0.919389
-1.93964 0.956586
-1.86283 0.919389
-1.88477 0.940554
-1.87929 0.929941
-1.90123 0.951227
-1.92318 0.96196
-1.89026 0.940554
-1.93416 0.96196
-1.92318 0.940554
-1.90123 0.945883
-1.86283 0.914135
-1.88477 0.940554
-1.90123 0.945883
-1.91221 0.951227
-1.92867 0.96196
-1.92318 0.96196
-1.93416 0.967349
-1.9561 0.978173
-1.97257 0.983607
-1.97257 0.983607
-1.9561 0.978173
-1.93964 0.967349
-1.93416 0.967349
-1.96708 0.983607
-1.9561 0.978173
-1.9561 0.978173
-1.93964 0.967349
-1.96159 0.978173
-1.93964 0.967349
-1.90672 0.940554
-1.85734 0.919389
-1.92867 0.956586
-1.94513 0.972753
-1.9561 0.978173
-1.93416 0.967349
-1.93416 0.967349
-1.92867 0.956586
-1.90123 0.945883
-1.90672 0.945883
-1.92867 0.956586
-1.89575 0.945883
-1.89575 0.940554
-1.89575 0.929941
-1.86283 0.924658
-1.91221 0.945883
-1.93416 0.945883
-1.88477 0.929941
-1.91221 0.951227
-1.94513 0.972753
-1.98903 0.994521
-1.97805 0.989056
-1.9561 0.978173
-1.97257 0.983607
-1.97805 0.989056
-2 1
-1.96708 0.983607
-1.97257 0.983607
-1.94513 0.972753
-1.89575 0.945883
-1.9177 0.956586
-1.97805 0.989056
-1.97805 0.989056
-1.95062 0.972753
-1.92318 0.956586
-1.93964 0.967349
-1.91221 0.951227
-1.90123 0.945883
-1.88477 0.940554
-1.94513 0.972753
-1.9177 0.956586
-1.92318 0.96196
-1.9177 0.956586
-1.90672 0.951227
-1.91221 0.951227
-1.92318 0.956586
-1.9561 0.978173
-1.9561 0.978173
-1.96159 0.978173
-1.97805 0.989056
-1.9561 0.978173
-1.92318 0.96196
-1.96159 0.978173
-1.9561 0.972753
-1.97257 0.983607
-1.9561 0.978173
-1.94513 0.967349
-1.92867 0.96196
-1.96708 0.983607
-1.96708 0.983607
-1.94513 0.972753
-1.9561 0.978173
-1.96708 0.983607
-1.96708 0.983607
-1.9561 0.978173
-1.92867 0.96196
-1.95062 0.972753
-1.9561 0.972753
-1.9177 0.956586
-1.91221 0.951227
-1.92867 0.951227
-1.96159 0.978173
-1.92867 0.96196
-1.9561 0.978173
-1.9561 0.978173
-1.93416 0.967349
-1.92867 0.96196
-1.94513 0.972753
-1.9561 0.978173
-1.9561 0.978173
-1.95062 0.972753
-1.92867 0.96196
-1.92318 0.96196
-1.93964 0.967349
-1.9177 0.956586
-1.91221 0.951227
-1.93416 0.967349
-1.9561 0.972753
-1.9561 0.972753
-1.94513 0.967349
-1.89026 0.93524
-1.91221 0.951227
-1.9177 0.951227
-1.93416 0.967349
-1.93416 0.967349
-1.92318 0.96196
-1.97805 0.989056
-1.94513 0.972753
-1.92867 0.96196
-1.98903 0.994521
-1.97805 0.989056
-1.97805 0.989056
-1.94513 0.967349
-1.93416 0.956586
-1.93416 0.967349
-1.9177 0.956586
-1.96159 0.978173
-1.96708 0.983607
-1.93416 0.96196
-1.93416 0.967349
-1.97805 0.989056
-1.96159 0.978173
-1.9561 0.978173
-1.95062 0.972753
-1.98354 0.989056
-1.93964 0.96196
-1.93964 0.967349
-1.96708 0.983607
-1.9561 0.978173
-1.92867 0.96196
-1.87929 0.940554
-1.93964 0.967349
-1.96159 0.978173
-1.93964 0.967349
-1.93416 0.967349
-1.96708 0.983607
-1.9561 0.972753
-1.97805 0.989056
-1.9561 0.978173
-1.94513 0.972753
-1.93416 0.96196
-1.92318 0.956586
-1.93964 0.96196
-1.89575 0.940554
-1.90123 0.940554
-1.90672 0.940554
-1.9561 0.978173
-1.94513 0.972753
-1.9177 0.956586
-1.92867 0.956586
-1.93964 0.967349
-1.93416 0.967349
-1.91221 0.940554
-1.92867 0.96196
-1.95062 0.972753
-1.96159 0.978173
-1.94513 0.972753
-1.93416 0.967349
-1.92867 0.96196
-1.9177 0.956586
-1.88477 0.914135
-1.89575 0.93524
-1.91221 0.951227
-1.95062 0.972753
-1.96708 0.983607
-1.94513 0.972753
-1.9561 0.978173
-1.92867 0.96196
-1.95062 0.972753
-1.92867 0.96196
-1.90672 0.945883
-1.92867 0.96196
-1.9177 0.951227
-1.94513 0.972753
-1.90672 0.951227
-1.93964 0.967349
-1.94513 0.967349
-1.97805 0.989056
-1.92867 0.96196
-1.9561 0.978173
-1.93416 0.967349
-1.96708 0.983607
-1.98903 0.994521
-1.96708 0.983607
-1.92867 0.96196
-1.9561 0.978173
-1.97805 0.989056
-1.95062 0.967349
-1.92318 0.956586
-1.87929 0.929941
-1.86831 0.924658
-1.88477 0.93524
-1.87929 0.93524
-1.94513 0.972753
-1.88477 0.93524
-1.90672 0.951227
-1.9561 0.978173
-1.92867 0.96196
-1.90123 0.940554
-1.90123 0.945883
-1.90672 0.945883
-1.93964 0.967349
-1.9561 0.978173
-1.93416 0.967349
-1.96708 0.983607
-1.93416 0.967349
-1.95062 0.972753
-1.9177 0.956586
-1.92318 0.96196
-1.91221 0.951227
-1.96159 0.978173
-1.9561 0.978173
-1.93416 0.967349
-1.93416 0.967349
-1.93964 0.967349
-1.9561 0.972753
-1.96159 0.978173
-1.95062 0.972753
-1.94513 0.967349
-1.88477 0.93524
-1.93416 0.967349
-1.96708 0.983607
-1.92318 0.956586
-1.95062 0.972753
-1.93964 0.967349
-1.94513 0.972753
-1.97805 0.989056
-1.95062 0.972753
-1.94513 0.972753
-1.97805 0.989056
-1.9561 0.978173
-1.9561 0.978173
-1.90672 0.951227
-1.92318 0.96196
-1.92318 0.956586
-1.92318 0.96196
-1.94513 0.972753
-1.87929 0.93524
-1.92318 0.956586
-1.88477 0.940554
-1.93964 0.967349
-1.97805 0.989056
-1.92867 0.96196
-1.96708 0.983607
-1.92318 0.956586
-1.93964 0.967349
-1.96708 0.983607
-1.98903 0.994521
-1.92318 0.96196
-1.93416 0.967349
-1.9561 0.978173
-1.93964 0.967349
-1.94513 0.972753
-1.96708 0.983607
-1.97257 0.983607
-1.93416 0.967349
-1.93964 0.967349
-1.97805 0.989056
-1.97805 0.989056
-1.92867 0.956586
-1.93964 0.96196
-1.9561 0.978173
-1.93416 0.967349
-1.92318 0.96196
-1.88477 0.940554
-1.95062 0.972753
-1.9561 0.978173
-1.96708 0.983607
-1.89575 0.940554
-1.9177 0.951227
-1.90672 0.945883
-1.90672 0.945883
-1.96708 0.983607
-1.98903 0.994521
-1.9561 0.972753
-1.9177 0.956586
-1.92867 0.96196
-1.9561 0.972753
-1.89575 0.945883
-1.89575 0.940554
-1.90672 0.951227
-1.94513 0.972753
-1.96708 0.983607
-1.94513 0.967349
-1.86283 0.919389
-1.9177 0.956586
-1.96708 0.983607
-1.98903 0.994521
-1.97805 0.989056
-1.95062 0.972753
-1.93416 0.96196
-1.94513 0.972753
-1.9561 0.978173
-1.91221 0.945883
-1.85734 0.919389
-1.87929 0.924658
-1.9177 0.956586
-1.84636 0.914135
-1.89026 0.919389
-1.88477 0.924658
-1.88477 0.940554
-1.89026 0.93524
-1.92867 0.951227
-1.92867 0.96196
-1.9561 0.978173
-1.96159 0.978173
-1.96159 0.978173
-1.98354 0.989056
-1.9561 0.978173
-1.97805 0.989056
-1.94513 0.972753
-1.90672 0.951227
-1.92318 0.96196
-1.90672 0.945883
-1.90672 0.945883
-1.91221 0.956586
-1.96159 0.978173
-1.90672 0.951227
-1.89026 0.929941
-1.9177 0.945883
-1.86831 0.919389
-1.89026 0.93524
-1.89575 0.940554
-1.91221 0.945883
-1.90672 0.940554
-1.94513 0.967349
-1.9561 0.978173
-1.96708 0.983607
-1.9561 0.978173
-1.92318 0.96196
-1.9561 0.978173
-1.94513 0.972753
-1.9177 0.956586
-1.92318 0.96196
-1.94513 0.972753
-1.96708 0.983607
-1.93416 0.967349
-1.87929 0.940554
-1.91221 0.956586
-1.95062 0.972753
-1.92318 0.96196
-1.88477 0.929941
-1.89026 0.940554
-1.94513 0.972753
-1.92867 0.96196
-1.89026 0.940554
-1.90672 0.951227
-1.9561 0.972753
-1.9177 0.956586
-1.93964 0.967349
-1.9177 0.940554
-1.88477 0.929941
-1.88477 0.93524
-1.9561 0.978173
-1.96708 0.983607
-1.9177 0.956586
-1.9561 0.978173
-1.93964 0.967349
-1.95062 0.972753
-1.92318 0.96196
-1.92318 0.96196
-1.92867 0.956586
-1.93416 0.967349
-1.9177 0.951227
-1.91221 0.951227
-1.91221 0.945883
-1.89026 0.93524
-1.94513 0.972753
-1.94513 0.972753
-1.9561 0.978173
-1.96708 0.983607
-1.97257 0.983607
-1.93416 0.967349
-1.91221 0.951227
-1.94513 0.972753
-1.90123 0.945883
-1.89575 0.945883
-1.92318 0.96196
-1.91221 0.951227
-1.95062 0.972753
-1.9177 0.956586
-1.94513 0.972753
-1.9561 0.972753
-1.94513 0.967349
-1.93964 0.967349
-1.9177 0.956586
-1.92867 0.956586
-1.92867 0.96196
-1.96708 0.983607
-1.9561 0.978173
-1.92867 0.96196
-1.92867 0.96196
-1.97805 0.989056
-1.95062 0.972753
-1.8738 0.93524
-1.88477 0.940554
-1.92318 0.956586
-1.90123 0.951227
-1.93964 0.967349
-1.9177 0.956586
-1.93416 0.967349
-1.89575 0.945883
-1.88477 0.940554
-1.87929 0.93524
-1.84636 0.919389
-1.89026 0.940554
-1.9561 0.978173
-1.93416 0.967349
-1.92867 0.96196
-1.92318 0.956586
-1.8738 0.93524
-1.8738 0.929941
-1.89575 0.945883
-1.95062 0.972753
-1.92867 0.96196
-1.97805 0.989056
-1.9561 0.978173
-1.95062 0.972753
-1.91221 0.956586
-1.91221 0.945883
-1.92867 0.956586
-1.95062 0.972753
-1.92867 0.956586
-1.93964 0.96196
-1.96159 0.978173
-1.88477 0.929941
-1.90672 0.945883
-1.92318 0.956586
-1.92867 0.96196
-1.93964 0.967349
-1.89575 0.945883
-1.8738 0.919389
-1.90123 0.940554
-1.93964 0.967349
-1.92867 0.96196
-1.96708 0.983607
-1.9177 0.956586
-1.92867 0.96196
-1.91221 0.956586
-1.94513 0.972753
-1.90672 0.951227
-1.97257 0.983607
-1.9561 0.978173
-1.9561 0.978173
-1.93964 0.967349
-1.92867 0.956586
-1.97805 0.989056
-1.98903 0.994521
-1.94513 0.972753
-1.92867 0.96196
-1.93416 0.96196
-1.96708 0.983607
-1.96708 0.983607
-1.93416 0.967349
-1.93964 0.967349
-1.91221 0.951227
-1.89575 0.940554
-1.89575 0.940554
-1.9177 0.956586
-1.97805 0.989056
-1.97805 0.989056
-1.93416 0.967349
-1.91221 0.956586
-1.9177 0.956586
-1.92867 0.96196
-1.9561 0.978173
-1.96708 0.983607
-1.94513 0.967349
-1.93416 0.96196
-1.91221 0.956586
-1.94513 0.972753
-1.9561 0.978173
-1.92867 0.96196
-1.95062 0.972753
-1.97257 0.983607
-1.97805 0.989056
-1.96708 0.983607
-1.9561 0.978173
-1.92867 0.96196
-1.8738 0.924658
-1.89026 0.945883
-1.9177 0.956586
-1.94513 0.972753
-1.96708 0.983607
-1.9561 0.978173
-1.97805 0.989056
-1.9561 0.972753
-1.96159 0.972753
-1.97805 0.989056
-1.91221 0.956586
-1.93416 0.967349
-1.89575 0.945883
-1.94513 0.972753
-1.94513 0.972753
-1.90672 0.951227
-1.96159 0.978173
-1.92867 0.96196
-1.89575 0.940554
-1.94513 0.967349
-1.92318 0.951227
-1.89575 0.940554
-1.94513 0.972753
-1.98903 0.994521
-1.94513 0.967349
-1.92867 0.956586
-1.96708 0.983607
-1.96159 0.978173
-1.9561 0.978173
-1.96708 0.983607
-1.9561 0.978173
-1.9561 0.978173
-1.93416 0.967349
-1.9561 0.972753
-1.94513 0.972753
-1.92318 0.956586
-1.90123 0.945883
-1.9561 0.978173
-1.93416 0.96196
-1.9561 0.978173
-1.92318 0.956586
-1.90123 0.945883
-1.95062 0.972753
-1.93416 0.967349
-1.93416 0.967349
-1.93416 0.967349
-1.92318 0.96196
-1.95062 0.972753
-1.96159 0.978173
-1.9177 0.956586
-1.91221 0.951227
-1.90123 0.945883
-1.90672 0.945883
-1.95062 0.967349
-1.97805 0.989056
-1.93416 0.967349
-1.96708 0.983607
-1.95062 0.972753
-1.93964 0.967349
-1.90672 0.951227
-1.93416 0.96196
-1.92318 0.96196
-1.94513 0.972753
-1.96708 0.983607
-1.96708 0.983607
-1.94513 0.972753
-1.9177 0.945883
-1.87929 0.93524
-1.94513 0.972753
-1.95062 0.972753
-1.96708 0.983607
-1.94513 0.972753
-1.93416 0.967349
-1.89575 0.945883
-1.89026 0.940554
-1.91221 0.951227
-1.89026 0.940554
-1.90672 0.945883
-1.90123 0.945883
-1.90672 0.945883
-1.95062 0.972753
-1.93964 0.967349
-1.93416 0.967349
-1.94513 0.967349
-1.95062 0.967349
-1.98903 0.994521
-1.97805 0.989056
-1.9561 0.978173
-1.98903 0.994521
-1.9561 0.978173
-1.96708 0.983607
-1.97805 0.989056
-1.94513 0.972753
-1.89575 0.945883
-1.89575 0.945883
-1.9177 0.956586
-1.89575 0.945883
-1.86831 0.924658
-1.89575 0.945883
-1.93416 0.951227
-1.9561 0.956586
-1.89575 0.929941
-1.89026 0.908897
-1.8738 0.908897
-1.85734 0.903673
-1.84088 0.888093
-1.8738 0.872648
-1.89575 0.898465
-1.90672 0.919389
-1.9177 0.903673
-1.90672 0.93524
-1.93964 0.967349
-1.98903 0.994521
-1.97805 0.989056
-1.93416 0.967349
-1.87929 0.93524
-1.90123 0.945883
-1.93416 0.96196
-1.94513 0.956586
-1.92867 0.956586
-1.91221 0.951227
-1.90123 0.940554
-1.92318 0.96196
-1.92318 0.96196
-1.94513 0.972753
-2 1
-1.96708 0.983607
-1.98903 0.994521
-1.96708 0.983607
-1.94513 0.972753
-1.96708 0.983607
-2 1
-1.96708 0.983607
-1.92318 0.96196
-1.92318 0.96196
-1.90672 0.951227
-1.9561 0.978173
-1.96708 0.983607
-1.96708 0.978173
-1.9561 0.978173
-1.96159 0.978173
-1.9177 0.956586
-1.94513 0.972753
-1.90672 0.951227
-1.96159 0.978173
-1.92867 0.96196
-1.94513 0.967349
-1.9561 0.972753
-1.92318 0.951227
-1.92867 0.96196
-1.98354 0.989056
-1.96159 0.978173
-1.9561 0.978173
-1.9561 0.978173
-1.9561 0.972753
-1.96159 0.978173
-1.9177 0.951227
-1.9561 0.978173
-1.97805 0.989056
-1.95062 0.972753
-1.9177 0.951227
-1.9177 0.956586
-1.9561 0.978173
-1.9561 0.978173
-1.94513 0.967349
-1.92867 0.96196
-1.9561 0.978173
-1.94513 0.972753
-1.97805 0.989056
-1.9561 0.978173
-1.93964 0.967349
-1.95062 0.972753
-1.9561 0.978173
-1.96708 0.983607
-1.98903 0.994521
-1.95062 0.972753
-1.90123 0.940554
-1.86283 0.908897
-1.93964 0.96196
-1.92867 0.956586
-1.91221 0.956586
-1.90672 0.945883
-1.96708 0.983607
-1.90123 0.945883
-1.93416 0.967349
-1.97805 0.989056
-1.93416 0.96196
-1.93964 0.96196
-1.91221 0.945883
-1.94513 0.972753
-1.95062 0.972753
-1.92318 0.956586
-1.93964 0.967349
-1.87929 0.929941
-1.92867 0.956586
-1.93416 0.967349
-1.90672 0.951227
-1.94513 0.972753
-1.9177 0.956586
-1.97805 0.989056
-1.92867 0.96196
-1.92318 0.956586
-1.95062 0.972753
-1.92867 0.96196
-1.92318 0.96196
-1.96708 0.983607
-1.92867 0.96196
-1.91221 0.951227
-1.91221 0.945883
-1.89026 0.940554
-1.92318 0.956586
-1.92867 0.956586
-1.95062 0.96196
-1.95062 0.972753
-1.96708 0.983607
-1.90123 0.945883
-1.9561 0.978173
-1.89575 0.945883
-1.89026 0.93524
-1.94513 0.972753
-1.90672 0.951227
-1.94513 0.972753
-1.93416 0.96196
-1.92867 0.96196
-1.96708 0.983607
-1.9177 0.956586
-1.91221 0.951227
-1.92867 0.956586
-1.9561 0.978173
-1.96708 0.983607
-1.9561 0.978173
-1.96159 0.978173
-1.97257 0.983607
-1.96708 0.983607
-1.96708 0.983607
-1.96708 0.983607
-1.94513 0.972753
-1.9177 0.956586
-1.92867 0.956586
-1.91221 0.945883
-1.89026 0.93524
-1.93964 0.967349
-1.86831 0.93524
-1.8738 0.93524
-1.91221 0.956586
-1.93416 0.96196
-1.91221 0.951227
-1.93964 0.96196
-1.96708 0.983607
-1.9561 0.978173
-1.97805 0.989056
-1.98354 0.989056
-1.94513 0.967349
-1.94513 0.967349
-1.94513 0.972753
-1.92318 0.96196
-1.95062 0.972753
-1.93416 0.967349
-1.90123 0.951227
-1.93416 0.96196
-1.90672 0.945883
-1.93416 0.967349
-1.96708 0.983607
-1.93416 0.967349
-1.96708 0.983607
-1.98903 0.994521
-1.93416 0.967349
-1.88477 0.940554
-1.93416 0.967349
-1.92318 0.956586
-1.9561 0.978173
-1.96708 0.983607
-1.90672 0.945883
-1.96708 0.983607
-1.92318 0.956586
-1.93964 0.967349
-1.93964 0.967349
-1.94513 0.972753
-1.98903 0.994521
-1.97805 0.989056
-1.98903 0.994521
-1.96708 0.983607
-1.9561 0.978173
-1.9561 0.978173
-1.96708 0.983607
-1.95062 0.972753
-1.9561 0.978173
-1.95062 0.972753
-1.90123 0.940554
-1.92318 0.956586
-1.94513 0.972753
-1.94513 0.972753
-1.97257 0.983607
-1.95062 0.972753
-1.96708 0.983607
-1.96708 0.983607
-1.9561 0.972753
-1.93964 0.956586
-1.9177 0.924658
-1.91221 0.951227
-1.97257 0.983607
-1.97805 0.989056
-1.98903 0.994521
-1.98903 0.994521
-1.9177 0.951227
-1.9561 0.967349
-1.92318 0.956586
-1.89026 0.93524
-1.95062 0.972753
-1.94513 0.972753
-1.96159 0.978173
-1.96708 0.983607
-1.93416 0.96196
-1.9177 0.945883
-1.92318 0.956586
-1.94513 0.96196
-1.95062 0.972753
-1.9561 0.978173
-1.97805 0.989056
-1.93964 0.967349
-1.9561 0.978173
-1.9177 0.951227
-1.95062 0.972753
-1.9177 0.956586
-1.90123 0.945883
-1.87929 0.914135
-1.91221 0.93524
-1.93964 0.967349
-1.95062 0.972753
-1.95062 0.972753
-1.95062 0.972753
-1.93416 0.96196
-1.96708 0.983607
-1.96159 0.978173
-1.9561 0.978173
-1.97805 0.989056
-1.98903 0.994521
-1.97805 0.989056
-1.93416 0.967349
-1.92867 0.96196
-1.9561 0.978173
-1.9177 0.956586
-1.90123 0.945883
-1.92867 0.956586
-1.92318 0.956586
-1.95062 0.972753
-1.89026 0.93524
-1.85734 0.914135
-1.90672 0.945883
-1.90123 0.940554
-1.88477 0.940554
-1.86831 0.93524
-1.91221 0.956586
-1.89575 0.940554
-1.95062 0.972753
-1.97805 0.989056
-1.96708 0.983607
-1.93416 0.967349
-1.93964 0.967349
-1.90123 0.951227
-1.90672 0.951227
-1.85734 0.924658
-1.81893 0.893271
-1.85185 0.919389
-1.91221 0.951227
-1.91221 0.951227
-1.93416 0.967349
-1.96159 0.978173
-1.92318 0.956586
-1.93964 0.967349
-1.93964 0.967349
-1.9561 0.978173
-1.95062 0.972753
-1.93964 0.967349
-1.94513 0.967349
-1.8738 0.919389
-1.87929 0.924658
-1.91221 0.945883
-1.93416 0.96196
-1.96159 0.978173
-1.97805 0.989056
-1.96708 0.983607
-1.96708 0.983607
-1.96159 0.978173
-1.91221 0.956586
-1.9561 0.972753
-1.91221 0.951227
-1.9561 0.978173
-1.96708 0.983607
-1.96159 0.978173
-1.97805 0.989056
-1.9561 0.978173
-1.96708 0.983607
-1.93416 0.967349
-1.93416 0.967349
-1.97257 0.983607
-1.97805 0.989056
-1.9177 0.956586
-1.90123 0.945883
-1.87929 0.929941
-1.8738 0.924658
-1.86831 0.924658
-1.90123 0.951227
-1.94513 0.972753
-1.92867 0.956586
-1.92867 0.96196
-1.92318 0.96196
-1.89026 0.93524
-1.91221 0.951227
-1.91221 0.951227
-1.90672 0.951227
-1.89575 0.93524
-1.91221 0.945883
-1.96159 0.972753
-1.94513 0.972753
-1.97805 0.989056
-1.9561 0.978173
-1.96708 0.983607
-1.96159 0.972753
-1.94513 0.96196
-1.93416 0.951227
-1.92867 0.956586
-1.95062 0.972753
-1.92867 0.96196
-1.93416 0.96196
-1.90672 0.951227
-1.91221 0.951227
-1.89575 0.93524
-1.96159 0.978173
-1.96708 0.983607
-1.94513 0.967349
-1.9177 0.951227
-1.93416 0.967349
-1.9561 0.972753
-1.96708 0.978173
-1.96159 0.96196
-1.93416 0.96196
-1.91221 0.951227
-1.9177 0.956586
-1.9177 0.956586
-1.92318 0.96196
-1.8738 0.93524
-1.9177 0.956586
-1.93416 0.956586
-1.90672 0.940554
-1.93964 0.956586
-1.93964 0.967349
-1.93964 0.967349
-1.97257 0.983607
-1.9177 0.956586
-1.90672 0.945883
-1.89575 0.940554
-1.89575 0.93524
-1.87929 0.919389
-1.85185 0.924658
-1.96708 0.983607
-1.92867 0.956586
-1.89026 0.940554
-1.8299 0.893271
-1.86831 0.929941
-1.89575 0.945883
-1.91221 0.956586
-1.89026 0.940554
-1.93964 0.967349
-1.97805 0.989056
-1.94513 0.972753
-1.93964 0.967349
-1.94513 0.967349
-1.96708 0.983607
-1.96708 0.983607
-1.9561 0.978173
-1.92867 0.96196
-1.84636 0.908897
-1.89026 0.929941
-1.86283 0.908897
-1.90672 0.945883
-1.92867 0.96196
-1.92318 0.956586
-1.93964 0.967349
-1.92318 0.956586
-1.92318 0.956586
-1.91221 0.951227
-1.9561 0.972753
-1.94513 0.972753
-1.97805 0.989056
-1.97805 0.989056
-1.9561 0.978173
-1.92867 0.96196
-1.9177 0.956586
-1.92318 0.96196
-1.93416 0.967349
-1.96708 0.983607
-1.94513 0.972753
-1.90672 0.951227
-1.89026 0.940554
-1.93964 0.967349
-1.89026 0.945883
-1.93416 0.967349
-1.96708 0.983607
-1.96708 0.983607
-1.92318 0.96196
-1.9177 0.956586
-1.90123 0.951227
-1.91221 0.951227
-1.94513 0.972753
-1.93416 0.967349
-1.92867 0.96196
-1.98903 0.994521
-1.95062 0.972753
-1.94513 0.967349
-1.87929 0.929941
-1.91221 0.956586
-1.88477 0.940554
-1.89026 0.945883
-1.91221 0.956586
-1.92318 0.956586
-1.89575 0.945883
-1.95062 0.972753
-1.92867 0.951227
-1.94513 0.967349
-1.9561 0.972753
-1.93964 0.967349
-2 1
-1.9561 0.978173
-1.90672 0.951227
-1.92318 0.956586
-1.89575 0.940554
-1.9177 0.940554
-1.9177 0.956586
-1.9177 0.956586
-1.90123 0.945883
-1.92318 0.951227
-1.92867 0.951227
-1.91221 0.956586
-1.98903 0.994521
-1.97805 0.989056
-1.94513 0.972753
-1.91221 0.956586
-1.93416 0.96196
-1.9561 0.978173
-1.96708 0.983607
-1.97805 0.989056
-1.95062 0.972753
-1.96159 0.978173
-1.96708 0.983607
-1.89575 0.945883
-1.91221 0.940554
-1.85734 0.919389
-1.84636 0.914135
-1.94513 0.972753
-1.9561 0.972753
-1.94513 0.972753
-1.93416 0.96196
-1.97805 0.989056
-1.94513 0.972753
-1.91221 0.951227
-1.93416 0.96196
-1.92867 0.96196
-1.94513 0.972753
-1.93416 0.967349
-1.92867 0.96196
-1.93964 0.967349
-1.94513 0.972753
-1.9177 0.951227
-1.93964 0.967349
-1.89575 0.945883
-1.91221 0.951227
-1.93416 0.967349
-1.9177 0.956586
-1.96708 0.983607
-1.9177 0.956586
-1.9561 0.978173
-1.93416 0.967349
-1.93416 0.967349
-1.93964 0.967349
-1.90672 0.940554
-1.9177 0.951227
-1.87929 0.929941
-1.93416 0.967349
-1.93416 0.967349
