-2 1
-1.71468 0.837137
-1.72016 0.852266
-1.66529 0.797456
-1.64883 0.782824
-1.59945 0.739742
-1.59945 0.720985
-1.55556 0.697878
-1.64883 0.739742
-1.59396 0.707076
-1.42387 0.571279
-1.44033 0.563015
-1.35254 0.546667
-1.39095 0.534564
-1.33608 0.522596
-1.46776 0.613504
-1.48422 0.613504
-1.46776 0.630815
-1.54458 0.66616
-1.61043 0.730333
-1.65981 0.768328
-1.61591 0.768328
-1.63786 0.763526
-1.62689 0.763526
-1.58848 0.716334
-1.61043 0.725652
-1.52263 0.675147
-1.48971 0.604938
-1.4952 0.652793
-1.50617 0.66169
-1.51166 0.66616
-1.59396 0.711697
-1.62689 0.744468
-1.54458 0.679663
-1.56653 0.688741
-1.53909 0.652793
-1.40741 0.571279
-1.4513 0.563015
-1.44033 0.587988
-1.54458 0.622129
-1.4952 0.604938
-1.46776 0.514693
-1.42936 0.461058
-1.48971 0.483683
-1.42387 0.550731
-1.44033 0.567139
-1.43484 0.530559
-1.41838 0.538583
-1.52812 0.600678
-1.46776 0.626465
-1.46228 0.596433
-1.51166 0.643957
-1.59945 0.725652
-1.70919 0.832124
-1.66529 0.807286
-1.62689 0.768328
-1.7037 0.807286
-1.68176 0.777977
-1.65432 0.758739
-1.58848 0.73503
-1.61043 0.744468
-1.58848 0.73503
-1.63786 0.768328
-1.5775 0.74921
-1.46228 0.684194
-1.59945 0.720985
-1.4952 0.697878
-1.41289 0.55481
-1.50617 0.600678
-1.4952 0.571279
-1.50617 0.575434
-1.51166 0.639561
-1.53909 0.643957
-1.52812 0.66169
-1.50617 0.626465
-1.54458 0.688741
-1.58848 0.725652
-1.53909 0.720985
-1.58848 0.758739
-1.68724 0.817176
-1.68176 0.817176
-1.68724 0.787687
-1.72016 0.852266
-1.73663 0.842165
-1.61591 0.739742
-1.51715 0.688741
-1.57202 0.725652
-1.51166 0.670646
-1.55556 0.720985
-1.58848 0.744468
-1.63786 0.792564
-1.67627 0.802364
-1.62689 0.787687
-1.63786 0.792564
-1.61591 0.758739
-1.55007 0.716334
-1.55007 0.720985
-1.57202 0.73503
-1.56653 0.720985
-1.74211 0.837137
-1.72016 0.842165
-1.68724 0.812224
-1.7476 0.837137
-1.75309 0.827127
-1.62689 0.773145
-1.64335 0.777977
-1.65981 0.773145
-1.65432 0.787687
-1.68724 0.773145
-1.55556 0.707076
-1.48422 0.684194
-1.52812 0.693302
-1.64335 0.739742
-1.56653 0.720985
-1.63786 0.777977
-1.64335 0.74921
-1.63786 0.758739
-1.6214 0.744468
-1.67078 0.773145
-1.63237 0.763526
-1.59396 0.739742
-1.67627 0.812224
-1.61043 0.753967
-1.63786 0.787687
-1.72016 0.827127
-1.74211 0.817176
-1.59945 0.73503
-1.59396 0.684194
-1.55556 0.657234
-1.52263 0.639561
-1.47325 0.587988
-1.51715 0.630815
-1.59396 0.716334
-1.64335 0.74921
-1.57202 0.684194
-1.54458 0.675147
-1.47325 0.66169
-1.4952 0.688741
-1.5775 0.679663
-1.50617 0.643957
-1.48422 0.609213
-1.45679 0.571279
-1.48971 0.558905
-1.48422 0.542617
-1.48971 0.596433
-1.47874 0.579603
-1.45679 0.495199
-1.53909 0.514693
-1.48422 0.479875
-1.44582 0.461058
-1.50617 0.464791
-1.41289 0.424553
-1.42936 0.399896
-1.48971 0.386137
-1.44033 0.396433
-1.4513 0.442617
-1.53361 0.479875
-1.51166 0.502951
-1.47325 0.518637
-1.48422 0.52657
-1.46228 0.550731
-1.48422 0.550731
-1.39643 0.499068
-1.51715 0.468539
-1.53361 0.538583
-1.51715 0.522596
-1.48971 0.50685
-1.53909 0.600678
-1.51166 0.514693
-1.47325 0.546667
-1.46776 0.538583
-1.48971 0.583788
-1.4952 0.622129
-1.44582 0.550731
-1.58299 0.657234
-1.5775 0.693302
-1.60494 0.730333
-1.52812 0.643957
-1.55556 0.675147
-1.48971 0.596433
-1.46776 0.635181
-1.51715 0.670646
-1.62689 0.697878
-1.58848 0.670646
-1.55556 0.66616
-1.61043 0.688741
-1.58848 0.630815
-1.58299 0.66169
-1.53361 0.609213
-1.55556 0.596433
-1.60494 0.652793
-1.47325 0.592203
-1.47874 0.592203
-1.57202 0.571279
-1.60494 0.643957
-1.60494 0.609213
-1.51715 0.571279
-1.51715 0.567139
-1.42936 0.52657
-1.50617 0.550731
-1.52263 0.563015
-1.51715 0.522596
-1.51166 0.534564
-1.50069 0.518637
-1.51166 0.514693
-1.51166 0.538583
-1.52812 0.55481
-1.58848 0.639561
-1.59945 0.652793
-1.59396 0.693302
-1.62689 0.739742
-1.6214 0.730333
-1.55556 0.697878
-1.63237 0.744468
-1.58299 0.739742
-1.58299 0.720985
-1.67078 0.782824
-1.64883 0.753967
-1.58299 0.725652
-1.55556 0.693302
-1.51166 0.630815
-1.65981 0.693302
-1.60494 0.670646
-1.59396 0.639561
-1.53361 0.66616
-1.53909 0.648367
-1.51166 0.626465
-1.52263 0.643957
-1.47325 0.626465
-1.44033 0.563015
-1.44033 0.575434
-1.47325 0.583788
-1.47325 0.596433
-1.4952 0.596433
-1.52812 0.596433
-1.4952 0.587988
-1.55007 0.592203
-1.47325 0.563015
-1.4513 0.558905
-1.44582 0.538583
-1.42936 0.567139
-1.40741 0.592203
-1.48971 0.643957
-1.45679 0.609213
-1.50617 0.675147
-1.5775 0.675147
-1.51166 0.575434
-1.39643 0.510764
-1.38546 0.487507
-1.31962 0.435347
-1.39095 0.449948
-1.4952 0.52657
-1.39095 0.499068
-1.36351 0.446275
-1.39095 0.410373
-1.4513 0.392986
-1.50617 0.428136
-1.42387 0.399896
-1.41838 0.410373
-1.47874 0.399896
-1.39095 0.36595
-1.41838 0.379348
-1.39095 0.375976
-1.33059 0.36595
-1.31413 0.349542
-1.44033 0.399896
-1.41838 0.424553
-1.33059 0.410373
-1.31962 0.420986
-1.31413 0.410373
-1.26475 0.375976
-1.37449 0.483683
-1.3251 0.538583
-1.31413 0.45734
-1.43484 0.510764
-1.41838 0.502951
-1.4952 0.522596
-1.44582 0.52657
-1.44582 0.510764
-1.42936 0.438974
-1.43484 0.424553
-1.41289 0.487507
-1.46776 0.571279
-1.50069 0.592203
-1.50069 0.639561
-1.48971 0.66169
-1.43484 0.575434
-1.44033 0.609213
-1.47325 0.604938
-1.46776 0.542617
-1.55007 0.639561
-1.53361 0.693302
-1.68176 0.773145
-1.64883 0.797456
-1.76955 0.877781
-1.7476 0.862427
-1.75857 0.862427
-1.71468 0.837137
-1.68724 0.812224
-1.56653 0.73503
-1.6214 0.753967
-1.56653 0.744468
-1.53909 0.693302
-1.57202 0.693302
-1.60494 0.739742
-1.59396 0.739742
-1.67627 0.768328
-1.68724 0.812224
-1.69273 0.817176
-1.73663 0.852266
-1.72016 0.842165
-1.72565 0.847208
-1.63237 0.797456
-1.74211 0.847208
-1.75309 0.842165
-1.70919 0.807286
-1.73114 0.852266
-1.73114 0.852266
-1.78601 0.857339
-1.69273 0.802364
-1.59945 0.739742
-1.60494 0.684194
-1.53361 0.648367
-1.63786 0.739742
-1.67627 0.739742
-1.73663 0.802364
-1.66529 0.74921
-1.65432 0.782824
-1.59945 0.739742
-1.55007 0.702469
-1.5775 0.716334
-1.53361 0.688741
-1.62689 0.73503
-1.52263 0.670646
-1.5775 0.725652
-1.48971 0.679663
-1.6214 0.782824
-1.60494 0.739742
-1.5775 0.725652
-1.47874 0.652793
-1.50617 0.688741
-1.53909 0.711697
-1.54458 0.711697
-1.59945 0.744468
-1.62689 0.763526
-1.65432 0.73503
-1.64883 0.753967
-1.63786 0.73503
-1.62689 0.720985
-1.64883 0.730333
-1.5775 0.711697
-1.57202 0.688741
-1.61043 0.702469
-1.63237 0.725652
-1.58299 0.697878
-1.58299 0.716334
-1.45679 0.639561
-1.42936 0.604938
-1.31962 0.542617
-1.31962 0.542617
-1.37997 0.571279
-1.55007 0.66169
-1.45679 0.600678
-1.53361 0.617809
-1.46776 0.546667
-1.47874 0.592203
-1.54458 0.55481
-1.4952 0.50685
-1.50617 0.546667
-1.39095 0.483683
-1.38546 0.449948
-1.40192 0.453636
-1.37449 0.464791
-1.40192 0.446275
-1.42936 0.499068
-1.43484 0.530559
-1.31413 0.483683
-1.38546 0.472303
-1.44033 0.479875
-1.50069 0.587988
-1.42387 0.50685
-1.369 0.420986
-1.41838 0.476081
-1.42387 0.499068
-1.47325 0.461058
-1.43484 0.495199
-1.46228 0.476081
-1.42936 0.449948
-1.44033 0.464791
-1.52263 0.453636
-1.46776 0.431734
-1.44582 0.449948
-1.50069 0.502951
-1.55007 0.600678
-1.48422 0.600678
-1.41838 0.518637
-1.46228 0.567139
-1.60494 0.657234
-1.55007 0.657234
-1.54458 0.66616
-1.55556 0.688741
-1.57202 0.707076
-1.52812 0.711697
-1.63237 0.739742
-1.58299 0.684194
-1.52812 0.613504
-1.50617 0.542617
-1.48422 0.592203
-1.45679 0.609213
-1.44033 0.630815
-1.46776 0.652793
-1.4952 0.643957
-1.58848 0.693302
-1.5775 0.725652
-1.4952 0.66169
-1.51166 0.66169
-1.46776 0.613504
-1.56653 0.630815
-1.47874 0.579603
-1.4513 0.55481
-1.43484 0.575434
-1.39095 0.546667
-1.4513 0.550731
-1.47325 0.600678
-1.52812 0.592203
-1.55556 0.604938
-1.55556 0.617809
-1.48422 0.617809
-1.55556 0.626465
-1.41838 0.563015
-1.33608 0.499068
-1.33059 0.476081
-1.37449 0.518637
-1.35802 0.52657
-1.41289 0.587988
-1.39095 0.604938
-1.369 0.546667
-1.39095 0.583788
-1.50069 0.592203
-1.56104 0.670646
-1.55556 0.702469
-1.61043 0.74921
-1.54458 0.707076
-1.50617 0.66616
-1.55556 0.720985
-1.66529 0.763526
-1.61591 0.716334
-1.58848 0.707076
-1.59396 0.697878
-1.58848 0.730333
-1.6214 0.763526
-1.60494 0.730333
-1.59945 0.73503
-1.53361 0.684194
-1.52263 0.688741
-1.53909 0.707076
-1.51166 0.688741
-1.51166 0.639561
-1.50617 0.657234
-1.56653 0.675147
-1.56653 0.684194
-1.51715 0.635181
-1.50617 0.639561
-1.51166 0.675147
-1.52812 0.643957
-1.48422 0.626465
-1.60494 0.707076
-1.60494 0.66616
-1.6214 0.73503
-1.64335 0.763526
-1.72565 0.777977
-1.59396 0.643957
-1.54458 0.583788
-1.51166 0.639561
-1.56653 0.66169
-1.51715 0.630815
-1.58299 0.711697
-1.59945 0.768328
-1.58848 0.744468
-1.55007 0.707076
-1.60494 0.739742
-1.56104 0.763526
-1.53361 0.707076
-1.55007 0.679663
-1.4952 0.66616
-1.46228 0.635181
-1.47325 0.639561
-1.47874 0.675147
-1.51715 0.657234
-1.56104 0.670646
-1.59396 0.684194
-1.52263 0.679663
-1.50617 0.626465
-1.48422 0.66616
-1.44582 0.609213
-1.56104 0.670646
-1.56104 0.66616
-1.57202 0.66169
-1.53909 0.684194
-1.4952 0.66169
-1.63237 0.74921
-1.64883 0.773145
-1.65432 0.773145
-1.67078 0.802364
-1.66529 0.807286
-1.64335 0.74921
-1.66529 0.763526
-1.61591 0.725652
-1.59945 0.753967
-1.67078 0.807286
-1.67627 0.797456
-1.56653 0.720985
-1.67078 0.773145
-1.65432 0.763526
-1.67627 0.758739
-1.64883 0.758739
-1.5775 0.693302
-1.58299 0.744468
-1.58299 0.739742
-1.61043 0.73503
-1.53909 0.697878
-1.53909 0.725652
-1.52812 0.643957
-1.56653 0.679663
-1.53361 0.66169
-1.46776 0.613504
-1.52263 0.648367
-1.52812 0.622129
-1.53361 0.639561
-1.58299 0.711697
-1.61591 0.739742
-1.67627 0.812224
-1.73663 0.827127
-1.7037 0.812224
-1.74211 0.807286
-1.64883 0.787687
-1.63237 0.773145
-1.68724 0.802364
-1.72565 0.837137
-1.62689 0.773145
-1.73663 0.822144
-1.70919 0.807286
-1.63237 0.720985
-1.56653 0.684194
-1.68724 0.777977
-1.65432 0.763526
-1.63786 0.758739
-1.64883 0.792564
-1.56104 0.702469
-1.51715 0.66169
-1.57202 0.702469
-1.58848 0.697878
-1.55556 0.711697
-1.47325 0.600678
-1.47874 0.639561
-1.45679 0.657234
-1.4513 0.626465
-1.46776 0.635181
-1.51715 0.630815
-1.55007 0.639561
-1.57202 0.688741
-1.51715 0.622129
-1.51166 0.613504
-1.53909 0.630815
-1.52263 0.630815
-1.5775 0.592203
-1.64335 0.617809
-1.59396 0.563015
-1.5775 0.510764
-1.50069 0.446275
-1.41289 0.420986
-1.48971 0.424553
-1.4513 0.396433
-1.40741 0.410373
-1.48422 0.45734
-1.47325 0.410373
-1.42387 0.431734
-1.46776 0.389554
-1.52263 0.468539
-1.47325 0.491345
-1.47874 0.510764
-1.50069 0.502951
-1.43484 0.453636
-1.45679 0.479875
-1.43484 0.435347
-1.41838 0.472303
-1.36351 0.435347
-1.41838 0.502951
-1.42936 0.510764
-1.40192 0.558905
-1.39095 0.530559
-1.45679 0.563015
-1.4952 0.563015
-1.51166 0.558905
-1.42936 0.542617
-1.50069 0.55481
-1.42387 0.530559
-1.46228 0.522596
-1.55556 0.550731
-1.48971 0.518637
-1.53909 0.530559
-1.46776 0.491345
-1.53909 0.592203
-1.48422 0.558905
-1.44582 0.542617
-1.53909 0.613504
-1.41289 0.571279
-1.42936 0.596433
-1.4513 0.55481
-1.52812 0.648367
-1.4513 0.530559
-1.47325 0.491345
-1.39095 0.399896
-1.41289 0.442617
-1.42387 0.487507
-1.36351 0.406865
-1.3251 0.442617
-1.37997 0.502951
-1.39643 0.499068
-1.38546 0.530559
-1.33608 0.510764
-1.44582 0.546667
-1.37449 0.579603
-1.39643 0.563015
-1.39643 0.530559
-1.44582 0.550731
-1.47874 0.518637
-1.51166 0.514693
-1.55007 0.538583
-1.47874 0.518637
-1.50069 0.522596
-1.44582 0.464791
-1.44582 0.468539
-1.50617 0.495199
-1.44033 0.461058
-1.43484 0.483683
-1.41289 0.491345
-1.42387 0.52657
-1.42936 0.579603
-1.37997 0.522596
-1.38546 0.518637
-1.39095 0.558905
-1.46228 0.563015
-1.57202 0.670646
-1.52263 0.684194
-1.61591 0.763526
-1.58299 0.73503
-1.6214 0.725652
-1.55556 0.73503
-1.56653 0.725652
-1.61043 0.777977
-1.7037 0.822144
-1.73114 0.832124
-1.58299 0.758739
-1.64335 0.802364
-1.7476 0.847208
-1.63786 0.763526
-1.61043 0.777977
-1.60494 0.773145
-1.56653 0.753967
-1.65432 0.777977
-1.58299 0.758739
-1.62689 0.773145
-1.69822 0.773145
-1.57202 0.657234
-1.51166 0.643957
-1.53361 0.626465
-1.51715 0.635181
-1.40741 0.491345
-1.4513 0.499068
-1.35802 0.514693
-1.46228 0.530559
-1.5775 0.592203
-1.52812 0.587988
-1.5775 0.630815
-1.58848 0.66169
-1.54458 0.657234
-1.50617 0.626465
-1.48971 0.639561
-1.59396 0.702469
-1.51166 0.684194
-1.65432 0.768328
-1.6214 0.758739
-1.60494 0.707076
-1.61043 0.711697
-1.51715 0.693302
-1.56653 0.730333
-1.74211 0.782824
-1.59945 0.693302
-1.64883 0.753967
-1.58848 0.73503
-1.72565 0.812224
-1.75857 0.847208
-1.69822 0.787687
-1.66529 0.792564
-1.61043 0.763526
-1.5775 0.720985
-1.55007 0.702469
-1.63237 0.716334
-1.69822 0.773145
-1.69822 0.787687
-1.59396 0.697878
-1.62689 0.720985
-1.59396 0.725652
-1.64335 0.744468
-1.55556 0.66169
-1.55007 0.617809
-1.58848 0.66616
-1.51715 0.657234
-1.51715 0.639561
-1.58848 0.725652
-1.59945 0.763526
-1.5775 0.773145
-1.59945 0.744468
-1.58848 0.730333
-1.67627 0.787687
-1.62689 0.763526
-1.59945 0.74921
-1.63786 0.758739
-1.57202 0.720985
-1.56653 0.707076
-1.48971 0.648367
-1.43484 0.600678
-1.48971 0.626465
-1.63786 0.744468
-1.58848 0.679663
-1.61043 0.697878
-1.67078 0.758739
-1.58848 0.679663
-1.52263 0.630815
-1.50069 0.617809
-1.43484 0.600678
-1.46228 0.657234
-1.56104 0.688741
-1.56653 0.688741
-1.56653 0.679663
-1.56104 0.702469
-1.48422 0.66616
-1.55556 0.711697
-1.57202 0.73503
-1.51715 0.702469
-1.55556 0.725652
-1.53361 0.702469
-1.48971 0.675147
-1.50069 0.652793
-1.51715 0.657234
-1.52812 0.716334
-1.59945 0.739742
-1.55556 0.675147
-1.61043 0.730333
-1.55007 0.720985
-1.58848 0.730333
-1.5775 0.716334
-1.61591 0.711697
-1.61043 0.73503
-1.52263 0.697878
-1.50069 0.630815
-1.65981 0.739742
-1.63237 0.768328
-1.72016 0.812224
-1.64883 0.73503
-1.50069 0.643957
-1.4513 0.600678
-1.50617 0.622129
-1.42936 0.609213
-1.59945 0.702469
-1.59945 0.684194
-1.5775 0.684194
-1.44033 0.575434
-1.44033 0.518637
-1.48971 0.613504
-1.46228 0.567139
-1.50069 0.604938
-1.47325 0.626465
-1.50069 0.587988
-1.59396 0.675147
-1.6214 0.688741
-1.59945 0.697878
-1.62689 0.707076
-1.55556 0.643957
-1.50069 0.626465
-1.6214 0.66169
-1.61591 0.684194
-1.65981 0.688741
-1.56653 0.648367
-1.5775 0.707076
-1.61591 0.716334
-1.59396 0.702469
-1.51715 0.670646
-1.47325 0.652793
-1.44582 0.609213
-1.48971 0.652793
-1.60494 0.716334
-1.68176 0.797456
-1.65981 0.787687
-1.66529 0.777977
-1.63786 0.707076
-1.53909 0.66616
-1.42387 0.583788
-1.43484 0.575434
-1.4513 0.639561
-1.57202 0.739742
-1.55007 0.702469
-1.60494 0.744468
-1.59945 0.74921
-1.64883 0.787687
-1.62689 0.763526
-1.56653 0.711697
-1.62689 0.720985
-1.58848 0.725652
-1.65432 0.777977
-1.58848 0.73503
-1.55556 0.711697
-1.61591 0.758739
-1.59396 0.763526
-1.61591 0.768328
-1.65432 0.782824
-1.66529 0.763526
-1.61043 0.720985
-1.61591 0.725652
-1.51715 0.697878
-1.48971 0.652793
-1.42387 0.587988
-1.46228 0.617809
-1.48422 0.688741
-1.51715 0.693302
-1.55007 0.688741
-1.63237 0.758739
-1.61591 0.758739
-1.58299 0.730333
-1.54458 0.720985
-1.59945 0.739742
-1.61591 0.763526
-1.53909 0.697878
-1.48422 0.652793
-1.48422 0.643957
-1.45679 0.648367
-1.4952 0.626465
-1.56653 0.720985
-1.61043 0.716334
-1.61591 0.744468
-1.59945 0.725652
-1.58848 0.753967
-1.48971 0.652793
-1.4952 0.635181
-1.58299 0.693302
-1.54458 0.639561
-1.46228 0.567139
-1.52812 0.66169
-1.65432 0.679663
-1.63237 0.622129
-1.65981 0.657234
-1.56653 0.617809
-1.65432 0.693302
-1.54458 0.604938
-1.55556 0.613504
-1.4513 0.567139
-1.48971 0.643957
-1.5775 0.730333
-1.59396 0.711697
-1.59945 0.711697
-1.61043 0.697878
-1.63786 0.74921
-1.61043 0.730333
-1.58299 0.716334
-1.6214 0.716334
-1.59945 0.716334
-1.57202 0.73503
-1.74211 0.832124
-1.61591 0.782824
-1.67078 0.792564
-1.60494 0.711697
-1.55007 0.622129
-1.53909 0.630815
-1.53361 0.639561
-1.56653 0.657234
-1.58299 0.707076
-1.64883 0.739742
-1.6214 0.744468
-1.67078 0.807286
-1.71468 0.807286
-1.67627 0.807286
-1.60494 0.758739
-1.71468 0.822144
-1.76406 0.862427
-1.74211 0.837137
-1.75857 0.857339
-1.7037 0.827127
-1.63786 0.74921
-1.64335 0.763526
-1.63237 0.763526
-1.67078 0.768328
-1.73114 0.812224
-1.70919 0.797456
-1.69273 0.817176
-1.7037 0.832124
-1.77503 0.86753
-1.69273 0.812224
-1.70919 0.827127
-1.56653 0.720985
-1.56104 0.688741
-1.63237 0.725652
-1.64335 0.730333
-1.60494 0.74921
-1.56104 0.697878
-1.59396 0.725652
-1.64335 0.730333
-1.60494 0.716334
-1.60494 0.730333
-1.6214 0.758739
-1.67627 0.782824
-1.59945 0.744468
-1.52812 0.697878
-1.58848 0.744468
-1.59396 0.725652
-1.55556 0.684194
-1.51715 0.652793
-1.50069 0.66169
-1.48422 0.670646
-1.52812 0.697878
-1.60494 0.753967
-1.53361 0.693302
-1.50617 0.697878
-1.65432 0.797456
-1.61043 0.725652
-1.44033 0.609213
-1.50617 0.639561
-1.4952 0.66616
-1.55007 0.66169
-1.47874 0.643957
-1.46776 0.613504
-1.47325 0.630815
-1.42936 0.596433
-1.52263 0.613504
-1.35802 0.571279
-1.57202 0.707076
-1.63786 0.777977
-1.64883 0.763526
-1.60494 0.730333
-1.5775 0.697878
-1.58848 0.725652
-1.68724 0.787687
-1.66529 0.768328
-1.64883 0.725652
-1.60494 0.679663
-1.58299 0.675147
-1.62689 0.716334
-1.59396 0.693302
-1.63237 0.725652
-1.56104 0.688741
-1.56104 0.688741
-1.58848 0.711697
-1.63237 0.74921
-1.54458 0.657234
-1.70919 0.768328
-1.63786 0.753967
-1.60494 0.711697
-1.58299 0.670646
-1.51715 0.648367
-1.5775 0.688741
-1.61043 0.730333
-1.58299 0.711697
-1.5775 0.720985
-1.60494 0.693302
-1.59396 0.730333
-1.53909 0.639561
-1.55007 0.679663
-1.47325 0.563015
-1.39095 0.546667
-1.40741 0.538583
-1.44033 0.567139
-1.42936 0.546667
-1.48422 0.587988
-1.55007 0.652793
-1.61591 0.688741
-1.65432 0.73503
-1.52812 0.684194
-1.51715 0.66616
-1.55007 0.688741
-1.60494 0.684194
-1.60494 0.720985
-1.5775 0.716334
-1.63786 0.711697
-1.61043 0.66169
-1.57202 0.630815
-1.58848 0.652793
-1.54458 0.592203
-1.52812 0.596433
-1.47874 0.575434
-1.41838 0.538583
-1.39643 0.522596
-1.44582 0.50685
-1.5775 0.567139
-1.52812 0.510764
-1.44033 0.483683
-1.42387 0.518637
-1.34156 0.534564
-1.40192 0.575434
-1.4952 0.626465
-1.51715 0.66169
-1.53909 0.675147
-1.61043 0.707076
-1.56104 0.684194
-1.55556 0.684194
-1.57202 0.720985
-1.60494 0.720985
-1.44582 0.635181
-1.47325 0.648367
-1.53909 0.648367
-1.45679 0.596433
-1.48971 0.596433
-1.4952 0.600678
-1.46776 0.571279
-1.41289 0.52657
-1.42387 0.546667
-1.40192 0.472303
-1.47874 0.550731
-1.53361 0.579603
-1.51166 0.563015
-1.51166 0.563015
-1.50069 0.522596
-1.54458 0.567139
-1.47325 0.534564
-1.48971 0.55481
-1.4952 0.558905
-1.55556 0.609213
-1.45679 0.558905
-1.4513 0.571279
-1.37449 0.52657
-1.50069 0.538583
-1.42936 0.453636
-1.46228 0.461058
-1.37449 0.413895
-1.38546 0.392986
-1.42387 0.399896
-1.38546 0.36595
-1.44582 0.468539
-1.53361 0.52657
-1.52263 0.50685
-1.48971 0.468539
-1.52812 0.476081
-1.51166 0.45734
-1.33059 0.35606
-1.27572 0.311698
-1.34705 0.349542
-1.35254 0.375976
-1.40192 0.33351
-1.47325 0.386137
-1.4952 0.369277
-1.42936 0.369277
-1.38546 0.375976
-1.40192 0.349542
-1.369 0.359342
-1.35254 0.330349
-1.33608 0.314769
-1.34705 0.339878
-1.43484 0.311698
-1.37449 0.290623
-1.40741 0.281817
-1.36351 0.270286
-1.40741 0.287673
-1.39643 0.278911
-1.4513 0.324072
-1.50069 0.372619
-1.48971 0.339878
-1.37997 0.299565
-1.29767 0.237138
-1.31962 0.211171
-1.37449 0.256211
-1.44033 0.261796
-1.42936 0.317855
-1.35254 0.359342
-1.4513 0.392986
-1.38546 0.369277
-1.46776 0.36595
-1.52263 0.446275
-1.51166 0.479875
-1.4513 0.446275
-1.48971 0.435347
-1.53361 0.479875
-1.52263 0.428136
-1.51715 0.468539
-1.53909 0.476081
-1.51715 0.449948
-1.58299 0.491345
-1.59945 0.446275
-1.46776 0.396433
-1.47325 0.362639
-1.46776 0.396433
-1.37997 0.349542
-1.33608 0.314769
-1.43484 0.349542
-1.44033 0.379348
-1.41838 0.36595
-1.41838 0.349542
-1.37997 0.311698
-1.41289 0.327203
-1.42936 0.336686
-1.42387 0.399896
-1.52263 0.461058
-1.50069 0.483683
-1.55556 0.514693
-1.53361 0.472303
-1.55556 0.514693
-1.59396 0.530559
-1.53909 0.510764
-1.61043 0.499068
-1.47325 0.392986
-1.41838 0.343084
-1.39095 0.35606
-1.42387 0.369277
-1.39643 0.36595
-1.41289 0.362639
-1.42936 0.343084
-1.39643 0.352794
-1.369 0.35606
-1.39095 0.362639
-1.39643 0.349542
-1.50069 0.413895
-1.47874 0.431734
-1.43484 0.424553
-1.50617 0.372619
-1.42936 0.359342
-1.44582 0.375976
-1.42387 0.389554
-1.40192 0.379348
-1.41838 0.413895
-1.38546 0.417433
-1.42936 0.428136
-1.39643 0.487507
-1.36351 0.502951
-1.38546 0.50685
-1.39095 0.45734
-1.48971 0.518637
-1.46228 0.50685
-1.45679 0.538583
-1.43484 0.530559
-1.44582 0.613504
-1.38546 0.571279
-1.42387 0.567139
-1.53361 0.613504
-1.51715 0.622129
-1.58299 0.613504
-1.52263 0.622129
-1.58299 0.643957
-1.51166 0.652793
-1.51715 0.657234
-1.47874 0.66169
-1.56653 0.670646
-1.51715 0.66169
-1.51715 0.684194
-1.56653 0.684194
-1.51166 0.635181
-1.50069 0.613504
-1.52263 0.66169
-1.51166 0.679663
-1.54458 0.716334
-1.62689 0.768328
-1.59396 0.744468
-1.54458 0.688741
-1.52263 0.675147
-1.46228 0.613504
-1.51166 0.635181
-1.4513 0.635181
-1.55556 0.707076
-1.5775 0.707076
-1.51715 0.688741
-1.54458 0.684194
-1.59945 0.697878
-1.5775 0.693302
-1.57202 0.688741
-1.63237 0.707076
-1.61591 0.697878
-1.56104 0.657234
-1.5775 0.670646
-1.51715 0.617809
-1.56104 0.675147
-1.52812 0.66169
-1.55556 0.66616
-1.58848 0.684194
-1.68724 0.812224
-1.61043 0.730333
-1.59396 0.716334
-1.65432 0.758739
-1.62689 0.739742
-1.63786 0.720985
-1.63786 0.693302
-1.58299 0.670646
-1.59396 0.697878
-1.52812 0.66169
-1.63786 0.739742
-1.68724 0.777977
-1.68724 0.782824
-1.54458 0.679663
-1.46228 0.66169
-1.56653 0.725652
-1.65432 0.773145
-1.61591 0.730333
-1.55007 0.688741
-1.54458 0.66616
-1.60494 0.688741
-1.68724 0.739742
-1.58299 0.684194
-1.56653 0.697878
-1.60494 0.744468
-1.63786 0.773145
-1.65981 0.773145
-1.78601 0.852266
-1.76406 0.862427
-1.78601 0.88293
-1.76406 0.872648
-1.65981 0.812224
-1.59396 0.730333
-1.6214 0.739742
-1.48422 0.643957
-1.58848 0.657234
-1.59945 0.66169
-1.54458 0.622129
-1.59396 0.711697
-1.55007 0.639561
-1.53909 0.604938
-1.61043 0.657234
-1.59396 0.609213
-1.56653 0.66169
-1.52812 0.643957
-1.58848 0.730333
-1.58299 0.657234
-1.55007 0.630815
-1.58848 0.622129
-1.53909 0.592203
-1.51715 0.583788
-1.48422 0.567139
-1.55007 0.613504
-1.64883 0.711697
-1.61043 0.739742
-1.59945 0.744468
-1.63786 0.782824
-1.64883 0.739742
-1.59396 0.693302
-1.63786 0.739742
-1.69273 0.768328
-1.6214 0.725652
-1.69822 0.802364
-1.72016 0.812224
-1.66529 0.773145
-1.67078 0.777977
-1.61591 0.707076
-1.65981 0.739742
-1.60494 0.758739
-1.47874 0.66616
-1.46228 0.600678
-1.46776 0.592203
-1.50069 0.639561
-1.50069 0.626465
-1.59396 0.707076
-1.47325 0.639561
-1.55007 0.707076
-1.55556 0.707076
-1.62689 0.74921
-1.65981 0.753967
-1.54458 0.639561
-1.56653 0.643957
-1.54458 0.657234
-1.48971 0.567139
-1.41838 0.522596
-1.41289 0.530559
-1.40741 0.546667
-1.42387 0.52657
-1.47325 0.596433
-1.4513 0.575434
-1.4513 0.587988
-1.45679 0.579603
-1.45679 0.50685
-1.54458 0.592203
-1.46776 0.550731
-1.46776 0.571279
-1.43484 0.592203
-1.47874 0.579603
-1.50617 0.626465
-1.41838 0.592203
-1.60494 0.707076
-1.48971 0.604938
-1.44582 0.558905
-1.48422 0.600678
-1.52812 0.635181
-1.4513 0.613504
-1.47325 0.604938
-1.47874 0.626465
-1.58299 0.670646
-1.59945 0.652793
-1.56104 0.652793
-1.52812 0.635181
-1.56653 0.711697
-1.56653 0.66169
-1.57202 0.702469
-1.65981 0.792564
-1.77503 0.88293
-1.64883 0.792564
-1.68176 0.812224
-1.64335 0.773145
-1.56653 0.684194
-1.53361 0.697878
-1.51166 0.702469
-1.55007 0.684194
-1.58848 0.702469
-1.61591 0.753967
-1.50617 0.670646
-1.46228 0.648367
-1.4952 0.657234
-1.53361 0.639561
-1.56104 0.635181
-1.58299 0.702469
-1.58848 0.688741
-1.53361 0.652793
-1.56104 0.688741
-1.55556 0.697878
-1.61043 0.688741
-1.55556 0.688741
-1.50069 0.639561
-1.55556 0.684194
-1.58299 0.684194
-1.6214 0.730333
-1.54458 0.66169
-1.59945 0.739742
-1.69273 0.792564
-1.57202 0.739742
-1.45679 0.639561
-1.52263 0.66616
-1.53361 0.66169
-1.56104 0.697878
-1.64335 0.739742
-1.56104 0.693302
-1.58848 0.720985
-1.44033 0.609213
-1.4513 0.639561
-1.50069 0.670646
-1.55556 0.679663
-1.54458 0.648367
-1.53909 0.66169
-1.55556 0.622129
-1.59945 0.716334
-1.58848 0.711697
-1.5775 0.702469
-1.48422 0.630815
-1.48971 0.626465
-1.51166 0.630815
-1.48971 0.604938
-1.51166 0.684194
-1.55556 0.730333
-1.58848 0.753967
-1.56653 0.702469
-1.61591 0.753967
-1.6214 0.711697
-1.65432 0.74921
-1.62689 0.777977
-1.63786 0.787687
-1.68176 0.777977
-1.71468 0.832124
-1.63786 0.797456
-1.60494 0.782824
-1.65432 0.787687
-1.59945 0.773145
-1.67627 0.807286
-1.65981 0.763526
-1.64883 0.777977
-1.72016 0.812224
-1.66529 0.802364
-1.65981 0.787687
-1.61043 0.763526
-1.68724 0.797456
-1.74211 0.802364
-1.70919 0.773145
-1.68724 0.758739
-1.54458 0.684194
-1.59396 0.730333
-1.59396 0.739742
-1.6214 0.730333
-1.64883 0.74921
-1.61043 0.688741
-1.62689 0.725652
-1.52263 0.643957
-1.55556 0.688741
-1.46776 0.648367
-1.60494 0.744468
-1.58848 0.688741
-1.59945 0.684194
-1.63786 0.693302
-1.5775 0.679663
-1.61591 0.702469
-1.65981 0.758739
-1.63786 0.739742
-1.72016 0.787687
-1.59945 0.744468
-1.60494 0.777977
-1.61591 0.768328
-1.51715 0.684194
-1.54458 0.716334
-1.65981 0.792564
-1.65432 0.768328
-1.58299 0.702469
-1.58299 0.711697
-1.5775 0.716334
-1.63237 0.730333
-1.60494 0.711697
-1.67627 0.758739
-1.73114 0.827127
-1.76955 0.862427
-1.63786 0.763526
-1.67078 0.792564
-1.7037 0.817176
-1.6214 0.773145
-1.58299 0.720985
-1.61591 0.763526
-1.62689 0.753967
-1.59396 0.720985
-1.6214 0.773145
-1.63786 0.758739
-1.5775 0.702469
-1.50617 0.670646
-1.56104 0.693302
-1.5775 0.702469
-1.5775 0.688741
-1.63786 0.725652
-1.61043 0.763526
-1.63786 0.792564
-1.72565 0.837137
-1.71468 0.837137
-1.64883 0.797456
-1.61043 0.773145
-1.60494 0.763526
-1.62689 0.758739
-1.60494 0.739742
-1.52263 0.66616
-1.55007 0.702469
-1.52263 0.688741
-1.56653 0.739742
-1.59396 0.773145
-1.6214 0.773145
-1.72565 0.847208
-1.67078 0.802364
-1.71468 0.837137
-1.68176 0.817176
-1.7037 0.802364
-1.65981 0.802364
-1.65981 0.773145
-1.61043 0.777977
-1.58848 0.753967
-1.58848 0.73503
-1.58848 0.720985
-1.55007 0.688741
-1.54458 0.66169
-1.53361 0.622129
-1.55007 0.617809
-1.47325 0.596433
-1.48422 0.534564
-1.4952 0.546667
-1.54458 0.571279
-1.52812 0.522596
-1.50617 0.518637
-1.47325 0.563015
-1.55007 0.587988
-1.55007 0.622129
-1.4952 0.600678
-1.52263 0.66169
-1.53361 0.66169
-1.56653 0.643957
-1.59945 0.66616
-1.57202 0.739742
-1.72016 0.837137
-1.70919 0.842165
-1.65981 0.802364
-1.69273 0.817176
-1.65981 0.792564
-1.59396 0.739742
-1.70919 0.812224
-1.65981 0.807286
-1.63786 0.758739
-1.56653 0.670646
-1.56104 0.675147
-1.50617 0.617809
-1.5775 0.652793
-1.54458 0.635181
-1.64883 0.697878
-1.56653 0.648367
-1.46776 0.600678
-1.52812 0.613504
-1.4952 0.534564
-1.46228 0.514693
-1.46228 0.502951
-1.39095 0.479875
-1.37449 0.461058
-1.45679 0.502951
-1.41289 0.495199
-1.47325 0.499068
-1.47325 0.50685
-1.47874 0.558905
-1.46776 0.50685
-1.48971 0.476081
-1.44582 0.453636
-1.48971 0.495199
-1.46228 0.50685
-1.57202 0.542617
-1.41838 0.518637
-1.45679 0.518637
-1.46776 0.522596
-1.55556 0.596433
-1.57202 0.587988
-1.56653 0.534564
-1.4513 0.468539
-1.4952 0.50685
-1.40192 0.468539
-1.40741 0.476081
-1.41289 0.453636
-1.40192 0.499068
-1.44033 0.472303
-1.47325 0.464791
-1.41289 0.461058
-1.47874 0.518637
-1.48422 0.522596
-1.46228 0.483683
-1.45679 0.514693
-1.36351 0.45734
-1.39095 0.495199
-1.4513 0.52657
-1.47325 0.575434
-1.39643 0.510764
-1.35802 0.472303
-1.44582 0.499068
-1.40741 0.52657
-1.44582 0.567139
-1.38546 0.546667
-1.30316 0.510764
-1.39643 0.563015
-1.50069 0.66616
-1.46776 0.600678
-1.45679 0.635181
-1.5775 0.707076
-1.59396 0.720985
-1.56653 0.711697
-1.47874 0.652793
-1.53909 0.707076
-1.55556 0.684194
-1.55556 0.688741
-1.61591 0.73503
-1.58299 0.753967
-1.5775 0.702469
-1.50069 0.679663
-1.51715 0.657234
-1.5775 0.707076
-1.56104 0.697878
-1.5775 0.725652
-1.64335 0.777977
-1.7037 0.832124
-1.72016 0.827127
-1.73663 0.852266
-1.65432 0.768328
-1.6214 0.763526
-1.59396 0.753967
-1.65432 0.787687
-1.6214 0.74921
-1.52263 0.630815
-1.47874 0.630815
-1.47874 0.657234
-1.53361 0.66169
-1.59396 0.697878
-1.55007 0.702469
-1.54458 0.693302
-1.53909 0.679663
-1.50617 0.643957
-1.67078 0.758739
-1.61591 0.702469
-1.56653 0.652793
-1.60494 0.66169
-1.4952 0.626465
-1.4952 0.626465
-1.51166 0.630815
-1.50069 0.55481
-1.41838 0.468539
-1.42936 0.510764
-1.44033 0.550731
-1.50069 0.530559
-1.58848 0.583788
-1.52263 0.550731
-1.51715 0.579603
-1.43484 0.55481
-1.47874 0.575434
-1.50069 0.575434
-1.50617 0.613504
-1.44582 0.550731
-1.38546 0.487507
-1.41838 0.522596
-1.51715 0.563015
-1.45679 0.518637
-1.55556 0.617809
-1.51166 0.596433
-1.5775 0.648367
-1.51166 0.626465
-1.58299 0.684194
-1.61591 0.702469
-1.59396 0.725652
-1.61591 0.679663
-1.53361 0.670646
-1.51715 0.583788
-1.53909 0.563015
-1.58299 0.626465
-1.48971 0.587988
-1.44033 0.575434
-1.53909 0.639561
-1.50617 0.609213
-1.53361 0.604938
-1.55007 0.596433
-1.46776 0.55481
-1.4952 0.567139
-1.51166 0.613504
-1.67078 0.716334
-1.68176 0.782824
-1.62689 0.707076
-1.62689 0.707076
-1.52812 0.635181
-1.55556 0.711697
-1.6214 0.725652
-1.56104 0.688741
-1.53909 0.716334
-1.57202 0.707076
-1.58848 0.711697
-1.51166 0.684194
-1.54458 0.670646
-1.58848 0.675147
-1.58848 0.707076
-1.56653 0.693302
-1.6214 0.716334
-1.61591 0.763526
-1.61591 0.725652
-1.52812 0.693302
-1.58299 0.711697
-1.55556 0.675147
-1.52812 0.675147
-1.57202 0.739742
-1.51166 0.675147
-1.53909 0.679663
-1.56653 0.711697
-1.59945 0.702469
-1.53361 0.716334
-1.60494 0.693302
-1.58848 0.688741
-1.52263 0.652793
-1.48971 0.66169
-1.55556 0.711697
-1.57202 0.716334
-1.56104 0.720985
-1.53361 0.707076
-1.61043 0.758739
-1.63786 0.782824
-1.68724 0.807286
-1.68176 0.773145
-1.61591 0.720985
-1.55556 0.670646
-1.56653 0.635181
-1.59945 0.688741
-1.63237 0.652793
-1.62689 0.643957
-1.51166 0.522596
-1.59945 0.495199
-1.47325 0.468539
-1.52812 0.502951
-1.47874 0.435347
-1.51166 0.468539
-1.55556 0.483683
-1.59396 0.563015
-1.53361 0.571279
-1.44033 0.499068
-1.4952 0.550731
-1.4952 0.587988
-1.48422 0.575434
-1.53361 0.579603
-1.52263 0.639561
-1.55556 0.643957
-1.51715 0.626465
-1.64883 0.74921
-1.59945 0.688741
-1.6214 0.74921
-1.58848 0.74921
-1.62689 0.73503
-1.64335 0.758739
-1.66529 0.787687
-1.59396 0.744468
-1.57202 0.758739
-1.6214 0.792564
-1.63237 0.777977
-1.59396 0.73503
-1.63786 0.777977
-1.63786 0.758739
-1.65432 0.768328
-1.64335 0.74921
-1.65432 0.753967
-1.59945 0.716334
-1.58848 0.684194
-1.4952 0.675147
-1.55556 0.679663
-1.48971 0.648367
-1.54458 0.66616
-1.53909 0.688741
-1.51166 0.66616
-1.52812 0.630815
-1.48422 0.587988
-1.50069 0.652793
-1.52263 0.639561
-1.44033 0.579603
-1.44033 0.617809
-1.56653 0.657234
-1.55556 0.693302
-1.58848 0.688741
-1.53361 0.66616
-1.58299 0.720985
-1.56653 0.711697
-1.51166 0.675147
-1.46228 0.604938
-1.50617 0.613504
-1.48971 0.622129
-1.52812 0.657234
-1.50617 0.587988
-1.55556 0.648367
-1.61043 0.670646
-1.51166 0.643957
-1.47325 0.635181
-1.51166 0.66169
-1.51166 0.592203
-1.48422 0.596433
-1.48422 0.567139
-1.55556 0.639561
-1.54458 0.679663
-1.63786 0.725652
-1.67078 0.763526
-1.72016 0.763526
-1.74211 0.787687
-1.69273 0.802364
-1.74211 0.827127
-1.72565 0.852266
-1.67627 0.817176
-1.53909 0.730333
-1.50069 0.652793
-1.51166 0.652793
-1.4952 0.657234
-1.47874 0.626465
-1.4952 0.617809
-1.45679 0.571279
-1.4952 0.622129
-1.53909 0.587988
-1.50617 0.630815
-1.56653 0.679663
-1.51715 0.657234
-1.56653 0.744468
-1.59396 0.720985
-1.57202 0.707076
-1.57202 0.707076
-1.64883 0.773145
-1.61591 0.763526
-1.69273 0.768328
-1.61591 0.730333
-1.59396 0.739742
-1.54458 0.697878
-1.64335 0.777977
-1.63237 0.768328
-1.67627 0.807286
-1.74211 0.822144
-1.62689 0.763526
-1.68176 0.812224
-1.76406 0.827127
-1.70919 0.837137
-1.73114 0.832124
-1.69822 0.837137
-1.69822 0.812224
-1.70919 0.822144
-1.65981 0.787687
-1.67078 0.807286
-1.61043 0.744468
-1.53909 0.66169
-1.57202 0.739742
-1.5775 0.711697
-1.59945 0.688741
-1.58299 0.657234
-1.57202 0.688741
-1.53909 0.675147
-1.56104 0.711697
-1.52263 0.66169
-1.60494 0.753967
-1.59945 0.720985
-1.64335 0.73503
-1.58299 0.707076
-1.50617 0.639561
-1.5775 0.693302
-1.53361 0.652793
-1.52263 0.657234
-1.52263 0.639561
-1.52812 0.657234
-1.45679 0.626465
-1.56653 0.702469
-1.63786 0.739742
-1.63786 0.763526
-1.69822 0.812224
-1.66529 0.792564
-1.64883 0.792564
-1.5775 0.739742
-1.54458 0.707076
-1.58299 0.697878
-1.55007 0.679663
-1.52263 0.639561
-1.56653 0.707076
-1.51166 0.693302
-1.4952 0.679663
-1.58299 0.716334
-1.51166 0.643957
-1.58848 0.730333
-1.6214 0.739742
-1.56104 0.716334
-1.56104 0.716334
-1.58299 0.725652
-1.58299 0.744468
-1.56104 0.720985
-1.62689 0.744468
-1.64883 0.753967
-1.58848 0.74921
-1.68176 0.812224
-1.6214 0.758739
-1.52263 0.693302
-1.59396 0.73503
-1.59945 0.739742
-1.65432 0.763526
-1.74211 0.837137
-1.73114 0.847208
-1.63786 0.773145
-1.69273 0.758739
-1.62689 0.707076
-1.70919 0.758739
-1.70919 0.744468
-1.73114 0.74921
-1.65432 0.730333
-1.55007 0.657234
-1.55007 0.613504
-1.55007 0.643957
-1.53909 0.587988
-1.58848 0.600678
-1.53909 0.592203
-1.47874 0.626465
-1.48971 0.583788
-1.47874 0.546667
-1.51715 0.579603
-1.48422 0.571279
-1.50069 0.609213
-1.51166 0.626465
-1.55007 0.648367
-1.53909 0.675147
-1.55007 0.684194
-1.62689 0.66169
-1.56653 0.617809
-1.4952 0.587988
-1.5775 0.600678
-1.48422 0.571279
-1.50069 0.579603
-1.4513 0.596433
-1.44582 0.563015
-1.4952 0.630815
-1.51166 0.626465
-1.53909 0.679663
-1.55556 0.652793
-1.48971 0.604938
-1.44582 0.546667
-1.4952 0.583788
-1.6214 0.707076
-1.68176 0.711697
-1.61043 0.66169
-1.52263 0.596433
-1.55556 0.609213
-1.51166 0.571279
-1.46228 0.542617
-1.46776 0.546667
-1.39643 0.563015
-1.47874 0.604938
-1.39095 0.534564
-1.35254 0.522596
-1.30864 0.464791
-1.41289 0.522596
-1.36351 0.518637
-1.41289 0.468539
-1.39095 0.472303
-1.40741 0.487507
-1.35802 0.514693
-1.34705 0.491345
-1.24829 0.449948
-1.31413 0.449948
-1.37997 0.424553
-1.41838 0.464791
-1.39095 0.495199
-1.37997 0.446275
-1.44582 0.518637
-1.37449 0.453636
-1.4513 0.45734
-1.44582 0.495199
-1.43484 0.487507
-1.47874 0.522596
-1.51715 0.542617
-1.46228 0.583788
-1.56653 0.622129
-1.50617 0.587988
-1.50069 0.542617
-1.41838 0.50685
-1.46228 0.596433
-1.51715 0.583788
-1.46776 0.571279
-1.53909 0.550731
-1.4952 0.534564
-1.50069 0.534564
-1.50069 0.546667
-1.4513 0.522596
-1.52263 0.522596
-1.4513 0.518637
-1.47325 0.491345
-1.45679 0.479875
-1.43484 0.538583
-1.35254 0.487507
-1.4513 0.495199
-1.39643 0.428136
-1.48422 0.487507
-1.44582 0.446275
-1.55007 0.534564
-1.52812 0.502951
-1.42387 0.435347
-1.48422 0.410373
-1.44582 0.389554
-1.37449 0.399896
-1.51715 0.453636
-1.47874 0.392986
-1.51715 0.428136
-1.47325 0.413895
-1.39643 0.359342
-1.39643 0.311698
-1.40192 0.317855
-1.369 0.314769
-1.47874 0.372619
-1.40741 0.327203
-1.40192 0.359342
-1.46776 0.389554
-1.48971 0.45734
-1.41838 0.45734
-1.35254 0.392986
-1.31413 0.382735
-1.33059 0.352794
-1.40741 0.296569
-1.42387 0.253441
-1.38546 0.206158
-1.44033 0.201206
-1.35254 0.13616
-1.35802 0.150702
-1.42936 0.189088
-1.34156 0.140239
-1.4513 0.196313
-1.41289 0.201206
-1.4513 0.179664
-1.55007 0.231824
-1.50069 0.175043
-1.35254 0.152839
-1.24829 0.0886063
-1.27572 0.0952599
-1.34156 0.0869805
-1.30864 0.0576263
-1.27023 0.0374096
-1.37997 0.0266464
-1.28121 0.0353172
-1.18244 0.031313
-1.16598 0.0353172
-1.18793 0.0257583
-1.16598 0.0342936
-1.1989 0.0487749
-1.2428 0.116666
-1.18793 0.116666
-1.27572 0.140239
-1.28121 0.111111
-1.20439 0.0886063
-1.25926 0.122356
-1.30316 0.0952599
-1.33608 0.114799
-1.31413 0.134143
-1.29218 0.150702
-1.26475 0.177346
-1.24829 0.124283
-1.21536 0.0886063
-1.14952 0.0658003
-1.23182 0.0700906
-1.20439 0.0463814
-1.11111 0.0177047
-1.1166 0.0322914
-1.09465 0.0374096
-1.25377 0.0417751
-1.19342 0.0563167
-1.27023 0.077542
-1.14952 0.0429041
-1.17695 0.0886063
-1.22634 0.0616456
-1.13306 0.0487749
-1.11111 0.0395622
-1.16049 0.0240271
-1.17147 0.0303496
-1.17695 0.0322914
-1.22634 0.033285
-1.28669 0.0550221
-1.27572 0.0700906
-1.27572 0.0902471
-1.3251 0.0700906
-1.41838 0.0563167
-1.42936 0.0686454
-1.39095 0.0602908
-1.29767 0.0499943
-1.369 0.0550221
-1.42936 0.0616456
-1.42387 0.0821935
-1.37997 0.0658003
-1.41838 0.091903
-1.44582 0.103916
-1.46228 0.105692
-1.51166 0.105692
-1.46228 0.0837741
-1.39095 0.073026
-1.369 0.0644004
-1.42936 0.073026
-1.4513 0.0902471
-1.46228 0.0602908
-1.47325 0.080628
-1.42387 0.0745163
-1.47325 0.0658003
-1.4513 0.0700906
-1.50617 0.058951
-1.4952 0.0658003
-1.50617 0.0821935
-1.47325 0.091903
-1.40741 0.102154
-1.30316 0.091903
-1.37449 0.0760216
-1.369 0.0869805
-1.31413 0.0760216
-1.3251 0.0821935
-1.34156 0.0576263
-1.34156 0.0686454
-1.2428 0.073026
-1.30864 0.0715507
-1.30316 0.10929
-1.34156 0.159342
-1.3251 0.175043
-1.22085 0.157159
-1.27572 0.150702
-1.33059 0.191481
-1.45679 0.181998
-1.33059 0.150702
-1.42387 0.19389
-1.39095 0.242512
-1.40741 0.2137
-1.48422 0.256211
-1.40741 0.231824
-1.37449 0.253441
-1.33608 0.237138
-1.31413 0.189088
-1.42936 0.237138
-1.4513 0.237138
-1.51715 0.239818
-1.44582 0.218803
-1.48971 0.267441
-1.47325 0.305601
-1.47874 0.352794
-1.4513 0.317855
-1.35802 0.293589
-1.41838 0.293589
-1.46776 0.305601
-1.52812 0.324072
-1.53361 0.314769
-1.59945 0.293589
-1.52812 0.273146
-1.47325 0.258996
-1.44033 0.284737
-1.35254 0.276021
-1.33608 0.296569
-1.30864 0.302575
-1.34156 0.324072
-1.40192 0.290623
-1.42936 0.273146
-1.34705 0.299565
-1.39095 0.290623
-1.41289 0.273146
-1.42936 0.276021
-1.44582 0.237138
-1.47325 0.216244
-1.44582 0.22919
-1.4513 0.216244
-1.46776 0.191481
-1.47325 0.184346
-1.4952 0.168224
-1.50069 0.154992
-1.47325 0.181998
-1.44582 0.198752
-1.41838 0.16154
-1.39643 0.198752
-1.40192 0.198752
-1.47325 0.218803
-1.42936 0.201206
-1.47325 0.170482
-1.40741 0.157159
-1.47874 0.159342
-1.41838 0.196313
-1.41289 0.22919
-1.42936 0.231824
-1.41838 0.264611
-1.48422 0.346306
-1.48971 0.320956
-1.4513 0.296569
-1.41838 0.314769
-1.39643 0.308642
-1.35254 0.276021
-1.42387 0.317855
-1.30864 0.226571
-1.36351 0.201206
-1.38546 0.253441
-1.39643 0.278911
-1.42387 0.35606
-1.42387 0.382735
-1.46776 0.449948
-1.48422 0.446275
-1.52263 0.499068
-1.43484 0.472303
-1.40192 0.424553
-1.44582 0.464791
-1.43484 0.442617
-1.42936 0.461058
-1.47325 0.499068
-1.44582 0.479875
-1.39643 0.461058
-1.47325 0.534564
-1.52263 0.542617
-1.4513 0.546667
-1.4513 0.575434
-1.4952 0.626465
-1.50617 0.622129
-1.55556 0.697878
-1.63786 0.768328
-1.69822 0.797456
-1.73114 0.832124
-1.78601 0.86753
-1.73114 0.832124
-1.72016 0.837137
-1.70919 0.842165
-1.73663 0.842165
-1.61591 0.777977
-1.62689 0.782824
-1.60494 0.782824
-1.58299 0.730333
-1.64335 0.768328
-1.63786 0.753967
-1.63237 0.739742
-1.67078 0.782824
-1.66529 0.777977
-1.69273 0.812224
-1.61591 0.768328
-1.64335 0.797456
-1.59945 0.758739
-1.59396 0.73503
-1.47874 0.66616
-1.64335 0.782824
-1.59396 0.739742
-1.52812 0.684194
-1.58299 0.702469
-1.53361 0.684194
-1.56653 0.693302
-1.58299 0.720985
-1.51166 0.702469
-1.54458 0.725652
-1.68724 0.802364
-1.65981 0.797456
-1.61591 0.773145
-1.65981 0.777977
-1.67627 0.768328
-1.62689 0.753967
-1.67078 0.777977
-1.59396 0.753967
-1.56653 0.73503
-1.59945 0.744468
-1.60494 0.725652
-1.51715 0.630815
-1.44582 0.600678
-1.37997 0.571279
-1.42936 0.592203
-1.369 0.571279
-1.38546 0.534564
-1.48422 0.587988
-1.4513 0.583788
-1.39095 0.522596
-1.50617 0.579603
-1.51715 0.643957
-1.52812 0.617809
-1.44582 0.55481
-1.54458 0.622129
-1.56104 0.657234
-1.6214 0.679663
-1.58299 0.670646
-1.55556 0.670646
-1.58299 0.670646
-1.51715 0.626465
-1.51715 0.643957
-1.54458 0.626465
-1.56104 0.630815
-1.48422 0.596433
-1.45679 0.596433
-1.53361 0.592203
-1.63237 0.697878
-1.5775 0.697878
-1.59396 0.648367
-1.56104 0.635181
-1.66529 0.707076
-1.64335 0.711697
-1.65432 0.670646
-1.59396 0.66616
-1.62689 0.702469
-1.67078 0.758739
-1.68176 0.768328
-1.7037 0.807286
-1.64883 0.773145
-1.67078 0.773145
-1.64883 0.773145
-1.63786 0.753967
-1.64883 0.773145
-1.64883 0.768328
-1.65981 0.773145
-1.58848 0.725652
-1.60494 0.730333
-1.56653 0.720985
-1.56653 0.688741
-1.57202 0.693302
-1.53361 0.652793
-1.60494 0.782824
-1.64883 0.792564
-1.73114 0.817176
-1.68724 0.777977
-1.68724 0.782824
-1.70919 0.782824
-1.61043 0.720985
-1.61043 0.711697
-1.58299 0.702469
-1.58299 0.639561
-1.65432 0.693302
-1.6214 0.707076
-1.58299 0.73503
-1.63786 0.763526
-1.63786 0.753967
-1.6214 0.739742
-1.71468 0.787687
-1.63237 0.739742
-1.66529 0.773145
-1.61043 0.73503
-1.51715 0.684194
-1.5775 0.716334
-1.55556 0.652793
-1.51715 0.592203
-1.54458 0.546667
-1.5775 0.538583
-1.46776 0.461058
-1.50617 0.495199
-1.6214 0.50685
-1.48422 0.483683
-1.39643 0.435347
-1.37449 0.413895
-1.35802 0.327203
-1.29767 0.296569
-1.35254 0.320956
-1.36351 0.359342
-1.40741 0.36595
-1.31962 0.386137
-1.38546 0.379348
-1.30864 0.343084
-1.28669 0.36595
-1.369 0.403373
-1.40741 0.446275
-1.4952 0.413895
-1.42387 0.396433
-1.44582 0.446275
-1.51715 0.50685
-1.57202 0.530559
-1.56653 0.550731
-1.4952 0.502951
-1.57202 0.563015
-1.50069 0.538583
-1.54458 0.534564
-1.53909 0.542617
-1.53361 0.510764
-1.50069 0.502951
-1.39095 0.518637
-1.45679 0.495199
-1.40192 0.479875
-1.40192 0.464791
-1.33608 0.464791
-1.41289 0.510764
-1.41289 0.499068
-1.29767 0.435347
-1.38546 0.52657
-1.39643 0.567139
-1.52263 0.675147
-1.56653 0.697878
-1.68724 0.807286
-1.52812 0.707076
-1.58299 0.74921
-1.57202 0.716334
-1.48422 0.66616
-1.44033 0.66616
-1.51166 0.657234
-1.59396 0.720985
-1.62689 0.725652
-1.69273 0.802364
-1.66529 0.777977
-1.72565 0.807286
-1.6214 0.782824
-1.59396 0.782824
-1.59945 0.753967
-1.6214 0.773145
-1.60494 0.725652
-1.50617 0.702469
-1.61043 0.758739
-1.61043 0.744468
-1.53361 0.707076
-1.64883 0.802364
-1.65432 0.768328
-1.67078 0.777977
-1.58848 0.739742
-1.60494 0.763526
-1.58299 0.730333
-1.56653 0.720985
-1.57202 0.711697
-1.70919 0.787687
-1.65432 0.777977
-1.5775 0.707076
-1.50617 0.617809
-1.48422 0.567139
-1.53909 0.622129
-1.5775 0.697878
-1.56653 0.707076
-1.59945 0.739742
-1.60494 0.773145
-1.68724 0.797456
-1.7037 0.797456
-1.69822 0.787687
-1.52812 0.711697
-1.53909 0.707076
-1.53909 0.657234
-1.50617 0.639561
-1.45679 0.587988
-1.46776 0.604938
-1.51166 0.579603
-1.52263 0.604938
-1.58848 0.679663
-1.55007 0.707076
-1.58299 0.730333
-1.61591 0.768328
-1.72565 0.832124
-1.75309 0.852266
-1.61591 0.773145
-1.56653 0.758739
-1.59396 0.73503
-1.65981 0.792564
-1.68724 0.822144
-1.73114 0.837137
-1.73114 0.837137
-1.75309 0.852266
-1.70919 0.812224
-1.72565 0.837137
-1.7037 0.822144
-1.71468 0.842165
-1.65432 0.782824
-1.61043 0.730333
-1.67627 0.739742
-1.55007 0.643957
-1.51715 0.626465
-1.47874 0.622129
-1.44033 0.592203
-1.46228 0.579603
-1.43484 0.592203
-1.46228 0.622129
-1.55556 0.679663
-1.53909 0.693302
-1.4952 0.635181
-1.55556 0.670646
-1.52812 0.639561
-1.4513 0.604938
-1.52812 0.643957
-1.4513 0.587988
-1.55007 0.652793
-1.51166 0.592203
-1.50617 0.600678
-1.50617 0.630815
-1.60494 0.730333
-1.66529 0.753967
-1.62689 0.725652
-1.63237 0.720985
-1.61591 0.688741
-1.59396 0.652793
-1.56104 0.635181
-1.50617 0.600678
-1.50617 0.583788
-1.43484 0.575434
-1.47325 0.626465
-1.42387 0.613504
-1.44582 0.587988
-1.42936 0.55481
-1.45679 0.622129
-1.61591 0.648367
-1.4952 0.604938
-1.48422 0.626465
-1.53361 0.558905
-1.48422 0.558905
-1.43484 0.518637
-1.42936 0.55481
-1.46776 0.563015
-1.40741 0.510764
-1.52812 0.600678
-1.53361 0.563015
-1.59396 0.596433
-1.62689 0.652793
-1.61591 0.688741
-1.4952 0.635181
-1.45679 0.609213
-1.41289 0.609213
-1.39643 0.587988
-1.47325 0.604938
-1.42387 0.626465
-1.47325 0.670646
-1.46776 0.684194
-1.58299 0.730333
-1.56653 0.725652
-1.59396 0.73503
-1.68176 0.768328
-1.67627 0.807286
-1.61591 0.744468
-1.65432 0.782824
-1.67627 0.792564
-1.63237 0.797456
-1.69822 0.812224
-1.65432 0.797456
-1.67078 0.777977
-1.62689 0.74921
-1.65981 0.773145
-1.64883 0.753967
-1.53361 0.657234
-1.57202 0.716334
-1.61591 0.763526
-1.59396 0.763526
-1.64883 0.782824
-1.64335 0.787687
-1.65981 0.744468
-1.65981 0.763526
-1.61591 0.725652
-1.59396 0.739742
-1.65981 0.797456
-1.68724 0.812224
-1.63786 0.773145
-1.66529 0.777977
-1.65432 0.773145
-1.69273 0.802364
-1.68724 0.792564
-1.65432 0.773145
-1.59945 0.753967
-1.56653 0.702469
-1.58299 0.693302
-1.59396 0.684194
-1.59396 0.670646
-1.60494 0.670646
-1.4513 0.630815
-1.44033 0.613504
-1.43484 0.635181
-1.39095 0.583788
-1.38546 0.575434
-1.43484 0.604938
-1.46228 0.609213
-1.44582 0.579603
-1.41838 0.575434
-1.44033 0.558905
-1.47874 0.592203
-1.4513 0.596433
-1.4513 0.587988
-1.51166 0.609213
-1.46228 0.587988
-1.41838 0.483683
-1.46228 0.502951
-1.46228 0.479875
-1.41289 0.499068
-1.45679 0.50685
-1.47325 0.542617
-1.53909 0.592203
-1.46228 0.538583
-1.4952 0.542617
-1.50069 0.476081
-1.48422 0.502951
-1.44033 0.479875
-1.46776 0.530559
-1.48422 0.518637
-1.47874 0.563015
-1.4513 0.558905
-1.37449 0.52657
-1.40741 0.567139
-1.46776 0.575434
-1.43484 0.534564
-1.47325 0.563015
-1.44582 0.538583
-1.52812 0.643957
-1.56104 0.66169
-1.5775 0.675147
-1.63786 0.702469
-1.53909 0.652793
-1.63237 0.643957
-1.59945 0.66169
-1.67078 0.702469
-1.58299 0.66169
-1.53909 0.635181
-1.53909 0.587988
-1.48971 0.563015
-1.4952 0.579603
-1.56104 0.635181
-1.55007 0.635181
-1.50617 0.657234
-1.48422 0.630815
-1.4513 0.567139
-1.43484 0.592203
-1.55556 0.635181
-1.48422 0.592203
-1.51715 0.617809
-1.53361 0.579603
-1.61591 0.626465
-1.56653 0.639561
-1.5775 0.679663
-1.55007 0.652793
-1.44582 0.648367
-1.43484 0.592203
-1.40741 0.575434
-1.42936 0.534564
-1.39095 0.514693
-1.42936 0.502951
-1.50069 0.534564
-1.4513 0.491345
-1.52812 0.50685
-1.46776 0.487507
-1.37997 0.499068
-1.39095 0.483683
-1.4513 0.479875
-1.46228 0.487507
-1.46776 0.530559
-1.46776 0.583788
-1.54458 0.693302
-1.53361 0.670646
-1.53909 0.670646
-1.51166 0.657234
-1.59945 0.711697
-1.56104 0.725652
-1.62689 0.702469
-1.58299 0.693302
-1.60494 0.744468
-1.60494 0.73503
-1.61591 0.763526
-1.58299 0.702469
-1.64335 0.753967
-1.72016 0.802364
-1.61043 0.753967
-1.61591 0.744468
-1.59396 0.744468
-1.63786 0.753967
-1.67627 0.787687
-1.61043 0.763526
-1.64335 0.787687
-1.60494 0.744468
-1.58299 0.697878
-1.50069 0.693302
-1.56653 0.74921
-1.67078 0.787687
-1.58299 0.73503
-1.61591 0.73503
-1.58848 0.697878
-1.64335 0.73503
-1.60494 0.711697
-1.58299 0.716334
-1.68176 0.777977
-1.73114 0.817176
-1.74211 0.822144
-1.59945 0.707076
-1.64335 0.744468
-1.56104 0.716334
-1.59396 0.707076
-1.60494 0.716334
-1.58848 0.711697
-1.53909 0.702469
-1.43484 0.613504
-1.41838 0.609213
-1.52812 0.648367
-1.48422 0.657234
-1.4952 0.596433
-1.58848 0.639561
-1.55556 0.657234
-1.47325 0.617809
-1.47874 0.583788
-1.51715 0.613504
-1.54458 0.643957
-1.47325 0.596433
-1.48971 0.630815
-1.43484 0.639561
-1.47874 0.684194
-1.43484 0.657234
-1.52263 0.648367
-1.55007 0.720985
-1.59396 0.744468
-1.57202 0.73503
-1.55556 0.688741
-1.41838 0.613504
-1.51166 0.648367
-1.54458 0.66616
-1.62689 0.684194
-1.6214 0.657234
-1.58848 0.66616
-1.56653 0.684194
-1.6214 0.753967
-1.58848 0.744468
-1.55007 0.720985
-1.50617 0.657234
-1.44582 0.630815
-1.40741 0.575434
-1.51715 0.575434
-1.54458 0.626465
-1.53361 0.587988
-1.50069 0.622129
-1.55556 0.670646
-1.47325 0.630815
-1.53361 0.635181
-1.59945 0.707076
-1.55007 0.657234
-1.4952 0.626465
-1.55007 0.66616
-1.51715 0.635181
-1.57202 0.679663
-1.64335 0.711697
-1.57202 0.635181
-1.52812 0.626465
-1.6214 0.716334
-1.59396 0.702469
-1.6214 0.675147
-1.61591 0.679663
-1.58848 0.684194
-1.48422 0.613504
-1.58299 0.702469
-1.53361 0.684194
-1.4952 0.66616
-1.53361 0.720985
-1.58848 0.758739
-1.66529 0.797456
-1.7915 0.877781
-1.85734 0.903673
-1.75309 0.842165
-1.73114 0.822144
-1.68724 0.792564
-1.66529 0.758739
-1.56653 0.657234
-1.57202 0.688741
-1.61591 0.777977
-1.63237 0.773145
-1.63237 0.73503
-1.56653 0.688741
-1.48422 0.587988
-1.4952 0.639561
-1.46776 0.571279
-1.50617 0.609213
-1.53909 0.684194
-1.60494 0.684194
-1.65981 0.688741
-1.51715 0.630815
-1.54458 0.66169
-1.45679 0.609213
-1.47325 0.626465
-1.52812 0.66169
-1.50069 0.643957
-1.48422 0.609213
-1.46776 0.583788
-1.53909 0.643957
-1.44033 0.600678
-1.53909 0.66169
-1.51715 0.648367
-1.63237 0.675147
-1.61591 0.679663
-1.63237 0.679663
-1.63237 0.702469
-1.53361 0.630815
-1.58299 0.711697
-1.60494 0.730333
-1.5775 0.725652
-1.59396 0.716334
-1.50617 0.657234
-1.54458 0.670646
-1.41838 0.55481
-1.40741 0.530559
-1.42936 0.596433
-1.39095 0.550731
-1.42387 0.579603
-1.52263 0.657234
-1.53909 0.66169
-1.5775 0.711697
-1.65432 0.74921
-1.4952 0.657234
-1.58848 0.66169
-1.59945 0.720985
-1.55007 0.720985
-1.56104 0.716334
-1.59945 0.716334
-1.61591 0.730333
-1.59396 0.716334
-1.51166 0.688741
-1.54458 0.688741
-1.61591 0.763526
-1.66529 0.782824
-1.66529 0.807286
-1.51166 0.684194
-1.58299 0.73503
-1.61591 0.758739
-1.53361 0.697878
-1.47874 0.670646
-1.42387 0.617809
-1.4952 0.617809
-1.51715 0.675147
-1.59396 0.716334
-1.59945 0.744468
-1.62689 0.739742
-1.61591 0.730333
-1.66529 0.73503
-1.53361 0.670646
-1.50617 0.639561
-1.44582 0.579603
-1.42387 0.542617
-1.33608 0.45734
-1.44582 0.52657
-1.37449 0.472303
-1.40192 0.479875
-1.31413 0.483683
-1.33608 0.50685
-1.34705 0.52657
-1.4513 0.626465
-1.50617 0.622129
-1.52263 0.66616
-1.54458 0.679663
-1.55556 0.66616
-1.58848 0.707076
-1.56104 0.702469
-1.6214 0.725652
-1.58299 0.707076
-1.56653 0.697878
-1.61591 0.758739
-1.6214 0.773145
-1.69273 0.817176
-1.63786 0.768328
-1.63237 0.763526
-1.63786 0.74921
-1.64883 0.744468
-1.63786 0.744468
-1.48971 0.657234
-1.45679 0.652793
-1.53909 0.670646
-1.4952 0.639561
-1.51715 0.648367
-1.62689 0.711697
-1.53909 0.670646
-1.54458 0.716334
-1.47874 0.66169
-1.4952 0.66616
-1.44582 0.613504
-1.48422 0.604938
-1.59396 0.679663
-1.58299 0.702469
-1.58848 0.730333
-1.55556 0.716334
-1.58299 0.716334
-1.63237 0.777977
-1.58299 0.702469
-1.54458 0.693302
-1.61043 0.720985
-1.57202 0.697878
-1.61043 0.725652
-1.5775 0.702469
-1.64335 0.730333
-1.59945 0.753967
-1.59396 0.744468
-1.58299 0.744468
-1.51166 0.725652
-1.56653 0.744468
-1.61591 0.758739
-1.53909 0.707076
-1.59396 0.768328
-1.63237 0.744468
-1.61043 0.702469
-1.60494 0.707076
-1.48971 0.630815
-1.53361 0.617809
-1.48422 0.609213
-1.51715 0.657234
-1.38546 0.567139
-1.48971 0.558905
-1.45679 0.550731
-1.46228 0.510764
-1.52812 0.514693
-1.54458 0.592203
-1.4952 0.563015
-1.4513 0.50685
-1.43484 0.522596
-1.41289 0.518637
-1.39095 0.50685
-1.35254 0.449948
-1.41289 0.499068
-1.39095 0.522596
-1.42936 0.538583
-1.40192 0.530559
-1.29767 0.472303
-1.47325 0.534564
-1.37997 0.514693
-1.43484 0.567139
-1.46228 0.558905
-1.51166 0.600678
-1.58299 0.697878
-1.64335 0.711697
-1.63237 0.652793
-1.69822 0.702469
-1.57202 0.657234
-1.50069 0.617809
-1.55556 0.639561
-1.53361 0.675147
-1.59396 0.652793
-1.61591 0.635181
-1.58848 0.657234
-1.53361 0.630815
-1.47874 0.583788
-1.46776 0.550731
-1.48422 0.571279
-1.48422 0.55481
-1.45679 0.604938
-1.46228 0.542617
-1.51715 0.596433
-1.46228 0.613504
-1.48971 0.613504
-1.47874 0.600678
-1.60494 0.707076
-1.62689 0.74921
-1.61043 0.753967
-1.71468 0.802364
-1.64883 0.758739
-1.61591 0.758739
-1.58848 0.73503
-1.52812 0.707076
-1.6214 0.730333
-1.59396 0.730333
-1.60494 0.716334
-1.69273 0.797456
-1.60494 0.739742
-1.68176 0.782824
-1.74211 0.802364
-1.72565 0.787687
-1.69822 0.763526
-1.72016 0.802364
-1.67078 0.773145
-1.65432 0.763526
-1.67627 0.792564
-1.68724 0.787687
-1.72016 0.797456
-1.59396 0.763526
-1.55007 0.73503
-1.66529 0.812224
-1.65981 0.807286
-1.65981 0.787687
-1.5775 0.720985
-1.4952 0.635181
-1.44582 0.563015
-1.51715 0.635181
-1.4952 0.635181
-1.42936 0.592203
-1.42936 0.550731
-1.37449 0.542617
-1.46776 0.613504
-1.46776 0.571279
-1.369 0.550731
-1.4513 0.579603
-1.4952 0.622129
-1.47325 0.550731
-1.46776 0.583788
-1.58848 0.622129
-1.50617 0.530559
-1.51715 0.55481
-1.51715 0.550731
-1.44582 0.52657
-1.51715 0.604938
-1.44582 0.563015
-1.48971 0.670646
-1.53909 0.622129
-1.42936 0.600678
-1.56104 0.66616
-1.55007 0.66616
-1.51715 0.643957
-1.52263 0.613504
-1.52263 0.635181
-1.5775 0.675147
-1.43484 0.583788
-1.48422 0.563015
-1.48971 0.55481
-1.47874 0.583788
-1.41838 0.558905
-1.4513 0.55481
-1.41289 0.546667
-1.50617 0.567139
-1.43484 0.558905
-1.51715 0.583788
-1.47325 0.550731
-1.4513 0.530559
-1.42387 0.476081
-1.44582 0.449948
-1.28121 0.311698
-1.29767 0.35606
-1.29767 0.339878
-1.25377 0.343084
-1.23731 0.343084
-1.17695 0.330349
-1.15501 0.290623
-1.26475 0.320956
-1.33608 0.35606
-1.35802 0.389554
-1.33608 0.392986
-1.35254 0.410373
-1.46776 0.50685
-1.44582 0.510764
-1.37449 0.461058
-1.37449 0.483683
-1.36351 0.52657
-1.38546 0.514693
-1.369 0.50685
-1.41289 0.518637
-1.45679 0.550731
-1.53909 0.596433
-1.62689 0.626465
-1.52263 0.575434
-1.4952 0.592203
-1.47874 0.592203
-1.42936 0.567139
-1.40741 0.583788
-1.39095 0.558905
-1.48422 0.635181
-1.54458 0.657234
-1.51715 0.652793
-1.44033 0.575434
-1.46776 0.617809
-1.41838 0.538583
-1.46776 0.563015
-1.51715 0.55481
-1.46776 0.546667
-1.4952 0.575434
-1.46228 0.550731
-1.44582 0.542617
-1.48971 0.579603
-1.59396 0.679663
-1.62689 0.725652
-1.63237 0.73503
-1.56653 0.688741
-1.51166 0.617809
-1.51166 0.613504
-1.45679 0.546667
-1.46228 0.546667
-1.35802 0.514693
-1.44582 0.546667
-1.53909 0.609213
-1.4952 0.587988
-1.46776 0.550731
-1.53361 0.579603
-1.55556 0.567139
-1.54458 0.530559
-1.57202 0.530559
-1.51715 0.483683
-1.56653 0.514693
-1.51715 0.542617
-1.48971 0.510764
-1.42936 0.495199
-1.46228 0.499068
-1.50617 0.600678
-1.53361 0.604938
-1.59396 0.635181
-1.54458 0.617809
-1.52812 0.583788
-1.41838 0.534564
-1.47874 0.534564
-1.5775 0.630815
-1.48422 0.571279
-1.55007 0.609213
-1.60494 0.639561
-1.61591 0.648367
-1.50617 0.626465
-1.54458 0.675147
-1.52263 0.688741
-1.54458 0.66616
-1.46228 0.643957
-1.51715 0.679663
-1.50069 0.679663
-1.54458 0.702469
-1.55007 0.702469
-1.48422 0.648367
-1.51715 0.613504
-1.53909 0.657234
-1.48422 0.609213
-1.42936 0.579603
-1.50069 0.66616
-1.44033 0.626465
-1.52263 0.66169
-1.59396 0.711697
-1.59945 0.684194
-1.55556 0.635181
-1.54458 0.592203
-1.58848 0.622129
-1.46228 0.596433
-1.44582 0.558905
-1.38546 0.563015
-1.48971 0.622129
-1.52812 0.670646
-1.48971 0.609213
-1.50617 0.579603
-1.56653 0.622129
-1.51166 0.583788
-1.47874 0.643957
-1.51166 0.684194
-1.56104 0.707076
-1.6214 0.684194
-1.58299 0.66616
-1.53361 0.675147
-1.55007 0.684194
-1.53909 0.684194
-1.54458 0.707076
-1.5775 0.725652
-1.55556 0.679663
-1.52812 0.679663
-1.52812 0.657234
-1.52263 0.66169
-1.4952 0.630815
-1.47325 0.639561
-1.37997 0.579603
-1.51715 0.652793
-1.5775 0.688741
-1.63237 0.720985
-1.7037 0.763526
-1.55556 0.716334
-1.5775 0.707076
-1.56104 0.657234
-1.55007 0.66616
-1.55007 0.613504
-1.51715 0.635181
-1.51166 0.622129
-1.51715 0.617809
-1.50617 0.609213
-1.5775 0.675147
-1.56653 0.693302
-1.6214 0.716334
-1.61591 0.688741
-1.53909 0.630815
-1.51715 0.600678
-1.55007 0.635181
-1.61591 0.609213
-1.52263 0.542617
-1.55007 0.626465
-1.54458 0.657234
-1.4952 0.66616
-1.51715 0.639561
-1.53361 0.635181
-1.62689 0.702469
-1.47874 0.617809
-1.55007 0.622129
-1.53909 0.583788
-1.53909 0.609213
-1.53361 0.635181
-1.46228 0.563015
-1.43484 0.534564
-1.53909 0.622129
-1.53909 0.604938
-1.56653 0.639561
-1.52812 0.587988
-1.53909 0.626465
-1.63786 0.688741
-1.5775 0.600678
-1.52812 0.550731
-1.47325 0.530559
-1.52812 0.579603
-1.48971 0.583788
-1.48971 0.583788
-1.43484 0.563015
-1.40192 0.495199
-1.40741 0.476081
-1.42936 0.546667
-1.31413 0.50685
-1.37449 0.518637
-1.39643 0.510764
-1.47325 0.499068
-1.47874 0.583788
-1.50617 0.613504
-1.56104 0.679663
-1.53361 0.657234
-1.54458 0.613504
-1.52263 0.575434
-1.52812 0.563015
-1.56104 0.622129
-1.51715 0.622129
-1.58299 0.652793
-1.54458 0.675147
-1.48971 0.643957
-1.55007 0.675147
-1.59396 0.720985
-1.58848 0.73503
-1.65432 0.768328
-1.65981 0.773145
-1.64335 0.763526
-1.64335 0.782824
-1.51715 0.693302
-1.44033 0.617809
-1.44582 0.635181
-1.55556 0.693302
-1.52263 0.679663
-1.48422 0.648367
-1.45679 0.596433
-1.60494 0.66616
-1.51715 0.66616
-1.58299 0.711697
-1.57202 0.679663
-1.61591 0.697878
-1.62689 0.725652
-1.50069 0.657234
-1.52812 0.635181
-1.51166 0.617809
-1.53909 0.66616
-1.50069 0.652793
-1.53361 0.688741
-1.4952 0.635181
-1.48422 0.648367
-1.46776 0.600678
-1.50617 0.583788
-1.48422 0.571279
-1.58299 0.626465
-1.50617 0.596433
-1.55007 0.609213
-1.56104 0.600678
-1.47874 0.534564
-1.46228 0.534564
-1.5775 0.617809
-1.53909 0.596433
-1.4952 0.563015
-1.50617 0.630815
-1.51715 0.635181
-1.58848 0.657234
-1.59396 0.66169
-1.53909 0.643957
-1.54458 0.679663
-1.5775 0.684194
-1.53361 0.657234
-1.52812 0.609213
-1.58299 0.688741
-1.5775 0.697878
-1.46776 0.613504
-1.48971 0.609213
-1.54458 0.609213
-1.52263 0.613504
-1.55007 0.617809
-1.47874 0.571279
-1.46776 0.55481
-1.46776 0.538583
-1.44582 0.472303
-1.4513 0.446275
-1.37997 0.413895
-1.43484 0.518637
-1.44033 0.502951
-1.46228 0.579603
-1.52263 0.613504
-1.48422 0.583788
-1.54458 0.66616
-1.59945 0.66169
-1.54458 0.66169
-1.50617 0.657234
-1.40741 0.579603
-1.43484 0.617809
-1.50069 0.648367
-1.5775 0.679663
-1.61591 0.684194
-1.61591 0.702469
-1.54458 0.657234
-1.44582 0.587988
-1.47325 0.567139
-1.48422 0.592203
-1.57202 0.679663
-1.58299 0.639561
-1.52812 0.635181
-1.52263 0.652793
-1.55007 0.670646
-1.59945 0.693302
-1.58848 0.725652
-1.56653 0.693302
-1.56104 0.684194
-1.55007 0.675147
-1.56104 0.652793
-1.53909 0.648367
-1.53909 0.657234
-1.56104 0.679663
-1.57202 0.652793
-1.52812 0.657234
-1.53909 0.652793
-1.59396 0.693302
-1.63237 0.768328
-1.57202 0.720985
-1.53361 0.693302
-1.54458 0.720985
-1.56653 0.688741
-1.5775 0.707076
-1.61591 0.707076
-1.54458 0.702469
-1.48422 0.684194
-1.53361 0.711697
-1.52263 0.707076
-1.59396 0.758739
-1.52812 0.684194
-1.50069 0.657234
-1.60494 0.739742
-1.53361 0.643957
-1.56653 0.684194
-1.53909 0.684194
-1.62689 0.73503
-1.56104 0.688741
-1.63237 0.711697
-1.59396 0.684194
-1.68176 0.768328
-1.64335 0.768328
-1.61043 0.753967
-1.63786 0.763526
-1.55007 0.720985
-1.59945 0.758739
-1.61043 0.782824
-1.60494 0.744468
-1.69273 0.817176
-1.69273 0.822144
-1.75309 0.852266
-1.7476 0.852266
-1.75857 0.862427
-1.68176 0.812224
-1.67078 0.807286
-1.65432 0.758739
-1.76406 0.812224
-1.67627 0.768328
-1.65432 0.787687
-1.64335 0.777977
-1.64883 0.802364
-1.73114 0.817176
-1.67627 0.758739
-1.61043 0.711697
-1.70919 0.758739
-1.58299 0.679663
-1.62689 0.725652
-1.62689 0.744468
-1.58848 0.711697
-1.52812 0.652793
-1.51715 0.707076
-1.58848 0.744468
-1.63237 0.739742
-1.62689 0.74921
-1.59945 0.73503
-1.53361 0.693302
-1.57202 0.730333
-1.56653 0.74921
-1.56653 0.720985
-1.53361 0.725652
-1.57202 0.720985
-1.65981 0.777977
-1.58299 0.744468
-1.68724 0.827127
-1.69273 0.792564
-1.66529 0.777977
-1.64335 0.777977
-1.63786 0.777977
-1.6214 0.768328
-1.6214 0.768328
-1.58299 0.730333
-1.57202 0.725652
-1.58299 0.720985
-1.63237 0.758739
-1.59396 0.725652
-1.60494 0.739742
-1.68724 0.807286
-1.58848 0.744468
-1.61591 0.73503
-1.63786 0.730333
-1.61043 0.711697
-1.61043 0.697878
-1.6214 0.74921
-1.63786 0.730333
-1.52263 0.684194
-1.51715 0.675147
-1.55007 0.707076
-1.47874 0.626465
-1.44582 0.558905
-1.39643 0.563015
-1.31413 0.50685
-1.35254 0.461058
-1.40192 0.50685
-1.35802 0.538583
-1.4513 0.587988
-1.55556 0.66616
-1.65432 0.730333
-1.67627 0.716334
-1.64883 0.739742
-1.64335 0.744468
-1.55556 0.702469
-1.5775 0.707076
-1.61591 0.753967
-1.63237 0.758739
-1.67627 0.768328
-1.62689 0.73503
-1.58299 0.725652
-1.64335 0.773145
-1.63237 0.73503
-1.56104 0.66169
-1.59945 0.74921
-1.63237 0.792564
-1.58848 0.768328
-1.61043 0.739742
-1.61591 0.753967
-1.55007 0.697878
-1.53909 0.657234
-1.6214 0.684194
-1.6214 0.716334
-1.63786 0.73503
-1.66529 0.697878
-1.53361 0.630815
-1.5775 0.622129
-1.59396 0.643957
-1.51166 0.600678
-1.4952 0.567139
-1.55007 0.558905
-1.52812 0.592203
-1.52263 0.630815
-1.50617 0.592203
-1.51715 0.622129
-1.45679 0.534564
-1.50617 0.622129
-1.53361 0.617809
-1.55556 0.643957
-1.55007 0.626465
-1.44033 0.542617
-1.51166 0.558905
-1.46776 0.530559
-1.51715 0.546667
-1.44033 0.558905
-1.39643 0.476081
-1.53361 0.522596
-1.45679 0.491345
-1.53361 0.502951
-1.52812 0.510764
-1.44033 0.491345
-1.50069 0.518637
-1.48971 0.55481
-1.50617 0.518637
-1.51715 0.538583
-1.51166 0.510764
-1.48422 0.518637
-1.41289 0.476081
-1.44033 0.534564
-1.42387 0.50685
-1.56653 0.617809
-1.54458 0.648367
-1.60494 0.707076
-1.57202 0.657234
-1.55556 0.626465
-1.58299 0.613504
-1.58848 0.670646
-1.56653 0.643957
-1.54458 0.575434
-1.43484 0.530559
-1.44033 0.530559
-1.50069 0.55481
-1.53361 0.609213
-1.51715 0.622129
-1.48971 0.617809
-1.56104 0.697878
-1.54458 0.66169
-1.53909 0.66616
-1.51166 0.66169
-1.57202 0.688741
-1.58299 0.688741
-1.52812 0.587988
-1.51715 0.592203
-1.53361 0.609213
-1.59945 0.657234
-1.48422 0.617809
-1.44033 0.563015
-1.48971 0.609213
-1.50069 0.657234
-1.50617 0.613504
-1.50617 0.592203
-1.47325 0.579603
-1.46776 0.534564
-1.44033 0.522596
-1.48422 0.596433
-1.51715 0.617809
-1.56653 0.630815
-1.51166 0.630815
-1.55007 0.684194
-1.52812 0.648367
-1.59945 0.688741
-1.58848 0.730333
-1.52812 0.684194
-1.6214 0.716334
-1.61591 0.74921
-1.52812 0.675147
-1.57202 0.716334
-1.61591 0.744468
-1.66529 0.777977
-1.68724 0.817176
-1.67078 0.802364
-1.66529 0.817176
-1.69273 0.822144
-1.6214 0.74921
-1.58848 0.702469
-1.60494 0.716334
-1.63786 0.758739
-1.6214 0.758739
-1.68176 0.797456
-1.63237 0.74921
-1.67078 0.773145
-1.66529 0.792564
-1.67078 0.797456
-1.7037 0.837137
-1.69822 0.817176
-1.75857 0.872648
-1.71468 0.837137
-1.72565 0.842165
-1.64883 0.802364
-1.61043 0.768328
-1.63237 0.792564
-1.55556 0.697878
-1.55007 0.720985
-1.51166 0.702469
-1.52812 0.720985
-1.55007 0.679663
-1.57202 0.702469
-1.59396 0.720985
-1.61043 0.725652
-1.53909 0.684194
-1.61043 0.753967
-1.60494 0.74921
-1.64883 0.782824
-1.63786 0.768328
-1.65981 0.782824
-1.57202 0.739742
-1.59945 0.725652
-1.52263 0.675147
-1.53361 0.670646
-1.51166 0.652793
-1.53361 0.688741
-1.58848 0.688741
-1.52812 0.639561
-1.47874 0.639561
-1.4952 0.657234
-1.42936 0.596433
-1.47325 0.626465
-1.37997 0.567139
-1.41289 0.617809
-1.52263 0.622129
-1.41838 0.592203
-1.50069 0.643957
-1.55007 0.697878
-1.54458 0.643957
-1.51166 0.630815
-1.4513 0.571279
-1.43484 0.55481
-1.38546 0.550731
-1.34705 0.522596
-1.41289 0.495199
-1.4513 0.510764
-1.46228 0.596433
-1.50069 0.622129
-1.50069 0.604938
-1.4952 0.617809
-1.45679 0.592203
-1.46228 0.583788
-1.37997 0.52657
-1.46776 0.592203
-1.44033 0.587988
-1.55007 0.596433
-1.47325 0.617809
-1.44582 0.550731
-1.46776 0.571279
-1.43484 0.575434
-1.46776 0.587988
-1.43484 0.587988
-1.44582 0.613504
-1.44582 0.587988
-1.56104 0.66616
-1.58848 0.684194
-1.44033 0.639561
-1.44582 0.600678
-1.4952 0.626465
-1.52812 0.604938
-1.43484 0.563015
-1.4952 0.596433
-1.42387 0.571279
-1.42387 0.583788
-1.47874 0.600678
-1.48971 0.648367
-1.52263 0.626465
-1.4513 0.596433
-1.51166 0.652793
-1.51715 0.635181
-1.53909 0.66169
-1.56653 0.688741
-1.64883 0.773145
-1.58848 0.711697
-1.60494 0.739742
-1.64335 0.768328
-1.64335 0.768328
-1.59396 0.758739
-1.69822 0.827127
-1.71468 0.817176
-1.69273 0.827127
-1.57202 0.744468
-1.59396 0.744468
-1.55556 0.670646
-1.59396 0.716334
-1.64883 0.753967
-1.63786 0.66169
-1.59945 0.652793
-1.57202 0.684194
-1.63237 0.720985
-1.58848 0.73503
-1.56653 0.716334
-1.58848 0.73503
-1.59396 0.73503
-1.57202 0.730333
-1.52812 0.730333
-1.6214 0.763526
-1.60494 0.753967
-1.60494 0.744468
-1.63237 0.753967
-1.58299 0.730333
-1.62689 0.744468
-1.64335 0.768328
-1.62689 0.744468
-1.58299 0.73503
-1.53909 0.707076
-1.60494 0.758739
-1.60494 0.739742
-1.56104 0.684194
-1.57202 0.643957
-1.60494 0.688741
-1.67627 0.730333
-1.59945 0.670646
-1.6214 0.675147
-1.64335 0.716334
-1.51715 0.66616
-1.52263 0.648367
-1.46228 0.622129
-1.48422 0.630815
-1.46776 0.622129
-1.34705 0.530559
-1.30316 0.510764
-1.33608 0.495199
-1.33608 0.502951
-1.40192 0.558905
-1.46228 0.609213
-1.52263 0.622129
-1.5775 0.679663
-1.52812 0.688741
-1.58299 0.707076
-1.58299 0.707076
-1.56104 0.720985
-1.61591 0.716334
-1.58848 0.688741
-1.53909 0.679663
-1.47325 0.635181
-1.52812 0.643957
-1.4952 0.626465
-1.51166 0.652793
-1.55556 0.684194
-1.50617 0.652793
-1.51166 0.626465
-1.60494 0.679663
-1.59945 0.66169
-1.56104 0.648367
-1.45679 0.583788
-1.50069 0.613504
-1.54458 0.66616
-1.51166 0.657234
-1.46228 0.617809
-1.41838 0.587988
-1.53909 0.693302
-1.44033 0.626465
-1.42387 0.609213
-1.43484 0.558905
-1.50617 0.567139
-1.56104 0.622129
-1.58848 0.635181
-1.47325 0.579603
-1.42387 0.518637
-1.4513 0.575434
-1.51166 0.567139
-1.48422 0.563015
-1.45679 0.550731
-1.39643 0.542617
-1.44582 0.587988
-1.41838 0.575434
-1.50069 0.648367
-1.57202 0.657234
-1.58299 0.702469
-1.50617 0.66169
-1.55007 0.711697
-1.56653 0.711697
-1.55556 0.707076
-1.52812 0.66169
-1.52263 0.693302
-1.47874 0.66169
-1.57202 0.693302
-1.62689 0.711697
-1.52812 0.657234
-1.51715 0.635181
-1.52263 0.613504
-1.56653 0.630815
-1.60494 0.652793
-1.51166 0.652793
-1.53909 0.639561
-1.52812 0.630815
-1.57202 0.66616
-1.58848 0.684194
-1.56653 0.679663
-1.55556 0.675147
-1.47325 0.609213
-1.4513 0.626465
-1.52812 0.679663
-1.52812 0.693302
-1.53361 0.643957
-1.53909 0.635181
-1.4952 0.622129
-1.58299 0.707076
-1.56104 0.688741
-1.52263 0.639561
-1.48971 0.587988
-1.47874 0.600678
-1.46228 0.571279
-1.43484 0.583788
-1.46776 0.571279
-1.369 0.453636
-1.41289 0.417433
-1.47325 0.438974
-1.4513 0.413895
-1.42936 0.389554
-1.39095 0.424553
-1.40192 0.413895
-1.34705 0.396433
-1.36351 0.420986
-1.46228 0.514693
-1.55007 0.604938
-1.45679 0.538583
-1.58299 0.583788
-1.51715 0.558905
-1.53909 0.571279
-1.53361 0.583788
-1.52263 0.604938
-1.61043 0.617809
-1.6214 0.679663
-1.58299 0.688741
-1.6214 0.697878
-1.55556 0.679663
-1.50617 0.652793
-1.56653 0.648367
-1.53361 0.587988
-1.53361 0.55481
-1.46776 0.522596
-1.48422 0.499068
-1.52263 0.487507
-1.4952 0.453636
-1.4952 0.472303
-1.4952 0.472303
-1.45679 0.453636
-1.41289 0.403373
-1.39643 0.464791
-1.47325 0.546667
-1.48971 0.571279
-1.44033 0.550731
-1.41838 0.575434
-1.46228 0.583788
-1.42936 0.534564
-1.46776 0.579603
-1.50617 0.579603
-1.47325 0.592203
-1.35254 0.453636
-1.37997 0.438974
-1.40741 0.499068
-1.47325 0.558905
-1.48971 0.538583
-1.48971 0.50685
-1.41289 0.487507
-1.50617 0.52657
-1.55556 0.550731
-1.47874 0.50685
-1.48971 0.446275
-1.38546 0.399896
-1.38546 0.382735
-1.40741 0.392986
-1.51715 0.510764
-1.51166 0.52657
-1.47874 0.558905
-1.41289 0.487507
-1.41838 0.483683
-1.40741 0.534564
-1.50617 0.626465
-1.58848 0.684194
-1.55007 0.707076
-1.67078 0.763526
-1.59396 0.739742
-1.67627 0.753967
-1.58848 0.702469
-1.56653 0.739742
-1.50069 0.652793
-1.51715 0.693302
-1.45679 0.600678
-1.40192 0.575434
-1.34156 0.518637
-1.31962 0.483683
-1.45679 0.542617
-1.53361 0.534564
-1.52812 0.571279
-1.50617 0.575434
-1.42387 0.52657
-1.41838 0.534564
-1.41838 0.491345
-1.45679 0.510764
-1.55556 0.596433
-1.55556 0.575434
-1.51166 0.575434
-1.52263 0.626465
-1.58299 0.725652
-1.57202 0.716334
-1.59396 0.702469
-1.55007 0.702469
-1.52263 0.688741
-1.58299 0.702469
-1.61591 0.739742
-1.53909 0.66616
-1.48422 0.639561
-1.44582 0.617809
-1.45679 0.592203
-1.52812 0.630815
-1.48422 0.622129
-1.51166 0.670646
-1.55007 0.693302
-1.59396 0.725652
-1.64335 0.768328
-1.63786 0.739742
-1.63786 0.716334
-1.65981 0.787687
-1.54458 0.716334
-1.61043 0.758739
-1.58848 0.716334
-1.58299 0.711697
-1.6214 0.773145
-1.63237 0.744468
-1.66529 0.802364
-1.59945 0.758739
-1.58299 0.739742
-1.53361 0.675147
-1.67078 0.753967
-1.63786 0.730333
-1.63786 0.725652
-1.64335 0.720985
-1.57202 0.670646
-1.46776 0.622129
-1.50617 0.613504
-1.43484 0.587988
-1.53361 0.635181
-1.56104 0.652793
-1.57202 0.622129
-1.48971 0.596433
-1.4513 0.546667
-1.41289 0.587988
-1.50617 0.604938
-1.48971 0.596433
-1.44582 0.613504
-1.51715 0.626465
-1.40741 0.546667
-1.3251 0.483683
-1.39095 0.491345
-1.48971 0.55481
-1.48422 0.518637
-1.53361 0.563015
-1.55007 0.538583
-1.46228 0.558905
-1.46776 0.587988
-1.4952 0.530559
-1.51166 0.534564
-1.48971 0.510764
-1.52812 0.563015
-1.51715 0.522596
-1.45679 0.495199
-1.47874 0.453636
-1.40192 0.406865
-1.34156 0.417433
-1.4513 0.399896
-1.43484 0.372619
-1.35802 0.302575
-1.30864 0.278911
-1.34705 0.324072
-1.39095 0.362639
-1.41838 0.403373
-1.44582 0.410373
-1.42387 0.406865
-1.42936 0.417433
-1.41289 0.435347
-1.35254 0.413895
-1.3251 0.431734
-1.28669 0.349542
-1.24829 0.33351
-1.34705 0.327203
-1.4513 0.487507
-1.51166 0.530559
-1.4952 0.495199
-1.39643 0.487507
-1.42936 0.558905
-1.52812 0.626465
-1.48422 0.609213
-1.56104 0.675147
-1.50617 0.635181
-1.47874 0.635181
-1.55007 0.670646
-1.56653 0.66169
-1.66529 0.716334
-1.61043 0.730333
-1.55007 0.702469
-1.59945 0.697878
-1.53909 0.648367
-1.61591 0.720985
-1.61043 0.697878
-1.55556 0.652793
-1.57202 0.702469
-1.50617 0.609213
-1.54458 0.600678
-1.51166 0.522596
-1.51166 0.546667
-1.51715 0.52657
-1.42936 0.428136
-1.47325 0.424553
-1.54458 0.428136
-1.48422 0.403373
-1.48422 0.379348
-1.40192 0.346306
-1.42936 0.386137
-1.41838 0.420986
-1.53361 0.502951
-1.59396 0.476081
-1.58299 0.491345
-1.63786 0.558905
-1.53909 0.495199
-1.59396 0.502951
-1.60494 0.495199
-1.52812 0.438974
-1.56104 0.442617
-1.50617 0.413895
-1.55556 0.428136
-1.55556 0.403373
-1.56104 0.420986
-1.53909 0.468539
-1.57202 0.502951
-1.4952 0.442617
-1.44582 0.438974
-1.38546 0.343084
-1.42387 0.35606
-1.40741 0.36595
-1.42936 0.352794
-1.40192 0.369277
-1.369 0.369277
-1.42387 0.420986
-1.38546 0.410373
-1.44033 0.435347
-1.4513 0.468539
-1.42936 0.446275
-1.44033 0.487507
-1.40741 0.435347
-1.41289 0.392986
-1.41838 0.413895
-1.40192 0.420986
-1.51715 0.45734
-1.46776 0.461058
-1.52812 0.476081
-1.46228 0.476081
-1.53909 0.479875
-1.46776 0.453636
-1.47874 0.461058
-1.42936 0.406865
-1.40192 0.428136
-1.42387 0.495199
-1.44033 0.50685
-1.47325 0.52657
-1.54458 0.596433
-1.50069 0.609213
-1.52263 0.626465
-1.52263 0.679663
-1.55007 0.73503
-1.52263 0.711697
-1.55007 0.702469
-1.57202 0.688741
-1.55556 0.720985
-1.58848 0.716334
-1.54458 0.657234
-1.54458 0.697878
-1.5775 0.720985
-1.61591 0.725652
-1.58299 0.711697
-1.53361 0.643957
-1.53909 0.684194
-1.59396 0.684194
-1.57202 0.688741
-1.59396 0.670646
-1.59396 0.716334
-1.64883 0.777977
-1.5775 0.744468
-1.65432 0.797456
-1.59945 0.739742
-1.58848 0.74921
-1.56104 0.711697
-1.5775 0.73503
-1.61043 0.768328
-1.56104 0.716334
-1.54458 0.716334
-1.59945 0.744468
-1.60494 0.782824
-1.58848 0.730333
-1.52812 0.679663
-1.51715 0.711697
-1.50617 0.716334
-1.56653 0.697878
-1.54458 0.684194
-1.50069 0.697878
-1.46228 0.675147
-1.48422 0.657234
-1.46228 0.639561
-1.46228 0.613504
-1.55007 0.66169
-1.53909 0.688741
-1.57202 0.697878
-1.56653 0.702469
-1.53909 0.635181
-1.52812 0.679663
-1.54458 0.725652
-1.56653 0.739742
-1.64335 0.763526
-1.59396 0.744468
-1.72016 0.822144
-1.69273 0.822144
-1.67078 0.817176
-1.72016 0.837137
-1.59945 0.73503
-1.4952 0.675147
-1.59945 0.684194
-1.64883 0.675147
-1.57202 0.648367
-1.58848 0.643957
-1.59396 0.652793
-1.61043 0.679663
-1.57202 0.66616
-1.59396 0.716334
-1.58848 0.697878
-1.64335 0.720985
-1.62689 0.675147
-1.63786 0.643957
-1.69273 0.711697
-1.65432 0.684194
-1.60494 0.648367
-1.67078 0.639561
-1.59396 0.596433
-1.61591 0.583788
-1.61591 0.592203
-1.5775 0.626465
-1.60494 0.609213
-1.59945 0.626465
-1.54458 0.587988
-1.52263 0.583788
-1.47874 0.558905
-1.48422 0.534564
-1.46776 0.479875
-1.44582 0.472303
-1.42936 0.472303
-1.50617 0.435347
-1.55007 0.495199
-1.50069 0.514693
-1.47874 0.522596
-1.42936 0.472303
-1.55556 0.575434
-1.35802 0.50685
-1.42936 0.487507
-1.37997 0.464791
-1.38546 0.491345
-1.39095 0.52657
-1.36351 0.487507
-1.42387 0.499068
-1.46776 0.52657
-1.46776 0.558905
-1.44033 0.534564
-1.4952 0.542617
-1.47874 0.522596
-1.39643 0.55481
-1.48422 0.604938
-1.46776 0.622129
-1.46228 0.617809
-1.52263 0.643957
-1.56104 0.670646
-1.51715 0.679663
-1.39643 0.626465
-1.55556 0.725652
-1.53361 0.707076
-1.50069 0.648367
-1.55007 0.697878
-1.56653 0.725652
-1.56653 0.711697
-1.58848 0.730333
-1.55556 0.693302
-1.54458 0.707076
-1.54458 0.688741
-1.52812 0.648367
-1.45679 0.617809
-1.4952 0.679663
-1.53361 0.711697
-1.53909 0.670646
-1.52812 0.643957
-1.42387 0.609213
-1.47874 0.66616
-1.5775 0.702469
-1.64335 0.758739
-1.65432 0.768328
-1.67078 0.817176
-1.64335 0.777977
-1.58299 0.744468
-1.57202 0.716334
-1.61591 0.74921
-1.69822 0.807286
-1.72565 0.812224
-1.62689 0.773145
-1.58848 0.74921
-1.43484 0.596433
-1.48422 0.609213
-1.51715 0.604938
-1.44033 0.514693
-1.40741 0.534564
-1.46776 0.563015
-1.57202 0.675147
-1.50617 0.639561
-1.53361 0.648367
-1.54458 0.688741
-1.53909 0.693302
-1.63237 0.777977
-1.64335 0.782824
-1.69822 0.812224
-1.60494 0.782824
-1.78052 0.877781
-1.77503 0.862427
-1.69822 0.817176
-1.61043 0.753967
-1.56653 0.739742
-1.59396 0.758739
-1.51715 0.684194
-1.55007 0.697878
-1.50617 0.66169
-1.57202 0.66616
-1.53909 0.648367
-1.59945 0.693302
-1.55007 0.66616
-1.55007 0.630815
-1.44582 0.587988
-1.37997 0.495199
-1.42936 0.522596
-1.39095 0.558905
-1.51166 0.648367
-1.50617 0.626465
-1.4513 0.583788
-1.56104 0.622129
-1.5775 0.609213
-1.54458 0.657234
-1.55007 0.66169
-1.50069 0.600678
-1.47874 0.617809
-1.52263 0.587988
-1.58299 0.604938
-1.56104 0.626465
-1.55556 0.688741
-1.61043 0.725652
-1.73663 0.822144
-1.57202 0.697878
-1.60494 0.684194
-1.57202 0.711697
-1.51166 0.670646
-1.4952 0.693302
-1.59396 0.753967
-1.57202 0.73503
-1.59945 0.74921
-1.65981 0.802364
-1.62689 0.758739
-1.59396 0.73503
-1.46776 0.66169
-1.54458 0.679663
-1.51166 0.66616
-1.51166 0.693302
-1.58299 0.707076
-1.56104 0.707076
-1.65981 0.782824
-1.61591 0.758739
-1.53909 0.725652
-1.53361 0.684194
-1.5775 0.693302
-1.62689 0.697878
-1.56104 0.596433
-1.50617 0.617809
-1.46228 0.630815
-1.51166 0.675147
-1.44582 0.613504
-1.50617 0.609213
-1.4952 0.604938
-1.44582 0.571279
-1.46776 0.530559
-1.54458 0.583788
-1.55007 0.657234
-1.53909 0.622129
-1.47325 0.530559
-1.42936 0.487507
-1.4513 0.50685
-1.42936 0.495199
-1.45679 0.567139
-1.45679 0.542617
-1.46776 0.491345
-1.40192 0.461058
-1.43484 0.495199
-1.48422 0.50685
-1.56104 0.579603
-1.53909 0.587988
-1.44582 0.538583
-1.48971 0.579603
-1.44033 0.567139
-1.46228 0.600678
-1.50617 0.617809
-1.48971 0.604938
-1.4952 0.622129
-1.4952 0.643957
-1.54458 0.639561
-1.51166 0.639561
-1.53909 0.675147
-1.54458 0.670646
-1.56653 0.670646
-1.48971 0.626465
-1.46228 0.604938
-1.39643 0.558905
-1.52812 0.617809
-1.53909 0.630815
-1.53909 0.684194
-1.51715 0.675147
-1.64883 0.777977
-1.65981 0.773145
-1.66529 0.782824
-1.65981 0.777977
-1.63786 0.782824
-1.59396 0.74921
-1.57202 0.730333
-1.57202 0.693302
-1.51166 0.652793
-1.55007 0.684194
-1.64335 0.739742
-1.62689 0.768328
-1.54458 0.720985
-1.54458 0.675147
-1.55556 0.684194
-1.48971 0.622129
-1.4952 0.609213
-1.5775 0.702469
-1.66529 0.74921
-1.60494 0.716334
-1.56653 0.688741
-1.61043 0.716334
-1.6214 0.730333
-1.61043 0.744468
-1.63786 0.711697
-1.55556 0.66616
-1.58848 0.679663
-1.60494 0.720985
-1.65981 0.725652
-1.59945 0.73503
-1.54458 0.684194
-1.59945 0.720985
-1.73663 0.787687
-1.67627 0.73503
-1.61591 0.711697
-1.5775 0.684194
-1.63237 0.74921
-1.5775 0.73503
-1.55007 0.720985
-1.57202 0.73503
-1.51715 0.670646
-1.53909 0.720985
-1.4513 0.635181
-1.42387 0.571279
-1.50069 0.583788
-1.53909 0.596433
-1.59396 0.626465
-1.48422 0.571279
-1.57202 0.613504
-1.52812 0.542617
-1.54458 0.579603
-1.55556 0.596433
-1.58848 0.693302
-1.50617 0.596433
-1.50069 0.600678
-1.51715 0.592203
-1.47874 0.604938
-1.47325 0.617809
-1.47325 0.604938
-1.4513 0.583788
-1.51715 0.609213
-1.45679 0.579603
-1.50069 0.600678
-1.45679 0.609213
-1.48971 0.592203
-1.46228 0.579603
-1.48422 0.609213
-1.51166 0.639561
-1.51715 0.66169
-1.51166 0.670646
-1.50069 0.635181
-1.54458 0.697878
-1.51166 0.684194
-1.58848 0.73503
-1.56653 0.739742
-1.6214 0.768328
-1.59945 0.773145
-1.63786 0.792564
-1.64883 0.792564
-1.59945 0.744468
-1.53361 0.688741
-1.55007 0.675147
-1.56104 0.693302
-1.56653 0.725652
-1.43484 0.613504
-1.52263 0.657234
-1.43484 0.609213
-1.37449 0.542617
-1.38546 0.571279
-1.4952 0.622129
-1.47325 0.613504
-1.50069 0.534564
-1.48422 0.558905
-1.51166 0.50685
-1.4952 0.546667
-1.43484 0.530559
-1.44033 0.491345
-1.46228 0.518637
-1.34705 0.510764
-1.3251 0.396433
-1.35802 0.417433
-1.36351 0.362639
-1.34156 0.359342
-1.43484 0.453636
-1.41838 0.449948
-1.3251 0.375976
-1.36351 0.45734
-1.33608 0.518637
-1.46776 0.592203
-1.43484 0.55481
-1.43484 0.514693
-1.48422 0.592203
-1.47325 0.575434
-1.53909 0.604938
-1.53361 0.587988
-1.58299 0.66616
-1.52263 0.622129
-1.41289 0.542617
-1.48971 0.538583
-1.44033 0.571279
-1.42936 0.600678
-1.45679 0.579603
-1.42936 0.575434
-1.51715 0.579603
-1.52812 0.579603
-1.59396 0.66616
-1.53909 0.600678
-1.58299 0.604938
-1.47325 0.592203
-1.51715 0.635181
-1.50617 0.583788
-1.5775 0.575434
-1.56653 0.626465
-1.51166 0.600678
-1.50617 0.604938
-1.42936 0.567139
-1.47874 0.558905
-1.50069 0.609213
-1.57202 0.613504
-1.51715 0.575434
-1.47874 0.579603
-1.45679 0.600678
-1.59945 0.693302
-1.5775 0.66169
-1.56104 0.66616
-1.59945 0.684194
-1.61591 0.679663
-1.64883 0.716334
-1.63237 0.675147
-1.50069 0.600678
-1.38546 0.579603
-1.50617 0.657234
-1.56104 0.684194
-1.58848 0.688741
-1.59396 0.688741
-1.61591 0.73503
-1.61043 0.697878
-1.51715 0.648367
-1.47874 0.587988
-1.53361 0.609213
-1.45679 0.600678
-1.47325 0.609213
-1.50069 0.643957
-1.61043 0.679663
-1.51715 0.617809
-1.56104 0.587988
-1.52263 0.596433
-1.48422 0.575434
-1.48422 0.575434
-1.50617 0.558905
-1.4952 0.575434
-1.56653 0.55481
-1.46228 0.546667
-1.42387 0.522596
-1.31962 0.487507
-1.29767 0.50685
-1.39095 0.538583
-1.45679 0.546667
-1.55556 0.579603
-1.50069 0.502951
-1.44033 0.472303
-1.41838 0.491345
-1.44033 0.510764
-1.46228 0.542617
-1.41838 0.50685
-1.41289 0.50685
-1.43484 0.50685
-1.41289 0.510764
-1.39095 0.514693
-1.38546 0.502951
-1.40192 0.510764
-1.41838 0.52657
-1.40741 0.483683
-1.36351 0.499068
-1.46776 0.522596
-1.4513 0.487507
-1.44582 0.499068
-1.44033 0.491345
-1.52263 0.518637
-1.52263 0.546667
-1.53361 0.52657
-1.42387 0.495199
-1.48971 0.567139
-1.51715 0.558905
-1.53909 0.563015
-1.40741 0.502951
-1.45679 0.579603
-1.38546 0.514693
-1.39643 0.50685
-1.41838 0.563015
-1.41838 0.546667
-1.52812 0.630815
-1.55007 0.66169
-1.52812 0.643957
-1.61043 0.648367
-1.58848 0.648367
-1.57202 0.609213
-1.63786 0.652793
-1.58299 0.613504
-1.42387 0.550731
-1.51715 0.613504
-1.52812 0.592203
-1.50069 0.587988
-1.51715 0.66169
-1.54458 0.670646
-1.48971 0.596433
-1.48422 0.575434
-1.46776 0.558905
-1.4513 0.563015
-1.50617 0.617809
-1.52263 0.652793
-1.50617 0.66616
-1.53361 0.657234
-1.57202 0.688741
-1.63786 0.716334
-1.60494 0.66616
-1.57202 0.643957
-1.60494 0.66169
-1.58848 0.596433
-1.58848 0.652793
-1.55007 0.622129
-1.5775 0.613504
-1.56653 0.66616
-1.55556 0.66169
-1.53909 0.66169
-1.50069 0.613504
-1.51166 0.630815
-1.48971 0.609213
-1.50617 0.617809
-1.53909 0.684194
-1.53361 0.652793
-1.56653 0.66169
-1.5775 0.604938
-1.56104 0.622129
-1.58299 0.622129
-1.55556 0.617809
-1.63237 0.670646
-1.54458 0.675147
-1.51715 0.643957
-1.52263 0.657234
-1.4952 0.639561
-1.61591 0.697878
-1.64883 0.725652
-1.53909 0.626465
-1.47874 0.546667
-1.50617 0.652793
-1.55007 0.648367
-1.48971 0.622129
-1.51166 0.635181
-1.48971 0.630815
-1.51715 0.670646
-1.56653 0.711697
-1.40741 0.563015
-1.27023 0.476081
-1.27023 0.424553
-1.369 0.45734
-1.25926 0.464791
-1.34705 0.534564
-1.38546 0.52657
-1.38546 0.52657
-1.38546 0.538583
-1.39643 0.52657
-1.45679 0.530559
-1.43484 0.50685
-1.369 0.453636
-1.30316 0.428136
-1.33608 0.438974
-1.3251 0.453636
-1.40741 0.487507
-1.39643 0.487507
-1.35254 0.487507
-1.39095 0.522596
-1.41289 0.522596
-1.44582 0.518637
-1.37997 0.522596
-1.47874 0.592203
-1.4952 0.613504
-1.5775 0.716334
-1.65432 0.763526
-1.7037 0.812224
-1.74211 0.832124
-1.7037 0.817176
-1.68176 0.807286
-1.65981 0.797456
-1.80247 0.88293
-1.75857 0.857339
-1.76406 0.872648
-1.72016 0.832124
-1.63786 0.773145
-1.63237 0.758739
-1.68724 0.807286
-1.69822 0.787687
-1.70919 0.802364
-1.64335 0.753967
-1.6214 0.744468
-1.58299 0.716334
-1.46776 0.630815
-1.47874 0.596433
-1.44033 0.579603
-1.44033 0.538583
-1.39643 0.534564
-1.48971 0.592203
-1.44582 0.635181
-1.44033 0.600678
-1.5775 0.707076
-1.61043 0.744468
-1.53909 0.702469
-1.51715 0.679663
-1.59945 0.702469
-1.58299 0.66616
-1.60494 0.720985
-1.61591 0.763526
-1.6214 0.773145
-1.56653 0.716334
-1.55007 0.725652
-1.58299 0.739742
-1.63786 0.777977
-1.67078 0.792564
-1.72565 0.842165
-1.7037 0.827127
-1.63786 0.763526
-1.67627 0.802364
-1.75309 0.847208
-1.71468 0.832124
-1.59396 0.725652
-1.61591 0.720985
-1.57202 0.707076
-1.59396 0.716334
-1.70919 0.822144
-1.7476 0.862427
-1.7915 0.888093
-1.7037 0.832124
-1.67078 0.807286
-1.75857 0.842165
-1.62689 0.753967
-1.61043 0.730333
-1.59396 0.73503
-1.61043 0.725652
-1.56104 0.711697
-1.54458 0.702469
-1.59396 0.66616
-1.54458 0.635181
-1.46776 0.592203
-1.50069 0.617809
-1.54458 0.639561
-1.60494 0.711697
-1.62689 0.716334
-1.64883 0.707076
-1.60494 0.66169
-1.46776 0.583788
-1.41838 0.550731
-1.52812 0.630815
-1.53909 0.635181
-1.54458 0.66616
-1.51166 0.648367
-1.55556 0.679663
-1.56104 0.702469
-1.55556 0.66616
-1.52263 0.630815
-1.46776 0.567139
-1.4952 0.617809
-1.4952 0.66616
-1.55007 0.707076
-1.58848 0.702469
-1.58848 0.725652
-1.55007 0.693302
-1.56104 0.711697
-1.50069 0.639561
-1.50617 0.675147
-1.52263 0.679663
-1.58848 0.720985
-1.55007 0.707076
-1.56653 0.716334
-1.63237 0.74921
-1.57202 0.679663
-1.41838 0.617809
-1.52263 0.622129
-1.51166 0.630815
-1.51715 0.66616
-1.51715 0.670646
-1.53361 0.679663
-1.58299 0.679663
-1.5775 0.716334
-1.58299 0.73503
-1.61043 0.720985
-1.53361 0.657234
-1.58848 0.675147
-1.59396 0.702469
-1.47325 0.600678
-1.56653 0.648367
-1.53361 0.635181
-1.53909 0.648367
-1.48971 0.617809
-1.4952 0.613504
-1.44033 0.579603
-1.48422 0.575434
-1.40741 0.514693
-1.369 0.495199
-1.42387 0.596433
-1.55007 0.648367
-1.55007 0.684194
-1.52812 0.702469
-1.50069 0.635181
-1.37997 0.571279
-1.51715 0.66616
-1.6214 0.730333
-1.65981 0.768328
-1.50617 0.675147
-1.53909 0.643957
-1.58848 0.66169
-1.54458 0.657234
-1.50617 0.609213
-1.52812 0.626465
-1.48422 0.617809
-1.38546 0.538583
-1.42936 0.571279
-1.4513 0.55481
-1.43484 0.575434
-1.53361 0.648367
-1.61591 0.66616
-1.59396 0.639561
-1.52263 0.587988
-1.53361 0.613504
-1.4952 0.579603
-1.46228 0.596433
-1.51166 0.583788
-1.56653 0.66616
-1.57202 0.688741
-1.45679 0.639561
-1.4513 0.626465
-1.34156 0.546667
-1.31413 0.502951
-1.39095 0.575434
-1.46228 0.635181
-1.55556 0.693302
-1.55007 0.66169
-1.64335 0.74921
-1.59945 0.693302
-1.56653 0.66616
-1.62689 0.693302
-1.5775 0.652793
-1.52812 0.66169
-1.5775 0.66616
-1.52263 0.626465
-1.57202 0.693302
-1.44033 0.604938
-1.47874 0.596433
-1.57202 0.693302
-1.54458 0.66169
-1.47874 0.617809
-1.47874 0.609213
-1.52263 0.670646
-1.34156 0.546667
-1.47874 0.558905
-1.48971 0.600678
-1.48422 0.635181
-1.4513 0.617809
-1.50617 0.626465
-1.50617 0.675147
-1.53361 0.684194
-1.46776 0.643957
-1.53909 0.657234
-1.53361 0.702469
-1.56104 0.707076
-1.57202 0.73503
-1.56653 0.684194
-1.66529 0.73503
-1.64883 0.758739
-1.64883 0.792564
-1.67627 0.797456
-1.60494 0.739742
-1.57202 0.688741
-1.63237 0.693302
-1.57202 0.670646
-1.55007 0.688741
-1.58299 0.725652
-1.65981 0.773145
-1.69273 0.797456
-1.72016 0.822144
-1.7037 0.807286
-1.67627 0.777977
-1.72565 0.812224
-1.66529 0.802364
-1.64883 0.777977
-1.64883 0.782824
-1.69273 0.807286
-1.67078 0.797456
-1.65432 0.777977
-1.52812 0.697878
-1.51166 0.66616
-1.52263 0.679663
-1.56653 0.711697
-1.66529 0.782824
-1.65981 0.782824
-1.7037 0.817176
-1.72016 0.817176
-1.58848 0.720985
-1.59396 0.725652
-1.52812 0.707076
-1.57202 0.739742
-1.56653 0.716334
-1.58299 0.730333
-1.63237 0.73503
-1.62689 0.707076
-1.5775 0.670646
-1.57202 0.652793
-1.43484 0.575434
-1.41289 0.575434
-1.41289 0.583788
-1.46228 0.579603
-1.50069 0.546667
-1.48422 0.558905
-1.40741 0.483683
-1.42387 0.483683
-1.41838 0.435347
-1.48971 0.510764
-1.55556 0.613504
-1.4513 0.583788
-1.44033 0.542617
-1.50069 0.596433
-1.50069 0.587988
-1.54458 0.675147
-1.50069 0.622129
-1.46776 0.579603
-1.52263 0.563015
-1.47874 0.592203
-1.38546 0.546667
-1.37997 0.542617
-1.35254 0.499068
-1.44033 0.587988
-1.44582 0.583788
-1.51715 0.652793
-1.46228 0.609213
-1.53909 0.609213
-1.42387 0.558905
-1.37449 0.510764
-1.35802 0.472303
-1.42387 0.530559
-1.41289 0.530559
-1.41838 0.567139
-1.40741 0.538583
-1.51715 0.626465
-1.4513 0.583788
-1.51166 0.652793
-1.63786 0.744468
-1.62689 0.720985
-1.63786 0.716334
-1.58299 0.730333
-1.59945 0.739742
-1.59396 0.73503
-1.65432 0.787687
-1.61591 0.753967
-1.64883 0.73503
-1.70919 0.802364
-1.68724 0.782824
-1.62689 0.763526
-1.43484 0.613504
-1.48422 0.592203
-1.52812 0.639561
-1.54458 0.702469
-1.53361 0.693302
-1.59396 0.720985
-1.58848 0.725652
-1.68176 0.792564
-1.61591 0.782824
-1.55556 0.753967
-1.70919 0.837137
-1.6214 0.763526
-1.4952 0.657234
-1.53909 0.702469
-1.48422 0.648367
-1.4513 0.635181
-1.4952 0.639561
-1.53361 0.66616
-1.50069 0.635181
-1.53361 0.657234
-1.57202 0.679663
-1.54458 0.652793
-1.51166 0.617809
-1.53909 0.635181
-1.46228 0.630815
-1.48422 0.66169
-1.51715 0.675147
-1.51166 0.675147
-1.46776 0.630815
-1.4513 0.617809
-1.41838 0.579603
-1.37449 0.55481
-1.41289 0.587988
-1.48971 0.596433
-1.4952 0.558905
-1.47874 0.55481
-1.48971 0.563015
-1.56653 0.635181
-1.58299 0.657234
-1.46776 0.617809
-1.47325 0.66169
-1.47874 0.604938
-1.48971 0.600678
-1.5775 0.66169
-1.61591 0.711697
-1.48971 0.639561
-1.41289 0.630815
-1.37449 0.571279
-1.36351 0.575434
-1.37449 0.575434
-1.46776 0.609213
-1.44033 0.575434
-1.38546 0.518637
-1.36351 0.52657
-1.47325 0.538583
-1.51715 0.613504
-1.39643 0.483683
-1.41838 0.479875
-1.48422 0.510764
-1.39643 0.495199
-1.40192 0.522596
-1.39643 0.579603
-1.4952 0.575434
-1.47325 0.542617
-1.50069 0.518637
-1.46776 0.538583
-1.47325 0.558905
-1.44582 0.546667
-1.47325 0.583788
-1.52263 0.613504
-1.4952 0.579603
-1.51166 0.538583
-1.48971 0.476081
-1.47874 0.538583
-1.44582 0.453636
-1.41838 0.464791
-1.45679 0.502951
-1.46228 0.518637
-1.50617 0.596433
-1.51166 0.613504
-1.47325 0.558905
-1.43484 0.575434
-1.6214 0.675147
-1.59396 0.643957
-1.67627 0.702469
-1.68176 0.702469
-1.65981 0.679663
-1.65981 0.720985
-1.52812 0.66169
-1.52263 0.592203
-1.44033 0.592203
-1.52263 0.643957
-1.56653 0.643957
-1.41289 0.518637
-1.47874 0.550731
-1.51166 0.522596
-1.44033 0.499068
-1.50617 0.587988
-1.56653 0.604938
-1.63786 0.643957
-1.6214 0.648367
-1.48971 0.604938
-1.56653 0.626465
-1.53361 0.550731
-1.46776 0.518637
-1.51166 0.583788
-1.47325 0.575434
-1.47874 0.583788
-1.52812 0.635181
-1.60494 0.626465
-1.53361 0.563015
-1.52263 0.530559
-1.46776 0.575434
-1.369 0.502951
-1.39095 0.55481
-1.47325 0.583788
-1.54458 0.622129
-1.54458 0.639561
-1.51166 0.587988
-1.42387 0.571279
-1.369 0.518637
-1.42387 0.55481
-1.52263 0.613504
-1.51166 0.587988
-1.55007 0.567139
-1.58848 0.596433
-1.62689 0.617809
-1.54458 0.617809
-1.61591 0.643957
-1.61043 0.66616
-1.67627 0.66616
-1.64335 0.66616
-1.64335 0.697878
-1.58848 0.66169
-1.59945 0.66169
-1.53909 0.635181
-1.5775 0.626465
-1.61043 0.679663
-1.61591 0.697878
-1.46776 0.613504
-1.45679 0.592203
-1.42387 0.604938
-1.50069 0.546667
-1.4952 0.567139
-1.47874 0.596433
-1.48971 0.613504
-1.56653 0.66616
-1.48971 0.592203
-1.55556 0.635181
-1.63237 0.697878
-1.52812 0.670646
-1.67078 0.730333
-1.69273 0.739742
-1.68724 0.74921
-1.54458 0.592203
-1.48422 0.626465
-1.53909 0.648367
-1.53361 0.592203
-1.50617 0.567139
-1.47874 0.522596
-1.51715 0.534564
-1.59396 0.587988
-1.50617 0.534564
-1.51715 0.499068
-1.54458 0.52657
-1.45679 0.495199
-1.42936 0.518637
-1.34156 0.550731
-1.38546 0.609213
-1.40741 0.609213
-1.41289 0.622129
-1.41289 0.626465
-1.42936 0.592203
-1.46776 0.609213
-1.36351 0.542617
-1.42936 0.609213
-1.42387 0.567139
-1.47874 0.613504
-1.55556 0.684194
-1.61043 0.711697
-1.5775 0.739742
-1.63237 0.763526
-1.72016 0.817176
-1.63237 0.763526
-1.68724 0.802364
-1.70919 0.812224
-1.71468 0.782824
-1.58848 0.720985
-1.56104 0.670646
-1.60494 0.688741
-1.60494 0.758739
-1.55556 0.711697
-1.54458 0.702469
-1.50069 0.643957
-1.44582 0.592203
-1.45679 0.648367
-1.37997 0.600678
-1.40192 0.626465
-1.44033 0.652793
-1.52263 0.635181
-1.4513 0.609213
-1.52812 0.66169
-1.59945 0.684194
-1.56653 0.670646
-1.50069 0.617809
-1.50617 0.626465
-1.46776 0.567139
-1.42936 0.592203
-1.47325 0.652793
-1.51715 0.648367
-1.46776 0.648367
-1.46228 0.643957
-1.51166 0.670646
-1.4952 0.679663
-1.58299 0.73503
-1.64335 0.773145
-1.64883 0.807286
-1.65981 0.802364
-1.69273 0.817176
-1.62689 0.777977
-1.62689 0.753967
-1.71468 0.832124
-1.67627 0.802364
-1.68176 0.817176
-1.58299 0.744468
-1.58299 0.739742
-1.57202 0.711697
-1.4952 0.688741
-1.55007 0.675147
-1.53909 0.684194
-1.55007 0.657234
-1.60494 0.626465
-1.52812 0.626465
-1.54458 0.630815
-1.61591 0.670646
-1.53909 0.609213
-1.61043 0.66616
-1.67627 0.711697
-1.61591 0.66616
-1.6214 0.652793
-1.58299 0.626465
-1.60494 0.675147
-1.57202 0.675147
-1.59945 0.675147
-1.63237 0.693302
-1.58848 0.730333
-1.54458 0.697878
-1.57202 0.697878
-1.56104 0.720985
-1.60494 0.73503
-1.62689 0.744468
-1.61043 0.725652
-1.60494 0.74921
-1.59945 0.744468
-1.54458 0.707076
-1.44582 0.643957
-1.46776 0.639561
-1.41838 0.596433
-1.40192 0.609213
-1.42936 0.622129
-1.52263 0.657234
-1.55556 0.707076
-1.48971 0.652793
-1.42387 0.600678
-1.60494 0.688741
-1.51166 0.648367
-1.38546 0.583788
-1.4513 0.571279
