-2 1
-1.69822 0.827127
-1.68176 0.812224
-1.59396 0.739742
-1.54458 0.702469
-1.48422 0.648367
-1.47874 0.596433
-1.44033 0.587988
-1.55007 0.652793
-1.46776 0.617809
-1.29218 0.487507
-1.36351 0.530559
-1.22085 0.487507
-1.27572 0.45734
-1.1989 0.392986
-1.26475 0.417433
-1.22634 0.392986
-1.31413 0.379348
-1.35802 0.349542
-1.41838 0.420986
-1.39643 0.410373
-1.39095 0.424553
-1.3251 0.413895
-1.35254 0.413895
-1.33059 0.417433
-1.33059 0.413895
-1.25926 0.36595
-1.29218 0.327203
-1.23731 0.320956
-1.23182 0.302575
-1.27572 0.256211
-1.369 0.293589
-1.37997 0.273146
-1.23731 0.221377
-1.25377 0.19389
-1.18244 0.203675
-1.17147 0.189088
-1.22634 0.138192
-1.24829 0.163753
-1.24829 0.177346
-1.20988 0.201206
-1.20439 0.22919
-1.21536 0.22919
-1.26475 0.245222
-1.15501 0.223967
-1.22085 0.216244
-1.23731 0.290623
-1.17695 0.311698
-1.31962 0.389554
-1.20439 0.343084
-1.29218 0.403373
-1.34156 0.382735
-1.34156 0.343084
-1.37997 0.35606
-1.34156 0.33351
-1.3251 0.33351
-1.37449 0.369277
-1.4513 0.36595
-1.40741 0.317855
-1.36351 0.349542
-1.39095 0.420986
-1.37997 0.464791
-1.369 0.396433
-1.30316 0.314769
-1.24829 0.290623
-1.33608 0.324072
-1.27023 0.324072
-1.2428 0.270286
-1.37997 0.359342
-1.31413 0.35606
-1.29218 0.339878
-1.28669 0.273146
-1.30316 0.247947
-1.27023 0.330349
-1.3251 0.349542
-1.27572 0.399896
-1.34156 0.403373
-1.34705 0.375976
-1.34156 0.399896
-1.36351 0.362639
-1.39643 0.359342
-1.34705 0.362639
-1.39643 0.435347
-1.37997 0.424553
-1.29767 0.417433
-1.22085 0.372619
-1.36351 0.410373
-1.31962 0.375976
-1.28121 0.33351
-1.31962 0.346306
-1.30864 0.362639
-1.40192 0.375976
-1.34705 0.349542
-1.37449 0.308642
-1.35802 0.302575
-1.24829 0.290623
-1.28669 0.336686
-1.35254 0.339878
-1.29767 0.314769
-1.44033 0.352794
-1.40741 0.343084
-1.369 0.330349
-1.39095 0.343084
-1.36351 0.317855
-1.33059 0.308642
-1.35254 0.284737
-1.38546 0.305601
-1.37449 0.278911
-1.41838 0.302575
-1.25926 0.267441
-1.20439 0.250686
-1.26475 0.290623
-1.26475 0.299565
-1.18244 0.270286
-1.23731 0.320956
-1.37997 0.369277
-1.40192 0.386137
-1.39643 0.406865
-1.39095 0.438974
-1.41838 0.468539
-1.3251 0.362639
-1.35254 0.453636
-1.37997 0.420986
-1.37997 0.446275
-1.40741 0.476081
-1.47874 0.546667
-1.41838 0.464791
-1.4513 0.530559
-1.27572 0.389554
-1.33608 0.410373
-1.41838 0.461058
-1.41838 0.495199
-1.47325 0.546667
-1.54458 0.558905
-1.55556 0.55481
-1.40741 0.472303
-1.37997 0.438974
-1.3251 0.438974
-1.42936 0.431734
-1.35802 0.442617
-1.34705 0.413895
-1.30864 0.359342
-1.38546 0.352794
-1.34156 0.36595
-1.33059 0.372619
-1.3251 0.389554
-1.369 0.375976
-1.46228 0.442617
-1.33608 0.435347
-1.33608 0.442617
-1.43484 0.417433
-1.33059 0.438974
-1.33608 0.389554
-1.42387 0.431734
-1.35802 0.389554
-1.36351 0.372619
-1.41838 0.343084
-1.33059 0.324072
-1.25377 0.330349
-1.27572 0.339878
-1.37997 0.336686
-1.27023 0.317855
-1.23731 0.270286
-1.26475 0.324072
-1.34705 0.417433
-1.31413 0.420986
-1.31413 0.372619
-1.369 0.375976
-1.3251 0.343084
-1.29218 0.324072
-1.3251 0.278911
-1.28121 0.278911
-1.29767 0.305601
-1.2428 0.247947
-1.31413 0.264611
-1.30316 0.223967
-1.29218 0.218803
-1.22634 0.218803
-1.26475 0.276021
-1.28121 0.258996
-1.1989 0.218803
-1.23731 0.293589
-1.31962 0.375976
-1.30316 0.372619
-1.30316 0.346306
-1.30864 0.339878
-1.29767 0.349542
-1.2428 0.330349
-1.22634 0.330349
-1.31413 0.352794
-1.41289 0.372619
-1.36351 0.389554
-1.34156 0.396433
-1.40741 0.392986
-1.46228 0.446275
-1.38546 0.417433
-1.27023 0.336686
-1.37449 0.346306
-1.31413 0.311698
-1.31962 0.36595
-1.35802 0.428136
-1.37997 0.461058
-1.41838 0.546667
-1.43484 0.563015
-1.47874 0.575434
-1.48422 0.546667
-1.55007 0.579603
-1.51715 0.558905
-1.48971 0.546667
-1.4952 0.563015
-1.4952 0.600678
-1.42387 0.510764
-1.41289 0.538583
-1.46776 0.495199
-1.41289 0.50685
-1.41838 0.495199
-1.47325 0.487507
-1.54458 0.52657
-1.4513 0.522596
-1.40741 0.413895
-1.31413 0.317855
-1.40192 0.336686
-1.35254 0.346306
-1.34156 0.359342
-1.40192 0.424553
-1.42936 0.420986
-1.35254 0.386137
-1.35802 0.369277
-1.28669 0.308642
-1.31413 0.237138
-1.2428 0.270286
-1.22085 0.218803
-1.2428 0.242512
-1.27572 0.242512
-1.22634 0.245222
-1.18793 0.270286
-1.3251 0.253441
-1.30316 0.247947
-1.31413 0.261796
-1.38546 0.245222
-1.26475 0.264611
-1.33059 0.287673
-1.38546 0.290623
-1.29218 0.290623
-1.29218 0.359342
-1.37449 0.379348
-1.33608 0.314769
-1.28669 0.330349
-1.28121 0.372619
-1.23731 0.352794
-1.29218 0.372619
-1.30864 0.410373
-1.17695 0.339878
-1.23731 0.359342
-1.26475 0.35606
-1.30864 0.379348
-1.40741 0.424553
-1.3251 0.346306
-1.30316 0.320956
-1.35802 0.375976
-1.29767 0.324072
-1.33608 0.403373
-1.35254 0.389554
-1.369 0.453636
-1.3251 0.45734
-1.39643 0.483683
-1.36351 0.510764
-1.41289 0.518637
-1.39643 0.518637
-1.37449 0.483683
-1.29767 0.417433
-1.34156 0.389554
-1.31962 0.396433
-1.19342 0.330349
-1.28121 0.290623
-1.31413 0.352794
-1.39643 0.410373
-1.35802 0.435347
-1.35802 0.382735
-1.30864 0.311698
-1.31962 0.264611
-1.33059 0.264611
-1.36351 0.302575
-1.39095 0.302575
-1.34705 0.267441
-1.3251 0.320956
-1.25377 0.278911
-1.2428 0.296569
-1.24829 0.352794
-1.28669 0.359342
-1.33059 0.346306
-1.3251 0.343084
-1.42387 0.308642
-1.369 0.293589
-1.40192 0.35606
-1.42387 0.382735
-1.47874 0.399896
-1.44582 0.417433
-1.50069 0.442617
-1.37449 0.413895
-1.47874 0.479875
-1.42936 0.530559
-1.42387 0.487507
-1.48971 0.468539
-1.50069 0.502951
-1.4513 0.50685
-1.55556 0.546667
-1.53361 0.50685
-1.50069 0.483683
-1.50069 0.472303
-1.47325 0.461058
-1.50617 0.483683
-1.41289 0.464791
-1.52812 0.491345
-1.52812 0.472303
-1.50617 0.392986
-1.52812 0.438974
-1.56104 0.476081
-1.5775 0.487507
-1.55007 0.499068
-1.4952 0.52657
-1.51166 0.596433
-1.40741 0.487507
-1.46776 0.510764
-1.50069 0.491345
-1.52263 0.52657
-1.47325 0.534564
-1.48422 0.579603
-1.37997 0.50685
-1.34705 0.483683
-1.37449 0.558905
-1.34705 0.491345
-1.44033 0.563015
-1.40741 0.542617
-1.41289 0.571279
-1.39095 0.592203
-1.52263 0.693302
-1.53361 0.675147
-1.44033 0.596433
-1.3251 0.534564
-1.30316 0.499068
-1.34156 0.514693
-1.34156 0.479875
-1.42387 0.472303
-1.4513 0.546667
-1.48422 0.575434
-1.51715 0.613504
-1.4952 0.596433
-1.48971 0.613504
-1.48422 0.604938
-1.40741 0.571279
-1.31962 0.518637
-1.39643 0.514693
-1.43484 0.538583
-1.39643 0.518637
-1.39095 0.550731
-1.2428 0.483683
-1.31413 0.502951
-1.21536 0.468539
-1.12757 0.382735
-1.20439 0.359342
-1.38546 0.417433
-1.31413 0.362639
-1.33059 0.324072
-1.27023 0.302575
-1.23182 0.261796
-1.33059 0.234474
-1.23182 0.19389
-1.26475 0.19389
-1.17695 0.216244
-1.17695 0.159342
-1.20988 0.159342
-1.20988 0.208657
-1.14403 0.177346
-1.17147 0.196313
-1.17147 0.196313
-1.07819 0.159342
-1.08916 0.157159
-1.13855 0.198752
-1.27023 0.270286
-1.28669 0.311698
-1.25377 0.242512
-1.28121 0.245222
-1.27572 0.273146
-1.33608 0.299565
-1.30316 0.324072
-1.22085 0.324072
-1.23731 0.382735
-1.29767 0.372619
-1.36351 0.346306
-1.30864 0.375976
-1.29767 0.420986
-1.40192 0.487507
-1.47874 0.587988
-1.39643 0.538583
-1.2428 0.435347
-1.31413 0.461058
-1.47325 0.571279
-1.38546 0.514693
-1.41838 0.546667
-1.369 0.542617
-1.44033 0.617809
-1.42387 0.630815
-1.46776 0.600678
-1.33608 0.491345
-1.2428 0.499068
-1.31962 0.453636
-1.41838 0.472303
-1.35802 0.406865
-1.27023 0.369277
-1.28669 0.446275
-1.27572 0.382735
-1.33608 0.392986
-1.30864 0.428136
-1.22085 0.359342
-1.28121 0.372619
-1.28121 0.362639
-1.37449 0.362639
-1.27572 0.317855
-1.29767 0.330349
-1.30864 0.33351
-1.34156 0.302575
-1.35802 0.369277
-1.29767 0.386137
-1.34705 0.389554
-1.35254 0.386137
-1.33059 0.343084
-1.25377 0.320956
-1.34705 0.33351
-1.21536 0.314769
-1.24829 0.293589
-1.31962 0.359342
-1.34705 0.314769
-1.27023 0.33351
-1.28669 0.346306
-1.28121 0.339878
-1.22634 0.33351
-1.28121 0.327203
-1.15501 0.278911
-1.22085 0.375976
-1.27572 0.431734
-1.29218 0.413895
-1.33059 0.546667
-1.39643 0.55481
-1.42387 0.609213
-1.54458 0.639561
-1.50617 0.639561
-1.50069 0.648367
-1.53909 0.639561
-1.51166 0.617809
-1.52812 0.613504
-1.44033 0.600678
-1.45679 0.579603
-1.37449 0.50685
-1.38546 0.491345
-1.38546 0.491345
-1.29767 0.435347
-1.27572 0.379348
-1.27572 0.330349
-1.31413 0.308642
-1.28121 0.290623
-1.19342 0.242512
-1.13855 0.211171
-1.1989 0.239818
-1.26475 0.231824
-1.2428 0.198752
-1.33059 0.163753
-1.30316 0.142302
-1.34156 0.122356
-1.29767 0.105692
-1.369 0.105692
-1.23731 0.0935739
-1.27023 0.118547
-1.24829 0.144379
-1.22085 0.111111
-1.23182 0.134143
-1.24829 0.112948
-1.27023 0.098677
-1.2428 0.10929
-1.28669 0.098677
-1.29767 0.0837741
-1.23182 0.0790775
-1.24829 0.0686454
-1.25926 0.0602908
-1.1989 0.0700906
-1.22634 0.0630155
-1.26475 0.0745163
-1.23731 0.073026
-1.31413 0.0821935
-1.24829 0.091903
-1.36351 0.124283
-1.22634 0.102154
-1.20988 0.0837741
-1.23731 0.134143
-1.20988 0.111111
-1.27572 0.126225
-1.29218 0.098677
-1.33059 0.103916
-1.24829 0.0869805
-1.18793 0.0616456
-1.25926 0.0452073
-1.22634 0.058951
-1.27023 0.0630155
-1.30864 0.0672154
-1.30864 0.0969609
-1.26475 0.111111
-1.22085 0.116666
-1.17695 0.0886063
-1.22085 0.118547
-1.27572 0.112948
-1.27572 0.138192
-1.2428 0.091903
-1.29218 0.140239
-1.33608 0.165981
-1.39643 0.186709
-1.39095 0.172755
-1.31413 0.120444
-1.35802 0.163753
-1.39643 0.138192
-1.34156 0.157159
-1.25926 0.0969609
-1.27023 0.142302
-1.30864 0.130154
-1.31413 0.146472
-1.37449 0.142302
-1.25377 0.120444
-1.33608 0.154992
-1.30864 0.163753
-1.31413 0.13616
-1.27023 0.103916
-1.31962 0.103916
-1.36351 0.144379
-1.40192 0.154992
-1.34156 0.122356
-1.40741 0.130154
-1.3251 0.118547
-1.3251 0.140239
-1.29218 0.184346
-1.26475 0.177346
-1.26475 0.196313
-1.38546 0.216244
-1.38546 0.198752
-1.28669 0.177346
-1.27572 0.175043
-1.30864 0.22919
-1.35254 0.264611
-1.37449 0.327203
-1.35254 0.343084
-1.31962 0.389554
-1.27023 0.382735
-1.27572 0.362639
-1.23731 0.311698
-1.27572 0.327203
-1.27572 0.293589
-1.23182 0.278911
-1.20988 0.2137
-1.24829 0.198752
-1.21536 0.223967
-1.27572 0.208657
-1.28669 0.203675
-1.37997 0.273146
-1.28669 0.256211
-1.23731 0.247947
-1.31413 0.302575
-1.3251 0.256211
-1.44033 0.242512
-1.50617 0.247947
-1.41838 0.264611
-1.47325 0.242512
-1.39095 0.22919
-1.40741 0.218803
-1.42387 0.198752
-1.35802 0.216244
-1.34156 0.216244
-1.38546 0.196313
-1.3251 0.186709
-1.33059 0.157159
-1.3251 0.157159
-1.28121 0.163753
-1.33059 0.159342
-1.35802 0.179664
-1.35254 0.163753
-1.25377 0.170482
-1.2428 0.124283
-1.20988 0.126225
-1.25926 0.13616
-1.22085 0.146472
-1.22085 0.144379
-1.22634 0.168224
-1.23731 0.208657
-1.13855 0.152839
-1.18244 0.154992
-1.16049 0.140239
-1.13855 0.091903
-1.06173 0.103916
-1.06173 0.0869805
-1.05624 0.100408
-1.13306 0.10929
-1.12757 0.102154
-1.11111 0.0952599
-1.13306 0.0886063
-1.04527 0.0715507
-1.19342 0.0644004
-1.16049 0.0630155
-1.10562 0.058951
-1.17147 0.0452073
-1.0727 0.0499943
-1.05075 0.00415662
-1.12757 0.00569207
-1.19342 0.00844685
-1.0727 0.00257602
-1.16049 0.0031631
-1.16598 0.00415662
-1.15501 0.00415662
-1.14403 0.00489424
-1.17147 0.0155822
-1.09465 0.0199627
-1.13855 0.0395622
-1.13855 0.0853698
-1.14952 0.0790775
-1.08368 0.0686454
-1.14403 0.073026
-1.08916 0.0475707
-1.17695 0.0231841
-1.17695 0.0169821
-1.13306 0.00451791
-1.04527 0.00611357
-1.13306 0.00381039
-1.17695 0.000679285
-1.25926 0.000152416
-1.28121 0.000543804
-1.20439 0.00117605
-1.15501 0.000543804
-1.16049 0.000543804
-1.06722 0.0123457
-1.13306 0.00746837
-1.14403 0.0031631
-1.10014 0.00137174
-1.1166 0.000995407
-1.05075 0.00844685
-1.0727 0.0184423
-1.12209 0.0142424
-1.1166 0.00489424
-1.19342 0.0111565
-1.20439 0.00895866
-1.27023 0.00746837
-1.1989 0.00137174
-1.2428 0.00158249
-1.20988 0.000679285
-1.20439 0.000679285
-1.18793 0.00257602
-1.24829 0.000543804
-1.33608 0.00180829
-1.21536 0.00489424
-1.37449 0.000829819
-1.35802 1.88168e-06
-1.19342 0.00700172
-1.22634 0.000423377
-1.20988 0.00844685
-1.20988 0.00700172
-1.28669 0.00569207
-1.24829 0.00381039
-1.24829 0.00611357
-1.37997 0.0169821
-1.29218 0.0149048
-1.24829 0.0353172
-1.20988 0.019195
-1.22634 0.00158249
-1.13306 0.000227683
-1.13306 0.00347922
-1.1166 0.00489424
-1.14952 0.00844685
-1.20439 0.00347922
-1.2428 0.0031631
-1.27023 0.000543804
-1.29767 0.00286203
-1.30316 9.22021e-05
-1.22634 0.00528563
-1.23731 0.00700172
-1.24829 0.00569207
-1.16049 0.019195
-1.24829 0.0149048
-1.12209 0.031313
-1.17695 0.0294012
-1.16049 0.0105844
-1.13855 0.0100275
-1.07819 0.00528563
-1.1989 0.00489424
-1.12757 0.0117435
-1.18793 0.00286203
-1.17147 0.0031631
-1.29767 1.69351e-05
-1.23731 0.000679285
-1.19342 0.000543804
-1.19342 0.000152416
-1.19342 0.00137174
-1.14403 0.00180829
-1.16049 0.0100275
-1.1989 0.0215433
-1.19342 0.0105844
-1.17147 0.0123457
-1.13855 0.00489424
-1.17147 0.00230505
-1.21536 0.00844685
-1.22085 0.0117435
-1.13306 0.0155822
-1.17147 0.0231841
-1.20439 0.0363559
-1.17695 0.0524781
-1.1989 0.0602908
-1.25926 0.0952599
-1.25377 0.0935739
-1.22634 0.100408
-1.29767 0.080628
-1.21536 0.0537426
-1.26475 0.0602908
-1.33608 0.077542
-1.27572 0.0745163
-1.24829 0.0658003
-1.25926 0.0902471
-1.28121 0.0969609
-1.22634 0.0869805
-1.12757 0.0499943
-1.18793 0.073026
-1.27023 0.103916
-1.2428 0.116666
-1.22085 0.0935739
-1.23731 0.073026
-1.23731 0.0429041
-1.21536 0.0452073
-1.17695 0.0266464
-1.17695 0.0248852
-1.25926 0.019195
-1.20988 0.0303496
-1.21536 0.0215433
-1.27572 0.0342936
-1.22634 0.0429041
-1.1989 0.0537426
-1.23731 0.0686454
-1.20988 0.0537426
-1.23731 0.0616456
-1.23182 0.0630155
-1.16598 0.0969609
-1.17695 0.146472
-1.17147 0.140239
-1.19342 0.177346
-1.18244 0.184346
-1.23182 0.258996
-1.2428 0.261796
-1.17147 0.264611
-1.17695 0.226571
-1.21536 0.226571
-1.28121 0.231824
-1.31413 0.239818
-1.29767 0.267441
-1.13855 0.19389
-1.18244 0.165981
-1.25377 0.196313
-1.20439 0.201206
-1.28121 0.126225
-1.28669 0.10929
-1.06173 0.0902471
-1.05624 0.111111
-1.19342 0.198752
-1.12757 0.170482
-1.14952 0.179664
-1.20988 0.189088
-1.25926 0.234474
-1.18244 0.22919
-1.1989 0.293589
-1.23731 0.386137
-1.27572 0.35606
-1.35802 0.369277
-1.28121 0.359342
-1.34156 0.346306
-1.36351 0.392986
-1.42387 0.343084
-1.37997 0.352794
-1.42936 0.379348
-1.29218 0.346306
-1.24829 0.346306
-1.31413 0.339878
-1.369 0.431734
-1.35254 0.396433
-1.28669 0.35606
-1.37449 0.428136
-1.34705 0.428136
-1.30316 0.464791
-1.27023 0.483683
-1.28669 0.389554
-1.25926 0.403373
-1.30316 0.396433
-1.37997 0.435347
-1.44033 0.495199
-1.39643 0.514693
-1.42936 0.546667
-1.50069 0.579603
-1.39095 0.52657
-1.3251 0.502951
-1.31962 0.476081
-1.30864 0.479875
-1.47325 0.604938
-1.41838 0.596433
-1.50069 0.66616
-1.47874 0.635181
-1.4952 0.66616
-1.4952 0.657234
-1.4513 0.617809
-1.53361 0.617809
-1.4513 0.600678
-1.55556 0.684194
-1.50069 0.684194
-1.50069 0.702469
-1.58299 0.725652
-1.51715 0.702469
-1.58299 0.707076
-1.59396 0.725652
-1.64335 0.74921
-1.60494 0.739742
-1.55556 0.711697
-1.4952 0.66616
-1.47325 0.626465
-1.40741 0.55481
-1.34156 0.518637
-1.39643 0.550731
-1.36351 0.592203
-1.40192 0.600678
-1.44033 0.613504
-1.43484 0.622129
-1.30864 0.55481
-1.29218 0.502951
-1.35802 0.514693
-1.39643 0.563015
-1.34705 0.518637
-1.37449 0.514693
-1.369 0.479875
-1.369 0.464791
-1.369 0.479875
-1.41289 0.464791
-1.4513 0.50685
-1.47325 0.502951
-1.39095 0.499068
-1.39643 0.534564
-1.2428 0.472303
-1.28121 0.514693
-1.36351 0.550731
-1.369 0.514693
-1.31413 0.45734
-1.3251 0.487507
-1.46776 0.502951
-1.42387 0.424553
-1.50069 0.476081
-1.37449 0.406865
-1.43484 0.442617
-1.42387 0.442617
-1.41838 0.420986
-1.31962 0.343084
-1.28669 0.317855
-1.369 0.392986
-1.30316 0.36595
-1.27023 0.330349
-1.369 0.311698
-1.34156 0.324072
-1.33059 0.281817
-1.3251 0.305601
-1.30316 0.290623
-1.30316 0.311698
-1.23182 0.330349
-1.44033 0.424553
-1.31962 0.392986
-1.36351 0.410373
-1.35802 0.375976
-1.26475 0.324072
-1.29767 0.352794
-1.30316 0.317855
-1.33608 0.33351
-1.36351 0.327203
-1.34156 0.276021
-1.3251 0.264611
-1.35802 0.311698
-1.3251 0.287673
-1.33608 0.218803
-1.29767 0.258996
-1.3251 0.284737
-1.34156 0.290623
-1.28669 0.239818
-1.30864 0.250686
-1.28669 0.218803
-1.28121 0.211171
-1.30316 0.216244
-1.25377 0.179664
-1.30316 0.189088
-1.37997 0.226571
-1.37997 0.226571
-1.41838 0.206158
-1.4513 0.239818
-1.48971 0.258996
-1.37997 0.201206
-1.40741 0.203675
-1.28121 0.221377
-1.34156 0.237138
-1.40192 0.250686
-1.33059 0.206158
-1.25377 0.184346
-1.28121 0.159342
-1.22634 0.124283
-1.35254 0.130154
-1.39095 0.165981
-1.37997 0.146472
-1.39095 0.150702
-1.35802 0.150702
-1.22634 0.142302
-1.18793 0.175043
-1.29218 0.206158
-1.31962 0.223967
-1.33059 0.186709
-1.30864 0.172755
-1.33608 0.168224
-1.27023 0.189088
-1.1989 0.126225
-1.25377 0.140239
-1.20439 0.122356
-1.21536 0.126225
-1.30316 0.206158
-1.29767 0.163753
-1.16598 0.13616
-1.17147 0.114799
-1.25926 0.172755
-1.29218 0.189088
-1.25926 0.163753
-1.22634 0.126225
-1.29767 0.124283
-1.20988 0.142302
-1.26475 0.170482
-1.1166 0.126225
-1.26475 0.159342
-1.36351 0.189088
-1.37997 0.226571
-1.25377 0.203675
-1.35802 0.201206
-1.37997 0.203675
-1.44033 0.206158
-1.41838 0.239818
-1.31962 0.184346
-1.35254 0.186709
-1.34156 0.154992
-1.35254 0.184346
-1.25377 0.165981
-1.30316 0.206158
-1.369 0.22919
-1.39095 0.216244
-1.33059 0.186709
-1.33059 0.159342
-1.26475 0.150702
-1.39095 0.16154
-1.31962 0.130154
-1.35254 0.146472
-1.33059 0.130154
-1.30864 0.140239
-1.31962 0.128182
-1.42936 0.142302
-1.30864 0.159342
-1.37997 0.239818
-1.46776 0.223967
-1.40192 0.221377
-1.36351 0.223967
-1.35802 0.245222
-1.33608 0.264611
-1.26475 0.247947
-1.30864 0.267441
-1.28669 0.299565
-1.27023 0.221377
-1.25926 0.203675
-1.27572 0.2137
-1.3251 0.198752
-1.38546 0.253441
-1.28669 0.216244
-1.26475 0.181998
-1.26475 0.223967
-1.25926 0.203675
-1.26475 0.218803
-1.1989 0.221377
-1.19342 0.172755
-1.2428 0.179664
-1.28121 0.154992
-1.28121 0.142302
-1.23182 0.138192
-1.23731 0.163753
-1.28121 0.172755
-1.21536 0.126225
-1.22085 0.142302
-1.28669 0.196313
-1.40192 0.221377
-1.39095 0.2137
-1.31962 0.189088
-1.27572 0.118547
-1.26475 0.0952599
-1.29218 0.102154
-1.30864 0.116666
-1.33608 0.100408
-1.3251 0.0760216
-1.40192 0.0869805
-1.33059 0.100408
-1.29218 0.140239
-1.23182 0.159342
-1.26475 0.177346
-1.22085 0.163753
-1.28669 0.196313
-1.34156 0.211171
-1.25926 0.170482
-1.33059 0.146472
-1.34156 0.142302
-1.28669 0.120444
-1.20439 0.120444
-1.17147 0.132141
-1.19342 0.150702
-1.28121 0.177346
-1.35802 0.168224
-1.31962 0.189088
-1.30316 0.237138
-1.34156 0.245222
-1.34156 0.276021
-1.24829 0.2137
-1.3251 0.264611
-1.33608 0.296569
-1.369 0.308642
-1.31413 0.276021
-1.29767 0.311698
-1.18244 0.256211
-1.29218 0.302575
-1.27572 0.258996
-1.27572 0.221377
-1.21536 0.181998
-1.19342 0.184346
-1.25926 0.179664
-1.20439 0.165981
-1.25926 0.211171
-1.30316 0.237138
-1.33059 0.308642
-1.25377 0.258996
-1.26475 0.250686
-1.27572 0.237138
-1.22085 0.198752
-1.28121 0.234474
-1.31962 0.237138
-1.31413 0.261796
-1.29767 0.299565
-1.27572 0.258996
-1.39643 0.221377
-1.38546 0.234474
-1.33608 0.22919
-1.36351 0.242512
-1.36351 0.216244
-1.35802 0.177346
-1.27572 0.163753
-1.23182 0.177346
-1.30864 0.168224
-1.25377 0.203675
-1.23731 0.191481
-1.30316 0.22919
-1.31962 0.256211
-1.33059 0.239818
-1.38546 0.290623
-1.41838 0.389554
-1.39643 0.339878
-1.33608 0.424553
-1.33608 0.464791
-1.34156 0.442617
-1.37449 0.502951
-1.40741 0.510764
-1.35802 0.514693
-1.35802 0.52657
-1.42387 0.563015
-1.40741 0.596433
-1.42936 0.617809
-1.54458 0.684194
-1.55556 0.693302
-1.56104 0.688741
-1.53909 0.675147
-1.5775 0.679663
-1.58299 0.716334
-1.6214 0.744468
-1.65432 0.768328
-1.60494 0.744468
-1.64883 0.758739
-1.63786 0.753967
-1.53909 0.670646
-1.55556 0.684194
-1.56653 0.697878
-1.44582 0.583788
-1.42387 0.546667
-1.48971 0.600678
-1.51166 0.639561
-1.51715 0.66616
-1.45679 0.609213
-1.4513 0.592203
-1.48422 0.587988
-1.47874 0.587988
-1.4513 0.604938
-1.46776 0.609213
-1.47874 0.587988
-1.59396 0.675147
-1.57202 0.648367
-1.52812 0.643957
-1.50617 0.648367
-1.53361 0.643957
-1.58848 0.639561
-1.48422 0.550731
-1.38546 0.518637
-1.39643 0.502951
-1.42936 0.522596
-1.3251 0.435347
-1.35802 0.386137
-1.30316 0.330349
-1.31962 0.399896
-1.37997 0.449948
-1.30316 0.399896
-1.31962 0.386137
-1.3251 0.359342
-1.25377 0.339878
-1.29218 0.284737
-1.37449 0.284737
-1.28669 0.281817
-1.39643 0.293589
-1.34156 0.299565
-1.34705 0.343084
-1.26475 0.349542
-1.28669 0.424553
-1.42387 0.487507
-1.35254 0.472303
-1.31962 0.464791
-1.28121 0.392986
-1.23731 0.36595
-1.27023 0.362639
-1.30864 0.413895
-1.25377 0.431734
-1.29218 0.442617
-1.27572 0.446275
-1.20988 0.375976
-1.27572 0.453636
-1.37997 0.55481
-1.44582 0.626465
-1.48971 0.592203
-1.4952 0.583788
-1.58848 0.670646
-1.50069 0.679663
-1.41838 0.583788
-1.37997 0.579603
-1.38546 0.530559
-1.37449 0.550731
-1.38546 0.491345
-1.41289 0.514693
-1.39643 0.522596
-1.48971 0.579603
-1.42387 0.550731
-1.42936 0.510764
-1.40741 0.514693
-1.48422 0.609213
-1.48422 0.635181
-1.46776 0.596433
-1.53361 0.604938
-1.39095 0.491345
-1.36351 0.514693
-1.33608 0.518637
-1.36351 0.538583
-1.35254 0.558905
-1.42936 0.626465
-1.48422 0.600678
-1.51715 0.626465
-1.55007 0.684194
-1.56104 0.684194
-1.59945 0.758739
-1.60494 0.739742
-1.53361 0.688741
-1.57202 0.720985
-1.5775 0.73503
-1.59396 0.74921
-1.55007 0.711697
-1.51166 0.670646
-1.56653 0.716334
-1.65981 0.787687
-1.58299 0.730333
-1.55007 0.716334
-1.5775 0.730333
-1.50617 0.635181
-1.52812 0.604938
-1.52263 0.583788
-1.47874 0.596433
-1.53361 0.652793
-1.46776 0.613504
-1.55007 0.643957
-1.53909 0.643957
-1.54458 0.635181
-1.46776 0.604938
-1.35254 0.546667
-1.45679 0.567139
-1.51715 0.596433
-1.52812 0.609213
-1.47874 0.542617
-1.42936 0.50685
-1.47325 0.546667
-1.4952 0.502951
-1.41289 0.464791
-1.39095 0.464791
-1.44033 0.542617
-1.48422 0.510764
-1.46228 0.499068
-1.53361 0.530559
-1.55556 0.575434
-1.59396 0.558905
-1.5775 0.609213
-1.46228 0.563015
-1.40741 0.461058
-1.40192 0.468539
-1.27572 0.403373
-1.41838 0.464791
-1.42936 0.479875
-1.369 0.479875
-1.41838 0.510764
-1.40192 0.472303
-1.46776 0.538583
-1.48971 0.52657
-1.40741 0.534564
-1.40192 0.518637
-1.37449 0.530559
-1.44033 0.534564
-1.37449 0.491345
-1.33059 0.479875
-1.369 0.453636
-1.28669 0.375976
-1.27023 0.442617
-1.31413 0.468539
-1.39643 0.563015
-1.53361 0.652793
-1.53909 0.66169
-1.53909 0.639561
-1.56653 0.617809
-1.53361 0.596433
-1.48971 0.583788
-1.58299 0.635181
-1.56653 0.613504
-1.47874 0.571279
-1.53361 0.626465
-1.5775 0.66616
-1.54458 0.648367
-1.56104 0.657234
-1.54458 0.643957
-1.56653 0.643957
-1.53909 0.693302
-1.41838 0.609213
-1.41838 0.567139
-1.43484 0.499068
-1.38546 0.502951
-1.36351 0.464791
-1.41289 0.55481
-1.35254 0.546667
-1.41289 0.583788
-1.369 0.550731
-1.41289 0.609213
-1.4513 0.592203
-1.37997 0.483683
-1.40192 0.510764
-1.34156 0.510764
-1.34705 0.453636
-1.24829 0.435347
-1.30864 0.461058
-1.37997 0.534564
-1.33059 0.499068
-1.34705 0.522596
-1.31962 0.514693
-1.41289 0.583788
-1.33059 0.50685
-1.35254 0.502951
-1.43484 0.592203
-1.37449 0.55481
-1.42936 0.596433
-1.47874 0.567139
-1.42936 0.530559
-1.47325 0.579603
-1.31962 0.534564
-1.47874 0.604938
-1.33059 0.538583
-1.37997 0.575434
-1.52263 0.675147
-1.53909 0.697878
-1.57202 0.702469
-1.51166 0.670646
-1.46776 0.635181
-1.59396 0.711697
-1.56104 0.716334
-1.53909 0.716334
-1.53909 0.697878
-1.52263 0.716334
-1.55007 0.707076
-1.55007 0.702469
-1.6214 0.730333
-1.71468 0.797456
-1.5775 0.739742
-1.66529 0.787687
-1.61591 0.744468
-1.54458 0.66616
-1.51715 0.702469
-1.48422 0.66616
-1.48422 0.657234
-1.51166 0.630815
-1.51715 0.652793
-1.41838 0.596433
-1.30316 0.510764
-1.30864 0.495199
-1.31413 0.487507
-1.33059 0.468539
-1.369 0.502951
-1.39643 0.510764
-1.369 0.542617
-1.43484 0.609213
-1.50069 0.66169
-1.51715 0.675147
-1.52812 0.679663
-1.47325 0.626465
-1.52263 0.652793
-1.55556 0.639561
-1.65432 0.730333
-1.5775 0.66616
-1.5775 0.675147
-1.62689 0.702469
-1.51715 0.66616
-1.38546 0.55481
-1.369 0.518637
-1.38546 0.499068
-1.42387 0.542617
-1.47874 0.604938
-1.40741 0.530559
-1.41838 0.542617
-1.28669 0.491345
-1.369 0.510764
-1.39095 0.600678
-1.42936 0.622129
-1.40192 0.583788
-1.39643 0.567139
-1.41289 0.567139
-1.50617 0.684194
-1.50617 0.66169
-1.50069 0.639561
-1.44582 0.592203
-1.47874 0.600678
-1.55556 0.648367
-1.50069 0.613504
-1.4952 0.626465
-1.51715 0.643957
-1.48971 0.622129
-1.48422 0.530559
-1.4513 0.546667
-1.42387 0.50685
-1.44033 0.546667
-1.46776 0.55481
-1.46776 0.571279
-1.53361 0.626465
-1.50069 0.575434
-1.39095 0.514693
-1.38546 0.518637
-1.42936 0.50685
-1.35254 0.476081
-1.39643 0.518637
-1.36351 0.464791
-1.45679 0.542617
-1.47874 0.604938
-1.51166 0.679663
-1.55556 0.720985
-1.4952 0.675147
-1.55007 0.675147
-1.61043 0.707076
-1.57202 0.688741
-1.53361 0.675147
-1.40192 0.600678
-1.48422 0.657234
-1.48422 0.670646
-1.51715 0.66616
-1.52263 0.66169
-1.53361 0.652793
-1.50617 0.66169
-1.35802 0.542617
-1.40741 0.571279
-1.34705 0.563015
-1.53361 0.679663
-1.53361 0.643957
-1.47874 0.596433
-1.48971 0.604938
-1.46776 0.596433
-1.37449 0.550731
-1.41838 0.52657
-1.37449 0.50685
-1.43484 0.563015
-1.37997 0.52657
-1.35802 0.558905
-1.34705 0.518637
-1.28669 0.487507
-1.33059 0.483683
-1.47874 0.626465
-1.48422 0.592203
-1.41289 0.510764
-1.40741 0.510764
-1.41838 0.52657
-1.44582 0.50685
-1.37997 0.502951
-1.44033 0.530559
-1.47874 0.571279
-1.59945 0.679663
-1.48422 0.596433
-1.50617 0.609213
-1.54458 0.643957
-1.4513 0.592203
-1.44033 0.579603
-1.44033 0.579603
-1.48422 0.579603
-1.47325 0.546667
-1.51166 0.546667
-1.46228 0.558905
-1.44033 0.571279
-1.41289 0.583788
-1.48971 0.630815
-1.48422 0.648367
-1.47325 0.617809
-1.45679 0.604938
-1.44582 0.617809
-1.47874 0.639561
-1.6214 0.730333
-1.60494 0.720985
-1.53361 0.697878
-1.50617 0.657234
-1.55556 0.707076
-1.57202 0.707076
-1.58299 0.679663
-1.46776 0.587988
-1.46228 0.604938
-1.45679 0.622129
-1.45679 0.643957
-1.48422 0.679663
-1.51715 0.702469
-1.64335 0.782824
-1.5775 0.753967
-1.62689 0.773145
-1.59396 0.763526
-1.63237 0.744468
-1.58299 0.73503
-1.58299 0.716334
-1.52263 0.720985
-1.47325 0.688741
-1.46776 0.652793
-1.52812 0.688741
-1.50069 0.675147
-1.50617 0.66169
-1.48422 0.609213
-1.48971 0.600678
-1.43484 0.563015
-1.42936 0.495199
-1.46228 0.52657
-1.54458 0.579603
-1.51715 0.55481
-1.47325 0.50685
-1.47874 0.542617
-1.55556 0.596433
-1.48971 0.546667
-1.48971 0.495199
-1.41838 0.491345
-1.37449 0.461058
-1.34156 0.435347
-1.39643 0.491345
-1.37997 0.514693
-1.50069 0.622129
-1.50069 0.66169
-1.51166 0.652793
-1.53909 0.66169
-1.4952 0.643957
-1.44582 0.592203
-1.52263 0.635181
-1.50069 0.596433
-1.44582 0.530559
-1.41289 0.453636
-1.369 0.417433
-1.24829 0.389554
-1.31962 0.431734
-1.25377 0.369277
-1.27572 0.417433
-1.28669 0.379348
-1.22634 0.389554
-1.33059 0.406865
-1.35802 0.424553
-1.27572 0.406865
-1.34705 0.476081
-1.36351 0.442617
-1.31413 0.420986
-1.35254 0.382735
-1.42387 0.438974
-1.50069 0.476081
-1.45679 0.424553
-1.4513 0.449948
-1.34156 0.420986
-1.39095 0.403373
-1.41838 0.362639
-1.43484 0.362639
-1.39095 0.431734
-1.45679 0.403373
-1.3251 0.359342
-1.33059 0.336686
-1.37449 0.372619
-1.44033 0.420986
-1.4513 0.379348
-1.4513 0.372619
-1.35802 0.336686
-1.42387 0.382735
-1.369 0.379348
-1.33608 0.346306
-1.30316 0.314769
-1.33059 0.369277
-1.36351 0.375976
-1.33059 0.379348
-1.31962 0.428136
-1.39095 0.446275
-1.35802 0.428136
-1.29767 0.379348
-1.34156 0.435347
-1.2428 0.36595
-1.34156 0.435347
-1.369 0.461058
-1.35802 0.396433
-1.25377 0.330349
-1.14403 0.314769
-1.34156 0.352794
-1.28669 0.410373
-1.29218 0.403373
-1.17147 0.36595
-1.16598 0.379348
-1.28669 0.428136
-1.30864 0.431734
-1.27572 0.389554
-1.33059 0.406865
-1.33059 0.389554
-1.3251 0.435347
-1.31962 0.35606
-1.25377 0.327203
-1.34705 0.36595
-1.30864 0.317855
-1.31413 0.346306
-1.37997 0.399896
-1.36351 0.420986
-1.40192 0.453636
-1.369 0.464791
-1.37997 0.446275
-1.41289 0.449948
-1.36351 0.449948
-1.42387 0.50685
-1.55007 0.587988
-1.51166 0.534564
-1.5775 0.575434
-1.53361 0.52657
-1.42936 0.453636
-1.40192 0.375976
-1.35254 0.330349
-1.44582 0.352794
-1.38546 0.372619
-1.23731 0.302575
-1.18793 0.284737
-1.1989 0.308642
-1.28121 0.320956
-1.39095 0.311698
-1.27572 0.305601
-1.3251 0.369277
-1.28669 0.392986
-1.29218 0.438974
-1.48422 0.55481
-1.46776 0.550731
-1.47325 0.542617
-1.52812 0.596433
-1.44582 0.571279
-1.40741 0.530559
-1.4513 0.502951
-1.39095 0.45734
-1.29218 0.389554
-1.30864 0.403373
-1.38546 0.438974
-1.41838 0.399896
-1.47874 0.424553
-1.38546 0.389554
-1.39095 0.435347
-1.27572 0.389554
-1.33059 0.379348
-1.37997 0.413895
-1.39095 0.410373
-1.29218 0.386137
-1.24829 0.417433
-1.25926 0.446275
-1.40192 0.461058
-1.39095 0.399896
-1.42387 0.50685
-1.44582 0.542617
-1.4952 0.538583
-1.44033 0.55481
-1.47325 0.600678
-1.47325 0.592203
-1.46776 0.579603
-1.48971 0.630815
-1.46776 0.630815
-1.39643 0.538583
-1.41838 0.499068
-1.48422 0.613504
-1.40192 0.567139
-1.37449 0.530559
-1.44582 0.579603
-1.4513 0.592203
-1.41289 0.534564
-1.51166 0.571279
-1.39643 0.50685
-1.41838 0.479875
-1.38546 0.558905
-1.52812 0.639561
-1.54458 0.679663
-1.50069 0.617809
-1.51715 0.613504
-1.40192 0.534564
-1.45679 0.592203
-1.4952 0.604938
-1.46776 0.600678
-1.44033 0.617809
-1.42936 0.609213
-1.48422 0.567139
-1.369 0.530559
-1.40192 0.487507
-1.47874 0.50685
-1.42936 0.464791
-1.40741 0.487507
-1.40741 0.546667
-1.44033 0.546667
-1.41289 0.502951
-1.34705 0.495199
-1.36351 0.534564
-1.37449 0.530559
-1.40192 0.534564
-1.37449 0.546667
-1.39643 0.550731
-1.39643 0.499068
-1.369 0.510764
-1.37449 0.518637
-1.28669 0.487507
-1.33059 0.50685
-1.36351 0.495199
-1.29767 0.45734
-1.37449 0.453636
-1.36351 0.468539
-1.44582 0.575434
-1.48422 0.66169
-1.42936 0.613504
-1.47874 0.626465
-1.4952 0.648367
-1.53909 0.688741
-1.59945 0.697878
-1.48971 0.609213
-1.40741 0.542617
-1.42387 0.546667
-1.44582 0.583788
-1.50069 0.550731
-1.46776 0.502951
-1.42387 0.461058
-1.50617 0.55481
-1.46228 0.546667
-1.48422 0.514693
-1.44033 0.479875
-1.41838 0.464791
-1.41289 0.483683
-1.54458 0.550731
-1.53361 0.530559
-1.41289 0.487507
-1.44033 0.550731
-1.48971 0.583788
-1.45679 0.502951
-1.48422 0.468539
-1.41289 0.499068
-1.46776 0.464791
-1.41838 0.410373
-1.45679 0.50685
-1.52263 0.534564
-1.47325 0.550731
-1.48971 0.542617
-1.47325 0.546667
-1.51166 0.534564
-1.48971 0.55481
-1.42387 0.534564
-1.42387 0.52657
-1.41838 0.583788
-1.42936 0.530559
-1.44582 0.567139
-1.53909 0.613504
-1.51715 0.630815
-1.55007 0.626465
-1.48422 0.563015
-1.52812 0.592203
-1.40741 0.538583
-1.44033 0.514693
-1.37449 0.495199
-1.42936 0.510764
-1.369 0.449948
-1.35254 0.399896
-1.369 0.406865
-1.3251 0.382735
-1.31962 0.336686
-1.23182 0.281817
-1.25926 0.317855
-1.29767 0.336686
-1.27023 0.317855
-1.30316 0.349542
-1.40741 0.403373
-1.44033 0.396433
-1.4952 0.431734
-1.42936 0.382735
-1.40741 0.372619
-1.46228 0.375976
-1.30864 0.33351
-1.2428 0.299565
-1.34156 0.327203
-1.31962 0.343084
-1.27572 0.327203
-1.34156 0.389554
-1.42387 0.428136
-1.35802 0.438974
-1.369 0.472303
-1.35802 0.479875
-1.42387 0.518637
-1.37997 0.424553
-1.37997 0.476081
-1.30864 0.417433
-1.42387 0.502951
-1.41289 0.510764
-1.46776 0.487507
-1.48971 0.476081
-1.45679 0.534564
-1.50617 0.563015
-1.59396 0.604938
-1.55007 0.635181
-1.53909 0.617809
-1.52812 0.630815
-1.37997 0.563015
-1.36351 0.502951
-1.33608 0.502951
-1.29218 0.495199
-1.34705 0.435347
-1.29218 0.431734
-1.35254 0.461058
-1.369 0.50685
-1.41289 0.514693
-1.40192 0.530559
-1.46776 0.579603
-1.40741 0.575434
-1.42936 0.622129
-1.48971 0.600678
-1.44582 0.542617
-1.47874 0.609213
-1.55007 0.622129
-1.55007 0.596433
-1.53361 0.583788
-1.46776 0.542617
-1.40741 0.522596
-1.39643 0.487507
-1.51166 0.550731
-1.46776 0.546667
-1.52812 0.583788
-1.55556 0.604938
-1.48971 0.583788
-1.55007 0.583788
-1.6214 0.622129
-1.5775 0.639561
-1.54458 0.613504
-1.52263 0.617809
-1.53909 0.587988
-1.51715 0.604938
-1.4952 0.534564
-1.52263 0.579603
-1.50069 0.52657
-1.41289 0.442617
-1.42387 0.483683
-1.46776 0.518637
-1.44582 0.52657
-1.45679 0.546667
-1.40741 0.468539
-1.35254 0.442617
-1.37449 0.446275
-1.35254 0.392986
-1.40192 0.468539
-1.39095 0.50685
-1.48422 0.483683
-1.42387 0.502951
-1.33059 0.453636
-1.37449 0.518637
-1.46776 0.52657
-1.42387 0.52657
-1.40192 0.52657
-1.45679 0.609213
-1.35802 0.563015
-1.44033 0.592203
-1.47874 0.630815
-1.47874 0.622129
-1.53909 0.643957
-1.4952 0.604938
-1.56653 0.643957
-1.46776 0.592203
-1.46776 0.583788
-1.47874 0.613504
-1.51166 0.635181
-1.4513 0.534564
-1.41289 0.50685
-1.35254 0.495199
-1.29218 0.449948
-1.3251 0.464791
-1.3251 0.442617
-1.43484 0.495199
-1.46776 0.495199
-1.43484 0.514693
-1.37449 0.495199
-1.4952 0.52657
-1.39643 0.495199
-1.41838 0.522596
-1.46228 0.550731
-1.44033 0.499068
-1.41289 0.446275
-1.48422 0.502951
-1.46776 0.499068
-1.38546 0.45734
-1.47325 0.464791
-1.4952 0.453636
-1.50069 0.491345
-1.56104 0.483683
-1.58299 0.55481
-1.52812 0.558905
-1.47325 0.483683
-1.42387 0.476081
-1.50069 0.558905
-1.53909 0.542617
-1.48971 0.468539
-1.41289 0.464791
-1.38546 0.453636
-1.42387 0.461058
-1.48971 0.534564
-1.43484 0.495199
-1.45679 0.461058
-1.41289 0.442617
-1.39643 0.453636
-1.36351 0.431734
-1.37997 0.428136
-1.39095 0.442617
-1.33059 0.420986
-1.35254 0.442617
-1.35802 0.472303
-1.30864 0.453636
-1.34156 0.495199
-1.35802 0.546667
-1.50069 0.558905
-1.48971 0.592203
-1.46228 0.617809
-1.61043 0.716334
-1.52812 0.679663
-1.50617 0.643957
-1.48422 0.648367
-1.46776 0.648367
-1.52812 0.707076
-1.46228 0.66616
-1.55556 0.684194
-1.46776 0.583788
-1.4952 0.563015
-1.42936 0.563015
-1.4952 0.575434
-1.59945 0.66169
-1.66529 0.716334
-1.57202 0.679663
-1.51166 0.579603
-1.53361 0.609213
-1.51166 0.583788
-1.44033 0.534564
-1.44582 0.55481
-1.35802 0.502951
-1.45679 0.550731
-1.34156 0.479875
-1.31962 0.522596
-1.30864 0.502951
-1.36351 0.514693
-1.27572 0.468539
-1.33059 0.435347
-1.33059 0.487507
-1.31962 0.514693
-1.28121 0.502951
-1.31962 0.435347
-1.28669 0.499068
-1.37449 0.495199
-1.34156 0.406865
-1.44582 0.472303
-1.37449 0.438974
-1.35802 0.468539
-1.37997 0.476081
-1.31962 0.428136
-1.36351 0.472303
-1.39095 0.518637
-1.40741 0.587988
-1.47874 0.604938
-1.52263 0.639561
-1.46228 0.617809
-1.51166 0.575434
-1.50617 0.567139
-1.4513 0.538583
-1.36351 0.487507
-1.30864 0.464791
-1.369 0.476081
-1.35802 0.442617
-1.43484 0.442617
-1.46228 0.479875
-1.44033 0.483683
-1.41289 0.510764
-1.42936 0.530559
-1.53361 0.579603
-1.47874 0.52657
-1.45679 0.50685
-1.31413 0.446275
-1.34705 0.428136
-1.29767 0.499068
-1.29767 0.499068
-1.26475 0.431734
-1.37997 0.461058
-1.34156 0.438974
-1.43484 0.472303
-1.48422 0.479875
-1.33608 0.449948
-1.35254 0.464791
-1.35802 0.491345
-1.40192 0.52657
-1.51715 0.613504
-1.4513 0.583788
-1.43484 0.622129
-1.4513 0.635181
-1.41838 0.609213
-1.38546 0.579603
-1.47325 0.652793
-1.4513 0.643957
-1.53361 0.684194
-1.48422 0.648367
-1.47874 0.675147
-1.54458 0.688741
-1.54458 0.675147
-1.52263 0.639561
-1.47874 0.571279
-1.37449 0.558905
-1.29218 0.495199
-1.28121 0.479875
-1.33059 0.495199
-1.33608 0.522596
-1.46228 0.600678
-1.43484 0.575434
-1.46776 0.630815
-1.57202 0.652793
-1.4513 0.600678
-1.51166 0.592203
-1.47325 0.583788
-1.51715 0.55481
-1.61043 0.604938
-1.59396 0.596433
-1.48971 0.558905
-1.41289 0.502951
-1.34705 0.431734
-1.369 0.522596
-1.31413 0.453636
-1.27023 0.386137
-1.29767 0.379348
-1.28669 0.420986
-1.24829 0.417433
-1.17695 0.389554
-1.2428 0.428136
-1.23731 0.435347
-1.2428 0.389554
-1.34156 0.403373
-1.29218 0.403373
-1.3251 0.417433
-1.3251 0.389554
-1.23182 0.35606
-1.30316 0.36595
-1.34705 0.453636
-1.33059 0.468539
-1.35802 0.446275
-1.29767 0.349542
-1.36351 0.389554
-1.44582 0.420986
-1.39643 0.472303
-1.36351 0.435347
-1.34705 0.417433
-1.35802 0.417433
-1.30864 0.449948
-1.29767 0.453636
-1.3251 0.514693
-1.369 0.461058
-1.28669 0.369277
-1.35802 0.410373
-1.29218 0.399896
-1.28669 0.369277
-1.34705 0.410373
-1.14403 0.327203
-1.24829 0.396433
-1.23182 0.369277
-1.27023 0.389554
-1.27023 0.431734
-1.29218 0.403373
-1.31413 0.417433
-1.39095 0.413895
-1.35254 0.410373
-1.41838 0.461058
-1.46228 0.50685
-1.50617 0.563015
-1.45679 0.613504
-1.41838 0.587988
-1.52812 0.596433
-1.53909 0.558905
-1.56104 0.617809
-1.47874 0.55481
-1.50069 0.583788
-1.55007 0.604938
-1.51715 0.592203
-1.5775 0.617809
-1.53909 0.613504
-1.48971 0.596433
-1.39643 0.534564
-1.42387 0.546667
-1.37997 0.514693
-1.40192 0.546667
-1.45679 0.604938
-1.50617 0.652793
-1.5775 0.725652
-1.56653 0.720985
-1.63237 0.753967
-1.63237 0.773145
-1.63786 0.782824
-1.64883 0.773145
-1.55007 0.716334
-1.48422 0.675147
-1.55556 0.688741
-1.53361 0.670646
-1.46228 0.639561
-1.44582 0.635181
-1.46228 0.66169
-1.52812 0.679663
-1.40192 0.617809
-1.53909 0.702469
-1.61591 0.753967
-1.62689 0.711697
-1.61043 0.716334
-1.46228 0.617809
-1.46776 0.596433
-1.44582 0.617809
-1.55007 0.688741
-1.48422 0.643957
-1.50069 0.600678
-1.46228 0.571279
-1.50617 0.617809
-1.4952 0.643957
-1.46228 0.600678
-1.4513 0.596433
-1.40192 0.579603
-1.39643 0.563015
-1.50617 0.613504
-1.51166 0.592203
-1.59945 0.652793
-1.52812 0.613504
-1.56653 0.635181
-1.55556 0.648367
-1.50617 0.639561
-1.41289 0.558905
-1.40741 0.542617
-1.47325 0.575434
-1.50617 0.630815
-1.53361 0.675147
-1.48971 0.652793
-1.59945 0.744468
-1.63237 0.777977
-1.55007 0.702469
-1.50617 0.639561
-1.47325 0.626465
-1.39643 0.571279
-1.40192 0.604938
-1.44582 0.635181
-1.53361 0.693302
-1.59945 0.739742
-1.55007 0.707076
-1.64335 0.73503
-1.53909 0.643957
-1.52263 0.648367
-1.44033 0.613504
-1.52812 0.684194
-1.52812 0.675147
-1.55007 0.657234
-1.51715 0.626465
-1.50069 0.587988
-1.52263 0.609213
-1.52263 0.609213
-1.56104 0.630815
-1.54458 0.670646
-1.48422 0.587988
-1.51166 0.622129
-1.48422 0.567139
-1.51715 0.604938
-1.55556 0.702469
-1.51166 0.630815
-1.4513 0.596433
-1.47874 0.579603
-1.39643 0.571279
-1.4513 0.609213
-1.46776 0.558905
-1.42387 0.522596
-1.36351 0.558905
-1.47325 0.652793
-1.41289 0.558905
-1.42387 0.558905
-1.46228 0.575434
-1.39643 0.567139
-1.47874 0.613504
-1.41838 0.567139
-1.48422 0.583788
-1.48422 0.617809
-1.47874 0.609213
-1.39643 0.563015
-1.33059 0.50685
-1.40192 0.550731
-1.33059 0.491345
-1.42936 0.558905
-1.37997 0.514693
-1.39643 0.483683
-1.39643 0.52657
-1.34705 0.420986
-1.30864 0.346306
-1.31962 0.330349
-1.31962 0.359342
-1.20439 0.317855
-1.33059 0.413895
-1.41838 0.417433
-1.37997 0.431734
-1.36351 0.464791
-1.369 0.382735
-1.29767 0.382735
-1.37449 0.406865
-1.40192 0.392986
-1.51715 0.479875
-1.50617 0.483683
-1.55007 0.472303
-1.47874 0.476081
-1.48971 0.50685
-1.50617 0.542617
-1.57202 0.579603
-1.43484 0.514693
-1.46228 0.476081
-1.40192 0.45734
-1.41289 0.491345
-1.56104 0.534564
-1.48971 0.45734
-1.4952 0.491345
-1.58848 0.592203
-1.55556 0.613504
-1.53361 0.558905
-1.47325 0.491345
-1.51166 0.483683
-1.45679 0.428136
-1.43484 0.449948
-1.29767 0.372619
-1.31962 0.362639
-1.28121 0.349542
-1.24829 0.314769
-1.21536 0.324072
-1.18793 0.327203
-1.2428 0.317855
-1.31962 0.35606
-1.27023 0.375976
-1.43484 0.431734
-1.52812 0.446275
-1.47874 0.417433
-1.41289 0.389554
-1.42387 0.424553
-1.40741 0.36595
-1.41289 0.420986
-1.40192 0.431734
-1.40192 0.431734
-1.40741 0.442617
-1.52812 0.558905
-1.48971 0.522596
-1.40741 0.453636
-1.33608 0.420986
-1.31962 0.413895
-1.35802 0.413895
-1.30316 0.424553
-1.31413 0.442617
-1.37449 0.479875
-1.39643 0.542617
-1.3251 0.424553
-1.41289 0.52657
-1.40741 0.546667
-1.38546 0.522596
-1.28669 0.449948
-1.37449 0.52657
-1.43484 0.550731
-1.51715 0.583788
-1.4952 0.563015
-1.42387 0.522596
-1.42387 0.510764
-1.40192 0.464791
-1.37997 0.453636
-1.44033 0.420986
-1.39643 0.336686
-1.34156 0.349542
-1.31962 0.372619
-1.28669 0.349542
-1.38546 0.389554
-1.34156 0.417433
-1.28669 0.399896
-1.33059 0.417433
-1.41289 0.472303
-1.42387 0.502951
-1.46776 0.518637
-1.42387 0.510764
-1.46776 0.530559
-1.55007 0.583788
-1.53361 0.617809
-1.50617 0.579603
-1.47325 0.546667
-1.43484 0.534564
-1.37997 0.514693
-1.39643 0.428136
-1.40192 0.50685
-1.33059 0.510764
-1.35254 0.514693
-1.31413 0.542617
-1.39643 0.583788
-1.39095 0.600678
-1.39643 0.567139
-1.43484 0.587988
-1.46228 0.596433
-1.51166 0.688741
-1.55007 0.652793
-1.60494 0.688741
-1.52812 0.643957
-1.4952 0.571279
-1.55007 0.635181
-1.46776 0.604938
-1.4952 0.626465
-1.4952 0.643957
-1.52263 0.66616
-1.59945 0.725652
-1.61043 0.744468
-1.56653 0.739742
-1.61043 0.777977
-1.58299 0.739742
-1.57202 0.753967
-1.61043 0.74921
-1.57202 0.739742
-1.60494 0.744468
-1.51715 0.670646
-1.45679 0.630815
-1.50069 0.596433
-1.46776 0.55481
-1.43484 0.495199
-1.40192 0.522596
-1.51715 0.514693
-1.44033 0.472303
-1.4513 0.510764
-1.50069 0.491345
-1.44033 0.495199
-1.29767 0.438974
-1.25926 0.483683
-1.28669 0.413895
-1.25377 0.406865
-1.3251 0.464791
-1.35802 0.413895
-1.34705 0.396433
-1.26475 0.359342
-1.28669 0.349542
-1.22085 0.339878
-1.17695 0.290623
-1.25926 0.36595
-1.29767 0.392986
-1.369 0.396433
-1.31962 0.36595
-1.33608 0.369277
-1.35802 0.396433
-1.42936 0.392986
-1.41289 0.369277
-1.39095 0.403373
-1.46228 0.453636
-1.35254 0.420986
-1.35802 0.410373
-1.37449 0.464791
-1.34156 0.382735
-1.37997 0.399896
-1.29218 0.382735
-1.27023 0.36595
-1.20439 0.305601
-1.26475 0.336686
-1.24829 0.327203
-1.33608 0.406865
-1.33059 0.372619
-1.29218 0.35606
-1.369 0.372619
-1.41289 0.424553
-1.41838 0.413895
-1.4513 0.435347
-1.50069 0.50685
-1.39643 0.45734
-1.44033 0.499068
-1.41838 0.464791
-1.3251 0.428136
-1.22634 0.442617
-1.28669 0.392986
-1.29767 0.442617
-1.39643 0.453636
-1.48422 0.534564
-1.47874 0.522596
-1.56104 0.558905
-1.46228 0.522596
-1.39643 0.522596
-1.42387 0.479875
-1.39095 0.476081
-1.39643 0.449948
-1.25926 0.379348
-1.369 0.438974
-1.37997 0.428136
-1.34705 0.453636
-1.41289 0.55481
-1.37997 0.52657
-1.37449 0.52657
-1.33608 0.502951
-1.369 0.592203
-1.34705 0.534564
-1.42936 0.534564
-1.37997 0.534564
-1.51715 0.550731
-1.42936 0.476081
-1.37449 0.438974
-1.29767 0.379348
-1.24829 0.33351
-1.31962 0.386137
-1.35802 0.45734
-1.31962 0.438974
-1.34156 0.472303
-1.3251 0.431734
-1.40741 0.468539
-1.47325 0.538583
-1.46776 0.538583
-1.35802 0.52657
-1.37997 0.558905
-1.40741 0.563015
-1.369 0.50685
-1.35254 0.461058
-1.25926 0.410373
-1.25926 0.379348
-1.20988 0.362639
-1.25926 0.389554
-1.25377 0.453636
-1.25377 0.449948
-1.34156 0.50685
-1.48971 0.587988
-1.50069 0.587988
-1.42936 0.575434
-1.369 0.579603
-1.36351 0.50685
-1.45679 0.596433
-1.52263 0.639561
-1.5775 0.707076
-1.61043 0.725652
-1.67627 0.792564
-1.64883 0.758739
-1.65432 0.787687
-1.61591 0.74921
-1.69822 0.817176
-1.61043 0.768328
-1.56653 0.684194
-1.61043 0.675147
-1.44582 0.583788
-1.41838 0.575434
-1.44033 0.604938
-1.42387 0.583788
-1.43484 0.579603
-1.43484 0.604938
-1.44582 0.622129
-1.53909 0.66616
-1.53361 0.693302
-1.46228 0.626465
-1.52812 0.622129
-1.42936 0.534564
-1.37997 0.550731
-1.48422 0.596433
-1.40741 0.550731
-1.50069 0.604938
-1.46776 0.630815
-1.47874 0.592203
-1.44033 0.622129
-1.44033 0.622129
-1.47325 0.697878
-1.44582 0.648367
-1.43484 0.639561
-1.47325 0.622129
-1.51715 0.622129
-1.52263 0.604938
-1.44033 0.648367
-1.44582 0.567139
-1.41289 0.530559
-1.40741 0.538583
-1.40192 0.55481
-1.42936 0.50685
-1.31413 0.487507
-1.35254 0.495199
-1.37997 0.514693
-1.35802 0.502951
-1.3251 0.518637
-1.46228 0.592203
-1.44582 0.563015
-1.39643 0.571279
-1.43484 0.571279
-1.44582 0.579603
-1.35254 0.55481
-1.4513 0.617809
-1.55556 0.657234
-1.56653 0.688741
-1.64335 0.725652
-1.63786 0.758739
-1.48422 0.688741
-1.4513 0.635181
-1.41838 0.609213
-1.37449 0.583788
-1.4513 0.592203
-1.369 0.583788
-1.46776 0.643957
-1.35254 0.563015
-1.50069 0.639561
-1.48971 0.635181
-1.46228 0.652793
-1.57202 0.688741
-1.59945 0.73503
-1.54458 0.707076
-1.55007 0.716334
-1.53361 0.702469
-1.47874 0.684194
-1.54458 0.725652
-1.53909 0.730333
-1.59945 0.725652
-1.5775 0.720985
-1.61043 0.74921
-1.59945 0.716334
-1.40741 0.583788
-1.53361 0.679663
-1.58299 0.720985
-1.56104 0.744468
-1.6214 0.763526
-1.60494 0.74921
-1.56653 0.702469
-1.61591 0.744468
-1.51715 0.635181
-1.47325 0.639561
-1.55556 0.739742
-1.61591 0.777977
-1.63237 0.768328
-1.67627 0.773145
-1.65981 0.787687
-1.70919 0.842165
-1.68724 0.827127
-1.66529 0.792564
-1.56104 0.716334
-1.48971 0.643957
-1.45679 0.622129
-1.46228 0.604938
-1.52263 0.613504
-1.50617 0.592203
-1.36351 0.546667
-1.36351 0.542617
-1.37449 0.563015
-1.3251 0.499068
-1.35254 0.476081
-1.35802 0.50685
-1.41289 0.487507
-1.39643 0.435347
-1.33608 0.420986
-1.26475 0.372619
-1.31962 0.362639
-1.27023 0.33351
-1.23182 0.308642
-1.31962 0.36595
-1.25377 0.36595
-1.31962 0.396433
-1.34156 0.472303
-1.30864 0.45734
-1.29767 0.461058
-1.37997 0.479875
-1.42387 0.510764
-1.48971 0.626465
-1.41838 0.538583
-1.47874 0.609213
-1.4952 0.643957
-1.53909 0.635181
-1.47325 0.609213
-1.46776 0.592203
-1.50617 0.609213
-1.45679 0.579603
-1.41289 0.575434
-1.33608 0.479875
-1.40192 0.546667
-1.37449 0.534564
-1.34705 0.518637
-1.39095 0.518637
-1.37449 0.514693
-1.37449 0.550731
-1.47325 0.622129
-1.55556 0.657234
-1.56653 0.684194
-1.50617 0.652793
-1.58848 0.66169
-1.50617 0.622129
-1.54458 0.684194
-1.53361 0.679663
-1.47874 0.643957
-1.57202 0.702469
-1.60494 0.744468
-1.60494 0.758739
-1.65981 0.782824
-1.62689 0.763526
-1.55556 0.697878
-1.47874 0.643957
-1.41289 0.587988
-1.44582 0.630815
-1.53909 0.66169
-1.44033 0.626465
-1.51166 0.693302
-1.53361 0.684194
-1.6214 0.684194
-1.54458 0.679663
-1.63786 0.777977
-1.53909 0.688741
-1.43484 0.657234
-1.52263 0.66616
-1.48422 0.617809
-1.41838 0.518637
-1.37997 0.499068
-1.43484 0.495199
-1.4513 0.542617
-1.36351 0.476081
-1.42936 0.464791
-1.35802 0.396433
-1.25377 0.410373
-1.35254 0.449948
-1.33059 0.442617
-1.38546 0.406865
-1.25926 0.36595
-1.31962 0.372619
-1.31413 0.308642
-1.29218 0.261796
-1.30864 0.362639
-1.23731 0.336686
-1.33059 0.324072
-1.31413 0.293589
-1.369 0.281817
-1.36351 0.308642
-1.33608 0.284737
-1.36351 0.35606
-1.34156 0.36595
-1.37449 0.396433
-1.37997 0.417433
-1.4513 0.431734
-1.30316 0.406865
-1.369 0.403373
-1.369 0.392986
-1.43484 0.392986
-1.40741 0.389554
-1.39643 0.410373
-1.39095 0.510764
-1.40741 0.495199
-1.35254 0.428136
-1.35802 0.476081
-1.36351 0.52657
-1.48422 0.52657
-1.37997 0.461058
-1.42936 0.487507
-1.369 0.442617
-1.369 0.45734
-1.35802 0.479875
-1.40192 0.45734
-1.47874 0.476081
-1.4952 0.522596
-1.4952 0.522596
-1.37997 0.420986
-1.42936 0.399896
-1.33608 0.33351
-1.35802 0.336686
-1.41838 0.346306
-1.41838 0.349542
-1.31962 0.287673
-1.23731 0.237138
-1.16598 0.198752
-1.28121 0.186709
-1.20988 0.168224
-1.18793 0.231824
-1.28121 0.234474
-1.28669 0.186709
-1.17695 0.16154
-1.28669 0.172755
-1.33059 0.186709
-1.3251 0.226571
-1.34156 0.218803
-1.27023 0.242512
-1.23182 0.226571
-1.24829 0.256211
-1.23182 0.239818
-1.27023 0.223967
-1.23182 0.208657
-1.28121 0.221377
-1.3251 0.208657
-1.27572 0.150702
-1.20988 0.0886063
-1.22085 0.132141
-1.25926 0.172755
-1.31962 0.2137
-1.35802 0.226571
-1.37449 0.2137
-1.369 0.206158
-1.42936 0.270286
-1.33059 0.231824
-1.27572 0.211171
-1.18244 0.181998
-1.1166 0.163753
-1.21536 0.198752
-1.29767 0.175043
-1.22085 0.154992
-1.18244 0.142302
-1.29767 0.22919
-1.27023 0.168224
-1.13855 0.16154
-1.18793 0.184346
-1.27572 0.273146
-1.21536 0.203675
-1.22085 0.198752
-1.18793 0.211171
-1.18244 0.191481
-1.1989 0.2137
-1.27023 0.273146
-1.2428 0.258996
-1.18244 0.237138
-1.27572 0.256211
-1.30316 0.234474
-1.30316 0.247947
-1.34156 0.296569
-1.31413 0.296569
-1.18793 0.234474
-1.369 0.278911
-1.22634 0.261796
-1.29767 0.234474
-1.26475 0.270286
-1.33059 0.324072
-1.39095 0.330349
-1.50069 0.375976
-1.48971 0.386137
-1.36351 0.375976
-1.44582 0.375976
-1.39643 0.359342
-1.369 0.281817
-1.28121 0.261796
-1.37449 0.302575
-1.33608 0.296569
-1.40741 0.336686
-1.41838 0.389554
-1.42387 0.362639
-1.34156 0.352794
-1.35802 0.369277
-1.30864 0.305601
-1.25926 0.267441
-1.27572 0.339878
-1.39643 0.317855
-1.41838 0.339878
-1.35802 0.362639
-1.39095 0.424553
-1.31962 0.406865
-1.27572 0.396433
-1.369 0.403373
-1.28121 0.379348
-1.28669 0.389554
-1.28669 0.417433
-1.38546 0.431734
-1.25926 0.410373
-1.37449 0.461058
-1.29767 0.392986
-1.42387 0.442617
-1.46228 0.514693
-1.4952 0.518637
-1.47325 0.510764
-1.39095 0.50685
-1.31413 0.446275
-1.44033 0.575434
-1.42936 0.483683
-1.44582 0.45734
-1.33059 0.410373
-1.3251 0.410373
-1.28121 0.372619
-1.35254 0.327203
-1.36351 0.336686
-1.33059 0.339878
-1.26475 0.352794
-1.38546 0.346306
-1.31413 0.35606
-1.28121 0.278911
-1.3251 0.250686
-1.23731 0.264611
-1.26475 0.270286
-1.2428 0.267441
-1.33059 0.253441
-1.35254 0.206158
-1.33608 0.196313
-1.26475 0.186709
-1.24829 0.208657
-1.19342 0.237138
-1.34156 0.276021
-1.4513 0.278911
-1.43484 0.296569
-1.39643 0.305601
-1.27023 0.239818
-1.369 0.296569
-1.34156 0.346306
-1.24829 0.311698
-1.14403 0.302575
-1.12757 0.270286
-1.06722 0.208657
-1.17695 0.267441
-1.2428 0.273146
-1.20988 0.245222
-1.25377 0.250686
-1.31962 0.281817
-1.43484 0.392986
-1.37997 0.399896
-1.33608 0.417433
-1.3251 0.45734
-1.27572 0.372619
-1.08916 0.278911
-1.19342 0.324072
-1.23182 0.281817
-1.27023 0.296569
-1.27023 0.349542
-1.27572 0.324072
-1.27572 0.308642
-1.30864 0.35606
-1.39095 0.410373
-1.38546 0.362639
-1.29218 0.33351
-1.36351 0.314769
-1.38546 0.339878
-1.3251 0.320956
-1.31962 0.305601
-1.34156 0.293589
-1.33608 0.267441
-1.36351 0.302575
-1.35254 0.33351
-1.47325 0.386137
-1.43484 0.417433
-1.4952 0.446275
-1.45679 0.392986
-1.41289 0.382735
-1.38546 0.382735
-1.23182 0.33351
-1.27023 0.36595
-1.40192 0.435347
-1.35254 0.431734
-1.33608 0.461058
-1.42936 0.495199
-1.36351 0.431734
-1.25926 0.336686
-1.18793 0.258996
-1.23182 0.261796
-1.22085 0.196313
-1.23182 0.211171
-1.40192 0.261796
-1.34705 0.247947
-1.22634 0.256211
-1.26475 0.261796
-1.28669 0.261796
-1.37997 0.245222
-1.34156 0.172755
-1.27572 0.130154
-1.25926 0.148579
-1.27572 0.114799
-1.28121 0.159342
-1.22085 0.184346
-1.3251 0.221377
-1.23731 0.237138
-1.25926 0.264611
-1.1989 0.242512
-1.17147 0.237138
-1.22634 0.218803
-1.24829 0.237138
-1.23731 0.201206
-1.25377 0.170482
-1.28669 0.203675
-1.35254 0.247947
-1.369 0.226571
-1.27572 0.203675
-1.31962 0.163753
-1.25926 0.163753
-1.27023 0.157159
-1.27023 0.157159
-1.27572 0.172755
-1.28121 0.120444
-1.29218 0.111111
-1.26475 0.107483
-1.3251 0.111111
-1.23182 0.103916
-1.18793 0.098677
-1.18244 0.091903
-1.18793 0.112948
-1.24829 0.152839
-1.18244 0.168224
-1.24829 0.211171
-1.29218 0.201206
-1.29218 0.22919
-1.22085 0.175043
-1.18793 0.184346
-1.36351 0.208657
-1.27023 0.172755
-1.28669 0.237138
-1.25377 0.218803
-1.22085 0.172755
-1.23182 0.186709
-1.28669 0.264611
-1.31962 0.22919
-1.28669 0.281817
-1.30316 0.311698
-1.20439 0.245222
-1.24829 0.270286
-1.21536 0.287673
-1.24829 0.239818
-1.34705 0.287673
-1.26475 0.311698
-1.2428 0.293589
-1.29218 0.311698
-1.35254 0.287673
-1.34705 0.284737
-1.43484 0.287673
-1.40192 0.218803
-1.40192 0.181998
-1.45679 0.189088
-1.40192 0.186709
-1.36351 0.211171
-1.369 0.208657
-1.48422 0.218803
-1.50617 0.196313
-1.39643 0.2137
-1.42387 0.253441
-1.33059 0.19389
-1.33608 0.189088
-1.3251 0.226571
-1.31962 0.177346
-1.42387 0.198752
-1.39095 0.181998
-1.35802 0.186709
-1.34705 0.211171
-1.31413 0.177346
-1.34705 0.16154
-1.39095 0.196313
-1.40192 0.242512
-1.45679 0.245222
-1.38546 0.293589
-1.34156 0.302575
-1.34156 0.330349
-1.34156 0.327203
-1.369 0.33351
-1.41289 0.296569
-1.34705 0.270286
-1.29767 0.22919
-1.33059 0.296569
-1.31962 0.302575
-1.34156 0.293589
-1.34705 0.293589
-1.31413 0.226571
-1.26475 0.226571
-1.29767 0.270286
-1.25377 0.237138
-1.22634 0.2137
-1.21536 0.2137
-1.17147 0.203675
-1.20439 0.165981
-1.16598 0.170482
-1.10014 0.159342
-1.06722 0.142302
-1.20439 0.140239
-1.18793 0.142302
-1.16598 0.165981
-1.27572 0.218803
-1.16598 0.175043
-1.20439 0.170482
-1.24829 0.237138
-1.25926 0.218803
-1.24829 0.330349
-1.25377 0.314769
-1.2428 0.349542
-1.29218 0.35606
-1.26475 0.379348
-1.41289 0.428136
-1.35802 0.468539
-1.33608 0.483683
-1.41838 0.579603
-1.41289 0.542617
-1.48971 0.530559
-1.369 0.472303
-1.41289 0.453636
-1.39643 0.442617
-1.369 0.483683
-1.35802 0.446275
-1.369 0.431734
-1.39095 0.424553
-1.40192 0.442617
-1.37997 0.472303
-1.46228 0.487507
-1.40192 0.479875
-1.33608 0.446275
-1.30864 0.449948
-1.42387 0.476081
-1.29218 0.379348
-1.29767 0.449948
-1.30316 0.410373
-1.20439 0.359342
-1.22634 0.287673
-1.19342 0.314769
-1.18244 0.261796
-1.34705 0.410373
-1.39643 0.438974
-1.45679 0.461058
-1.39095 0.399896
-1.31413 0.36595
-1.38546 0.392986
-1.31962 0.396433
-1.31962 0.399896
-1.31962 0.438974
-1.35254 0.438974
-1.1989 0.327203
-1.18244 0.264611
-1.22085 0.278911
-1.30864 0.290623
-1.29767 0.299565
-1.46228 0.362639
-1.35254 0.372619
-1.27572 0.372619
-1.26475 0.386137
-1.25926 0.346306
-1.22085 0.349542
-1.23182 0.349542
-1.31413 0.389554
-1.35802 0.487507
-1.35802 0.472303
-1.35254 0.420986
-1.40192 0.403373
-1.40741 0.330349
-1.38546 0.372619
-1.45679 0.372619
-1.41289 0.369277
-1.42387 0.35606
-1.37449 0.35606
-1.31962 0.352794
-1.35802 0.375976
-1.40741 0.379348
-1.45679 0.386137
-1.48422 0.417433
-1.40192 0.396433
-1.37449 0.413895
-1.39643 0.442617
-1.31962 0.389554
-1.28121 0.330349
-1.27023 0.336686
-1.31962 0.320956
-1.3251 0.293589
-1.33059 0.267441
-1.2428 0.237138
-1.30864 0.239818
-1.33608 0.22919
-1.33059 0.208657
-1.35802 0.234474
-1.34156 0.247947
-1.369 0.250686
-1.31962 0.278911
-1.28669 0.231824
-1.29218 0.253441
-1.40741 0.247947
-1.40192 0.273146
-1.38546 0.237138
-1.41838 0.290623
-1.39643 0.308642
-1.39095 0.343084
-1.34156 0.343084
-1.39095 0.33351
-1.44582 0.320956
-1.369 0.206158
-1.42387 0.284737
-1.40741 0.278911
-1.35802 0.247947
-1.29767 0.203675
-1.27023 0.140239
-1.23182 0.159342
-1.29218 0.103916
-1.2428 0.128182
-1.30316 0.118547
-1.23182 0.120444
-1.31413 0.152839
-1.36351 0.172755
-1.27572 0.170482
-1.35802 0.203675
-1.28121 0.186709
-1.22634 0.177346
-1.24829 0.203675
-1.28669 0.203675
-1.369 0.216244
-1.37449 0.256211
-1.40741 0.281817
-1.37449 0.237138
-1.33608 0.198752
-1.35802 0.201206
-1.39095 0.221377
-1.34705 0.206158
-1.33059 0.130154
-1.20988 0.0869805
-1.28669 0.102154
-1.28669 0.134143
-1.26475 0.124283
-1.23182 0.124283
-1.33059 0.154992
-1.34156 0.152839
-1.33059 0.203675
-1.33059 0.2137
-1.29767 0.247947
-1.31962 0.256211
-1.30316 0.256211
-1.33608 0.327203
-1.42387 0.320956
-1.41838 0.290623
-1.40741 0.305601
-1.39095 0.311698
-1.37997 0.317855
-1.28669 0.250686
-1.24829 0.234474
-1.27572 0.281817
-1.2428 0.237138
-1.21536 0.245222
-1.16598 0.22919
-1.1989 0.218803
-1.27572 0.196313
-1.27023 0.184346
-1.29218 0.218803
-1.23731 0.250686
-1.26475 0.242512
-1.40192 0.261796
-1.3251 0.239818
-1.31413 0.261796
-1.31413 0.234474
-1.41289 0.296569
-1.38546 0.264611
-1.27572 0.276021
-1.34156 0.273146
-1.28121 0.245222
-1.34156 0.247947
-1.33059 0.221377
-1.2428 0.184346
-1.20988 0.179664
-1.21536 0.198752
-1.28669 0.159342
-1.2428 0.142302
-1.27023 0.201206
-1.22085 0.201206
-1.21536 0.184346
-1.29767 0.203675
-1.3251 0.234474
-1.31962 0.278911
-1.19342 0.201206
-1.30316 0.231824
-1.27023 0.179664
-1.29767 0.206158
-1.34156 0.184346
-1.25926 0.191481
-1.15501 0.138192
-1.22085 0.124283
-1.24829 0.118547
-1.29767 0.186709
-1.2428 0.231824
-1.26475 0.226571
-1.42387 0.256211
-1.37449 0.253441
-1.28121 0.208657
-1.31962 0.250686
-1.39095 0.203675
-1.33608 0.2137
-1.26475 0.144379
-1.21536 0.144379
-1.1989 0.0902471
-1.18244 0.130154
-1.25377 0.177346
-1.11111 0.118547
-1.16049 0.16154
-1.15501 0.177346
-1.15501 0.138192
-1.15501 0.144379
-1.18244 0.159342
-1.26475 0.211171
-1.27023 0.258996
-1.28121 0.250686
-1.24829 0.216244
-1.2428 0.181998
-1.1989 0.191481
-1.18244 0.208657
-1.20988 0.242512
-1.17147 0.284737
-1.19342 0.290623
-1.33608 0.352794
-1.34156 0.311698
-1.34705 0.317855
-1.39095 0.362639
-1.45679 0.431734
-1.42936 0.424553
-1.369 0.410373
-1.30864 0.379348
-1.1989 0.343084
-1.18244 0.311698
-1.35254 0.35606
-1.39095 0.33351
-1.34156 0.327203
-1.31413 0.336686
-1.43484 0.346306
-1.40741 0.372619
-1.40741 0.359342
-1.369 0.296569
-1.35254 0.284737
-1.40192 0.273146
-1.30316 0.196313
-1.34156 0.256211
-1.28121 0.267441
-1.25926 0.237138
-1.29218 0.276021
-1.33608 0.330349
-1.27572 0.267441
-1.23731 0.247947
-1.25377 0.231824
-1.23731 0.239818
-1.21536 0.270286
-1.27572 0.218803
-1.20988 0.231824
-1.2428 0.239818
-1.26475 0.216244
-1.23731 0.154992
-1.2428 0.177346
-1.33059 0.175043
-1.29767 0.2137
-1.27023 0.208657
-1.26475 0.223967
-1.26475 0.148579
-1.20988 0.179664
-1.22085 0.152839
-1.25926 0.177346
-1.25926 0.191481
-1.28121 0.218803
-1.17147 0.157159
-1.23731 0.196313
-1.24829 0.2137
-1.20988 0.189088
-1.2428 0.134143
-1.23731 0.100408
-1.28669 0.0886063
-1.18244 0.0902471
-1.22085 0.111111
-1.1166 0.080628
-1.15501 0.0700906
-1.23731 0.102154
-1.19342 0.159342
-1.27572 0.172755
-1.14952 0.159342
-1.28121 0.186709
-1.30316 0.196313
-1.28121 0.203675
-1.34705 0.150702
-1.33059 0.146472
-1.34156 0.177346
-1.33608 0.184346
-1.20439 0.152839
-1.21536 0.175043
-1.20988 0.157159
-1.19342 0.163753
-1.31413 0.150702
-1.34705 0.13616
-1.39095 0.138192
-1.40741 0.154992
-1.35802 0.112948
-1.23731 0.0869805
-1.20988 0.0644004
-1.23182 0.073026
-1.33059 0.100408
-1.36351 0.130154
-1.26475 0.126225
-1.26475 0.0952599
-1.31962 0.103916
-1.37449 0.122356
-1.28669 0.142302
-1.27572 0.122356
-1.23182 0.0616456
-1.24829 0.077542
-1.31962 0.0969609
-1.25377 0.0630155
-1.33059 0.0760216
-1.35802 0.102154
-1.35802 0.0902471
-1.22085 0.033285
-1.21536 0.033285
-1.29767 0.0463814
-1.28121 0.0266464
-1.21536 0.0322914
-1.23182 0.0342936
-1.28121 0.0563167
-1.24829 0.0406611
-1.25377 0.0512286
-1.22634 0.0524781
-1.19342 0.0475707
-1.18244 0.0240271
-1.20988 0.0266464
-1.15501 0.0275496
-1.19342 0.0129629
-1.19342 0.00451791
-1.21536 0.00286203
-1.24829 0.000995407
-1.1989 0.000152416
-1.20439 1.69351e-05
-1.17147 0.000227683
-1.27023 0.000995407
-1.20988 0.000423377
-1.33608 0.000318003
-1.28121 0.00451791
-1.3251 0.0111565
-1.29767 0.00700172
-1.30864 0.00700172
-1.3251 9.22021e-05
-1.33059 1.69351e-05
-1.28121 4.70419e-05
-1.33608 0.000829819
-1.27572 0.00286203
-1.33059 0.0207455
-1.26475 0.0177047
-1.20439 0.0231841
-1.26475 0.0248852
-1.33059 0.0184423
-1.28669 0.0303496
-1.26475 0.0475707
-1.28669 0.058951
-1.40192 0.0537426
-1.37997 0.0672154
-1.34156 0.0512286
-1.31413 0.0630155
-1.29218 0.100408
-1.3251 0.100408
-1.2428 0.0821935
-1.27023 0.0902471
-1.369 0.128182
-1.30316 0.118547
-1.36351 0.100408
-1.35802 0.0886063
-1.22634 0.091903
-1.25377 0.077542
-1.1989 0.0602908
-1.2428 0.0630155
-1.30316 0.0902471
-1.23182 0.0644004
-1.22634 0.0275496
-1.20988 0.031313
-1.22085 0.0177047
-1.23731 0.0117435
-1.24829 0.00895866
-1.22085 0.0177047
-1.29218 0.0177047
-1.33608 0.0111565
-1.28121 0.00700172
-1.369 0.0142424
-1.39643 0.0240271
-1.3251 0.0223562
-1.22634 0.0248852
-1.2428 0.0384784
-1.23182 0.0499943
-1.22085 0.0630155
-1.1989 0.0630155
-1.17695 0.0524781
-1.24829 0.0550221
-1.29767 0.0363559
-1.26475 0.0902471
-1.24829 0.111111
-1.28669 0.112948
-1.21536 0.122356
-1.29218 0.128182
-1.40192 0.111111
-1.39643 0.120444
-1.33608 0.0837741
-1.34156 0.142302
-1.25926 0.0745163
-1.15501 0.0715507
-1.18244 0.031313
-1.10562 0.0374096
-1.21536 0.0363559
-1.23182 0.0266464
-1.25926 0.0105844
-1.13855 0.000829819
-1.17147 0.00117605
-1.21536 0.00117605
-1.14403 1.88168e-06
-1.20988 0.00257602
-1.27023 0.00611357
-1.27023 0.00569207
-1.29218 0.0199627
-1.33608 0.0215433
-1.2428 0.0129629
-1.23182 0.0155822
-1.29218 0.0135951
-1.31413 0.0215433
-1.35254 0.0177047
-1.38546 0.0123457
-1.33059 0.00746837
-1.28121 0.0169821
-1.25926 0.00569207
-1.23182 4.70419e-05
-1.12757 0.0031631
-1.14952 0.00257602
-1.12209 0.000227683
-1.10014 0.00286203
-1.20439 1.69351e-05
-1.1989 0.00180829
-1.18793 0.00204915
-1.2428 0.00286203
-1.23182 0.0142424
-1.20439 0.00257602
-1.23731 0.00230505
-1.19342 0.00844685
-1.0727 0.00180829
-1.12757 0.000829819
-1.13855 0.00117605
-1.1166 0.00286203
-1.17695 0.00489424
-1.17695 0.00489424
-1.16049 0.00286203
-1.1989 0.00569207
-1.17147 0.000829819
-1.12757 0.000543804
-1.17695 1.69351e-05
-1.18244 0.00381039
-1.21536 0.00117605
-1.23731 0.00655012
-1.20988 0.00347922
-1.1989 0.000829819
-1.22634 0.00611357
-1.13306 0.00347922
-1.13855 0.00528563
-1.14403 0.00528563
-1.13306 0.00569207
-1.31413 0.0155822
-1.21536 0.0135951
-1.18793 0.0215433
-1.22634 0.0215433
-1.15501 0.0111565
-1.16598 0.0384784
-1.23182 0.0616456
-1.2428 0.0452073
-1.27023 0.0869805
-1.25377 0.0853698
-1.29218 0.080628
-1.23182 0.0821935
-1.20988 0.0672154
-1.18244 0.107483
-1.28121 0.0672154
-1.21536 0.0630155
-1.23731 0.031313
-1.25926 0.0169821
-1.22634 0.0284679
-1.17147 0.0384784
-1.18244 0.0363559
-1.13855 0.0207455
-1.13855 0.00700172
-1.20988 0.0184423
-1.18244 0.0215433
-1.20439 0.0275496
-1.25926 0.0395622
-1.1989 0.0452073
-1.23182 0.0487749
-1.30864 0.105692
-1.27023 0.114799
-1.28669 0.0821935
-1.19342 0.091903
-1.26475 0.0790775
-1.25926 0.13616
-1.23182 0.058951
-1.2428 0.0524781
-1.25377 0.0303496
-1.26475 0.0105844
-1.21536 0.0275496
-1.18244 0.0294012
-1.18793 0.0429041
-1.14403 0.0215433
-1.02332 0.0031631
-1.03429 4.70419e-05
-0.946502 0.000152416
-0.995885 4.70419e-05
-1.04527 0.00415662
-1.08368 0.00611357
-1.10562 4.70419e-05
-1.04527 0.000318003
-1.05624 0.00117605
-1.16598 0.0135951
-1.19342 0.0155822
-1.20988 0.0406611
-1.11111 0.0303496
-1.21536 0.0342936
-1.28669 0.0384784
-1.31413 0.0487749
-1.22085 0.0353172
-1.25926 0.0487749
-1.2428 0.0177047
-1.24829 0.0207455
-1.27572 0.0135951
-1.25926 0.0284679
-1.28669 0.0353172
-1.20439 0.031313
-1.17147 0.0223562
-1.24829 0.0155822
-1.22085 0.0149048
-1.2428 0.0155822
-1.22634 0.0240271
-1.29218 0.0384784
-1.24829 0.0406611
-1.23731 0.0169821
-1.23182 0.019195
-1.25926 0.0374096
-1.16049 0.0257583
-1.14403 0.0199627
-1.1989 0.0266464
-1.16598 0.0169821
-1.14952 0.0266464
-1.1989 0.058951
-1.14403 0.0429041
-1.16049 0.0363559
-1.14403 0.0342936
-1.16049 0.0294012
-1.16049 0.0429041
-1.15501 0.0322914
-1.14403 0.0199627
-1.16049 0.0353172
-1.14403 0.0499943
-1.15501 0.0499943
-1.10562 0.0563167
-1.15501 0.0550221
-1.15501 0.0275496
-1.16049 0.0499943
-1.17147 0.0537426
-1.13306 0.0363559
-1.14403 0.0463814
-1.18244 0.0452073
-1.22085 0.0715507
-1.17147 0.0853698
-1.1989 0.0686454
-1.16598 0.0745163
-1.23731 0.120444
-1.13306 0.168224
-1.16049 0.112948
-1.21536 0.146472
-1.20439 0.152839
-1.17695 0.150702
-1.10014 0.0902471
-1.22634 0.146472
-1.27023 0.148579
-1.15501 0.148579
-1.20439 0.179664
-1.19342 0.154992
-1.13306 0.132141
-1.16598 0.140239
-1.16049 0.146472
-1.14403 0.142302
-1.12757 0.191481
-1.13855 0.203675
-1.17695 0.208657
-1.31962 0.245222
-1.24829 0.270286
-1.26475 0.250686
-1.25377 0.218803
-1.28669 0.242512
-1.18244 0.19389
-1.18244 0.198752
-1.16598 0.221377
-1.2428 0.278911
-1.26475 0.308642
-1.25926 0.320956
-1.2428 0.320956
-1.27572 0.343084
-1.31962 0.35606
-1.34156 0.389554
-1.34705 0.343084
-1.33059 0.349542
-1.369 0.435347
-1.25377 0.327203
-1.28669 0.343084
-1.35254 0.359342
-1.22085 0.290623
-1.27572 0.302575
-1.30316 0.267441
-1.369 0.302575
-1.1989 0.206158
-1.23182 0.218803
-1.22085 0.177346
-1.25926 0.179664
-1.25377 0.165981
-1.28121 0.261796
-1.33059 0.218803
-1.25377 0.2137
-1.28669 0.211171
-1.25926 0.175043
-1.29218 0.152839
-1.27572 0.144379
-1.34705 0.186709
-1.25377 0.19389
-1.30864 0.177346
-1.35802 0.22919
-1.40741 0.293589
-1.30316 0.226571
-1.44582 0.250686
-1.369 0.281817
-1.34705 0.247947
-1.30864 0.273146
-1.29767 0.287673
-1.29218 0.296569
-1.39643 0.293589
-1.45679 0.343084
-1.39095 0.261796
-1.34705 0.237138
-1.34156 0.256211
-1.30316 0.231824
-1.27572 0.237138
-1.29218 0.253441
-1.29767 0.231824
-1.33059 0.198752
-1.31962 0.19389
-1.2428 0.216244
-1.34705 0.239818
-1.28121 0.218803
-1.30864 0.218803
-1.31962 0.234474
-1.33608 0.256211
-1.38546 0.267441
-1.35254 0.218803
-1.35254 0.191481
-1.28669 0.177346
-1.20439 0.181998
-1.17147 0.191481
-1.23182 0.208657
-1.28669 0.154992
-1.23182 0.0935739
-1.23182 0.080628
-1.30864 0.111111
-1.3251 0.077542
-1.30316 0.116666
-1.35802 0.105692
-1.20988 0.0837741
-1.17147 0.0512286
-1.22634 0.0215433
-1.25377 0.0294012
-1.21536 0.0303496
-1.18793 0.0207455
-1.10562 0.0266464
-1.10562 0.0184423
-1.09465 0.0117435
-1.12209 0.00451791
-1.10562 0.00415662
-1.08368 0.000679285
-1.12209 1.69351e-05
-1.16049 0.00655012
-1.25377 0.0031631
-1.1989 0.00158249
-1.19342 0.00415662
-1.17147 4.70419e-05
-1.08916 0.000318003
-1.14403 9.22021e-05
-1.15501 0.00655012
-1.28121 0.0123457
-1.17147 0.0177047
-1.19342 0.0142424
-1.21536 0.0275496
-1.18244 0.0440482
-1.12757 0.0363559
-1.20988 0.0512286
-1.2428 0.0487749
-1.13306 0.0602908
-1.17147 0.0853698
-1.23182 0.10929
-1.23731 0.098677
-1.14952 0.103916
-1.18244 0.10929
-1.17695 0.102154
-1.26475 0.0853698
-1.26475 0.150702
-1.16049 0.0644004
-1.21536 0.0700906
-1.22634 0.100408
-1.2428 0.122356
-1.30316 0.146472
-1.33608 0.157159
-1.29767 0.146472
-1.36351 0.189088
-1.39643 0.181998
-1.33059 0.201206
-1.29218 0.203675
-1.24829 0.208657
-1.28669 0.237138
-1.22634 0.196313
-1.24829 0.203675
-1.21536 0.184346
-1.25926 0.226571
-1.26475 0.278911
-1.28121 0.296569
-1.31413 0.299565
-1.30316 0.267441
-1.27572 0.270286
-1.27572 0.247947
-1.26475 0.237138
-1.28669 0.181998
-1.34156 0.203675
-1.26475 0.186709
-1.34705 0.231824
-1.40741 0.223967
-1.3251 0.211171
-1.34705 0.231824
-1.22085 0.223967
-1.23731 0.211171
-1.24829 0.13616
-1.25377 0.130154
-1.29218 0.170482
-1.25926 0.150702
-1.25926 0.163753
-1.22634 0.128182
-1.18244 0.146472
-1.21536 0.19389
-1.19342 0.152839
-1.27023 0.138192
-1.43484 0.186709
-1.35254 0.172755
-1.35254 0.189088
-1.33059 0.168224
-1.3251 0.138192
-1.31962 0.140239
-1.25377 0.150702
-1.21536 0.138192
-1.22634 0.132141
-1.25926 0.118547
-1.20988 0.114799
-1.22634 0.0869805
-1.30864 0.128182
-1.28669 0.144379
-1.25926 0.144379
-1.28669 0.126225
-1.34156 0.111111
-1.27572 0.0837741
-1.22085 0.0837741
-1.27572 0.120444
-1.27572 0.140239
-1.27023 0.191481
-1.27572 0.206158
-1.19342 0.16154
-1.25377 0.198752
-1.22085 0.19389
-1.1989 0.172755
-1.22634 0.170482
-1.20439 0.165981
-1.19342 0.175043
-1.27023 0.234474
-1.29218 0.211171
-1.26475 0.198752
-1.30316 0.208657
-1.27572 0.186709
-1.27023 0.203675
-1.21536 0.191481
-1.22634 0.165981
-1.27023 0.208657
-1.27572 0.211171
-1.29218 0.253441
-1.35802 0.284737
-1.27023 0.284737
-1.17695 0.234474
-1.23182 0.258996
-1.28121 0.278911
-1.31962 0.296569
-1.30316 0.320956
-1.30864 0.362639
-1.3251 0.375976
-1.3251 0.375976
-1.25926 0.290623
-1.29218 0.299565
-1.28121 0.339878
-1.25377 0.392986
-1.31413 0.495199
-1.35802 0.491345
-1.46776 0.558905
-1.50069 0.592203
-1.50617 0.600678
-1.42387 0.571279
-1.48422 0.604938
-1.46776 0.617809
-1.47325 0.617809
-1.46776 0.622129
-1.39095 0.563015
-1.37997 0.530559
-1.44033 0.550731
-1.59945 0.604938
-1.57202 0.617809
-1.50617 0.550731
-1.40192 0.542617
-1.35254 0.476081
-1.369 0.518637
-1.46228 0.630815
-1.51715 0.684194
-1.51715 0.648367
-1.59945 0.707076
-1.55007 0.675147
-1.6214 0.702469
-1.58848 0.688741
-1.53361 0.66616
-1.50069 0.626465
-1.52263 0.657234
-1.44033 0.583788
-1.34156 0.487507
-1.26475 0.428136
-1.23182 0.392986
-1.369 0.446275
-1.37997 0.442617
-1.35254 0.424553
-1.25377 0.359342
-1.22085 0.372619
-1.23182 0.359342
-1.29218 0.343084
-1.29767 0.336686
-1.3251 0.36595
-1.33608 0.352794
-1.29218 0.346306
-1.33059 0.472303
-1.46776 0.534564
-1.42936 0.571279
-1.51166 0.617809
-1.48971 0.592203
-1.41289 0.550731
-1.44033 0.538583
-1.46228 0.558905
-1.31962 0.449948
-1.30316 0.424553
-1.28121 0.424553
-1.28121 0.382735
-1.41289 0.428136
-1.37997 0.461058
-1.37997 0.483683
-1.41289 0.514693
-1.44582 0.604938
-1.53361 0.670646
-1.51166 0.635181
-1.51166 0.657234
-1.48971 0.652793
-1.4513 0.648367
-1.53361 0.66169
-1.53361 0.675147
-1.45679 0.600678
-1.45679 0.626465
-1.51166 0.643957
-1.55007 0.711697
-1.44033 0.643957
-1.51166 0.66616
-1.47325 0.626465
-1.54458 0.657234
-1.46776 0.617809
-1.50069 0.648367
-1.52812 0.639561
-1.44033 0.563015
-1.34705 0.479875
-1.37449 0.502951
-1.31413 0.476081
-1.38546 0.483683
-1.44582 0.558905
-1.45679 0.52657
-1.4513 0.52657
-1.39095 0.502951
-1.35254 0.502951
-1.40192 0.479875
-1.41838 0.530559
-1.42936 0.558905
-1.46776 0.542617
-1.35254 0.446275
-1.22085 0.375976
-1.29218 0.424553
-1.37997 0.431734
-1.33608 0.417433
-1.42387 0.449948
-1.43484 0.487507
-1.34156 0.502951
-1.40741 0.50685
-1.39643 0.487507
-1.42936 0.50685
-1.42387 0.534564
-1.44582 0.55481
-1.44582 0.499068
-1.37449 0.45734
-1.369 0.453636
-1.39095 0.453636
-1.30316 0.431734
-1.34156 0.413895
-1.34705 0.36595
-1.26475 0.293589
-1.33059 0.281817
-1.33608 0.296569
-1.33059 0.339878
-1.35802 0.372619
-1.369 0.403373
-1.31962 0.379348
-1.38546 0.386137
-1.39095 0.403373
-1.37449 0.438974
-1.41289 0.428136
-1.44033 0.449948
-1.31962 0.352794
-1.34705 0.362639
-1.37449 0.359342
-1.39643 0.362639
-1.38546 0.382735
-1.27572 0.339878
-1.34705 0.324072
-1.41838 0.352794
-1.35254 0.324072
-1.40741 0.386137
-1.31413 0.336686
-1.27572 0.343084
-1.33608 0.327203
-1.39643 0.346306
-1.4513 0.386137
-1.39643 0.386137
-1.34156 0.36595
-1.28121 0.320956
-1.30864 0.276021
-1.42387 0.324072
-1.39643 0.339878
-1.31962 0.305601
-1.39643 0.382735
-1.33059 0.339878
-1.35802 0.406865
-1.33608 0.35606
-1.33608 0.327203
-1.28669 0.35606
-1.22634 0.346306
-1.27023 0.314769
-1.30864 0.261796
-1.29218 0.242512
-1.33059 0.226571
-1.25926 0.218803
-1.25377 0.186709
-1.21536 0.211171
-1.23182 0.208657
-1.29218 0.237138
-1.31962 0.261796
-1.33608 0.284737
-1.30316 0.308642
-1.38546 0.372619
-1.44582 0.446275
-1.39643 0.435347
-1.35802 0.476081
-1.38546 0.464791
-1.4952 0.50685
-1.52263 0.502951
-1.48422 0.446275
-1.44582 0.435347
-1.44033 0.399896
-1.4513 0.435347
-1.40741 0.413895
-1.39095 0.431734
-1.41289 0.502951
-1.3251 0.435347
-1.37997 0.479875
-1.34156 0.453636
-1.30316 0.392986
-1.31413 0.424553
-1.29218 0.375976
-1.27023 0.410373
-1.26475 0.435347
-1.25377 0.45734
-1.18244 0.396433
-1.16598 0.336686
-1.19342 0.33351
-1.34705 0.410373
-1.29218 0.343084
-1.42387 0.396433
-1.36351 0.396433
-1.34705 0.396433
-1.28669 0.36595
-1.39095 0.424553
-1.29218 0.349542
-1.2428 0.327203
-1.34705 0.403373
-1.28669 0.392986
-1.23182 0.311698
-1.3251 0.399896
-1.30316 0.389554
-1.35254 0.403373
-1.35802 0.446275
-1.28669 0.382735
-1.28121 0.382735
-1.34156 0.424553
-1.31413 0.33351
-1.27572 0.296569
-1.34705 0.305601
-1.34705 0.36595
-1.35802 0.336686
-1.24829 0.343084
-1.3251 0.314769
-1.36351 0.33351
-1.37449 0.396433
-1.35802 0.343084
-1.29767 0.336686
-1.39643 0.314769
-1.35254 0.296569
-1.39095 0.278911
-1.36351 0.231824
-1.30864 0.258996
-1.3251 0.293589
-1.23182 0.261796
-1.29767 0.261796
-1.30316 0.22919
-1.30316 0.237138
-1.3251 0.226571
-1.27572 0.211171
-1.36351 0.253441
-1.34705 0.261796
-1.34705 0.223967
-1.34156 0.237138
-1.31413 0.242512
-1.31962 0.234474
-1.27023 0.270286
-1.31413 0.352794
-1.23731 0.324072
-1.25926 0.324072
-1.34156 0.375976
-1.31413 0.410373
-1.28121 0.438974
-1.20439 0.372619
-1.18793 0.296569
-1.23731 0.320956
-1.31413 0.352794
-1.36351 0.45734
-1.4513 0.510764
-1.35254 0.453636
-1.42387 0.468539
-1.41289 0.476081
-1.34705 0.510764
-1.37449 0.546667
-1.44582 0.604938
-1.47325 0.657234
-1.64883 0.744468
-1.65981 0.802364
-1.63237 0.782824
-1.61591 0.773145
-1.50617 0.66616
-1.4513 0.617809
-1.52812 0.600678
-1.59396 0.630815
-1.4952 0.571279
-1.46776 0.563015
-1.46776 0.600678
-1.46776 0.617809
-1.50617 0.617809
-1.55007 0.66616
-1.55556 0.657234
-1.58848 0.73503
-1.6214 0.720985
-1.58299 0.725652
-1.66529 0.753967
-1.61591 0.758739
-1.59396 0.753967
-1.64883 0.744468
-1.54458 0.711697
-1.52263 0.66616
-1.53909 0.679663
-1.4952 0.702469
-1.57202 0.716334
-1.61591 0.697878
-1.48422 0.617809
-1.41838 0.575434
-1.35254 0.483683
-1.39643 0.546667
-1.40192 0.491345
-1.33608 0.464791
-1.36351 0.502951
-1.45679 0.534564
-1.44582 0.546667
-1.44033 0.514693
-1.41289 0.487507
-1.3251 0.428136
-1.33608 0.431734
-1.17695 0.375976
-1.31962 0.417433
-1.29218 0.382735
-1.33059 0.375976
-1.29218 0.35606
-1.25926 0.287673
-1.30864 0.311698
-1.369 0.273146
-1.37449 0.242512
-1.29767 0.253441
-1.31962 0.278911
-1.35802 0.273146
-1.3251 0.218803
-1.30864 0.258996
-1.23182 0.287673
-1.25926 0.305601
-1.23182 0.287673
-1.27023 0.317855
-1.21536 0.267441
-1.14403 0.221377
-1.22085 0.308642
-1.14952 0.245222
-1.14952 0.226571
-1.25926 0.296569
-1.26475 0.299565
-1.28121 0.336686
-1.22634 0.317855
-1.25377 0.336686
-1.24829 0.36595
-1.22634 0.417433
-1.25926 0.431734
-1.29767 0.413895
-1.29767 0.45734
-1.3251 0.476081
-1.33608 0.495199
-1.34705 0.468539
-1.29767 0.464791
-1.34705 0.514693
-1.40192 0.52657
-1.39643 0.530559
-1.46228 0.600678
-1.50617 0.635181
-1.47325 0.600678
-1.34705 0.546667
-1.40192 0.534564
-1.40741 0.567139
-1.51715 0.657234
-1.47874 0.592203
-1.46776 0.652793
-1.50069 0.670646
-1.37449 0.550731
-1.39095 0.567139
-1.40192 0.499068
-1.30316 0.424553
-1.22634 0.413895
-1.33059 0.446275
-1.42936 0.491345
-1.26475 0.410373
-1.27572 0.392986
-1.3251 0.396433
-1.3251 0.420986
-1.40192 0.446275
-1.36351 0.453636
-1.42936 0.468539
-1.27023 0.382735
-1.36351 0.379348
-1.35802 0.305601
-1.29767 0.296569
-1.25377 0.247947
-1.29218 0.22919
-1.26475 0.242512
-1.29218 0.203675
-1.30316 0.177346
-1.31962 0.150702
-1.33608 0.181998
-1.27572 0.211171
-1.369 0.253441
-1.35254 0.223967
-1.16598 0.168224
-1.1989 0.191481
-1.27572 0.181998
-1.34705 0.258996
-1.33608 0.231824
-1.31962 0.234474
-1.31413 0.226571
-1.29218 0.247947
-1.42387 0.256211
-1.44033 0.305601
-1.40741 0.293589
-1.39095 0.270286
-1.369 0.247947
-1.3251 0.22919
-1.26475 0.242512
-1.25377 0.198752
-1.26475 0.211171
-1.2428 0.278911
-1.3251 0.308642
-1.53909 0.410373
-1.43484 0.386137
-1.41838 0.317855
-1.33608 0.324072
-1.3251 0.379348
-1.30316 0.386137
-1.4513 0.417433
-1.41838 0.410373
-1.39643 0.410373
-1.41838 0.45734
-1.42936 0.428136
-1.35254 0.392986
-1.31413 0.413895
-1.369 0.45734
-1.42936 0.52657
-1.37449 0.479875
-1.46776 0.499068
-1.43484 0.522596
-1.48971 0.464791
-1.41838 0.487507
-1.37449 0.510764
-1.33608 0.446275
-1.41838 0.461058
-1.39095 0.502951
-1.39643 0.464791
-1.36351 0.438974
-1.34705 0.50685
-1.34705 0.476081
-1.27023 0.417433
-1.31962 0.399896
-1.33608 0.453636
-1.33059 0.438974
-1.36351 0.410373
-1.37997 0.438974
-1.37997 0.502951
-1.42936 0.495199
-1.37449 0.420986
-1.33608 0.369277
-1.33059 0.330349
-1.25377 0.320956
-1.30316 0.362639
-1.31962 0.36595
-1.31962 0.359342
-1.42387 0.36595
-1.35802 0.339878
-1.34156 0.314769
-1.41289 0.299565
-1.34705 0.299565
-1.23731 0.237138
-1.33059 0.317855
-1.31962 0.264611
-1.27572 0.284737
-1.30316 0.270286
-1.22085 0.256211
-1.21536 0.264611
-1.21536 0.261796
-1.25377 0.247947
-1.25926 0.287673
-1.369 0.324072
-1.28121 0.284737
-1.31962 0.296569
-1.22634 0.293589
-1.13855 0.206158
-1.12209 0.198752
-1.16598 0.250686
-1.23731 0.293589
-1.23182 0.320956
-1.2428 0.250686
-1.29767 0.278911
-1.26475 0.311698
-1.27023 0.305601
-1.2428 0.293589
-1.19342 0.281817
-1.2428 0.359342
-1.16049 0.256211
-1.17147 0.226571
-1.16598 0.245222
-1.2428 0.216244
-1.34156 0.256211
-1.25377 0.261796
-1.21536 0.250686
-1.27572 0.198752
-1.33059 0.242512
-1.22085 0.2137
-1.20439 0.201206
-1.27572 0.186709
-1.34156 0.19389
-1.29767 0.146472
-1.25926 0.132141
-1.22085 0.132141
-1.25377 0.168224
-1.3251 0.206158
-1.40741 0.273146
-1.30864 0.253441
-1.34156 0.296569
-1.41289 0.290623
-1.39095 0.278911
-1.3251 0.302575
-1.29767 0.281817
-1.34156 0.324072
-1.43484 0.36595
-1.37449 0.320956
-1.33608 0.314769
-1.39643 0.324072
-1.41289 0.324072
-1.3251 0.299565
-1.31413 0.349542
-1.33059 0.293589
-1.25377 0.278911
-1.28121 0.336686
-1.25377 0.369277
-1.25926 0.372619
-1.29767 0.359342
-1.35802 0.428136
-1.39095 0.406865
-1.28121 0.314769
-1.28121 0.362639
-1.30316 0.406865
-1.35802 0.362639
-1.33059 0.420986
-1.27572 0.442617
-1.35802 0.491345
-1.37997 0.472303
-1.41289 0.530559
-1.40192 0.522596
-1.39095 0.50685
-1.33608 0.510764
-1.41289 0.546667
-1.46228 0.567139
-1.37449 0.502951
-1.47325 0.575434
-1.3251 0.487507
-1.35254 0.417433
-1.29767 0.352794
-1.29767 0.308642
-1.28669 0.330349
-1.31413 0.336686
-1.3251 0.343084
-1.25377 0.359342
-1.28121 0.379348
-1.23182 0.417433
-1.40192 0.428136
-1.35254 0.369277
-1.43484 0.386137
-1.42387 0.392986
-1.42936 0.389554
-1.39095 0.403373
-1.369 0.352794
-1.30864 0.359342
-1.28121 0.346306
-1.33608 0.320956
-1.35802 0.36595
-1.27023 0.317855
-1.27572 0.308642
-1.27572 0.379348
-1.30316 0.399896
-1.33608 0.446275
-1.34705 0.468539
-1.29218 0.453636
-1.33608 0.479875
-1.38546 0.461058
-1.369 0.464791
-1.39643 0.52657
-1.30864 0.461058
-1.31962 0.461058
-1.41838 0.510764
-1.33059 0.413895
-1.26475 0.392986
-1.28669 0.372619
-1.27572 0.352794
-1.24829 0.302575
-1.34705 0.299565
-1.35254 0.308642
-1.30864 0.336686
-1.30316 0.369277
-1.37449 0.372619
-1.41838 0.399896
-1.33059 0.352794
-1.31413 0.314769
-1.31962 0.33351
-1.34705 0.308642
-1.33059 0.239818
-1.31413 0.253441
-1.34156 0.278911
-1.30316 0.305601
-1.23182 0.278911
-1.31962 0.253441
-1.37449 0.270286
-1.35254 0.258996
-1.3251 0.245222
-1.29218 0.206158
-1.34156 0.186709
-1.35254 0.231824
-1.39643 0.247947
-1.33059 0.247947
-1.37449 0.231824
-1.25926 0.177346
-1.33059 0.179664
-1.31962 0.181998
-1.35802 0.144379
-1.38546 0.152839
-1.30864 0.146472
-1.33059 0.126225
-1.22634 0.0952599
-1.24829 0.128182
-1.29767 0.126225
-1.31962 0.126225
-1.38546 0.170482
-1.33059 0.19389
-1.26475 0.163753
-1.35254 0.170482
-1.30864 0.16154
-1.3251 0.157159
-1.34705 0.170482
-1.35254 0.191481
-1.33059 0.203675
-1.30316 0.168224
-1.26475 0.148579
-1.20439 0.216244
-1.26475 0.221377
-1.3251 0.237138
-1.33059 0.203675
-1.42387 0.203675
-1.44582 0.201206
-1.35802 0.208657
-1.28669 0.165981
-1.2428 0.221377
-1.31962 0.216244
-1.23182 0.216244
-1.29767 0.201206
-1.28121 0.186709
-1.36351 0.198752
-1.28669 0.19389
-1.27572 0.22919
-1.25926 0.245222
-1.23731 0.242512
-1.35802 0.317855
-1.3251 0.327203
-1.37449 0.352794
-1.40192 0.320956
-1.37997 0.359342
-1.35254 0.258996
-1.30316 0.247947
-1.18244 0.226571
-1.25926 0.216244
-1.31962 0.211171
-1.41289 0.226571
-1.39643 0.22919
-1.30316 0.237138
-1.22634 0.2137
-1.19342 0.221377
-1.27023 0.261796
-1.17147 0.237138
-1.1989 0.22919
-1.22085 0.22919
-1.25926 0.264611
-1.21536 0.242512
-1.20988 0.226571
-1.17147 0.231824
-1.11111 0.208657
-1.17147 0.216244
-1.1989 0.22919
-1.21536 0.201206
-1.22085 0.223967
-1.29218 0.273146
-1.28669 0.276021
-1.29218 0.273146
-1.30316 0.339878
-1.34156 0.327203
-1.25926 0.270286
-1.27572 0.270286
-1.28669 0.302575
-1.33608 0.311698
-1.18793 0.296569
-1.15501 0.284737
-1.20988 0.308642
-1.20988 0.311698
-1.17147 0.359342
-1.28669 0.389554
-1.38546 0.45734
-1.36351 0.453636
-1.47874 0.592203
-1.50069 0.587988
-1.48971 0.600678
-1.51166 0.587988
-1.56104 0.688741
-1.51166 0.630815
-1.46776 0.622129
-1.56653 0.652793
-1.55007 0.613504
-1.47874 0.571279
-1.45679 0.563015
-1.41289 0.542617
-1.40741 0.518637
-1.38546 0.542617
-1.29767 0.479875
-1.29767 0.435347
-1.33608 0.468539
-1.37449 0.50685
-1.38546 0.571279
-1.44582 0.596433
-1.46228 0.592203
-1.52812 0.675147
-1.56653 0.657234
-1.51715 0.604938
-1.56653 0.684194
-1.50069 0.587988
-1.46776 0.604938
-1.46776 0.635181
-1.48971 0.613504
-1.4952 0.66616
-1.44033 0.617809
-1.43484 0.604938
-1.40192 0.596433
-1.43484 0.613504
-1.43484 0.587988
-1.41838 0.596433
-1.4952 0.639561
-1.42936 0.609213
-1.50069 0.613504
-1.52812 0.567139
-1.46776 0.563015
-1.50069 0.546667
-1.52263 0.609213
-1.55007 0.596433
-1.48422 0.558905
-1.38546 0.495199
-1.40192 0.518637
-1.39095 0.468539
-1.4952 0.491345
-1.44033 0.510764
-1.37449 0.491345
-1.37449 0.413895
-1.34705 0.442617
-1.31413 0.479875
-1.30316 0.483683
-1.4513 0.600678
-1.41289 0.587988
-1.41838 0.596433
-1.39095 0.55481
-1.29218 0.468539
-1.18793 0.413895
-1.24829 0.446275
-1.34705 0.522596
-1.23182 0.495199
-1.30316 0.483683
-1.29218 0.487507
-1.29218 0.530559
-1.369 0.575434
-1.43484 0.592203
-1.50617 0.630815
-1.42387 0.546667
-1.42936 0.558905
-1.35254 0.502951
-1.34156 0.534564
-1.37449 0.538583
-1.45679 0.534564
-1.47325 0.550731
-1.3251 0.50685
-1.40192 0.563015
-1.47874 0.592203
-1.50069 0.592203
-1.39095 0.550731
-1.38546 0.579603
-1.44582 0.604938
-1.55007 0.679663
-1.59945 0.688741
-1.61591 0.684194
-1.59945 0.697878
-1.55556 0.716334
-1.53361 0.675147
-1.50069 0.66616
-1.71468 0.807286
-1.66529 0.773145
-1.68724 0.782824
-1.61043 0.716334
-1.6214 0.684194
-1.55007 0.657234
-1.54458 0.679663
-1.54458 0.639561
-1.58848 0.725652
-1.54458 0.720985
-1.54458 0.720985
-1.58299 0.702469
-1.42387 0.604938
-1.46776 0.592203
-1.39643 0.604938
-1.39643 0.538583
-1.37449 0.558905
-1.47325 0.583788
-1.40192 0.587988
-1.41838 0.617809
-1.56104 0.711697
-1.58848 0.716334
-1.50069 0.675147
-1.4952 0.688741
-1.55007 0.675147
-1.50069 0.613504
-1.55007 0.675147
-1.55556 0.707076
-1.54458 0.720985
-1.4513 0.652793
-1.4952 0.684194
-1.46776 0.648367
-1.50069 0.643957
-1.54458 0.688741
-1.61591 0.758739
-1.56104 0.73503
-1.51166 0.66169
-1.54458 0.697878
-1.60494 0.744468
-1.51715 0.688741
-1.38546 0.583788
-1.47325 0.604938
-1.50617 0.652793
-1.4952 0.639561
-1.59945 0.725652
-1.63786 0.787687
-1.66529 0.792564
-1.59945 0.744468
-1.55007 0.716334
-1.6214 0.73503
-1.42936 0.609213
-1.42936 0.613504
-1.48971 0.617809
-1.4952 0.609213
-1.44033 0.613504
-1.369 0.563015
-1.42387 0.550731
-1.30864 0.510764
-1.33059 0.52657
-1.37997 0.542617
-1.4513 0.587988
-1.45679 0.604938
-1.51166 0.617809
-1.53909 0.657234
-1.41838 0.55481
-1.41289 0.596433
-1.36351 0.510764
-1.41838 0.499068
-1.37997 0.476081
-1.39643 0.479875
-1.48422 0.546667
-1.52263 0.583788
-1.51166 0.558905
-1.51715 0.575434
-1.47874 0.579603
-1.46228 0.587988
-1.42936 0.563015
-1.47325 0.609213
-1.42936 0.52657
-1.36351 0.491345
-1.35802 0.495199
-1.35254 0.442617
-1.36351 0.530559
-1.29767 0.45734
-1.35802 0.518637
-1.27572 0.453636
-1.39095 0.558905
-1.43484 0.604938
-1.48422 0.592203
-1.53361 0.648367
-1.44033 0.583788
-1.34156 0.546667
-1.4513 0.571279
-1.47325 0.617809
-1.4952 0.639561
-1.50069 0.697878
-1.53361 0.675147
-1.53361 0.635181
-1.52812 0.657234
-1.43484 0.626465
-1.4952 0.635181
-1.41838 0.558905
-1.47874 0.592203
-1.4952 0.579603
-1.40741 0.534564
-1.46228 0.546667
-1.43484 0.522596
-1.46228 0.542617
-1.39095 0.487507
-1.40192 0.45734
-1.39095 0.50685
-1.43484 0.476081
-1.30316 0.446275
-1.27572 0.403373
-1.31413 0.479875
-1.33608 0.495199
-1.35254 0.491345
-1.35802 0.530559
-1.28669 0.476081
-1.25926 0.453636
-1.23731 0.449948
-1.33059 0.510764
-1.40192 0.55481
-1.369 0.50685
-1.42387 0.571279
-1.53361 0.600678
-1.47325 0.604938
-1.46228 0.575434
-1.45679 0.55481
-1.41289 0.534564
-1.31962 0.479875
-1.37997 0.491345
-1.39643 0.491345
-1.3251 0.438974
-1.40741 0.491345
-1.47874 0.464791
-1.4513 0.431734
-1.38546 0.413895
-1.34705 0.386137
-1.35254 0.375976
-1.2428 0.290623
-1.22085 0.314769
-1.27572 0.273146
-1.23182 0.267441
-1.11111 0.179664
-1.23182 0.163753
-1.10014 0.100408
-1.14952 0.112948
-1.14403 0.103916
-1.13306 0.0853698
-1.20439 0.0952599
-1.26475 0.102154
-1.27572 0.118547
-1.23182 0.102154
-1.14403 0.080628
-1.19342 0.0512286
-1.23182 0.0630155
-1.1989 0.0576263
-1.26475 0.0644004
-1.18244 0.058951
-1.22085 0.0440482
-1.15501 0.0363559
-1.12757 0.0275496
-1.17695 0.0550221
-1.22634 0.0658003
-1.14403 0.058951
-1.13855 0.0440482
-1.22085 0.0563167
-1.06722 0.0406611
-1.19342 0.0463814
-1.22634 0.0563167
-1.24829 0.0630155
-1.18244 0.0616456
-1.23182 0.0658003
-1.2428 0.073026
-1.27572 0.0745163
-1.20988 0.0700906
-1.22085 0.0512286
-1.1989 0.0672154
-1.20988 0.0902471
-1.2428 0.0886063
-1.30316 0.107483
-1.30864 0.138192
-1.21536 0.124283
-1.25377 0.0935739
-1.33059 0.120444
-1.31962 0.100408
-1.28669 0.0576263
-1.34705 0.073026
-1.30316 0.0700906
-1.36351 0.0853698
-1.31962 0.0429041
-1.34705 0.0499943
-1.31413 0.0452073
-1.41838 0.0429041
-1.39643 0.0463814
-1.39095 0.0452073
-1.39095 0.0322914
-1.3251 0.0342936
-1.26475 0.0452073
-1.34156 0.0463814
-1.40192 0.0429041
-1.35802 0.0440482
-1.3251 0.0512286
-1.27572 0.0384784
-1.22085 0.0384784
-1.13855 0.0231841
-1.19342 0.0162746
-1.1989 0.0266464
-1.17147 0.0100275
-1.21536 0.0129629
-1.19342 0.0169821
-1.1989 0.0284679
-1.29218 0.0303496
-1.17695 0.0231841
-1.23731 0.0248852
-1.27023 0.0155822
-1.2428 0.0177047
-1.22634 0.0199627
-1.23182 0.0169821
-1.23182 0.0149048
-1.19342 0.0257583
-1.03429 0.0117435
-0.979424 0.0223562
-1.08916 0.019195
-1.14403 0.0215433
-1.1989 0.0135951
-1.06722 0.0031631
-1.08368 0.00415662
-1.1166 0.00117605
-1.20439 0.000543804
-1.23731 0.000152416
-1.17695 0.000152416
-1.16598 0.00230505
-1.16049 0.000543804
-1.12209 0.00180829
-1.13306 0.000227683
-1.17695 1.88168e-06
-1.16598 0.00204915
-1.17695 0.0031631
-1.14403 0.00257602
-1.10562 0.000995407
-1.01235 0.0135951
-1.05075 0.00844685
-1.08368 1.88168e-06
-1.13855 0.000423377
-1.15501 0.000679285
-1.16598 0.00158249
-1.13855 0.000995407
-1.22634 0.00180829
-1.22085 0.00204915
-1.17147 0.00158249
-1.15501 0.000152416
-1.17147 0.000543804
-1.14952 1.88168e-06
-1.1166 4.70419e-05
-1.03978 0.00204915
-1.06722 0.00611357
-1.03429 0.00844685
-1.18244 0.00117605
-1.17147 0.000829819
-1.17147 0.000318003
-1.23182 0.000543804
-1.19342 0.00451791
-1.12757 0.0117435
-1.12209 0.00137174
-1.10562 0.0123457
-1.18244 0.0177047
-1.20439 0.0374096
-1.23731 0.0550221
-1.16598 0.0452073
-1.2428 0.0406611
-1.13855 0.0395622
-1.20439 0.0275496
-1.24829 0.0374096
-1.21536 0.0395622
-1.17147 0.0215433
-1.2428 0.0240271
-1.23731 0.0322914
-1.25926 0.058951
-1.28669 0.0760216
-1.24829 0.0644004
-1.34156 0.0658003
-1.25926 0.0672154
-1.12757 0.0487749
-1.17695 0.0563167
-1.08368 0.0463814
-1.11111 0.0207455
-1.16049 0.0537426
-1.1989 0.0550221
-1.17147 0.0169821
-1.18244 0.0199627
-1.23182 0.019195
-1.17695 0.0117435
-1.17695 0.0142424
-1.17147 0.0223562
-1.18793 0.0105844
-1.16598 0.0207455
-1.12209 0.0440482
-1.10562 0.0248852
-1.09465 0.0149048
-1.06722 0.00286203
-1.06722 0.0111565
-1.02332 0.0266464
-1.00137 0.0294012
-1.07819 0.0429041
-1.15501 0.0837741
-1.13306 0.116666
-1.12757 0.112948
-1.19342 0.130154
-1.29218 0.126225
-1.16598 0.0616456
-1.14952 0.0550221
-1.19342 0.0837741
-1.21536 0.0715507
-1.28669 0.0700906
-1.30316 0.0837741
-1.14952 0.0563167
-1.13306 0.0760216
-1.15501 0.0760216
-1.09465 0.0550221
-1.09465 0.0576263
-1.12757 0.0935739
-1.1989 0.163753
-1.10562 0.168224
-1.06722 0.138192
-1.19342 0.189088
-1.27023 0.22919
-1.2428 0.245222
-1.22634 0.237138
-1.3251 0.290623
-1.23731 0.276021
-1.26475 0.245222
-1.22634 0.237138
-1.27023 0.320956
-1.27023 0.284737
-1.3251 0.343084
-1.38546 0.36595
-1.37997 0.386137
-1.42936 0.417433
-1.41289 0.389554
-1.41838 0.406865
-1.42387 0.424553
-1.4513 0.442617
-1.38546 0.442617
-1.40192 0.464791
-1.34156 0.403373
-1.31962 0.406865
-1.3251 0.406865
-1.36351 0.50685
-1.37449 0.530559
-1.3251 0.483683
-1.25926 0.438974
-1.28669 0.403373
-1.41838 0.479875
-1.34156 0.479875
-1.43484 0.518637
-1.46228 0.491345
-1.4952 0.538583
-1.47325 0.558905
-1.35802 0.495199
-1.40741 0.491345
-1.39643 0.538583
-1.47325 0.579603
-1.45679 0.558905
-1.33059 0.472303
-1.42387 0.50685
-1.44033 0.546667
-1.39095 0.499068
-1.51166 0.55481
-1.47325 0.583788
-1.52263 0.617809
-1.52263 0.635181
-1.369 0.600678
-1.48422 0.567139
-1.47325 0.546667
-1.37997 0.538583
-1.42387 0.550731
-1.33608 0.487507
-1.42387 0.476081
-1.40741 0.499068
-1.41838 0.476081
-1.35802 0.386137
-1.33608 0.36595
-1.34156 0.386137
-1.28669 0.339878
-1.29218 0.327203
-1.35802 0.305601
-1.42936 0.359342
-1.42387 0.438974
-1.33059 0.343084
-1.1989 0.302575
-1.15501 0.221377
-1.16598 0.216244
-1.25926 0.258996
-1.24829 0.281817
-1.33608 0.352794
-1.37449 0.420986
-1.37449 0.375976
-1.37997 0.428136
-1.39095 0.476081
-1.41289 0.522596
-1.46228 0.534564
-1.47874 0.514693
-1.47874 0.514693
-1.45679 0.518637
-1.53361 0.567139
-1.51715 0.617809
-1.48422 0.558905
-1.50617 0.596433
-1.55007 0.630815
-1.36351 0.546667
-1.44033 0.563015
-1.40192 0.583788
-1.41838 0.514693
-1.40741 0.579603
-1.45679 0.635181
-1.45679 0.657234
-1.52812 0.688741
-1.4952 0.643957
-1.57202 0.670646
-1.62689 0.684194
-1.52263 0.66616
-1.63237 0.716334
-1.67627 0.758739
-1.67078 0.777977
-1.52812 0.688741
-1.47874 0.635181
-1.46776 0.613504
-1.42387 0.530559
-1.41289 0.55481
-1.42387 0.55481
-1.48971 0.558905
-1.59945 0.630815
-1.52263 0.609213
-1.50069 0.592203
-1.54458 0.609213
-1.44033 0.514693
-1.37997 0.449948
-1.30864 0.435347
-1.31413 0.428136
-1.30316 0.403373
-1.36351 0.453636
-1.33608 0.424553
-1.31413 0.420986
-1.36351 0.420986
-1.30864 0.442617
-1.36351 0.476081
-1.3251 0.453636
-1.33608 0.45734
-1.40192 0.502951
-1.44582 0.550731
-1.369 0.487507
-1.38546 0.479875
-1.45679 0.534564
-1.369 0.50685
-1.41838 0.538583
-1.46776 0.514693
-1.42936 0.483683
-1.29218 0.417433
-1.24829 0.369277
-1.35254 0.413895
-1.30316 0.359342
-1.28121 0.406865
-1.34156 0.428136
-1.27023 0.346306
-1.27572 0.327203
-1.22634 0.320956
-1.12209 0.234474
-1.08916 0.184346
-1.0727 0.203675
-1.16049 0.184346
-1.18793 0.165981
-1.23731 0.168224
-1.24829 0.163753
-1.23182 0.191481
-1.27572 0.218803
-1.24829 0.239818
-1.17147 0.203675
-1.16598 0.16154
-1.17695 0.120444
-1.19342 0.146472
-1.16598 0.170482
-1.12209 0.159342
-1.23182 0.2137
-1.20439 0.196313
-1.25377 0.245222
-1.2428 0.196313
-1.24829 0.320956
-1.34156 0.293589
-1.30864 0.245222
-1.29218 0.258996
-1.30864 0.314769
-1.35254 0.36595
-1.37449 0.431734
-1.31962 0.424553
-1.27572 0.410373
-1.31413 0.431734
-1.27023 0.428136
-1.28669 0.431734
-1.33608 0.420986
-1.35802 0.487507
-1.35254 0.464791
-1.37449 0.417433
-1.34156 0.396433
-1.34705 0.476081
-1.46228 0.550731
-1.37449 0.502951
-1.42936 0.55481
-1.45679 0.613504
-1.50617 0.626465
-1.48422 0.609213
-1.47874 0.600678
-1.55556 0.652793
-1.52263 0.652793
-1.4952 0.635181
-1.53909 0.648367
-1.47874 0.639561
-1.43484 0.609213
-1.44033 0.604938
-1.44582 0.635181
-1.47874 0.657234
-1.57202 0.702469
-1.55007 0.697878
-1.54458 0.697878
-1.57202 0.707076
-1.50069 0.66169
-1.40192 0.596433
-1.43484 0.604938
-1.39095 0.613504
-1.43484 0.622129
-1.35802 0.563015
-1.39095 0.558905
-1.44582 0.558905
-1.46228 0.596433
-1.40192 0.563015
-1.48422 0.592203
-1.37997 0.558905
-1.34705 0.518637
-1.29218 0.446275
