-2 1
-1.86283 0.929941
-1.51166 0.725652
-1.4513 0.635181
-1.52263 0.693302
-1.45679 0.66169
-1.35802 0.579603
-1.30316 0.534564
-1.29767 0.530559
-1.37449 0.542617
-1.25377 0.550731
-1.17695 0.438974
-1.12209 0.406865
-1.26475 0.510764
-1.24829 0.476081
-1.19342 0.428136
-1.1989 0.410373
-1.1166 0.403373
-1.14952 0.369277
-1.16598 0.420986
-1.12757 0.399896
-1.21536 0.352794
-1.23731 0.346306
-1.1989 0.339878
-1.12209 0.305601
-1.08916 0.278911
-1.00686 0.211171
-1.10562 0.267441
-1.10014 0.278911
-1.06722 0.308642
-1.11111 0.327203
-1.12209 0.339878
-1.09465 0.281817
-1.08916 0.22919
-1.16598 0.231824
-1.12757 0.159342
-1.11111 0.177346
-1.08916 0.172755
-1.12209 0.186709
-1.15501 0.181998
-1.06173 0.177346
-1.12209 0.196313
-1.10562 0.201206
-1.16598 0.2137
-1.16049 0.196313
-1.16598 0.168224
-1.11111 0.128182
-1.01783 0.098677
-1.11111 0.0700906
-1.08368 0.0417751
-1.00686 0.033285
-1.16049 0.019195
-1.17147 0.0123457
-1.18244 0.0184423
-1.18244 0.0117435
-1.17695 0.0111565
-1.16049 0.0105844
-1.15501 0.00795008
-1.23731 0.0257583
-1.20439 0.0123457
-1.27572 0.0275496
-1.08916 0.0207455
-0.995885 0.0257583
-1.11111 0.00611357
-1.06173 0.0257583
-1.10562 0.0169821
-1.10562 0.00489424
-1.0727 9.22021e-05
-1.03978 0.000318003
-1.10562 0.000679285
-1.20439 0.00286203
-1.12757 0.00844685
-1.17695 0.000543804
-1.18244 0.000543804
-1.05075 1.88168e-06
-1.05075 9.22021e-05
-1.01783 0.000679285
-0.984911 0.000543804
-1.05624 0.000543804
-1.05624 0.00451791
-1.04527 0.00895866
-1.09465 0.00230505
-1.07819 9.22021e-05
-1.03429 0.000543804
-1.12209 0.000995407
-1.10014 0.00844685
-1.18793 0.00117605
-1.14403 0.00569207
-1.1166 0.0111565
-1.10562 0.0207455
-1.09465 0.0342936
-1.19342 0.0142424
-1.12209 0.033285
-1.06722 0.0284679
-1.01783 0.0284679
-0.990398 0.0199627
-1.07819 0.0199627
-1.09465 0.0149048
-1.17147 0.0031631
-1.07819 0.00451791
-1.10014 0.00180829
-1.12757 0.00611357
-1.14403 0.000152416
-1.16598 0.00137174
-1.15501 4.70419e-05
-1.08368 0.000227683
-1.10014 0.000543804
-1.10562 0.00137174
-1.02881 0.00137174
-1.01783 0.00381039
-1.01783 0.00230505
-1.05075 0.0100275
-1.05075 0.00795008
-0.941015 0.00257602
-1.02332 0.00347922
-1.06173 0.00528563
-0.995885 0.0117435
-0.908093 0.0117435
-1.05075 0.0374096
-1.04527 0.0169821
-0.990398 0.0169821
-1.00686 0.0184423
-1.02332 0.0223562
-0.951989 0.0123457
-0.990398 0.0149048
-0.897119 0.0184423
-0.973937 0.031313
-0.990398 0.0452073
-1.0727 0.0303496
-1.01783 0.0524781
-1.13855 0.0644004
-1.12209 0.0563167
-1.10562 0.0630155
-1.0727 0.0902471
-1.13855 0.098677
-0.935528 0.0576263
-0.96845 0.0760216
-0.979424 0.0463814
-1.03978 0.058951
-0.946502 0.0129629
-0.908093 0.00700172
-0.886145 0.0031631
-0.84225 0.00489424
-0.951989 0.00611357
-0.96845 0.00795008
-0.930041 0.00117605
-0.919067 0.00117605
-0.946502 9.22021e-05
-0.891632 0.000318003
-0.957476 0.000227683
-1.04527 0.000543804
-1.11111 0.00117605
-1.05075 0.00948553
-1.00686 0.0100275
-1.03978 0.00489424
-1.00137 0.00286203
-0.962963 0.000152416
-1.03978 0.00451791
-0.995885 0.00489424
-0.984911 0.00451791
-0.897119 0.0223562
-0.886145 0.0550221
-0.919067 0.0384784
-1.06173 0.031313
-0.979424 0.0284679
-0.979424 0.0169821
-1.03978 0.0142424
-1.03429 0.00569207
-1.03429 0.00451791
-0.990398 0.000318003
-1.00137 4.70419e-05
-1.0727 0.00451791
-1.17147 0.00844685
-1.22634 0.00137174
-1.08368 0.00117605
-1.04527 0.00230505
-1.02332 0.000679285
-1.00686 0.00117605
-1.02332 0.00230505
-1.00137 0.00180829
-1.02881 0.0031631
-0.995885 0.000829819
-1.14403 0.00286203
-1.08916 0.00528563
-1.07819 0.00895866
-1.12757 0.0105844
-1.05624 0.00655012
-1.10014 0.00895866
-1.06722 0.00347922
-0.979424 1.88168e-06
-1.00137 0.00451791
-0.984911 1.69351e-05
-1.01235 0.000227683
-0.880658 0.000152416
-1.02332 0.00451791
-1.09465 0.00795008
-1.10014 0.00204915
-0.957476 0.0111565
-1.10562 0.00158249
-1.09465 0.00844685
-1.08916 0.00895866
-1.18793 0.0184423
-1.16598 0.0149048
-1.15501 0.000679285
-1.15501 0.000227683
-1.03429 0.00137174
-0.973937 0.000543804
-0.995885 0.000995407
-1.01783 0.000227683
-1.08368 0.000423377
-1.16598 0.000227683
-1.22634 0.00795008
-1.1166 0.00528563
-1.04527 0.0162746
-1.09465 0.0406611
-0.96845 0.0429041
-1.02881 0.0715507
-1.05624 0.077542
-1.02332 0.0700906
-0.946502 0.0417751
-1.05624 0.0199627
-1.13306 0.0395622
-1.12757 0.0452073
-1.06722 0.0658003
-1.06173 0.0658003
-1.14403 0.0902471
-1.20439 0.0886063
-1.17147 0.073026
-1.13306 0.0672154
-1.09465 0.0363559
-1.09465 0.0322914
-1.02332 0.0223562
-1.05624 0.0294012
-0.979424 0.0395622
-1.04527 0.0563167
-1.02332 0.0257583
-1.08368 0.0215433
-1.08916 0.00895866
-1.18244 0.0353172
-1.04527 0.0294012
-1.0727 0.058951
-1.02332 0.0602908
-1.07819 0.0837741
-1.02881 0.0790775
-1.01235 0.0563167
-1.02881 0.0616456
-0.984911 0.0602908
-0.96845 0.0790775
-0.946502 0.0537426
-0.935528 0.0537426
-0.990398 0.0499943
-0.908093 0.0417751
-1.06722 0.0395622
-0.96845 0.0231841
-1.00137 0.0342936
-1.11111 0.0417751
-1.14403 0.0463814
-1.10562 0.0169821
-1.00137 0.00746837
-1.05075 0.00137174
-0.951989 0.000679285
-0.957476 0.00347922
-0.962963 0.00746837
-0.897119 0.0117435
-0.930041 0.0123457
-0.924554 0.0100275
-0.84225 0.000679285
-0.935528 0.00569207
-0.908093 0.000679285
-0.930041 0.00158249
-0.930041 1.69351e-05
-0.908093 0.0031631
-0.919067 0.0231841
-0.941015 0.0303496
-0.962963 0.0275496
-1.04527 0.0240271
-1.06173 0.0199627
-1.00686 0.031313
-1.00686 0.0257583
-1.03978 0.0207455
-1.13306 0.0374096
-1.02881 0.0463814
-1.14403 0.0869805
-1.13306 0.0952599
-1.14952 0.128182
-1.18793 0.146472
-1.1989 0.128182
-1.15501 0.107483
-1.01235 0.130154
-1.00686 0.0952599
-0.995885 0.10929
-1.03978 0.0935739
-1.03429 0.0672154
-1.11111 0.0790775
-1.02332 0.077542
-1.00137 0.132141
-1.04527 0.126225
-0.984911 0.122356
-1.07819 0.157159
-1.08916 0.150702
-1.02881 0.140239
-1.13306 0.181998
-1.1989 0.223967
-1.31962 0.284737
-1.27572 0.278911
-1.2428 0.305601
-1.14952 0.293589
-1.19342 0.261796
-1.18793 0.2137
-1.05624 0.184346
-1.03978 0.181998
-1.05624 0.211171
-1.1166 0.267441
-1.05075 0.223967
-0.984911 0.159342
-1.08368 0.191481
-1.13306 0.198752
-1.08368 0.198752
-1.01235 0.191481
-1.0727 0.159342
-1.10014 0.16154
-1.13855 0.189088
-1.10014 0.116666
-1.08368 0.0952599
-1.06173 0.102154
-1.14403 0.114799
-1.17147 0.124283
-1.06173 0.0869805
-1.11111 0.0821935
-1.03429 0.0715507
-0.990398 0.0463814
-1.06722 0.0248852
-0.946502 0.0162746
-1.02332 0.00700172
-1.10562 0.00451791
-1.17147 1.69351e-05
-1.05624 0.00230505
-1.10562 0.0129629
-1.12757 0.0129629
-1.22085 0.0223562
-1.09465 0.0248852
-1.00686 0.0275496
-1.07819 0.0353172
-1.0727 0.0199627
-1.02881 0.0177047
-1.08368 0.0142424
-1.03429 0.00415662
-1.09465 0.00257602
-1.07819 0.00230505
-1.03429 0.000543804
-1.11111 0.000152416
-1.01783 9.22021e-05
-1.02881 0.00117605
-1.05075 0.00746837
-1.04527 0.00286203
-1.12209 0.00381039
-1.02332 0.00948553
-1.11111 0.0284679
-1.12757 0.0374096
-1.06173 0.0303496
-1.07819 0.0135951
-0.91358 0.00746837
-0.990398 0.000829819
-0.979424 1.69351e-05
-1.06173 0.00117605
-0.951989 1.69351e-05
-0.973937 0.00451791
-0.919067 0.00180829
-0.935528 0.0105844
-1.08368 0.0207455
-1.00686 0.0231841
-0.875171 0.0105844
-0.886145 0.0117435
-0.891632 0.00569207
-0.946502 0.0162746
-0.962963 0.0275496
-0.946502 0.00948553
-0.91358 0.0031631
-0.858711 0.0031631
-0.809328 0.00347922
-0.91358 0.00204915
-1.01235 1.88168e-06
-1.07819 0.00158249
-0.962963 0.000152416
-1.00137 0.00204915
-0.96845 0.000227683
-0.979424 0.00895866
-0.930041 0.0240271
-0.869684 0.0342936
-0.96845 0.0406611
-1.02332 0.058951
-1.02881 0.0384784
-0.962963 0.0384784
-1.01235 0.0429041
-0.979424 0.0395622
-0.990398 0.0537426
-0.924554 0.0215433
-0.941015 0.0475707
-0.984911 0.0384784
-1.05624 0.0463814
-1.08368 0.0512286
-0.990398 0.033285
-0.995885 0.0303496
-0.930041 0.0231841
-0.902606 0.00746837
-0.962963 0.0135951
-0.946502 0.000829819
-0.973937 0.000423377
-0.941015 0.00489424
-1.00137 0.00611357
-1.13306 0.00158249
-1.12757 0.000423377
-1.04527 0.000318003
-1.09465 0.00700172
-1.03978 0.000829819
-1.05624 0.00137174
-1.07819 0.000227683
-1.03429 4.70419e-05
-1.08368 0.00844685
-1.28669 0.00286203
-1.2428 0.0100275
-1.20439 0.00611357
-1.10014 0.00489424
-1.06173 0.00844685
-0.984911 0.00204915
-0.979424 0.00655012
-1.02332 0.0155822
-0.962963 0.00451791
-0.984911 0.000995407
-0.96845 0.000152416
-0.902606 9.22021e-05
-0.96845 0.000227683
-1.04527 0.000829819
-1.00686 0.000227683
-1.0727 0.000318003
-1.02332 1.88168e-06
-1.04527 1.88168e-06
-1.01783 0.000318003
-0.96845 1.88168e-06
-0.886145 0.000318003
-0.930041 1.88168e-06
-0.941015 0.000543804
-0.973937 0.000543804
-1.00137 0.00895866
-1.08368 0.0363559
-1.01235 0.0322914
-1.00137 0.0129629
-0.946502 0.00611357
-1.03978 0.0123457
-1.05075 0.0184423
-1.06173 0.0105844
-1.09465 0.00528563
-0.96845 0.000152416
-1.10562 0.00117605
-1.07819 0.000995407
-1.03978 0.00117605
-1.02881 4.70419e-05
-0.946502 0.00230505
-0.902606 1.69351e-05
-0.924554 0.00451791
-0.935528 0.0117435
-0.935528 0.0199627
-0.990398 0.0322914
-1.10562 0.0215433
-0.979424 0.0162746
-0.919067 0.019195
-0.995885 0.0406611
-1.00137 0.058951
-1.0727 0.0630155
-1.05624 0.0602908
-1.09465 0.033285
-1.13306 0.0524781
-1.20439 0.0686454
-1.08916 0.0487749
-1.11111 0.0284679
-1.13855 0.0284679
-1.14952 0.0406611
-1.16598 0.0363559
-1.12209 0.0275496
-1.03978 0.00844685
-0.984911 4.70419e-05
-1.00137 0.00117605
-1.00686 0.00489424
-1.09465 0.00844685
-0.995885 0.0100275
-0.941015 0.000227683
-0.91358 0.000829819
-0.951989 0.000829819
-0.930041 0.00611357
-0.995885 0.000829819
-1.01235 0.00158249
-1.01783 0.000227683
-1.03978 4.70419e-05
-0.902606 0.00204915
-0.990398 0.000679285
-1.10014 0.00137174
-1.1166 0.00137174
-1.10562 0.00117605
-1.03429 1.88168e-06
-1.02881 0.00569207
-1.05075 0.00286203
-1.03978 0.00844685
-1.0727 0.000152416
-0.96845 0.00528563
-0.979424 0.0215433
-1.00686 0.0215433
-0.990398 0.0463814
-1.03429 0.0524781
-1.04527 0.0406611
-1.24829 0.0686454
-1.14952 0.0463814
-1.14403 0.0303496
-1.06173 0.019195
-1.01783 0.00569207
-1.02332 0.00795008
-0.962963 0.00528563
-1.03429 0.0105844
-1.02881 0.00844685
-1.07819 0.00746837
-1.06173 0.0129629
-1.05075 0.00347922
-1.03429 0.0100275
-1.03429 0.0177047
-1.00137 0.00117605
-1.03429 0.0240271
-1.01783 0.0342936
-1.01783 0.0266464
-1.06173 0.0499943
-1.00686 0.0322914
-0.973937 0.0135951
-1.04527 0.0129629
-0.946502 0.00795008
-0.930041 1.69351e-05
-0.897119 0.000152416
-0.864198 9.22021e-05
-0.930041 0.00137174
-0.935528 9.22021e-05
-1.00137 0.00230505
-1.01235 0.00381039
-1.0727 0.0117435
-1.02332 0.0111565
-1.03978 0.00795008
-1.02881 0.0162746
-1.01783 0.0294012
-0.979424 0.00611357
-0.897119 0.033285
-0.91358 0.0169821
-0.930041 0.0123457
-1.01783 0.019195
-0.962963 0.0452073
-1.02332 0.0429041
-0.951989 0.0935739
-0.930041 0.124283
-1.02332 0.172755
-1.00137 0.223967
-1.13306 0.196313
-1.09465 0.201206
-1.12757 0.206158
-1.1166 0.293589
-1.13306 0.330349
-1.1166 0.369277
-1.21536 0.417433
-1.14952 0.330349
-1.15501 0.261796
-1.13855 0.299565
-1.08916 0.231824
-1.12209 0.281817
-1.04527 0.245222
-0.990398 0.19389
-1.05624 0.170482
-0.924554 0.159342
-0.875171 0.16154
-0.930041 0.140239
-1.10562 0.22919
-1.15501 0.308642
-1.15501 0.284737
-1.10014 0.177346
-1.18793 0.184346
-1.2428 0.184346
-1.07819 0.16154
-1.13306 0.140239
-1.10014 0.177346
-1.03978 0.128182
-1.13306 0.150702
-1.10014 0.191481
-1.10014 0.165981
-1.1166 0.152839
-1.03429 0.0869805
-1.09465 0.080628
-1.13306 0.0853698
-1.08368 0.0429041
-1.12209 0.0284679
-1.03978 0.0284679
-1.10562 0.0240271
-1.05624 0.0322914
-0.935528 0.0155822
-0.984911 0.0117435
-1.06722 0.0169821
-1.03978 0.00895866
-1.06173 0.0100275
-1.0727 0.0111565
-0.919067 0.0105844
-1.01235 0.0199627
-0.869684 0.0184423
-0.891632 0.00569207
-0.995885 0.00746837
-0.990398 0.0129629
-1.06173 0.019195
-1.08916 0.0294012
-0.946502 0.0463814
-1.05075 0.0686454
-1.1166 0.0745163
-1.06722 0.0760216
-1.01783 0.0512286
-1.06173 0.0512286
-1.04527 0.058951
-1.1166 0.080628
-1.15501 0.080628
-1.07819 0.0686454
-1.06722 0.0837741
-1.08916 0.0563167
-1.0727 0.0700906
-1.05075 0.0374096
-1.05075 0.0700906
-1.06173 0.120444
-1.05075 0.120444
-1.05624 0.0952599
-1.03978 0.098677
-1.01783 0.105692
-1.02332 0.098677
-1.11111 0.122356
-1.10562 0.107483
-1.11111 0.0952599
-1.07819 0.112948
-1.16598 0.10929
-1.09465 0.077542
-1.00686 0.0616456
-1.02332 0.0537426
-0.96845 0.0537426
-1.06173 0.0374096
-0.941015 0.0257583
-0.930041 0.0123457
-1.04527 0.0284679
-1.08368 0.0417751
-1.16598 0.0537426
-1.10014 0.0672154
-1.05624 0.0630155
-1.13855 0.114799
-1.10014 0.0886063
-1.12757 0.0745163
-1.1166 0.0902471
-1.08368 0.0686454
-0.984911 0.0353172
-1.00137 0.0342936
-1.03429 0.0537426
-1.02881 0.0322914
-0.820302 0.0155822
-0.919067 0.0248852
-0.91358 0.0284679
-0.973937 0.0215433
-0.973937 0.0177047
-1.02881 0.0142424
-1.17695 0.0231841
-1.10014 0.0294012
-1.12209 0.0257583
-1.02332 0.031313
-1.05624 0.0266464
-1.10014 0.0169821
-1.10562 0.0149048
-1.11111 0.0257583
-0.995885 0.0284679
-1.05075 0.0215433
-1.04527 0.0266464
-1.05075 0.0162746
-1.04527 0.00230505
-1.04527 0.00746837
-0.957476 0.00204915
-0.973937 0.00230505
-1.00686 0.000152416
-1.05075 0.00230505
-1.05624 0.00230505
-1.01783 0.000829819
-1.01235 0.000227683
-0.984911 0.00528563
-1.00686 0.00948553
-1.08916 0.00569207
-1.10562 0.00158249
-1.02332 0.00381039
-1.05075 0.0031631
-0.96845 0.000829819
-1.03978 0.000679285
-1.02881 0.000318003
-1.04527 1.69351e-05
-0.990398 0.000543804
-1.0727 0.00895866
-1.02881 0.00257602
-1.01783 0.00528563
-0.979424 0.0129629
-1.05075 0.0248852
-1.14403 0.0284679
-1.12209 0.0353172
-1.07819 0.0644004
-1.05624 0.0374096
-1.07819 0.0658003
-1.12209 0.0745163
-1.08368 0.0576263
-1.1989 0.080628
-1.16049 0.0406611
-1.14952 0.0231841
-1.07819 0.0123457
-1.05075 0.019195
-1.15501 0.0162746
-1.13855 0.0248852
-1.0727 0.0199627
-1.07819 0.0231841
-1.04527 0.0149048
-0.941015 0.00700172
-0.96845 0.00948553
-0.957476 0.00746837
-0.957476 0.00158249
-0.962963 0.00895866
-0.91358 0.00569207
-0.946502 0.00844685
-0.979424 0.0223562
-1.01783 0.0231841
-1.00137 0.0616456
-1.03978 0.0463814
-1.08916 0.0602908
-1.10014 0.058951
-1.07819 0.0266464
-1.01783 0.0123457
-1.03429 0.031313
-1.05624 0.0123457
-1.06722 0.0117435
-1.0727 0.0149048
-1.12757 0.00795008
-1.1166 0.00415662
-1.12209 0.00655012
-1.02881 0.000995407
-1.02881 0.0100275
-1.05624 0.00746837
-0.924554 0.0123457
-1.00686 0.00795008
-1.06173 0.00795008
-0.973937 0.00528563
-0.930041 0.00611357
-0.902606 0.0207455
-0.91358 0.0463814
-0.919067 0.0630155
-0.951989 0.0715507
-1.11111 0.165981
-1.06173 0.126225
-1.13855 0.098677
-1.05624 0.120444
-0.935528 0.13616
-1.06722 0.181998
-1.06722 0.172755
-1.05075 0.189088
-1.08916 0.221377
-1.12757 0.245222
-1.12209 0.234474
-1.06173 0.19389
-1.02332 0.247947
-1.05075 0.276021
-1.12757 0.296569
-1.17147 0.336686
-1.18244 0.349542
-1.23182 0.352794
-1.16049 0.330349
-1.1166 0.253441
-1.1166 0.247947
-1.08916 0.231824
-1.09465 0.211171
-0.941015 0.208657
-1.00686 0.196313
-0.962963 0.196313
-1.05624 0.237138
-1.04527 0.264611
-1.12757 0.311698
-1.10562 0.290623
-1.12757 0.276021
-1.16049 0.276021
-1.20439 0.261796
-1.18793 0.250686
-1.11111 0.234474
-1.08916 0.218803
-1.10562 0.258996
-0.984911 0.19389
-1.00686 0.196313
-1.05075 0.16154
-1.05624 0.118547
-1.01235 0.118547
-1.07819 0.159342
-1.03429 0.138192
-1.03429 0.172755
-0.902606 0.098677
-0.886145 0.0869805
-0.973937 0.0853698
-1.03429 0.0429041
-0.930041 0.0837741
-1.00137 0.0440482
-0.951989 0.0487749
-1.07819 0.0760216
-1.10562 0.091903
-1.1166 0.0952599
-1.15501 0.138192
-1.1166 0.102154
-1.10014 0.112948
-1.10562 0.0790775
-1.17147 0.0686454
-1.05624 0.0700906
-1.08368 0.0686454
-1.01235 0.0715507
-1.06173 0.0537426
-1.08368 0.0463814
-1.05075 0.0384784
-0.96845 0.0266464
-0.941015 0.0363559
-1.13855 0.0760216
-1.09465 0.0837741
-1.06173 0.0658003
-0.984911 0.0576263
-0.957476 0.0499943
-1.03978 0.0537426
-1.02881 0.0644004
-1.05624 0.0524781
-1.0727 0.080628
-1.03978 0.0524781
-0.984911 0.0550221
-0.990398 0.0266464
-0.973937 0.0105844
-1.06173 0.0155822
-1.00137 0.0384784
-0.962963 0.0342936
-1.02332 0.033285
-1.01783 0.0177047
-1.02881 0.0184423
-1.03429 0.0031631
-1.00137 0.00655012
-0.957476 0.0266464
-1.02881 0.0100275
-0.990398 0.00746837
-1.05075 0.0100275
-1.10014 0.019195
-1.03978 0.0169821
-1.06173 0.0257583
-1.04527 0.0406611
-1.08916 0.0149048
-1.02881 0.0207455
-1.05624 0.00795008
-1.00137 0.00611357
-1.06722 0.0231841
-1.10014 0.0223562
-1.0727 0.0117435
-1.03429 0.00746837
-1.06173 0.00347922
-1.02332 0.00569207
-1.05624 0.00528563
-1.07819 0.0100275
-1.16598 0.00158249
-1.1166 0.000543804
-1.17147 0.00158249
-1.13306 0.0031631
-1.14403 0.00180829
-1.09465 0.00844685
-1.04527 0.00451791
-1.08916 0.000995407
-1.13855 0.00257602
-1.16049 1.88168e-06
-1.16049 0.0031631
-1.14403 0.00528563
-1.20988 0.00611357
-1.19342 0.0031631
-1.22634 1.88168e-06
-1.1989 0.00117605
-1.09465 0.0117435
-0.984911 0.0105844
-1.02881 0.019195
-1.06173 0.0417751
-1.13306 0.0475707
-1.03429 0.0199627
-1.17147 0.0395622
-1.09465 0.0303496
-1.00686 0.0384784
-1.03429 0.0475707
-1.07819 0.0499943
-1.1166 0.0512286
-1.01235 0.0177047
-1.08916 0.0452073
-1.06173 0.0129629
-0.962963 0.0129629
-1.02881 0.0248852
-1.14952 0.0452073
-1.12757 0.0199627
-1.09465 0.0149048
-1.12757 0.0111565
-1.00137 0.00137174
-1.10562 0.00611357
-1.12209 0.00286203
-1.10562 9.22021e-05
-1.11111 0.00286203
-1.00686 0.00528563
-1.11111 0.00204915
-1.10562 0.000829819
-1.09465 0.00117605
-1.03429 0.000543804
-1.03978 0.00700172
-1.12757 0.00700172
-1.13306 0.00137174
-1.12209 0.000318003
-1.09465 0.000423377
-1.09465 1.69351e-05
-1.09465 0.00137174
-1.04527 0.00230505
-1.13306 0.0215433
-1.01783 0.0240271
-1.04527 0.0199627
-0.984911 0.00451791
-1.06173 0.00286203
-1.0727 0.00158249
-0.941015 0.00451791
-0.96845 0.0100275
-1.02881 0.0257583
-1.05075 0.0215433
-0.995885 0.0215433
-0.84225 0.0155822
-0.951989 0.0374096
-0.990398 0.031313
-0.935528 0.0266464
-0.962963 0.0886063
-0.924554 0.102154
-1.01235 0.159342
-1.01783 0.157159
-1.01783 0.216244
-1.06173 0.196313
-1.00137 0.196313
-0.973937 0.130154
-0.951989 0.102154
-0.908093 0.0869805
-0.990398 0.098677
-1.08368 0.0429041
-1.02332 0.0303496
-0.951989 0.0395622
-1.13306 0.0384784
-1.13306 0.0537426
-1.16049 0.0602908
-1.10562 0.0616456
-1.05075 0.098677
-1.15501 0.107483
-1.08368 0.0902471
-1.03978 0.0499943
-1.00686 0.0563167
-0.984911 0.0452073
-1.00686 0.0658003
-1.06722 0.10929
-1.10014 0.0886063
-1.00686 0.0630155
-0.990398 0.0630155
-1.13855 0.0512286
-1.10014 0.0616456
-1.05075 0.0602908
-0.96845 0.0790775
-1.03978 0.100408
-1.11111 0.0886063
-1.0727 0.116666
-1.16049 0.150702
-1.20439 0.16154
-1.22085 0.179664
-1.10014 0.138192
-1.06173 0.118547
-1.09465 0.091903
-1.0727 0.0550221
-1.03429 0.0303496
-0.979424 0.0294012
-0.880658 0.00655012
-0.930041 0.0100275
-0.962963 0.0199627
-0.935528 0.00844685
-0.897119 0.00415662
-0.973937 0.00451791
-1.01235 0.00347922
-1.00686 0.00230505
-0.902606 0.000318003
-0.919067 0.00286203
-0.908093 0.000995407
-0.847737 0.000829819
-0.951989 9.22021e-05
-0.880658 0.00569207
-1.06173 0.0105844
-0.990398 0.0100275
-1.01783 0.00895866
-0.962963 0.00180829
-0.96845 1.88168e-06
-1.01783 0.0123457
-0.995885 0.019195
-1.01235 0.0240271
-1.05075 0.00795008
-1.05075 0.000829819
-1.10562 0.00347922
-1.05624 0.00137174
-0.995885 0.00381039
-0.962963 0.00286203
-1.00686 0.000318003
-1.05624 0.00347922
-1.17147 0.000829819
-1.13855 0.00286203
-1.14952 1.69351e-05
-1.17695 0.00158249
-1.05624 0.00844685
-1.02332 1.69351e-05
-1.04527 4.70419e-05
-1.05075 0.000995407
-1.03429 0.000227683
-1.01783 0.0149048
-0.935528 0.00257602
-0.957476 1.88168e-06
-0.935528 0.00180829
-0.935528 0.00286203
-0.96845 9.22021e-05
-1.00137 0.00204915
-1.01783 0.000829819
-0.946502 0.00415662
-1.03978 0.0100275
-0.951989 0.000679285
-0.946502 0.0155822
-0.957476 0.00895866
-0.96845 0.00948553
-0.951989 0.0207455
-1.02332 0.00611357
-0.984911 0.00286203
-1.00137 0.0155822
-1.01783 0.0199627
-1.00686 0.0117435
-1.10014 0.0231841
-1.08916 0.0275496
-1.13306 0.0303496
-1.10014 0.0429041
-1.10562 0.0672154
-1.08368 0.0602908
-1.11111 0.0902471
-1.08368 0.0576263
-1.14403 0.0853698
-1.1166 0.080628
-1.03978 0.0952599
-0.96845 0.124283
-1.03978 0.105692
-0.941015 0.100408
-1.04527 0.140239
-0.995885 0.124283
-1.02881 0.140239
-1.01235 0.150702
-1.01783 0.13616
-0.941015 0.132141
-0.96845 0.0902471
-1.05075 0.124283
-1.01235 0.0952599
-1.06173 0.152839
-0.930041 0.120444
-0.930041 0.0902471
-0.990398 0.0969609
-1.00686 0.122356
-1.08916 0.102154
-0.919067 0.098677
-1.06722 0.138192
-1.02881 0.098677
-0.897119 0.0686454
-0.941015 0.0512286
-1.03429 0.080628
-1.07819 0.111111
-1.01783 0.114799
-1.05624 0.073026
-1.01235 0.0452073
-1.02881 0.031313
-0.930041 0.0363559
-0.973937 0.0463814
-0.962963 0.0395622
-1.05075 0.0142424
-1.05075 0.0199627
-1.17147 0.0207455
-1.13306 0.00746837
-1.13306 1.69351e-05
-1.1166 0.00180829
-1.14403 0.0111565
-1.08368 0.00569207
-1.01783 0.000423377
-1.02881 0.00230505
-1.04527 0.000995407
-1.09465 0.00451791
-1.08916 0.00451791
-1.12757 0.0162746
-1.03978 0.0105844
-0.930041 0.00700172
-0.897119 0.0231841
-1.00137 0.0686454
-1.01235 0.0760216
-1.05624 0.0853698
-1.04527 0.0630155
-0.979424 0.0821935
-0.930041 0.0969609
-0.962963 0.0616456
-0.990398 0.0563167
-0.96845 0.0576263
-1.02332 0.0537426
-0.962963 0.0616456
-1.02332 0.0602908
-1.00686 0.0563167
-0.973937 0.0353172
-0.979424 0.033285
-1.02332 0.0452073
-1.06722 0.0475707
-1.02332 0.0374096
-0.930041 0.0117435
-0.951989 0.0105844
-0.973937 0.0184423
-0.995885 0.0155822
-1.00137 0.00381039
-1.01783 0.0129629
-0.908093 0.00347922
-0.935528 0.00569207
-0.96845 0.00347922
-0.984911 0.00286203
-0.935528 0.00895866
-0.995885 0.00415662
-0.951989 0.0142424
-0.902606 0.00528563
-0.941015 0.00381039
-0.973937 0.00158249
-1.01235 0.000995407
-0.990398 0.00611357
-1.01235 0.000318003
-1.02881 4.70419e-05
-0.995885 0.000152416
-0.990398 0.000829819
-1.00137 0.00347922
-1.1166 0.00286203
-1.14403 0.00117605
-1.08916 0.00257602
-1.10014 0.00381039
-1.14403 0.00204915
-1.08368 0.00137174
-1.08916 0.000318003
-1.01783 0.00489424
-1.1166 0.00204915
-1.06722 9.22021e-05
-1.12209 0.000152416
-1.08916 0.000318003
-1.07819 1.88168e-06
-1.10562 0.00204915
-1.06722 0.0031631
-1.02881 0.0129629
-1.05624 0.00700172
-1.10562 9.22021e-05
-1.1989 0.00180829
-1.14952 4.70419e-05
-1.14403 0.00528563
-1.10014 1.69351e-05
-1.03429 0.00257602
-1.04527 0.00844685
-0.995885 0.031313
-1.08916 0.0417751
-1.05075 0.0266464
-1.19342 0.0207455
-1.13306 0.0169821
-1.11111 0.0117435
-1.17147 0.0240271
-1.13855 0.00895866
-1.12757 0.00286203
-1.03429 0.0169821
-1.03978 0.0129629
-1.10014 0.0644004
-1.0727 0.0207455
-1.05624 0.00948553
-1.00137 0.0117435
-1.05624 0.0142424
-1.00137 0.0199627
-0.951989 0.00700172
-0.995885 0.019195
-1.01783 0.0223562
-0.91358 0.00895866
-0.946502 0.0429041
-0.941015 0.058951
-0.935528 0.0440482
-1.10014 0.0499943
-0.979424 0.0353172
-0.930041 0.0184423
-0.902606 0.0294012
-0.935528 0.0149048
-1.05075 0.0123457
-1.00686 0.0123457
-1.12757 0.0223562
-1.20439 0.0463814
-1.15501 0.0452073
-1.06173 0.0672154
-1.18793 0.077542
-1.16049 0.0563167
-1.11111 0.0440482
-1.08916 0.0105844
-1.03978 0.00700172
-1.06722 0.0111565
-0.990398 0.0142424
-1.02332 0.00948553
-1.01783 0.00230505
-0.990398 0.0169821
-1.01235 0.0215433
-1.05624 0.0223562
-0.96845 0.0162746
-0.96845 0.00158249
-0.946502 0.000543804
-0.995885 0.0142424
-1.08368 0.0129629
-1.11111 0.0266464
-1.08368 0.0463814
-1.14952 0.0395622
-1.10562 0.0395622
-1.1166 0.0199627
-1.10014 0.0248852
-1.06173 0.0374096
-1.00686 0.0537426
-1.16598 0.0644004
-1.04527 0.0902471
-1.0727 0.124283
-1.06173 0.107483
-1.10562 0.103916
-1.11111 0.148579
-1.14403 0.103916
-1.1166 0.103916
-1.12209 0.10929
-1.10014 0.0658003
-1.10562 0.0452073
-1.05075 0.0417751
-1.1166 0.0266464
-1.03429 0.0149048
-0.957476 0.00381039
-0.979424 0.00137174
-1.00137 0.00286203
-0.957476 0.0231841
-1.00137 0.0129629
-0.941015 0.0199627
-0.984911 0.0199627
-0.979424 0.0353172
-1.09465 0.0463814
-1.05624 0.0475707
-1.05075 0.0550221
-0.946502 0.073026
-0.995885 0.0853698
-1.10014 0.0952599
-1.11111 0.0902471
-1.05624 0.077542
-1.00137 0.080628
-1.12757 0.118547
-1.10562 0.0886063
-1.16049 0.0374096
-1.18793 0.0715507
-1.11111 0.0935739
-1.1166 0.16154
-1.01235 0.172755
-1.1166 0.211171
-1.16598 0.2137
-1.06173 0.175043
-1.06173 0.122356
-1.10014 0.103916
-1.05075 0.124283
-1.11111 0.080628
-0.935528 0.0837741
-0.957476 0.058951
-1.00686 0.111111
-1.00686 0.107483
-1.0727 0.124283
-1.08916 0.116666
-1.05624 0.170482
-1.23182 0.216244
-1.17147 0.184346
-1.17147 0.208657
-1.28669 0.270286
-1.19342 0.258996
-1.08916 0.203675
-1.13306 0.184346
-1.12757 0.218803
-1.12209 0.223967
-1.01235 0.163753
-1.04527 0.152839
-1.01235 0.179664
-1.1989 0.211171
-1.1989 0.234474
-1.17695 0.287673
-1.20988 0.256211
-1.29767 0.317855
-1.23182 0.287673
-1.20988 0.221377
-1.07819 0.201206
-1.0727 0.221377
-1.08368 0.170482
-1.15501 0.218803
-1.1166 0.253441
-1.03978 0.223967
-1.13306 0.172755
-1.14403 0.138192
-1.0727 0.120444
-1.04527 0.144379
-1.0727 0.0969609
-1.04527 0.0715507
-1.03429 0.091903
-0.946502 0.0616456
-1.01235 0.0475707
-1.01783 0.0837741
-1.03978 0.0760216
-0.990398 0.0602908
-1.01235 0.0853698
-1.16598 0.132141
-1.14403 0.159342
-1.08916 0.111111
-1.08368 0.126225
-1.1166 0.0902471
-1.17695 0.0969609
-1.10562 0.0672154
-1.0727 0.0499943
-1.06722 0.0429041
-1.03978 0.0499943
-0.957476 0.033285
-1.0727 0.033285
-1.08916 0.0177047
-1.02332 0.0149048
-1.02881 0.00489424
-0.96845 0.00746837
-0.908093 0.0117435
-0.946502 0.019195
-0.984911 0.0266464
-1.02881 0.0563167
-1.02332 0.0658003
-1.03429 0.0715507
-1.05624 0.10929
-1.18793 0.112948
-1.04527 0.0952599
-1.10562 0.0837741
-1.12757 0.0952599
-1.05075 0.0790775
-1.08368 0.0686454
-1.03978 0.0935739
-1.09465 0.105692
-1.01783 0.120444
-1.15501 0.181998
-1.16049 0.206158
-1.10562 0.234474
-1.08368 0.168224
-1.19342 0.19389
-1.14403 0.146472
-1.11111 0.138192
-1.15501 0.16154
-1.10562 0.208657
-1.00137 0.154992
-1.01235 0.165981
-1.06173 0.19389
-1.08916 0.242512
-1.16598 0.284737
-1.10562 0.250686
-1.20988 0.189088
-1.05624 0.242512
-1.06722 0.231824
-0.990398 0.247947
-1.05624 0.231824
-1.19342 0.349542
-1.29218 0.438974
-1.30316 0.453636
-1.24829 0.435347
-1.28121 0.45734
-1.28121 0.410373
-1.28121 0.413895
-1.23731 0.431734
-1.33608 0.424553
-1.2428 0.410373
-1.29767 0.487507
-1.17695 0.420986
-1.21536 0.399896
-1.28121 0.428136
-1.30864 0.50685
-1.26475 0.442617
-1.23182 0.483683
-1.29218 0.495199
-1.369 0.567139
-1.36351 0.563015
-1.35254 0.542617
-1.39095 0.563015
-1.23731 0.502951
-1.26475 0.464791
-1.3251 0.468539
-1.25377 0.472303
-1.28669 0.499068
-1.369 0.546667
-1.34156 0.510764
-1.41289 0.575434
-1.34156 0.50685
-1.35802 0.510764
-1.25377 0.502951
-1.31413 0.491345
-1.31413 0.464791
-1.20988 0.399896
-1.3251 0.392986
-1.34705 0.438974
-1.22634 0.324072
-1.16598 0.256211
-1.14403 0.256211
-1.17695 0.234474
-1.01235 0.208657
-1.03429 0.208657
-1.03978 0.208657
-1.03429 0.198752
-1.06173 0.250686
-1.0727 0.250686
-1.10562 0.237138
-1.19342 0.201206
-1.11111 0.177346
-1.15501 0.19389
-1.10562 0.191481
-1.07819 0.177346
-1.10014 0.181998
-1.13855 0.203675
-1.18244 0.181998
-1.11111 0.163753
-1.10014 0.168224
-1.05624 0.122356
-1.08368 0.100408
-1.08368 0.0672154
-1.04527 0.080628
-1.01783 0.080628
-1.08916 0.0952599
-1.10562 0.0672154
-1.05075 0.0240271
-0.990398 0.0105844
-1.02332 0.0105844
-0.990398 0.0162746
-1.01235 0.0169821
-1.01235 0.0363559
-0.96845 0.0266464
-1.01235 0.0342936
-0.96845 0.0231841
-1.02881 0.00700172
-0.957476 0.00746837
-0.891632 0.00746837
-0.930041 0.000423377
-0.962963 0.00204915
-1.05624 0.00117605
-1.1166 0.00655012
-1.03978 0.00489424
-1.01783 0.00137174
-1.05075 0.00795008
-1.05624 0.0142424
-1.02881 0.000829819
-1.01783 0.000152416
-0.995885 0.00451791
-0.995885 0.0142424
-0.924554 0.00528563
-0.908093 0.00451791
-1.01235 0.00381039
-1.10014 0.00381039
-1.07819 0.000995407
-1.11111 0.000227683
-1.1989 0.00489424
-1.13306 0.00158249
-1.09465 0.00204915
-1.13855 9.22021e-05
-1.11111 9.22021e-05
-1.0727 1.69351e-05
-1.05075 0.000423377
-1.1166 0.000152416
-1.08916 0.00180829
-1.10014 0.00286203
-1.06173 0.00180829
-1.02332 0.00230505
-1.04527 0.000152416
-1.10562 0.0031631
-1.05624 1.88168e-06
-1.03429 0.000543804
-1.05075 4.70419e-05
-1.08368 0.000543804
-1.05075 0.00117605
-1.0727 0.00230505
-1.12757 0.0100275
-0.957476 0.0142424
-0.984911 0.0275496
-1.01783 0.0162746
-1.01783 0.0215433
-0.946502 0.0111565
-0.946502 0.0199627
-0.902606 0.0240271
-0.946502 0.0452073
-0.962963 0.0374096
-0.962963 0.0563167
-0.957476 0.0384784
-0.957476 0.0487749
-0.897119 0.0294012
-0.941015 0.0135951
-0.831276 0.00286203
-1.02881 0.00569207
-1.08368 0.00180829
-1.11111 0.000543804
-1.07819 0.00286203
-1.1989 0.00117605
-1.12757 1.88168e-06
-1.03429 0.000679285
-0.941015 4.70419e-05
-0.990398 0.00489424
-1.04527 0.00700172
-0.979424 0.0100275
-1.04527 0.00117605
-1.01235 0.000679285
-1.06173 0.00746837
-1.09465 0.0162746
-1.05075 0.031313
-1.02881 0.0240271
-0.995885 0.0169821
-1.13306 0.00611357
-1.22085 0.00230505
-1.21536 0.000152416
-1.12209 0.000152416
-1.1166 0.000318003
-1.02332 1.69351e-05
-1.03978 0.000227683
-1.10562 0.000423377
-1.13306 0.000679285
-1.12209 1.88168e-06
-1.12209 0.000679285
-1.12209 9.22021e-05
-1.11111 0.000543804
-1.11111 0.00795008
-1.06173 0.00204915
-1.14403 0.000829819
-0.924554 0.00204915
-0.979424 0.0111565
-0.930041 0.000829819
-1.02881 0.000829819
-0.995885 0.000679285
-0.979424 0.000227683
-0.962963 0.0117435
-1.06722 0.00180829
-1.08916 0.00489424
-1.01783 0.0123457
-1.02332 0.00347922
-0.973937 9.22021e-05
-1.01783 1.88168e-06
-1.03429 0.000227683
-1.07819 0.00451791
-1.08368 0.000152416
-1.06722 0.000318003
-1.06173 0.00569207
-1.08916 0.00230505
-1.03429 0.00381039
-0.995885 0.00381039
-1.05624 0.00158249
-1.1166 0.00117605
-1.06173 0.00569207
-1.01783 0.0111565
-1.03429 0.00844685
-1.01783 0.00611357
-0.951989 9.22021e-05
-1.00686 1.69351e-05
-0.973937 0.000679285
-1.08368 0.0105844
-1.01235 0.00844685
-1.08916 0.00117605
-1.07819 0.000152416
-1.13855 0.000679285
-0.995885 0.000829819
-1.07819 0.0031631
-1.01783 0.00528563
-1.05075 0.0142424
-1.0727 0.00795008
-1.00686 0.00381039
-0.962963 0.0135951
-0.96845 0.0248852
-0.984911 0.0275496
-1.06173 0.0406611
-1.06173 0.0374096
-1.10562 0.0294012
-0.990398 0.0177047
-0.984911 0.0240271
-0.973937 0.0215433
-0.962963 0.0199627
-1.05075 0.0207455
-0.941015 0.00528563
-0.919067 0.0031631
-0.973937 1.69351e-05
-0.875171 0.00489424
-0.924554 0.00700172
-0.919067 1.88168e-06
-0.957476 0.00137174
-0.962963 0.000152416
-1.01235 1.88168e-06
-0.957476 0.00286203
-0.946502 0.0184423
-0.935528 0.031313
-1.00686 0.0452073
-1.05075 0.0374096
-1.11111 0.0463814
-1.12757 0.0322914
-1.14952 0.0440482
-1.06173 0.019195
-0.979424 0.00230505
-0.869684 0.0155822
-0.897119 0.00528563
-1.00137 0.00569207
-0.984911 0.000829819
-1.03978 0.000543804
-1.00137 0.00415662
-1.02332 0.00158249
-1.06173 0.00204915
-1.12209 0.000227683
-1.13855 0.00611357
-1.15501 0.00117605
-1.10562 0.000829819
-1.14403 0.000423377
-1.23182 0.00204915
-1.14952 4.70419e-05
-1.12209 0.0162746
-1.17147 0.0031631
-1.13306 0.0117435
-1.22634 0.0223562
-1.20988 0.00948553
-1.13855 0.0169821
-1.14403 0.0129629
-1.1989 0.0248852
-1.17147 0.0142424
-0.951989 0.0111565
-1.0727 0.0149048
-1.01783 0.0155822
-1.0727 0.0231841
-1.24829 0.0129629
-1.17147 0.000543804
-1.12757 0.000829819
-1.14403 0.00137174
-0.995885 0.000829819
-1.08368 0.00895866
-1.05075 0.00948553
-0.962963 0.0031631
-1.06173 0.0223562
-1.06722 0.00948553
-1.04527 0.00204915
-0.957476 0.000152416
-0.957476 0.00230505
-1.02881 0.000318003
-0.979424 0.00137174
-0.995885 0.00381039
-1.06722 0.00204915
-1.09465 1.69351e-05
-0.973937 0.00948553
-0.930041 0.00257602
-1.01235 0.00746837
-1.03429 0.00569207
-0.962963 0.000227683
-1.01783 0.000423377
-1.01783 0.00489424
-1.04527 0.00795008
-1.02881 0.0275496
-0.962963 0.0363559
-0.951989 0.0353172
-0.951989 0.0563167
-1.00686 0.0463814
-1.0727 0.0602908
-1.05624 0.0745163
-1.00137 0.0602908
-0.930041 0.0686454
-0.91358 0.0821935
-0.875171 0.0266464
-0.902606 0.0155822
-1.00686 0.0177047
-0.995885 0.0322914
-1.05075 0.0616456
-1.06173 0.0384784
-1.03429 0.0294012
-1.03429 0.0384784
-1.0727 0.0303496
-1.00686 0.00948553
-0.919067 0.0248852
-0.96845 0.0117435
-0.869684 0.00180829
-0.858711 0.00844685
-0.902606 0.00204915
-0.847737 0.0100275
-0.864198 0.0149048
-1.10562 0.0111565
-1.05624 0.00415662
-0.995885 0.00158249
-1.01235 0.000423377
-1.05624 0.000995407
-1.08916 0.00569207
-1.09465 0.00895866
-1.09465 0.0184423
-1.04527 0.0142424
-0.897119 0.00569207
-0.979424 0.00795008
-0.919067 0.00117605
-0.995885 0.000227683
-1.10014 1.69351e-05
-1.11111 0.000829819
-0.946502 0.00451791
-1.02881 0.0105844
-0.951989 0.00489424
-1.12209 0.000423377
-1.05075 0.00158249
-1.07819 0.000995407
-1.00686 4.70419e-05
-1.02881 0.000543804
-0.990398 0.000152416
-1.04527 0.000543804
-1.03978 0.000543804
-1.05075 0.000423377
-1.05075 1.88168e-06
-1.02332 0.000318003
-1.02881 0.000995407
-1.03978 0.000318003
-1.02881 4.70419e-05
-1.03978 0.00795008
-1.01235 0.00569207
-0.930041 0.00746837
-0.946502 0.00528563
-1.00137 0.00180829
-0.902606 0.000543804
-0.962963 0.000679285
-0.924554 0.00230505
-1.01235 0.00204915
-0.941015 1.69351e-05
-1.00137 0.00415662
-0.946502 0.00257602
-1.05624 0.00381039
-1.04527 0.0105844
-1.06173 0.0100275
-1.10014 0.00895866
-1.16049 0.0162746
-1.17147 0.0169821
-1.03978 0.0223562
-1.06722 0.00795008
-1.00137 0.00158249
-1.00137 4.70419e-05
-1.06722 0.00180829
-1.06173 0.0123457
-1.08368 0.00230505
-1.03429 0.00137174
-1.01235 9.22021e-05
-0.990398 0.0031631
-1.02881 0.000423377
-0.951989 0.0111565
-0.957476 0.0184423
-1.05075 0.0257583
-1.0727 0.0512286
-1.08916 0.103916
-1.02332 0.0837741
-0.941015 0.116666
-1.01783 0.118547
-1.02332 0.10929
-1.05075 0.0886063
-1.01783 0.0869805
-0.930041 0.0576263
-0.984911 0.0821935
-1.00686 0.0790775
-0.995885 0.073026
-0.984911 0.0550221
-1.05075 0.0563167
-0.957476 0.0199627
-1.02881 0.0275496
-0.935528 0.0123457
-1.02332 0.0240271
-0.984911 0.0353172
-1.01235 0.0440482
-1.06173 0.0512286
-1.07819 0.0429041
-1.08916 0.058951
-1.08916 0.080628
-1.00686 0.0672154
-0.979424 0.0672154
-0.990398 0.0969609
-0.995885 0.148579
-1.15501 0.196313
-1.06173 0.172755
-1.14952 0.239818
-1.1166 0.218803
-1.02881 0.196313
-0.990398 0.211171
-1.12757 0.2137
-1.18244 0.19389
-1.08368 0.247947
-1.01783 0.208657
-1.02881 0.179664
-1.15501 0.221377
-1.01235 0.206158
-1.00137 0.150702
-0.957476 0.118547
-0.984911 0.0790775
-1.00686 0.105692
-0.946502 0.0869805
-0.973937 0.0969609
-1.06722 0.0853698
-1.06173 0.0760216
-1.20439 0.0550221
-1.18793 0.0499943
-1.17695 0.058951
-1.20988 0.0452073
-1.12209 0.0499943
-1.05075 0.0463814
-1.07819 0.0487749
-1.03429 0.0363559
-1.06722 0.0499943
-1.07819 0.0512286
-1.16049 0.0487749
-1.10014 0.0686454
-1.06173 0.0463814
-1.0727 0.0550221
-1.06722 0.0353172
-1.08916 0.0294012
-1.07819 0.0406611
-1.01235 0.0499943
-1.0727 0.00528563
-1.14952 0.00611357
-1.05075 0.000995407
-1.08368 0.00611357
-1.07819 0.0111565
-1.14952 0.0031631
-1.12209 0.0031631
-1.10562 0.00180829
-1.03429 0.00257602
-1.12209 0.00948553
-1.00137 1.88168e-06
-0.973937 0.00230505
-0.935528 0.000995407
-0.951989 0.000679285
-0.946502 0.00795008
-1.05624 0.0111565
-1.04527 0.0155822
-1.03978 0.000829819
-0.984911 0.000423377
-1.05624 0.0031631
-0.979424 0.00528563
-1.03978 0.0031631
-0.935528 0.000423377
-0.951989 0.00286203
-1.00686 0.000423377
-0.891632 0.000679285
-0.984911 0.00204915
-1.03429 0.000829819
-1.06722 0.000152416
-0.990398 0.000227683
-1.06173 0.000227683
-1.03978 0.000679285
-1.11111 0.000995407
-1.14403 0.00158249
-1.12209 0.00257602
-1.01235 0.0149048
-1.12209 0.0257583
-1.00137 0.0342936
-1.1166 0.0463814
-1.05624 0.0429041
-1.14403 0.0223562
-1.10562 0.0162746
-1.06722 0.0184423
-0.984911 0.0184423
-0.96845 0.0111565
-0.984911 0.0294012
-0.858711 0.0686454
-0.919067 0.0475707
-0.957476 0.0395622
-0.908093 0.0199627
-0.924554 0.0384784
-0.935528 0.0257583
-0.91358 0.00655012
-0.984911 0.00655012
-0.962963 0.0100275
-0.919067 0.00746837
-0.919067 0.0031631
-0.962963 0.000227683
-0.995885 0.00117605
-1.05624 1.88168e-06
-1.08368 0.00415662
-1.02332 0.00347922
-0.984911 0.00415662
-1.06722 0.000543804
-1.00686 0.000679285
-1.02332 0.00528563
-0.941015 0.000423377
-1.00137 0.000318003
-0.962963 0.000995407
-1.06173 0.0111565
-1.03429 0.019195
-1.05624 0.0111565
-1.16598 0.0111565
-1.11111 0.0177047
-1.08368 0.0363559
-1.05075 0.0475707
-1.10014 0.058951
-0.990398 0.0790775
-1.01783 0.0821935
-1.11111 0.0499943
-1.02332 0.0363559
-0.951989 0.0374096
-1.04527 0.0576263
-1.01783 0.0294012
-1.01235 0.0417751
-1.05624 0.0686454
-1.13306 0.0821935
-1.05075 0.10929
-1.00686 0.0869805
-1.00686 0.105692
-1.05624 0.105692
-1.11111 0.112948
-1.16049 0.114799
-1.10014 0.130154
-0.979424 0.0700906
-1.03978 0.0658003
-1.05075 0.0475707
-0.984911 0.0322914
-1.08916 0.0395622
-1.03429 0.0240271
-1.06173 0.0275496
-1.12209 0.0248852
-1.02332 0.0142424
-1.04527 0.0199627
-1.10562 0.0429041
-1.1166 0.0563167
-1.08916 0.0475707
-1.17695 0.0790775
-1.09465 0.0672154
-1.11111 0.0576263
-1.01235 0.0475707
-1.02332 0.0240271
-1.05624 0.0135951
-1.00137 0.00700172
-0.990398 4.70419e-05
-1.00686 0.00230505
-1.03978 0.00381039
-1.00137 0.00655012
-1.01783 0.000423377
-0.869684 0.00158249
-0.919067 9.22021e-05
-0.935528 0.00746837
-0.908093 0.00746837
-0.908093 0.000829819
-0.935528 0.00257602
-0.908093 0.000995407
-0.962963 4.70419e-05
-1.00686 0.000995407
-1.08368 0.00569207
-1.07819 0.0142424
-1.11111 0.0155822
-1.03429 0.00204915
-1.02332 0.000543804
-1.03429 0.00204915
-1.05624 0.00158249
-1.08916 0.000829819
-1.04527 0.000543804
-1.05075 0.000995407
-1.02881 0.0100275
-1.06722 0.00795008
-1.08916 0.0111565
-1.11111 0.0155822
-1.14403 0.0395622
-1.04527 0.058951
-1.02332 0.0700906
-1.03978 0.0672154
-0.995885 0.0672154
-0.995885 0.0363559
-0.96845 0.0303496
-1.02881 0.0417751
-1.01235 0.0550221
-1.12209 0.0395622
-1.07819 0.0499943
-1.02332 0.0475707
-1.05075 0.0630155
-1.01783 0.0499943
-1.02881 0.0275496
-0.935528 0.0294012
-0.924554 0.00700172
-0.919067 0.00569207
-1.00137 0.0440482
-1.01235 0.0342936
-0.919067 0.00655012
-1.02332 0.0135951
-1.02881 0.0248852
-0.957476 0.0207455
-1.06173 0.00795008
-0.973937 0.00204915
-0.979424 0.00137174
-1.02881 0.000423377
-1.03978 0.00158249
-0.951989 0.00746837
-0.919067 0.0100275
-0.864198 0.00844685
-0.941015 0.00611357
-0.973937 0.0207455
-0.962963 0.0275496
-0.973937 0.0162746
-0.984911 0.0363559
-0.984911 0.033285
-1.06173 0.0745163
-1.01783 0.0715507
-1.05075 0.073026
-1.01235 0.077542
-0.962963 0.0602908
-0.951989 0.0475707
-1.05624 0.0686454
-1.03978 0.0395622
-1.13855 0.0417751
-1.01235 0.0231841
-1.02881 0.0215433
-1.02332 0.0169821
-1.08916 0.00895866
-1.01783 0.0155822
-1.00137 0.019195
-0.957476 0.0169821
-1.02332 0.00948553
-1.08368 0.0117435
-1.12209 0.0215433
-0.979424 0.00895866
-0.96845 0.0353172
-0.91358 0.0384784
-0.979424 0.0105844
-0.984911 0.0155822
-1.02332 0.0100275
-0.951989 0.0105844
-0.96845 0.00795008
-0.930041 0.0177047
-0.962963 0.0149048
-1.03978 0.0149048
-0.875171 0.00700172
-1.09465 0.019195
-1.12209 0.0363559
-1.10014 0.0512286
-1.02881 0.0303496
-1.00686 0.0248852
-0.979424 0.0275496
-0.995885 0.0363559
-0.979424 0.0475707
-1.03429 0.0417751
-1.03429 0.0524781
-1.14952 0.0658003
-1.05624 0.0512286
-1.08368 0.112948
-1.07819 0.120444
-1.05075 0.098677
-1.05624 0.100408
-1.04527 0.100408
-1.01783 0.080628
-1.12209 0.077542
-1.05624 0.0487749
-0.984911 0.0395622
-1.01783 0.0240271
-0.91358 0.00451791
-0.941015 0.000318003
-0.962963 0.00655012
-0.951989 0.0111565
-0.96845 0.0177047
-0.951989 0.00795008
-0.902606 0.0100275
-0.951989 0.0105844
-0.930041 0.0512286
-1.02881 0.073026
-1.04527 0.073026
-1.00686 0.0715507
-0.990398 0.0969609
-1.02332 0.0902471
-0.957476 0.091903
-1.07819 0.0837741
-1.00686 0.0616456
-1.05075 0.0440482
-0.995885 0.0123457
-0.957476 0.00158249
-0.946502 0.00286203
-0.995885 0.0123457
-0.962963 0.0322914
-1.01235 0.0563167
-0.869684 0.033285
-0.880658 0.0395622
-0.951989 0.0463814
-0.897119 0.0395622
-1.00686 0.0512286
-0.897119 0.0322914
-0.924554 0.0117435
-0.973937 0.0135951
-1.07819 0.00895866
-0.995885 0.00381039
-1.03429 0.00204915
-1.10562 0.000152416
-1.11111 0.00117605
-1.12209 9.22021e-05
-1.10014 1.88168e-06
-0.984911 0.00286203
-1.08916 0.00158249
-1.0727 0.000227683
-1.06722 0.00381039
-1.10014 0.0105844
-1.01783 0.00489424
-0.973937 0.0031631
-1.00137 0.0142424
-1.00137 0.0275496
-0.995885 0.0463814
-0.897119 0.0240271
-0.951989 0.031313
-1.03978 0.031313
-1.03978 0.0384784
-0.908093 0.058951
-1.03978 0.0374096
-0.96845 0.0240271
-1.01235 0.0199627
-1.04527 0.00948553
-1.08368 0.00204915
-1.02332 0.000543804
-0.951989 0.00381039
-1.03978 0.000423377
-0.995885 0.00700172
-1.02332 0.00415662
-1.06722 0.0184423
-0.990398 0.0169821
-1.05624 9.22021e-05
-0.935528 0.000423377
-0.908093 0.00180829
-0.886145 0.00180829
-0.902606 0.00158249
-0.897119 0.00257602
-0.891632 0.0031631
-0.864198 0.00844685
-0.979424 0.00895866
-0.979424 0.0353172
-1.10014 0.033285
-1.12209 0.00948553
-1.15501 0.0284679
-1.15501 0.0363559
-1.10014 0.0512286
-1.1166 0.073026
-1.12209 0.0353172
-1.13306 0.0417751
-1.08368 0.0353172
-1.02881 0.0303496
-1.05624 0.0117435
-1.02332 0.0686454
-0.951989 0.073026
-1.1166 0.112948
-1.0727 0.091903
-1.0727 0.0452073
-1.08368 0.033285
-1.0727 0.0524781
-1.00686 0.0374096
-0.984911 0.0417751
-1.10014 0.077542
-0.979424 0.073026
-1.00137 0.0886063
-0.962963 0.077542
-0.973937 0.0700906
-1.02332 0.0550221
-1.07819 0.0395622
-1.05624 0.0294012
-1.13306 0.0248852
-1.14952 0.0231841
-1.16598 0.0240271
-1.12209 0.0576263
-1.23182 0.124283
-1.18244 0.105692
-1.1166 0.0700906
-1.12209 0.0475707
-1.06722 0.0322914
-1.13855 0.0322914
-1.17695 0.0512286
-1.0727 0.0384784
-1.05624 0.0207455
-1.08916 0.0294012
-1.06722 0.0452073
-0.973937 0.0463814
-0.979424 0.0406611
-1.08916 0.0342936
-1.04527 0.0231841
-1.05624 0.0266464
-1.04527 0.0342936
-0.96845 0.0184423
-1.00137 0.0111565
-1.08916 0.0129629
-1.03429 0.00415662
-1.04527 1.88168e-06
-0.984911 0.00569207
-0.951989 0.0100275
-0.962963 0.019195
-1.00137 0.00655012
-0.957476 0.00655012
-0.941015 0.0207455
-0.96845 0.0602908
-0.995885 0.0644004
-1.04527 0.0837741
-1.05624 0.0853698
-0.962963 0.0672154
-0.995885 0.0672154
-0.962963 0.0576263
-1.01783 0.0266464
-1.02881 0.0266464
-1.06722 0.0284679
-1.05624 0.0123457
-1.03978 0.0275496
-1.09465 0.0384784
-1.12757 0.033285
-1.08368 0.0223562
-0.995885 0.0177047
-1.15501 0.00844685
-1.05075 1.69351e-05
-1.0727 0.00528563
-1.04527 0.00489424
-1.01783 0.00528563
-1.03978 4.70419e-05
-0.979424 4.70419e-05
-1.01235 0.00137174
-1.02881 1.69351e-05
-0.946502 0.000829819
-1.03978 0.00180829
-1.00137 0.00451791
-1.04527 9.22021e-05
-0.979424 0.000679285
-1.0727 0.00158249
-1.05624 0.0031631
-1.03978 0.000227683
-0.979424 0.000829819
-1.11111 0.000543804
-1.12209 0.00117605
-1.10562 0.000152416
-1.12757 4.70419e-05
-1.10562 0.000227683
-1.13306 0.000318003
-1.15501 0.000995407
-1.13855 0.00137174
-1.10562 0.000829819
-1.12209 0.00347922
-1.08368 0.00489424
-1.12757 0.00381039
-1.1989 0.000995407
-1.14952 0.00611357
-1.16049 0.00117605
-1.16049 0.00451791
-1.18793 0.00451791
-1.1989 0.0123457
-1.28669 0.0169821
-1.2428 0.0231841
-1.16598 0.0284679
-1.16049 0.0248852
-1.14403 0.0155822
-1.16598 0.0155822
-1.18244 0.0105844
-1.23182 0.0177047
-1.16598 0.00286203
-1.12209 0.000995407
-1.1989 0.00451791
-1.14403 0.000152416
-1.20988 0.000227683
-1.16049 0.00451791
-1.2428 0.0149048
-1.13306 0.0248852
-1.14952 0.033285
-1.03429 0.033285
-0.990398 0.0440482
-0.941015 0.0384784
-0.875171 0.0266464
-1.05075 0.0199627
-1.00137 0.019195
-1.01235 0.0524781
-1.00137 0.0760216
-1.12209 0.0417751
-1.10562 0.0257583
-1.16598 0.0223562
-1.09465 0.0199627
-0.990398 0.0199627
-1.01235 0.031313
-1.06173 0.0240271
-1.1166 0.00528563
-1.08368 0.00895866
-1.05075 0.00655012
-1.10014 0.0031631
-1.07819 0.000995407
-1.10014 0.0199627
-1.16598 0.0248852
-1.1166 0.0184423
-1.04527 0.0162746
-1.13855 0.0184423
-1.12757 0.0240271
-1.10562 0.0303496
-1.10014 0.0155822
-1.07819 0.0406611
-1.02881 0.0487749
-1.09465 0.0303496
-1.10014 0.0537426
-1.15501 0.0630155
-1.03978 0.0700906
-1.02332 0.031313
-0.995885 0.0342936
-0.924554 0.0223562
-1.05624 0.00746837
-1.03978 0.0563167
-1.09465 0.0969609
-1.09465 0.0952599
-0.946502 0.0452073
-0.946502 0.0342936
-1.02332 0.0284679
-1.05075 0.0284679
-1.01783 0.0417751
-0.984911 0.031313
-1.00686 0.0463814
-1.03978 0.0395622
-1.00137 0.0123457
-1.03978 0.0266464
-0.962963 0.0322914
-0.990398 0.0169821
-1.03429 0.0129629
-0.96845 0.0231841
-0.973937 0.0406611
-0.930041 0.0284679
-0.935528 0.0303496
-0.979424 0.0384784
-1.03429 0.0417751
-1.09465 0.0475707
-1.12757 0.0303496
-1.18793 0.0384784
-1.09465 0.0248852
-1.11111 0.0275496
-1.12757 0.0100275
-1.19342 0.0129629
-1.18793 0.0162746
-1.16598 0.0155822
-1.17147 0.00230505
-1.14952 0.00204915
-1.13855 0.00451791
-0.951989 0.000152416
-0.891632 0.00204915
-0.869684 0.00895866
-0.941015 0.0162746
-0.891632 0.00746837
-0.831276 0.00158249
-0.973937 0.00700172
-1.05624 4.70419e-05
-1.00686 0.000423377
-1.15501 0.00844685
-1.15501 0.00158249
-1.11111 0.000318003
-1.10562 0.000679285
-1.05075 0.000829819
-1.10014 0.000318003
-1.17147 1.88168e-06
-1.17147 4.70419e-05
-1.12209 0.0031631
-1.13306 0.00117605
-1.08916 0.000152416
-1.12757 0.00257602
-1.09465 0.000543804
-1.02881 0.000318003
-1.11111 1.88168e-06
-1.1166 4.70419e-05
-1.08916 0.0031631
-1.01783 0.00230505
-1.08368 0.00137174
-1.07819 1.69351e-05
-1.02881 0.000829819
-1.0727 0.0031631
-1.13855 0.00655012
-1.08368 0.0215433
-1.16049 0.0123457
-1.15501 0.00844685
-1.14952 0.000543804
-1.16049 0.000543804
-1.11111 0.000829819
-0.979424 0.00655012
-1.08368 0.00117605
-1.10562 0.00204915
-1.1166 1.69351e-05
-1.08368 0.000679285
-1.08916 1.69351e-05
-1.12757 0.00611357
-1.07819 0.00746837
-1.18244 0.00415662
-1.12757 0.000318003
-1.14403 0.000152416
-0.979424 4.70419e-05
-1.0727 0.00381039
-1.02881 0.00415662
-1.05624 0.00948553
-1.03429 0.00655012
-1.03429 0.0149048
-0.946502 0.0105844
-0.973937 0.0149048
-0.886145 0.0155822
-0.875171 0.0184423
-0.91358 0.0155822
-1.05075 0.00700172
-0.935528 0.0142424
-0.946502 0.0266464
-0.96845 0.0284679
-0.995885 0.0207455
-0.995885 0.0135951
-0.935528 0.0240271
-0.984911 0.0524781
-1.08368 0.0524781
-1.05624 0.0700906
-1.08916 0.0672154
-1.05075 0.0429041
-1.13855 0.0487749
-1.08368 0.0452073
-1.07819 0.0715507
-1.15501 0.0463814
-1.03429 0.019195
-1.03429 0.0117435
-1.17147 0.00795008
-1.1166 0.00844685
-1.14403 0.0111565
-1.1166 0.00569207
-1.20988 0.0100275
-1.17147 0.0135951
-1.08916 0.00451791
-1.06173 0.00347922
-0.951989 0.0117435
-1.11111 0.0207455
-1.10014 0.00528563
-1.12757 0.00204915
-1.14952 9.22021e-05
-1.18244 1.88168e-06
-1.26475 0.00180829
-1.13306 0.000679285
-1.21536 0.00204915
-1.16049 0.00746837
-1.10562 0.0123457
-1.08916 0.00655012
-1.12209 0.0100275
-1.07819 0.0169821
-1.08368 0.0169821
-1.07819 0.0257583
-1.06722 0.00204915
-1.08916 0.000423377
-1.13855 0.00137174
-1.14952 0.00257602
-1.07819 0.000995407
-1.05624 0.000679285
-1.1166 0.00528563
-0.979424 0.0129629
-0.973937 0.0266464
-1.0727 0.019195
-1.17147 0.00381039
-1.15501 0.000152416
-1.25377 0.00158249
-1.2428 0.00611357
-1.22634 0.0123457
-1.19342 0.0223562
-1.15501 0.0215433
-1.08916 0.0184423
-1.10014 0.0142424
-1.19342 0.0149048
-1.11111 0.00795008
-1.13306 0.0257583
-1.09465 0.0240271
-1.18793 0.0240271
-1.20988 0.0294012
-1.19342 0.0363559
-1.16598 0.0353172
-1.08916 0.0406611
-1.12209 0.0207455
-1.06722 0.00746837
-1.10562 0.00451791
-1.02332 0.00528563
-1.05075 0.000318003
-0.91358 0.000152416
-0.962963 0.00204915
-0.984911 1.69351e-05
-0.973937 0.000423377
-0.946502 0.00381039
-1.00137 0.0031631
-0.995885 0.00117605
-1.05075 0.00230505
-1.09465 0.000152416
-1.00137 0.00489424
-0.995885 0.00528563
-1.01235 0.00489424
-1.17695 0.00180829
-1.08916 1.69351e-05
-1.05624 4.70419e-05
-1.08368 0.000152416
-1.02332 0.00137174
-0.962963 0.00180829
-0.924554 0.0129629
-1.04527 0.0215433
-0.990398 0.0105844
-0.984911 0.00844685
-0.946502 0.000423377
-0.973937 0.000318003
-0.984911 0.000995407
-0.984911 0.000829819
-0.897119 0.00257602
-0.973937 0.00137174
-1.02332 1.69351e-05
-0.995885 0.000152416
-1.04527 0.00204915
-0.96845 0.00257602
-1.00686 0.00158249
-0.96845 0.00655012
-1.05624 0.0169821
-1.15501 0.00795008
-1.10562 0.00700172
-1.12209 0.0100275
-1.00686 0.00948553
-1.02332 0.00948553
-1.04527 0.0100275
-1.08916 0.00895866
-1.10014 0.0342936
-1.13306 0.0700906
-1.07819 0.0602908
-1.07819 0.0537426
-0.984911 0.0487749
-1.04527 0.0524781
-1.05624 0.0384784
-1.08368 0.0240271
-1.08368 0.00569207
-0.990398 0.00895866
-1.02332 0.00655012
-1.00137 9.22021e-05
-1.03429 0.00117605
-0.941015 1.69351e-05
-0.984911 0.00700172
-0.995885 0.0123457
-1.08368 0.0177047
-1.06173 0.00700172
-1.0727 0.00415662
-1.05075 0.0123457
-0.979424 0.00415662
-0.91358 0.00415662
-0.990398 0.0199627
-0.869684 0.00381039
-0.875171 0.00204915
-0.809328 0.00158249
-0.825789 0.00204915
-0.853224 0.000152416
-0.78738 0.00746837
-0.831276 9.22021e-05
-0.864198 0.00180829
-0.941015 0.00158249
-0.897119 0.00286203
-0.847737 0.00795008
-0.858711 0.00230505
-0.946502 1.69351e-05
-0.962963 0.000227683
-0.973937 0.00795008
-0.930041 0.0105844
-0.990398 0.00895866
-1.00137 0.0135951
-1.01235 0.0199627
-1.04527 0.0135951
-0.979424 0.0135951
-1.0727 0.0231841
-0.935528 0.0169821
-0.941015 0.0231841
-0.995885 0.0384784
-1.06173 0.0524781
-1.02332 0.0672154
-1.02332 0.0487749
-1.01783 0.080628
-1.12209 0.126225
-1.14952 0.163753
-1.23182 0.19389
-1.17695 0.19389
-1.14403 0.159342
-1.20439 0.175043
-1.02881 0.10929
-1.06722 0.128182
-1.08368 0.126225
-0.946502 0.0969609
-1.03978 0.091903
-1.01783 0.0886063
-1.02332 0.0715507
-1.05624 0.100408
-1.0727 0.091903
-1.16598 0.138192
-1.03429 0.105692
-0.962963 0.100408
-1.04527 0.0935739
-1.03429 0.102154
-1.0727 0.0760216
-1.13306 0.0616456
-1.05075 0.0240271
-1.10562 0.0322914
-1.10562 0.0294012
-1.12209 0.0199627
-1.07819 0.033285
-1.03429 0.0207455
-0.990398 0.00180829
-1.02881 0.0155822
-1.06173 0.0117435
-1.06173 0.0117435
-1.02881 0.00655012
-1.13306 0.00746837
-1.11111 0.0142424
-1.06722 0.0111565
-1.08368 0.0129629
-1.01235 0.000679285
-1.0727 9.22021e-05
-0.96845 0.000318003
-0.935528 0.00180829
-1.01235 0.00746837
-0.990398 0.000995407
-1.03429 0.00204915
-1.02881 0.00286203
-0.979424 0.00489424
-1.01783 0.0129629
-1.05624 0.000829819
-0.990398 0.000152416
-0.946502 0.000679285
-1.05075 0.00844685
-1.05075 0.0294012
-1.12209 0.0524781
-1.13306 0.0616456
-1.02332 0.0602908
-1.01235 0.0429041
-0.962963 0.0475707
-1.05075 0.0550221
-1.08368 0.0512286
-1.0727 0.0576263
-1.12757 0.0672154
-1.15501 0.0616456
-1.16598 0.0524781
-1.1166 0.0429041
-1.14952 0.0257583
-1.23182 0.0135951
-1.30316 0.0031631
-1.24829 0.00611357
-1.18244 0.0169821
-1.05075 0.000995407
-1.17695 1.69351e-05
-1.06173 4.70419e-05
-1.00137 0.000318003
-1.05624 0.00895866
-1.05624 0.00347922
-1.01235 0.000227683
-0.951989 0.000318003
-0.941015 0.000423377
-0.951989 0.00347922
-0.984911 0.00569207
-0.91358 0.000152416
-0.897119 0.000679285
-1.05624 0.0031631
-1.00137 0.00415662
-1.01235 0.00451791
-1.01235 0.00795008
-1.10014 1.88168e-06
-1.02332 0.00117605
-1.04527 0.00117605
-1.04527 1.69351e-05
-1.03978 0.00257602
-1.1166 0.00180829
-1.23731 0.00286203
-1.11111 0.00700172
-1.19342 0.000227683
-1.20439 0.00286203
-1.12757 0.000543804
-1.1989 0.000152416
-1.12757 0.00700172
-1.04527 0.0031631
-1.03978 1.69351e-05
-1.05075 0.00158249
-1.10562 0.0105844
-1.08916 0.0257583
-1.07819 0.0231841
-1.10562 0.0353172
-1.11111 0.0452073
-1.16598 0.0616456
-1.05624 0.0672154
-1.13306 0.0487749
-1.12757 0.0395622
-1.12209 0.0602908
-1.08916 0.0499943
-1.05624 0.0537426
-1.00686 0.0429041
-1.10014 0.0406611
-1.10562 0.0223562
-1.08916 0.0452073
-1.03978 0.0429041
-1.02332 0.0452073
-1.04527 0.0322914
-1.10562 0.0155822
-1.08916 0.0031631
-1.12209 1.69351e-05
-1.24829 0.000423377
-1.18793 4.70419e-05
-1.06173 0.00381039
-1.13306 1.69351e-05
-1.17695 0.00795008
-1.15501 0.00948553
-0.990398 0.019195
-1.06722 0.0384784
-1.09465 0.0700906
-0.935528 0.0499943
-0.946502 0.0266464
-0.941015 0.0207455
-1.01783 0.0155822
-1.02332 0.0303496
-1.09465 0.0223562
-1.1166 0.0395622
-1.13306 0.0658003
-1.16049 0.0616456
-1.15501 0.073026
-1.02881 0.0440482
-0.995885 0.0303496
-1.00686 0.0342936
-0.935528 0.031313
-0.891632 0.0363559
-0.908093 0.0284679
-0.902606 0.0363559
-0.886145 0.0440482
-0.941015 0.0417751
-0.984911 0.0658003
-0.973937 0.0248852
-0.984911 0.0162746
-0.930041 0.0169821
-0.990398 0.00415662
-0.935528 0.00137174
-1.02332 1.88168e-06
-0.96845 0.000543804
-0.897119 0.00158249
-0.979424 0.000318003
-1.12757 0.00204915
-1.00137 0.0155822
-1.00686 0.0275496
-1.03429 0.0215433
-1.01783 0.0111565
-0.941015 0.0129629
-1.07819 0.0223562
-1.05075 0.0240271
-1.08916 0.0266464
-1.05624 0.0294012
-1.03978 0.031313
-1.02332 0.0184423
-1.02332 0.00655012
-1.01235 0.00381039
-1.04527 0.00230505
-1.01783 0.00137174
-1.03978 9.22021e-05
-0.96845 0.000829819
-0.96845 0.00347922
-0.96845 0.0129629
-1.10014 0.000679285
-1.03429 0.00230505
-1.04527 0.00746837
-0.951989 0.00746837
-0.984911 0.0240271
-0.814815 0.0223562
-1.08368 0.031313
-1.06173 0.0563167
-1.08916 0.019195
-0.973937 0.00948553
-1.01783 0.0440482
-1.12209 0.0715507
-1.1166 0.0886063
-1.09465 0.107483
-1.20988 0.163753
-1.20988 0.226571
-1.19342 0.157159
-1.22634 0.189088
-1.17147 0.2137
-1.20439 0.186709
-1.21536 0.198752
-1.17147 0.221377
-1.08368 0.154992
-1.07819 0.102154
-1.01783 0.132141
-1.05624 0.105692
-1.12209 0.116666
-1.0727 0.0869805
-1.13855 0.080628
-1.20988 0.0902471
-1.22085 0.0886063
-1.11111 0.0969609
-1.16598 0.0886063
-1.10014 0.077542
-1.02881 0.0406611
-1.11111 0.0463814
-1.07819 0.0406611
-1.0727 0.0177047
-1.09465 0.0499943
-0.962963 0.0429041
-1.08368 0.033285
-1.05624 0.0417751
-1.06722 0.0303496
-0.957476 0.0406611
-1.10562 0.0672154
-0.995885 0.0745163
-0.902606 0.102154
-0.930041 0.105692
-1.03429 0.120444
-1.14403 0.186709
-1.14403 0.203675
-1.13855 0.19389
-1.16049 0.163753
-1.22085 0.128182
-1.16049 0.0935739
-1.22634 0.114799
-1.25377 0.105692
-1.16049 0.0853698
-1.18244 0.073026
-1.12209 0.073026
-1.19342 0.0869805
-1.28669 0.118547
-1.21536 0.130154
-1.16598 0.168224
-1.07819 0.170482
-1.13306 0.146472
-1.16598 0.165981
-1.08368 0.172755
-1.14952 0.181998
-1.12209 0.132141
-1.08368 0.107483
-1.20439 0.118547
-1.01783 0.0853698
-1.09465 0.0969609
-1.02881 0.0602908
-1.08916 0.0644004
-1.05075 0.0322914
-1.00686 0.0363559
-1.02881 0.0215433
-0.957476 0.00948553
-1.04527 0.00180829
-1.09465 0.00655012
-1.1166 0.00415662
-1.05624 0.00257602
-1.01235 0.00117605
-1.09465 0.00569207
-1.09465 0.0149048
-1.05624 0.0100275
-1.09465 0.0169821
-1.01783 0.00895866
-1.02881 0.00528563
-1.08368 0.0117435
-1.10562 0.00655012
-1.04527 0.00230505
-1.00137 1.69351e-05
-1.14403 0.000679285
-1.15501 0.00347922
-1.16598 1.88168e-06
-1.08916 4.70419e-05
-1.14952 0.00257602
-1.0727 0.00257602
-1.11111 0.000829819
-1.1166 0.00611357
-1.09465 0.00204915
-0.979424 0.00895866
-0.973937 0.0177047
-1.01235 0.0142424
-1.02881 0.0105844
-1.08368 0.0275496
-1.08916 0.019195
-1.12757 0.00895866
-1.1166 0.00844685
-1.01235 0.0111565
-0.995885 0.019195
-1.00686 0.0199627
-1.08916 0.00895866
-1.01235 0.0031631
-1.10014 0.00611357
-1.0727 0.00611357
-1.05624 0.00746837
-1.08368 0.00700172
-1.03978 0.00489424
-1.06173 0.00117605
-0.902606 0.00117605
-0.897119 0.00528563
-0.919067 0.00746837
-1.02332 0.0184423
-1.16598 0.031313
-1.1166 0.0248852
-1.03978 0.0117435
-1.08368 0.00137174
-1.04527 0.00844685
-1.08916 0.00117605
-1.03429 0.000995407
-1.09465 0.00415662
-1.08916 0.00347922
-1.16049 0.00528563
-1.16598 0.00286203
-0.995885 0.0100275
-0.891632 0.00158249
-0.984911 0.00569207
-1.02332 0.0135951
-0.995885 0.00655012
-1.03429 0.000318003
-1.01235 0.00257602
-0.902606 0.00451791
-0.946502 0.00746837
-0.941015 0.000423377
-0.930041 0.00451791
-0.962963 0.00286203
-0.973937 0.00204915
-1.00686 0.00257602
-1.02881 0.00746837
-1.01783 0.00844685
-1.02332 0.000543804
-1.06173 0.00381039
-1.03429 0.00381039
-1.00137 0.00489424
-1.14403 0.000995407
-1.16598 1.88168e-06
-1.10014 0.00569207
-1.05624 0.00347922
-0.979424 0.000318003
-0.919067 0.00347922
-1.03978 0.00569207
-1.05624 0.0031631
-1.07819 0.00286203
-1.08368 1.69351e-05
-1.01235 0.00347922
-1.10014 0.00746837
-1.22634 0.0129629
-1.27572 0.0215433
-1.23731 0.0184423
-1.22634 0.0169821
-1.11111 0.0322914
-1.13306 0.0512286
-1.05624 0.0406611
-1.08916 0.0123457
-1.0727 0.00948553
-1.08368 0.00895866
-1.09465 0.00347922
-1.03429 0.00700172
-0.902606 0.0031631
-0.919067 4.70419e-05
-0.984911 0.000152416
-0.957476 0.00137174
-0.891632 0.000543804
-0.930041 0.000829819
-1.02332 9.22021e-05
-1.04527 0.0105844
-0.990398 0.0240271
-1.02881 0.0512286
-0.973937 0.0440482
-0.984911 0.0616456
-0.924554 0.0395622
-1.00686 0.0537426
-1.01235 0.0760216
-1.00686 0.0487749
-0.957476 0.0563167
-0.96845 0.0463814
-1.05075 0.0463814
-1.05624 0.077542
-1.07819 0.0935739
-1.11111 0.10929
-1.13306 0.116666
-1.14403 0.118547
-1.22085 0.148579
-1.14952 0.111111
-1.19342 0.144379
-1.21536 0.130154
-1.20439 0.134143
-1.23182 0.118547
-1.12209 0.091903
-1.10562 0.105692
-1.20988 0.148579
-1.15501 0.118547
-1.10562 0.0886063
-1.06173 0.103916
-1.01235 0.148579
-1.04527 0.138192
-1.05075 0.130154
-1.10014 0.152839
-1.13855 0.175043
-1.20988 0.170482
-1.20439 0.19389
-1.21536 0.159342
-1.18244 0.172755
-1.16049 0.181998
-1.11111 0.216244
-1.08368 0.19389
-1.06722 0.2137
-1.10014 0.253441
-1.14403 0.216244
-1.06173 0.175043
-1.10562 0.152839
-1.10014 0.111111
-1.20439 0.146472
-1.12757 0.165981
-1.16598 0.221377
-1.16598 0.218803
-1.17695 0.239818
-1.0727 0.175043
-1.07819 0.208657
-1.12757 0.256211
-1.17695 0.287673
-1.16049 0.242512
-1.20988 0.247947
-1.10562 0.201206
-1.15501 0.302575
-1.18244 0.278911
-1.2428 0.242512
-1.23731 0.278911
-1.27572 0.296569
-1.21536 0.311698
-1.18244 0.320956
-1.25926 0.330349
-1.21536 0.273146
-1.18793 0.231824
-1.23182 0.258996
-1.1166 0.223967
-1.03978 0.16154
-1.16598 0.206158
-1.12757 0.177346
-1.10562 0.152839
-1.12757 0.13616
-1.01235 0.102154
-1.04527 0.111111
-1.08916 0.105692
-1.1166 0.100408
-1.09465 0.0616456
-1.15501 0.091903
-1.00686 0.0935739
-1.10014 0.126225
-1.12209 0.140239
-0.962963 0.112948
-0.962963 0.126225
-1.16598 0.146472
-1.13855 0.132141
-1.06722 0.103916
-1.0727 0.0602908
-0.979424 0.0294012
-1.01235 0.0199627
-1.00686 0.0199627
-0.979424 0.031313
-1.01783 0.0231841
-1.04527 0.0284679
-1.06173 0.0100275
-1.03978 0.00528563
-1.06173 0.00844685
-0.995885 0.0184423
-1.08916 0.0117435
-1.00686 0.000679285
-0.935528 0.00381039
-1.01783 0.000318003
-1.01783 0.0111565
-1.02881 0.00746837
-1.10562 0.0215433
-1.01783 0.00451791
-1.05075 9.22021e-05
-1.06173 0.00528563
-1.10014 0.00795008
-0.979424 0.00415662
-1.02881 0.00117605
-1.01783 0.00700172
-1.01235 0.00700172
-0.935528 0.0257583
-1.01235 0.0266464
-0.995885 0.0177047
-0.990398 0.00381039
-1.05075 0.0117435
-1.0727 0.0184423
-1.07819 0.031313
-1.08916 0.0223562
-0.979424 0.0322914
-1.00686 0.0353172
-0.984911 0.0602908
-0.924554 0.0576263
-0.96845 0.0452073
-1.02881 0.0266464
-1.08916 0.0111565
-1.10014 0.000227683
-1.10014 1.69351e-05
-1.1166 0.000543804
-1.08368 9.22021e-05
-1.10014 0.000318003
-1.01783 0.000318003
-0.941015 0.00180829
-1.03978 0.00230505
-1.04527 0.00489424
-1.10562 0.00137174
-1.06722 0.000152416
-1.07819 0.000829819
-1.05075 0.000829819
-0.962963 0.00230505
-1.07819 0.000995407
-1.08368 0.00180829
-1.13855 0.00286203
-1.10562 0.0135951
-1.12209 0.0275496
-1.05075 0.0406611
-1.02332 0.0303496
-1.10562 0.0231841
-0.96845 0.0499943
-0.91358 0.0576263
-1.00137 0.0745163
-1.06722 0.0616456
-0.908093 0.0240271
-0.984911 0.0294012
-0.973937 0.0207455
-0.924554 0.0248852
-0.880658 0.0602908
-0.979424 0.0745163
-0.995885 0.0935739
-1.04527 0.091903
-1.10014 0.10929
-1.13855 0.130154
-1.09465 0.102154
-0.962963 0.120444
-0.962963 0.10929
-1.00686 0.114799
-1.02332 0.120444
-1.03429 0.102154
-1.03978 0.107483
-1.08368 0.142302
-1.07819 0.152839
-1.03429 0.120444
-1.09465 0.111111
-1.02881 0.0837741
-1.02332 0.0452073
-0.941015 0.0760216
-0.941015 0.0452073
-1.01235 0.0686454
-1.12209 0.0658003
-1.14403 0.077542
-1.18793 0.098677
-1.17695 0.091903
-1.13855 0.120444
-1.14952 0.13616
-1.1166 0.114799
-1.18244 0.150702
-1.18793 0.165981
-1.17695 0.150702
-1.17147 0.144379
-1.09465 0.130154
-1.02881 0.0869805
-1.02881 0.0658003
-1.03978 0.077542
-0.946502 0.0745163
-0.979424 0.102154
-0.935528 0.0384784
-1.00137 0.0294012
-1.10562 0.0223562
-1.16049 0.0284679
-1.09465 0.0440482
-1.12209 0.0353172
-1.15501 0.0576263
-1.14403 0.0576263
-1.15501 0.0672154
-1.14403 0.091903
-1.0727 0.107483
-1.15501 0.10929
-1.16049 0.120444
-1.06173 0.0902471
-1.08916 0.13616
-1.10014 0.0886063
-1.03978 0.126225
-1.06722 0.0969609
-1.03429 0.0837741
-0.995885 0.102154
-1.04527 0.122356
-0.995885 0.126225
-1.0727 0.138192
-1.05624 0.128182
-1.11111 0.168224
-1.11111 0.157159
-1.16049 0.196313
-1.10014 0.189088
-1.14403 0.203675
-1.19342 0.196313
-1.19342 0.177346
-1.14952 0.186709
-1.01235 0.111111
-1.04527 0.073026
-0.979424 0.0686454
-1.06722 0.0487749
-1.00137 0.073026
-1.06173 0.112948
-1.05624 0.150702
-1.12209 0.172755
-1.14952 0.206158
-1.17147 0.148579
-1.05075 0.122356
-1.03978 0.150702
-1.13855 0.16154
-1.13306 0.116666
-1.08368 0.077542
-1.09465 0.0837741
-1.09465 0.0760216
-0.957476 0.0644004
-1.08916 0.105692
-0.984911 0.116666
-1.00686 0.0902471
-0.995885 0.0207455
-1.02332 0.0149048
-0.990398 0.0266464
-0.951989 0.0142424
-0.935528 0.0149048
-0.990398 0.033285
-1.00686 0.0248852
-1.08368 0.0374096
-1.11111 0.0303496
-1.09465 0.00569207
-0.995885 0.00451791
-0.902606 0.00415662
-1.01783 0.00347922
-1.08916 0.019195
-1.02332 0.033285
-1.08916 0.0207455
-1.14952 0.0630155
-1.16049 0.0745163
-1.0727 0.0487749
-1.13306 0.0658003
-1.09465 0.0452073
-1.02332 0.0602908
-1.07819 0.0537426
-1.06173 0.0499943
-1.05075 0.0630155
-0.96845 0.0248852
-1.04527 0.00611357
-1.06722 0.000152416
-1.08916 0.000995407
-0.984911 0.0031631
-1.04527 0.0031631
-1.04527 0.00746837
-1.14952 0.00286203
-1.07819 9.22021e-05
-0.979424 0.000318003
-0.990398 0.000543804
-1.04527 0.00895866
-1.05624 0.000318003
-1.10562 0.00895866
-1.00137 0.00569207
-1.06173 9.22021e-05
-1.01783 0.000995407
-0.962963 0.00746837
-1.01235 0.00844685
-0.946502 0.00795008
-0.984911 0.00489424
-0.979424 0.00948553
-1.01783 0.00286203
-1.08916 0.0031631
-1.13855 0.000679285
-1.0727 0.000152416
-1.02881 0.000995407
-1.0727 1.88168e-06
-1.01235 0.00204915
-1.02332 0.00204915
-1.12757 0.00180829
-1.10014 4.70419e-05
-1.02881 0.000543804
-0.973937 0.00569207
-0.96845 0.00117605
-1.0727 0.00451791
-1.08916 0.0031631
-1.05075 0.000995407
-0.891632 0.00204915
-0.880658 0.00381039
-0.979424 0.000543804
-1.00686 0.00700172
-1.00137 0.00528563
-1.05624 0.000995407
-1.02332 0.00569207
-0.984911 0.00844685
-0.951989 0.00415662
-0.891632 0.00948553
-0.880658 0.0184423
-0.869684 0.00381039
-0.91358 0.00451791
-0.908093 0.00528563
-0.990398 0.00180829
-0.979424 0.00569207
-0.946502 0.00158249
-0.984911 0.00257602
-0.935528 0.00347922
-0.941015 0.0129629
-0.91358 0.0123457
-0.897119 0.00844685
-0.995885 0.00381039
-0.990398 0.000543804
-1.05075 1.69351e-05
-1.03429 0.00381039
-1.01783 0.000995407
-1.06722 0.00415662
-0.957476 0.00117605
-1.04527 0.00286203
-1.00686 0.000829819
-1.02332 0.000318003
-1.05624 1.88168e-06
-1.03429 0.000543804
-1.01235 0.00180829
-0.990398 0.00230505
-0.979424 0.00347922
-0.836763 0.00230505
-0.951989 0.00569207
-0.924554 0.0207455
-0.990398 0.0417751
-0.951989 0.0149048
-0.990398 0.0363559
-1.02881 0.0184423
-0.995885 0.0284679
-0.973937 0.0275496
-0.880658 0.0177047
-0.908093 0.031313
-0.935528 0.0284679
-0.908093 0.0512286
-0.91358 0.0524781
-0.962963 0.0487749
-1.02881 0.0790775
-1.03978 0.0452073
-1.00686 0.0452073
-0.962963 0.0487749
-0.814815 0.00795008
-0.825789 0.00844685
-0.897119 0.00700172
-0.962963 9.22021e-05
-0.919067 0.00257602
-0.91358 0.00611357
-0.990398 0.000679285
-0.941015 0.00117605
-0.957476 0.00230505
-0.962963 0.000227683
-0.864198 0.000995407
-0.809328 0.000543804
-0.886145 0.000543804
-0.902606 0.00381039
-0.875171 0.00415662
-0.984911 0.00117605
-0.957476 0.00746837
-1.00137 0.00489424
-0.957476 0.0142424
-0.946502 0.0537426
-1.02881 0.0902471
-0.858711 0.0672154
-0.957476 0.116666
-0.957476 0.100408
-1.06173 0.116666
-1.11111 0.102154
-1.11111 0.0512286
-1.08916 0.0257583
-1.07819 0.0303496
-1.0727 0.0487749
-1.03978 0.0463814
-0.96845 0.0417751
-0.946502 0.0821935
-0.924554 0.114799
-1.01783 0.0837741
-1.08916 0.0935739
-1.17147 0.132141
-1.22634 0.132141
-1.10014 0.13616
-1.13306 0.159342
-1.17695 0.175043
-1.14952 0.163753
-1.12757 0.144379
-1.16598 0.189088
-1.17147 0.168224
-1.18244 0.179664
-1.18793 0.157159
-1.2428 0.138192
-1.22634 0.170482
-1.18793 0.152839
-1.09465 0.142302
-1.20439 0.172755
-1.14952 0.175043
-1.17147 0.198752
-1.1166 0.196313
-1.12757 0.196313
-1.07819 0.150702
-1.13306 0.120444
-1.17695 0.0821935
-1.17695 0.080628
-1.25377 0.0537426
-1.20439 0.0499943
-1.16598 0.0363559
-1.0727 0.0550221
-1.14952 0.0745163
-1.16598 0.091903
-1.06722 0.0715507
-1.13855 0.126225
-1.10014 0.098677
-1.02881 0.111111
-0.990398 0.105692
-1.03429 0.100408
-1.10014 0.0935739
-1.08916 0.0853698
-0.990398 0.0499943
-1.01783 0.0672154
-1.03978 0.0374096
-0.96845 0.0284679
-0.973937 0.0524781
-1.06173 0.0499943
-1.06722 0.0686454
-1.02332 0.0672154
-1.04527 0.0550221
-1.11111 0.0821935
-1.15501 0.0935739
-1.05075 0.105692
-1.06722 0.0902471
-1.18793 0.0760216
-1.18793 0.0886063
-1.13855 0.0790775
-1.01783 0.0658003
-1.03978 0.0524781
-0.951989 0.0257583
-0.935528 0.0284679
-1.02332 0.0363559
-0.995885 0.0406611
-0.973937 0.0215433
-0.930041 0.0672154
-0.91358 0.0463814
-0.962963 0.0353172
-0.864198 0.0257583
-0.941015 0.0117435
-1.06173 0.0149048
-1.08368 0.0111565
-1.10014 0.0215433
-1.06722 0.0111565
-1.06173 0.00180829
-1.01235 0.000227683
-1.03978 0.000829819
-1.01783 0.00795008
-1.02881 0.0117435
-1.0727 0.00795008
-1.0727 0.00415662
-1.05075 0.0111565
-1.1166 0.0117435
-1.00137 0.0117435
-1.03978 0.0169821
-0.880658 0.0129629
-0.908093 0.0322914
-0.973937 0.0105844
-1.06173 0.0123457
-1.11111 0.0135951
-1.14952 0.0223562
-1.04527 0.0169821
-1.01235 0.0123457
-1.00686 0.0162746
-1.05624 0.0223562
-1.06722 0.0672154
-0.990398 0.0417751
-1.02332 0.0303496
-1.01235 0.0417751
-1.02881 0.0475707
-1.10014 0.0630155
-1.0727 0.0760216
-1.05624 0.0537426
-1.00137 0.0487749
-1.18793 0.0524781
-1.14952 0.0902471
-1.13855 0.098677
-1.14403 0.0790775
-1.18793 0.111111
-1.10014 0.0869805
-1.05624 0.103916
-1.05075 0.120444
-1.08916 0.120444
-1.05624 0.0837741
-1.03978 0.0537426
-1.17147 0.0275496
-1.17147 0.019195
-0.984911 0.0177047
-1.00686 0.0223562
-0.946502 0.00347922
-0.984911 0.00286203
-1.06173 0.0149048
-1.10562 0.0294012
-1.1166 0.0223562
-0.930041 0.0248852
-0.984911 0.0499943
-1.00137 0.0512286
-0.902606 0.0363559
-1.01783 0.0700906
-0.897119 0.080628
-1.07819 0.114799
-1.15501 0.091903
-1.12209 0.0760216
-1.14403 0.0790775
-1.11111 0.0672154
-1.08368 0.0853698
-1.03978 0.0630155
-1.13855 0.120444
-1.16598 0.130154
-1.12757 0.146472
-1.1166 0.132141
-1.16598 0.128182
-1.03978 0.16154
-1.13306 0.189088
-1.15501 0.184346
-1.08916 0.148579
-1.17147 0.165981
-1.08916 0.165981
-1.07819 0.206158
-1.05624 0.19389
-1.14952 0.253441
-1.20988 0.302575
-1.18244 0.264611
-1.09465 0.22919
-1.03429 0.226571
-1.02332 0.191481
-1.08916 0.198752
-1.13855 0.239818
-1.03429 0.231824
-1.03978 0.203675
-1.08368 0.201206
-1.01235 0.181998
-1.08368 0.203675
-1.06173 0.168224
-1.04527 0.154992
-1.04527 0.144379
-1.03978 0.122356
-1.00686 0.186709
-0.919067 0.184346
-1.03429 0.264611
-1.05624 0.284737
-1.18244 0.302575
-1.14952 0.264611
-1.25377 0.343084
-1.27572 0.296569
-1.17147 0.284737
-1.0727 0.234474
-1.16049 0.221377
-1.1166 0.186709
-1.02881 0.146472
-1.05075 0.091903
-1.13855 0.100408
-1.05624 0.102154
-1.1166 0.0630155
-1.12209 0.080628
-1.05075 0.0853698
-1.01783 0.0630155
-0.973937 0.0475707
-1.13855 0.0658003
-1.07819 0.0658003
-1.02881 0.077542
-1.06722 0.0969609
-1.0727 0.0686454
-1.05075 0.0499943
-1.15501 0.0760216
-0.984911 0.0353172
-0.946502 0.0123457
-0.990398 0.0353172
-1.03429 0.0417751
-0.941015 0.0342936
-1.02881 0.033285
-1.03978 0.00795008
-0.897119 0.00844685
-0.962963 0.00415662
-1.01235 0.000829819
-0.984911 0.000423377
-1.12757 0.00230505
-0.979424 0.00700172
-0.902606 0.00844685
-0.886145 0.0257583
-0.930041 0.0135951
-0.979424 0.0240271
-0.995885 0.0576263
-0.946502 0.077542
-0.858711 0.0853698
-0.951989 0.116666
-0.951989 0.103916
-0.96845 0.0524781
-0.990398 0.0550221
-1.05624 0.112948
-1.05624 0.103916
-1.12757 0.124283
-1.03429 0.130154
-1.02332 0.122356
-1.05075 0.126225
-1.06722 0.105692
-0.941015 0.0869805
-0.990398 0.0821935
-1.0727 0.080628
-0.973937 0.0935739
-1.06173 0.107483
-1.09465 0.0886063
-1.01235 0.0853698
-1.05624 0.100408
-1.08368 0.126225
-1.01235 0.177346
-1.11111 0.184346
-0.995885 0.157159
-1.03429 0.132141
-1.13306 0.175043
-1.03978 0.120444
-1.17147 0.144379
-1.1166 0.126225
-1.1166 0.132141
-1.04527 0.146472
-1.04527 0.159342
-1.07819 0.150702
-0.995885 0.0969609
-1.06173 0.077542
-1.00686 0.080628
-1.02332 0.0384784
-1.03978 0.0374096
-0.979424 0.0117435
-1.02881 0.0303496
-1.02332 0.0294012
-0.973937 0.0275496
-1.04527 0.031313
-1.01235 0.0429041
-1.04527 0.0576263
-0.930041 0.0616456
-1.00686 0.112948
-1.10562 0.112948
-1.05624 0.0760216
-0.995885 0.0463814
-1.12757 0.0760216
-1.04527 0.103916
-1.07819 0.0821935
-1.06722 0.098677
-1.06173 0.0821935
-0.935528 0.0512286
-0.995885 0.0616456
-0.979424 0.0266464
-0.979424 0.0452073
-0.995885 0.0463814
-1.00686 0.0576263
-1.11111 0.107483
-1.04527 0.124283
-1.14952 0.107483
-1.06722 0.0952599
-0.995885 0.0700906
-1.13306 0.0760216
-1.05075 0.0475707
-1.01783 0.0550221
-1.01235 0.0322914
-1.03429 0.0257583
-1.08368 0.031313
-0.995885 0.0342936
-0.935528 0.0284679
-0.919067 0.0231841
-0.984911 0.031313
-1.06722 0.0406611
-1.05624 0.0384784
-1.08368 0.077542
-1.01235 0.0499943
-1.00686 0.0576263
-0.96845 0.0440482
-1.00686 0.0524781
-1.1166 0.0869805
-1.08916 0.126225
-1.08916 0.0969609
-0.96845 0.077542
-0.957476 0.0342936
-0.995885 0.0406611
-0.951989 0.0275496
-0.962963 0.0406611
-0.962963 0.0322914
-0.973937 0.019195
-1.01235 0.0248852
-1.07819 0.0363559
-1.02881 0.0353172
-0.957476 0.0452073
-0.973937 0.0440482
-0.962963 0.0363559
-1.05075 0.0353172
-0.962963 0.0207455
-1.05075 0.0223562
-1.04527 0.0142424
-1.0727 0.0248852
-1.16049 0.0199627
-1.09465 0.033285
-1.08916 0.0342936
-0.962963 0.0266464
-1.01235 0.019195
-0.951989 0.0149048
-0.984911 0.0169821
-0.924554 0.0135951
-0.902606 0.031313
-0.91358 0.0406611
-0.995885 0.00795008
-1.06173 0.00158249
-1.05624 0.00895866
-1.07819 0.0129629
-0.962963 0.0149048
-0.919067 0.0342936
-0.990398 0.0322914
-0.858711 0.0149048
-0.924554 0.0440482
-0.973937 0.0616456
-1.02881 0.124283
-1.00686 0.206158
-1.12209 0.191481
-1.14952 0.267441
-1.06722 0.221377
-1.10014 0.218803
-1.13306 0.154992
-1.08368 0.098677
-1.02332 0.0969609
-1.03978 0.080628
-1.01235 0.0463814
-1.01235 0.0248852
-1.05624 0.0184423
-0.984911 0.0223562
-0.990398 0.0576263
-1.06173 0.0745163
-1.11111 0.0853698
-1.16598 0.0745163
-1.11111 0.058951
-1.12757 0.091903
-1.08368 0.0644004
-1.02332 0.0576263
-0.990398 0.058951
-1.10562 0.0902471
-1.05624 0.0790775
-1.00137 0.0463814
-0.897119 0.0207455
-0.908093 0.0275496
-1.03429 0.0342936
-1.02881 0.0616456
-1.03978 0.0499943
-1.17695 0.0715507
-1.08368 0.0644004
-1.18793 0.0760216
-1.0727 0.0563167
-1.05075 0.0395622
-1.00137 0.0177047
-1.02881 0.0284679
-1.08368 0.0395622
-1.01783 0.031313
-1.01783 0.0452073
-0.995885 0.033285
-1.00686 0.033285
-1.01783 0.0440482
-0.96845 0.0184423
-1.00137 0.0417751
-1.08916 0.0353172
-1.03978 0.0452073
-0.946502 0.0499943
-0.962963 0.058951
-0.902606 0.0395622
-1.02332 0.0745163
-1.04527 0.10929
-1.00686 0.114799
-1.01235 0.0969609
-0.973937 0.073026
-1.04527 0.0672154
-1.02332 0.0886063
-0.984911 0.0563167
-0.880658 0.0395622
-1.00686 0.0353172
-0.995885 0.0177047
-0.995885 0.0135951
-0.935528 0.019195
-1.05075 0.0266464
-1.00686 0.033285
-1.05075 0.0384784
-0.930041 0.0602908
-0.984911 0.0537426
-1.05075 0.0700906
-1.03978 0.0886063
-1.02881 0.0853698
-1.05075 0.126225
-0.941015 0.0616456
-0.946502 0.033285
-0.836763 0.0487749
-0.84225 0.0155822
-0.91358 0.00415662
-0.891632 0.000318003
-0.91358 0.00117605
-0.91358 0.000679285
-0.990398 0.00137174
-0.979424 0.000995407
-0.973937 0.00415662
-0.941015 0.000227683
-0.935528 0.000227683
-0.84225 0.00895866
-0.897119 0.00700172
-0.973937 0.0100275
-1.13855 0.0117435
-1.02332 0.00948553
-1.05075 0.00746837
-1.04527 0.00451791
-1.03429 0.0199627
-1.03978 0.0223562
-1.14403 0.0284679
-1.0727 0.0303496
-0.984911 0.0363559
-0.979424 0.0512286
-1.0727 0.0602908
-1.06173 0.0760216
-1.13855 0.0886063
-1.13855 0.105692
-1.16598 0.0853698
-1.08916 0.0715507
-1.12757 0.0616456
-1.17695 0.0550221
-1.06173 0.0215433
-0.941015 0.0353172
-1.11111 0.0199627
-1.14403 0.0266464
-1.10014 0.0142424
-1.08368 0.0275496
-1.10014 0.0199627
-1.02332 0.0123457
-1.16598 0.019195
-1.18793 0.0524781
-1.22634 0.0550221
-1.15501 0.0658003
-1.13855 0.0512286
-1.02332 0.0537426
-0.979424 0.0294012
-0.897119 0.0231841
-0.957476 0.0155822
-0.979424 0.0266464
-0.995885 0.0303496
-1.09465 0.0135951
-1.1989 0.0123457
-1.10014 0.00895866
-1.10562 0.0169821
-1.13306 0.019195
-1.14952 0.00795008
-1.11111 0.0135951
-1.16598 0.0155822
-1.12209 0.0231841
-1.08916 0.0155822
-1.10014 0.00700172
-0.924554 0.00257602
-0.962963 0.000543804
-0.984911 9.22021e-05
-0.962963 0.000152416
-0.990398 0.00158249
-1.06173 0.00117605
-1.02881 4.70419e-05
-0.990398 0.000995407
-1.05075 0.0215433
-1.01783 0.0207455
-0.96845 0.0284679
-1.00686 0.00948553
-1.01235 0.00489424
-1.05624 0.0199627
-1.13855 0.0363559
-0.990398 0.0374096
-1.05624 0.080628
-1.09465 0.0353172
-1.1166 0.0429041
-1.03978 0.0537426
-0.995885 0.0686454
-1.03429 0.0395622
-1.00137 0.0342936
-1.03978 0.0284679
-1.05075 0.0406611
-0.979424 0.0162746
-0.990398 0.00569207
-0.984911 0.00948553
-0.962963 0.019195
-1.03978 0.0342936
-1.07819 0.0284679
-1.03978 0.0215433
-1.12209 0.0135951
-1.08368 0.00415662
-1.04527 0.00158249
-1.10562 1.69351e-05
-1.12757 0.00611357
-1.10014 0.0223562
-1.12209 0.0342936
-1.17147 0.0550221
-1.13306 0.0452073
-1.03429 0.033285
-1.09465 0.0487749
-1.02881 0.0452073
-0.995885 0.0499943
-1.09465 0.0452073
-1.05624 0.0342936
-1.09465 0.0322914
-1.01783 0.0602908
-1.0727 0.0452073
-1.05075 0.0322914
-1.02332 0.0440482
-1.04527 0.0902471
-1.13855 0.10929
-1.05075 0.0686454
-1.08916 0.0440482
-1.02332 0.0248852
-0.990398 0.0257583
-1.01783 0.0524781
-0.990398 0.0303496
-0.984911 0.0231841
-1.01235 0.0231841
-0.979424 0.0169821
-1.05624 0.0231841
-1.00686 0.0294012
-1.06173 0.0223562
-0.990398 0.0231841
-1.02332 0.0231841
-0.979424 0.019195
-0.891632 0.0169821
-0.941015 0.0395622
-1.00686 0.0715507
-1.00686 0.122356
-0.96845 0.126225
-0.979424 0.0686454
-0.96845 0.0837741
-1.04527 0.0616456
-1.04527 0.0537426
-1.02332 0.0537426
-1.05624 0.0499943
-1.08368 0.0499943
-1.08916 0.0294012
-1.0727 0.0294012
-0.984911 0.0487749
-1.09465 0.0215433
-0.979424 0.00844685
-1.09465 0.0177047
-1.03429 0.0162746
-1.01235 0.0162746
-1.01235 0.00844685
-1.05075 0.0162746
-1.08916 0.0135951
-0.935528 0.00180829
-1.10014 0.00137174
-1.06173 0.0117435
-1.05075 0.0294012
-1.01235 0.0231841
-1.12757 0.0342936
-1.03429 0.0169821
-1.1166 0.0207455
-1.1166 0.033285
-1.12209 0.0524781
-1.02332 0.0487749
-1.08916 0.0602908
-1.17147 0.0602908
-1.17147 0.0395622
-1.14952 0.0512286
-1.21536 0.0487749
-1.07819 0.0223562
-1.13306 0.0266464
-1.1166 0.0257583
-1.08916 0.0248852
-1.04527 0.0215433
-1.01235 0.00895866
-1.07819 0.00895866
-1.12209 0.00180829
-0.995885 0.00347922
-1.01235 0.000543804
-1.00137 1.69351e-05
-0.96845 0.00451791
-0.96845 0.0111565
-1.06722 0.00230505
-1.05075 0.00180829
-1.0727 4.70419e-05
-1.16598 1.69351e-05
-1.14952 0.00230505
-1.11111 0.000318003
-1.16598 0.0031631
-1.20439 1.69351e-05
-1.17695 9.22021e-05
-1.14403 0.00137174
-1.00137 4.70419e-05
-1.01783 0.000543804
-0.962963 0.00180829
-1.01783 0.0031631
-1.02881 0.00569207
-1.09465 0.0117435
-1.08916 0.00655012
-1.15501 0.0275496
-1.12757 0.019195
-1.11111 0.0215433
-1.12757 0.0162746
-1.13306 0.0284679
-1.01783 0.0417751
-1.07819 0.0550221
-0.979424 0.058951
-0.984911 0.0616456
-1.06722 0.0837741
-1.00686 0.0700906
-1.03978 0.077542
-0.946502 0.0353172
-1.0727 0.0406611
-1.03978 0.0342936
-1.0727 0.0537426
-1.13855 0.058951
-1.25926 0.0576263
-1.20988 0.0487749
-1.1166 0.0440482
-1.18244 0.00795008
-1.17695 0.00415662
-1.13855 0.0169821
-1.05075 0.00611357
-1.13855 0.000829819
-1.15501 0.000995407
-1.13855 0.00611357
-1.01235 0.0303496
-0.973937 0.0123457
-0.984911 0.0117435
-1.00686 0.0303496
-1.10014 0.0512286
-1.07819 0.0644004
-1.08368 0.0463814
-1.01783 0.0199627
-1.01783 0.0417751
-1.10562 0.0406611
-1.02881 0.0257583
-1.08916 0.0658003
-1.02881 0.0563167
-1.05075 0.0487749
-1.07819 0.0395622
-1.05624 0.0524781
-1.05075 0.0384784
-1.07819 0.0869805
-1.00137 0.130154
-1.00137 0.134143
-1.05075 0.128182
-1.08368 0.120444
-1.00686 0.103916
-0.995885 0.091903
-0.875171 0.0487749
-0.951989 0.0384784
-0.924554 0.0487749
-0.984911 0.0658003
-1.02881 0.0395622
-1.08916 0.0395622
-0.984911 0.0266464
-1.01783 0.0231841
-0.919067 0.0257583
-1.02332 0.033285
-1.03429 0.0429041
-1.10562 0.077542
-1.13855 0.0902471
-1.12757 0.103916
-1.11111 0.107483
-1.01783 0.157159
-1.10562 0.148579
-1.09465 0.124283
-1.12757 0.126225
-1.03429 0.124283
-1.02332 0.112948
-1.10562 0.132141
-1.08368 0.0853698
-1.03978 0.091903
-1.11111 0.130154
-1.06173 0.144379
-1.06722 0.203675
-1.06722 0.168224
-1.1166 0.181998
-1.17147 0.2137
-1.20439 0.201206
-1.12209 0.22919
-1.13306 0.198752
-0.990398 0.163753
-1.00686 0.152839
-1.08368 0.168224
-1.18793 0.206158
-1.09465 0.163753
-1.08368 0.144379
-1.0727 0.159342
-1.07819 0.138192
-1.10562 0.134143
-1.09465 0.128182
-1.09465 0.172755
-1.09465 0.168224
-1.08916 0.150702
-1.16598 0.126225
-1.22085 0.146472
-1.33608 0.22919
-1.22085 0.296569
-1.30864 0.308642
-1.3251 0.314769
-1.34156 0.299565
-1.26475 0.296569
-1.25926 0.324072
-1.29218 0.375976
-1.2428 0.406865
-1.27572 0.372619
-1.09465 0.336686
-1.11111 0.281817
-1.19342 0.245222
-1.05075 0.218803
-1.14403 0.237138
-1.07819 0.191481
-1.0727 0.208657
-1.11111 0.226571
-1.15501 0.253441
-1.17695 0.278911
-1.15501 0.245222
-1.14403 0.256211
-1.23182 0.258996
-1.19342 0.189088
-1.23731 0.170482
-1.16049 0.124283
-1.14403 0.134143
-1.17147 0.098677
-1.08368 0.098677
-1.14403 0.0715507
-1.12757 0.077542
-1.1166 0.0853698
-1.09465 0.0869805
-1.10562 0.0644004
-1.10562 0.0374096
-1.06722 0.0215433
-1.0727 0.00415662
-1.10014 9.22021e-05
-1.04527 9.22021e-05
-0.979424 0.000829819
-0.984911 0.00117605
-1.00686 0.000995407
-0.984911 0.000152416
-0.984911 0.000152416
-0.951989 0.000829819
-0.973937 0.00257602
-0.946502 0.00528563
-1.02332 0.0135951
-1.1166 0.0162746
-1.09465 0.0135951
-1.1166 0.0240271
-1.04527 0.0342936
-1.1166 0.058951
-1.06173 0.0512286
-1.01783 0.0550221
-0.990398 0.0658003
-0.995885 0.0215433
-1.00137 0.019195
-1.04527 0.0248852
-1.12757 0.0275496
-1.01235 0.0100275
-0.919067 0.00746837
-0.853224 0.00700172
-0.957476 0.0215433
-1.08916 0.0231841
-0.96845 0.00948553
-0.962963 0.00117605
-0.946502 0.00347922
-1.02881 0.0199627
-1.10562 0.0475707
-1.1166 0.0499943
-1.06722 0.077542
-0.979424 0.0284679
-1.02332 0.0395622
-1.10014 0.0384784
-1.01235 0.0169821
-0.957476 0.0223562
-0.995885 0.0129629
-1.06722 0.0284679
-1.11111 0.0155822
-1.00686 0.00948553
-1.11111 0.00569207
-1.04527 0.000679285
-1.02332 0.00180829
-1.13855 0.00569207
-1.10014 0.0142424
-1.16598 0.0440482
-1.02881 0.0487749
-1.02332 0.0869805
-1.08916 0.0715507
-1.06722 0.0644004
-1.05075 0.0658003
-0.984911 0.0602908
-1.04527 0.080628
-1.11111 0.0576263
-1.10562 0.0576263
-1.09465 0.0700906
-1.16598 0.0429041
-1.25926 0.0440482
-1.26475 0.0563167
-1.1989 0.0374096
-1.21536 0.0886063
-1.14403 0.0644004
-1.20439 0.077542
-1.12757 0.0821935
-1.01783 0.0463814
-0.990398 0.0169821
-1.01235 0.0135951
-1.03978 0.0294012
-1.12209 0.019195
-1.10014 0.019195
-1.17695 0.0169821
-1.0727 0.00895866
-1.18793 0.0240271
-1.14403 0.0294012
-1.21536 0.0384784
-1.13306 0.0429041
-1.16049 0.0266464
-1.07819 0.0111565
-1.25926 0.0135951
-1.23731 0.031313
-1.29767 0.0487749
-1.17695 0.0487749
-1.14952 0.0353172
-1.0727 0.033285
-1.14403 0.0475707
-1.05075 0.0266464
-1.12209 0.0231841
-1.17147 0.0149048
-1.13855 0.0155822
-1.08916 0.0207455
-1.02881 0.0155822
-1.12757 0.0184423
-1.14403 0.0199627
-1.2428 0.0215433
-1.17695 0.0452073
-1.18244 0.0576263
-1.20988 0.0452073
-1.1166 0.0406611
-1.06173 0.0384784
-1.00686 0.0353172
-1.02881 0.0374096
-1.03978 0.0576263
-1.05624 0.0257583
-1.1166 0.0266464
-1.03978 0.0499943
-0.979424 0.0374096
-1.10562 0.0452073
-1.1166 0.0475707
-1.14952 0.0644004
-1.21536 0.0463814
-1.09465 0.0537426
-1.15501 0.0429041
-1.1989 0.0266464
-1.06173 0.0257583
-1.05624 0.0284679
-1.01235 0.0275496
-1.10014 0.0475707
-1.12209 0.0406611
-0.984911 0.0417751
-1.12209 0.0630155
-1.01235 0.0576263
-0.984911 0.0952599
-1.06173 0.0886063
-0.995885 0.0602908
-0.946502 0.0215433
-1.13306 0.0395622
-1.10562 0.0602908
-1.08916 0.0512286
-1.05075 0.0395622
-1.09465 0.0257583
-1.17695 0.0199627
-1.14952 0.0524781
-1.11111 0.0537426
-1.07819 0.0162746
-1.03429 0.0184423
-1.09465 0.033285
-1.02881 0.0342936
-0.946502 0.0169821
-0.935528 0.0342936
-0.891632 0.0475707
-0.951989 0.0821935
-1.01783 0.0952599
-0.973937 0.0837741
-1.00137 0.091903
-1.05624 0.10929
-1.09465 0.0869805
-1.14403 0.0616456
-1.16598 0.0790775
-1.16049 0.0935739
-1.16598 0.140239
-1.08916 0.0853698
-1.07819 0.0969609
-1.05075 0.116666
-1.15501 0.144379
-1.12209 0.122356
-1.12757 0.148579
-1.1166 0.120444
-1.23182 0.13616
-1.16598 0.0969609
-1.08368 0.0715507
-1.0727 0.0512286
-1.02332 0.0207455
-0.990398 0.0215433
-1.09465 0.0452073
-1.06173 0.0602908
-1.08368 0.0563167
-1.02332 0.0275496
-0.979424 0.0395622
-1.00137 0.0275496
-1.04527 0.0384784
-1.09465 0.0452073
-1.02332 0.0363559
-0.979424 0.0363559
-1.00137 0.0177047
-1.00137 0.0257583
-0.908093 0.0100275
-0.908093 0.00795008
-1.01235 0.000318003
-0.973937 0.00451791
-1.01235 0.00180829
-0.96845 0.00569207
-0.973937 0.00795008
-1.12757 0.00700172
-1.03978 0.00569207
-0.973937 0.00700172
-1.06173 0.00700172
-1.07819 0.0149048
-1.10562 0.0322914
-0.96845 0.0231841
-1.03978 0.0240271
-1.03978 0.0463814
-1.08368 0.0576263
-1.14403 0.0475707
-1.13306 0.0715507
-1.1166 0.0790775
-1.08916 0.0886063
-0.995885 0.058951
-0.973937 0.077542
-0.973937 0.0353172
-0.979424 0.0294012
-0.951989 0.0105844
-0.941015 0.0155822
-0.973937 0.00569207
-0.995885 0.000679285
-0.995885 0.000679285
-0.995885 0.000227683
-0.995885 0.00117605
-0.984911 0.000679285
-0.941015 0.00158249
-0.984911 0.00948553
-1.01783 0.0303496
-0.946502 0.0550221
-0.858711 0.0342936
-0.96845 0.0969609
-1.02881 0.091903
-1.00686 0.116666
-0.990398 0.0790775
-1.00686 0.0630155
-0.957476 0.0284679
-0.880658 0.0353172
-0.847737 0.0417751
-1.02881 0.0902471
-0.924554 0.0630155
-0.962963 0.0821935
-0.979424 0.0969609
-0.880658 0.0700906
-0.924554 0.0630155
-0.930041 0.0207455
-1.00137 0.0294012
-1.01235 0.0790775
-1.06173 0.112948
-1.0727 0.157159
-1.10562 0.128182
-1.13855 0.142302
-1.09465 0.154992
-1.11111 0.172755
-1.10562 0.16154
-1.09465 0.144379
-1.12757 0.134143
-1.12209 0.122356
-1.13306 0.172755
-1.16049 0.177346
-1.10562 0.146472
-1.10562 0.148579
-1.13855 0.177346
-1.07819 0.134143
-1.18244 0.144379
-1.0727 0.0902471
-1.02881 0.0700906
-1.02332 0.0853698
-0.984911 0.0886063
-0.979424 0.0715507
-0.962963 0.130154
-1.05075 0.102154
-1.06173 0.077542
-1.02881 0.073026
-1.10014 0.152839
-1.13306 0.19389
-1.14403 0.126225
-1.14403 0.144379
-1.1166 0.13616
-1.00686 0.16154
-1.08916 0.130154
-0.875171 0.112948
-0.930041 0.0969609
-0.990398 0.103916
-0.957476 0.091903
-1.00137 0.142302
-0.941015 0.0630155
-0.979424 0.0760216
-0.990398 0.0499943
-1.05075 0.0384784
-0.979424 0.0223562
-0.935528 0.0100275
-0.91358 0.0105844
-0.869684 0.00895866
-0.919067 0.0149048
-0.836763 0.0105844
-0.814815 0.00230505
-0.984911 0.00204915
-0.995885 0.00158249
-0.935528 0.0031631
-1.01235 0.000679285
-0.973937 0.000227683
-0.96845 0.00489424
-0.973937 0.00948553
-0.864198 0.000679285
-0.858711 0.000423377
-0.941015 0.00795008
-1.02332 0.00795008
-0.979424 0.0149048
-1.05624 0.0184423
-1.09465 0.0177047
-1.04527 0.00569207
-1.0727 0.0162746
-1.04527 0.0100275
-1.05624 0.0353172
-1.00686 0.0231841
-0.897119 0.0384784
-0.979424 0.0658003
-1.02332 0.0686454
-1.04527 0.140239
-1.09465 0.172755
-1.06173 0.19389
-1.05075 0.191481
-1.06173 0.189088
-1.09465 0.2137
-1.06173 0.175043
-1.09465 0.2137
-1.12209 0.170482
-1.10562 0.144379
-1.01783 0.152839
-1.12757 0.157159
-1.08368 0.118547
-1.03429 0.103916
-1.05624 0.10929
-1.09465 0.0969609
-1.12757 0.0886063
-1.06173 0.146472
-1.02332 0.206158
-1.17147 0.221377
-1.07819 0.16154
-1.03429 0.184346
-1.04527 0.179664
-1.01235 0.159342
-1.13855 0.186709
-1.16049 0.218803
-1.16598 0.198752
-1.07819 0.218803
-1.14403 0.189088
-1.23731 0.221377
-1.19342 0.201206
-1.12209 0.172755
-0.984911 0.102154
-1.11111 0.0935739
-1.10014 0.0886063
-0.962963 0.10929
-0.897119 0.080628
-0.973937 0.0672154
-0.990398 0.0715507
-0.990398 0.0630155
-1.04527 0.0524781
-1.00686 0.0463814
-0.995885 0.0512286
-0.930041 0.0630155
-0.979424 0.058951
-1.06173 0.0616456
-1.09465 0.0512286
-1.09465 0.0374096
-1.03429 0.0417751
-1.08916 0.0524781
-1.03978 0.0537426
-1.03978 0.058951
-1.05624 0.0672154
-0.96845 0.0452073
-0.96845 0.0248852
-1.02332 0.0429041
-1.03978 0.0644004
-1.06173 0.098677
-1.00137 0.0902471
-0.957476 0.0452073
-0.990398 0.0406611
-0.946502 0.0512286
-1.02881 0.0294012
-1.01783 0.0487749
-1.09465 0.0463814
-1.05075 0.0294012
-1.00137 0.0223562
-1.13855 0.0105844
-1.03429 4.70419e-05
-1.05075 0.00137174
-1.04527 0.00137174
-1.07819 0.0117435
-0.984911 0.0177047
-1.0727 0.0223562
-1.03429 0.0111565
-0.946502 0.00795008
-1.02332 0.0111565
-0.875171 0.00611357
-0.919067 0.0105844
-0.886145 0.00655012
-0.891632 0.0149048
-1.02881 0.0117435
-1.00137 0.0100275
-1.00137 0.00655012
-1.05624 0.0123457
-1.07819 0.0199627
-1.00137 0.031313
-0.990398 0.0184423
-1.00137 0.0111565
-0.973937 1.69351e-05
-0.984911 0.00230505
-0.990398 0.00347922
-0.930041 9.22021e-05
-0.897119 1.88168e-06
-0.951989 0.000423377
-0.946502 0.000152416
-1.01235 0.000423377
-0.935528 0.000152416
-0.984911 0.00286203
-0.984911 0.0031631
-0.951989 0.000543804
-1.00686 0.000829819
-1.0727 0.000543804
-1.07819 0.00158249
-1.10014 0.00569207
-1.00686 0.00611357
-1.02332 0.00844685
-1.10014 0.00158249
-1.03978 0.00230505
-0.935528 4.70419e-05
-0.886145 0.000318003
-0.935528 0.00158249
-1.05075 0.000679285
-1.01235 0.000995407
-0.990398 0.00204915
-1.06173 1.69351e-05
-0.984911 0.00158249
-0.930041 0.000829819
-0.891632 0.00204915
-0.880658 0.00528563
-0.941015 0.00180829
-0.951989 4.70419e-05
-0.979424 0.000227683
-0.930041 1.69351e-05
-0.924554 0.00528563
-0.995885 0.00746837
-0.941015 9.22021e-05
-1.04527 0.000679285
-1.10562 0.000423377
-1.08368 0.000995407
-1.01783 0.00117605
-1.14403 0.000543804
-1.03429 0.0031631
-1.05075 0.00257602
-1.03429 0.000227683
-1.03978 9.22021e-05
-1.03429 0.00257602
-1.09465 0.00528563
-1.08368 0.000829819
-1.21536 0.00286203
-1.18793 1.69351e-05
-1.08916 0.000318003
-1.03429 0.00257602
-1.22634 0.00180829
-1.23731 0.00204915
-1.12209 0.000543804
-1.08368 0.0031631
-1.01235 0.000227683
-0.962963 9.22021e-05
-0.973937 0.000829819
-0.957476 0.00347922
-0.875171 0.00286203
-0.902606 0.00230505
-0.951989 0.00569207
-0.902606 0.000318003
-0.91358 0.0031631
-1.06173 0.00204915
-1.10562 0.000227683
-1.17695 9.22021e-05
-1.0727 0.000423377
-1.15501 0.000227683
-1.09465 0.00381039
-1.06722 0.000318003
-1.03429 0.0240271
-1.0727 0.00655012
-1.03429 0.0117435
-1.0727 0.0162746
-1.06173 0.0231841
-1.03429 0.0117435
-0.973937 0.00655012
-1.01235 1.88168e-06
-1.04527 0.00286203
-1.01235 0.0142424
-1.09465 0.0111565
-1.06173 0.00795008
-1.10014 0.0207455
-1.10014 0.0169821
-0.957476 0.0240271
-0.995885 0.0240271
-0.984911 0.019195
-0.962963 0.0257583
-1.00137 0.0129629
-1.02332 0.0155822
-0.962963 0.0294012
-0.919067 0.0275496
-1.06173 0.0199627
-1.05075 0.0374096
-1.06722 0.0475707
-1.06722 0.0512286
-1.22634 0.100408
-1.18793 0.0616456
-1.10562 0.0576263
-1.06722 0.0374096
-1.03978 0.0700906
-1.02332 0.0952599
-1.0727 0.0969609
-1.17147 0.186709
-1.15501 0.168224
-1.26475 0.157159
-1.20439 0.138192
-1.20439 0.116666
-1.03978 0.0969609
-1.06722 0.0969609
-1.03978 0.0902471
-1.13855 0.0672154
-1.03429 0.0537426
-0.957476 0.0417751
-1.02332 0.0616456
-0.979424 0.0363559
-1.07819 0.116666
-1.13306 0.130154
-1.13855 0.146472
-1.09465 0.114799
-1.05624 0.105692
-1.02332 0.0869805
-1.01783 0.0952599
-0.957476 0.0700906
-0.919067 0.080628
-0.979424 0.0760216
-0.984911 0.126225
-1.16049 0.184346
-1.12757 0.150702
-1.16049 0.186709
-1.07819 0.107483
-1.0727 0.134143
-1.06173 0.0952599
-1.16049 0.0853698
-1.18244 0.077542
-1.10562 0.0630155
-1.05624 0.102154
-1.09465 0.134143
-1.01783 0.0616456
-1.02881 0.0440482
-1.04527 0.00528563
-1.01235 0.00528563
-1.05075 0.00569207
-1.14952 0.00795008
-1.16049 0.00528563
-1.06722 0.00611357
-0.973937 0.0105844
-1.01783 0.0117435
-1.00686 0.031313
-1.06173 0.0266464
-1.02332 0.0184423
-1.02332 0.00569207
-1.05075 0.00415662
-1.09465 1.88168e-06
-1.13855 0.00611357
-1.12209 4.70419e-05
-1.08368 0.000318003
-1.11111 0.000423377
-1.08368 0.00844685
-1.01235 0.0100275
-0.973937 0.0284679
-0.908093 0.0630155
-0.924554 0.091903
-0.957476 0.124283
-1.04527 0.208657
-1.06722 0.231824
-1.12209 0.247947
-1.06173 0.223967
-1.1166 0.261796
-1.1166 0.290623
-1.00686 0.270286
-1.08916 0.221377
-1.03978 0.223967
-1.07819 0.177346
-1.14952 0.203675
-1.18793 0.2137
-1.13855 0.138192
-1.13306 0.154992
-0.984911 0.122356
-0.951989 0.116666
-1.03429 0.159342
-1.00686 0.154992
-1.0727 0.206158
-1.05624 0.186709
-1.13306 0.198752
-1.1166 0.172755
-1.16049 0.181998
-1.13855 0.201206
-1.05075 0.16154
-1.05624 0.163753
-1.09465 0.122356
-1.09465 0.122356
-1.14952 0.16154
-1.01783 0.116666
-0.990398 0.112948
-1.10014 0.0902471
-1.05624 0.152839
-1.12757 0.198752
-1.00686 0.146472
-1.10562 0.138192
-1.18244 0.189088
-1.25926 0.2137
-1.14952 0.22919
-1.16598 0.223967
-1.15501 0.264611
-1.17147 0.278911
-1.16049 0.250686
-1.13306 0.247947
-1.16598 0.284737
-1.19342 0.237138
-1.10562 0.281817
-1.16598 0.287673
-1.06722 0.264611
-1.03429 0.208657
-1.00686 0.191481
-1.0727 0.237138
-1.13855 0.234474
-1.18244 0.261796
-1.12757 0.270286
-1.20439 0.33351
-1.29767 0.424553
-1.20988 0.359342
-1.21536 0.343084
-1.1989 0.308642
-1.07819 0.293589
-1.0727 0.296569
-1.09465 0.287673
-1.08368 0.287673
-1.1166 0.270286
-1.18793 0.278911
-1.14403 0.302575
-1.29218 0.410373
-1.29767 0.461058
-1.30316 0.45734
-1.31413 0.479875
-1.3251 0.534564
-1.28121 0.499068
-1.27023 0.483683
-1.18793 0.431734
-1.20988 0.392986
-1.14403 0.36595
-1.13306 0.349542
-1.25377 0.375976
-1.21536 0.343084
-1.14952 0.264611
-1.15501 0.239818
-1.11111 0.2137
-1.13306 0.184346
-1.0727 0.172755
-1.00686 0.080628
-1.08916 0.098677
-1.06173 0.0700906
-1.06722 0.0440482
-1.09465 0.0463814
-1.16049 0.0550221
-1.08368 0.0537426
-1.16049 0.0576263
-1.07819 0.0384784
-0.990398 0.0284679
-1.06722 0.0275496
-1.02881 0.0149048
-1.1166 0.0207455
-1.16598 0.0162746
-1.12757 0.0031631
-1.16049 0.0117435
-1.18793 0.0223562
-1.12209 0.00611357
-1.17695 0.0135951
-1.02881 0.0240271
-1.06173 0.0100275
-1.01783 0.0117435
-1.04527 0.0142424
-1.13306 0.00528563
-1.16049 0.00257602
-1.10562 0.0031631
-1.09465 0.0105844
-1.01783 0.00795008
-1.08368 0.00795008
-1.10562 0.00451791
-1.18244 0.00844685
-1.25377 0.00948553
-1.12757 0.0135951
-1.06722 0.0177047
-1.00137 0.00451791
-0.946502 0.0135951
-0.951989 0.0177047
-0.984911 0.0223562
-1.10014 0.0616456
-1.04527 0.073026
-1.08368 0.0257583
-1.10014 0.00844685
-1.13855 0.0111565
-1.13855 0.0248852
-1.16049 0.0417751
-1.11111 0.0207455
-1.06722 0.0240271
-1.13306 0.0429041
-1.09465 0.0275496
-1.06173 0.019195
-1.14403 0.0155822
-1.08368 0.0100275
-1.10562 0.00611357
-1.07819 0.00948553
-1.04527 0.0117435
-1.10014 0.00655012
-1.10562 0.0031631
-1.15501 0.000423377
-1.09465 0.00204915
-0.951989 0.000227683
-1.00686 0.0111565
-1.06722 1.69351e-05
-1.10014 0.00137174
-1.07819 0.0111565
-1.05624 0.00948553
-0.990398 0.0117435
-0.990398 0.00230505
-1.00137 0.000227683
-0.930041 0.000995407
-0.941015 0.0105844
-0.96845 0.0142424
-1.01235 0.0111565
-1.10014 0.000318003
-1.12209 0.000152416
-1.10014 0.00286203
-1.17147 0.0177047
-1.16598 0.0207455
-1.17695 0.033285
-1.13306 0.0384784
-1.12757 0.0223562
-1.18244 0.00700172
-1.18244 0.00158249
-1.23182 0.000679285
-1.12757 4.70419e-05
-1.11111 0.000543804
-1.09465 4.70419e-05
-1.10562 0.00286203
-1.18793 0.0105844
-1.10014 0.0231841
-1.13306 0.0487749
-1.15501 0.0169821
-1.22085 0.0135951
-1.12757 0.0100275
-1.1166 0.0616456
-1.05075 0.0463814
-1.02332 0.0303496
-1.06722 0.0395622
-1.13855 0.0512286
-1.10562 0.0630155
-1.01235 0.0440482
-0.919067 0.0111565
-0.924554 0.0100275
-0.96845 0.0184423
-0.962963 0.0294012
-0.957476 0.0384784
-0.957476 0.0374096
-0.96845 0.0207455
-0.984911 0.0129629
-0.946502 0.0275496
-1.02881 0.0417751
-1.00686 0.0429041
-0.924554 0.0266464
-1.01783 0.0353172
-0.946502 0.031313
-0.957476 0.0576263
-0.973937 0.0406611
-0.979424 0.0199627
-0.902606 0.0142424
-0.96845 0.0100275
-0.946502 0.0275496
-1.00137 0.0169821
-0.995885 0.0429041
-0.935528 0.0117435
-0.96845 0.00746837
-1.01235 0.0231841
-0.984911 0.0177047
-0.979424 0.0129629
-0.930041 0.00611357
-0.924554 0.00795008
-1.03978 0.0294012
-1.00137 0.0199627
-1.05624 0.0257583
-1.14952 0.0257583
-1.14403 0.0303496
-1.07819 0.0429041
-1.05075 0.0429041
-1.10562 0.033285
-1.18244 0.0417751
-1.16049 0.0374096
-1.25926 0.0630155
-1.20988 0.0821935
-1.18793 0.0837741
-1.07819 0.0644004
-1.14952 0.0790775
-1.21536 0.0686454
-1.24829 0.0745163
-1.25377 0.0616456
-1.10562 0.0353172
-1.05075 0.0248852
-1.00137 0.0240271
-1.03429 0.0240271
-0.957476 0.0223562
-0.973937 0.0135951
-1.01235 0.0207455
-1.06722 0.0463814
-0.984911 0.0240271
-1.02881 0.0223562
-1.0727 0.0111565
-1.05075 0.00611357
-1.00686 0.0129629
-0.96845 0.0155822
-1.01235 0.0162746
-1.02332 0.00489424
-1.15501 1.69351e-05
-1.13306 0.00158249
-1.10014 0.00117605
-1.1166 1.69351e-05
-1.23182 0.00286203
-1.15501 0.0031631
-1.13855 0.00180829
-1.1166 0.00158249
-1.06173 0.00611357
-1.08368 0.0129629
-1.07819 0.019195
-0.96845 0.0303496
-1.02881 0.0576263
-1.1166 0.0452073
-1.04527 0.0395622
-1.04527 0.0487749
-1.07819 0.031313
-1.12209 0.0231841
-1.09465 0.0240271
-1.1166 0.0322914
-1.00137 0.00569207
-1.01235 0.00611357
-1.07819 0.00844685
-1.13306 0.00489424
-1.05075 0.0149048
-1.18793 0.0275496
-1.12757 0.0512286
-1.09465 0.0512286
-1.03978 0.080628
-1.14952 0.132141
-1.06722 0.0853698
-1.05624 0.0745163
-1.02881 0.0452073
-1.02881 0.0537426
-1.08916 0.0524781
-0.96845 0.0499943
-0.951989 0.0184423
-1.00686 0.0177047
-1.06722 0.00451791
-0.957476 0.00451791
-0.957476 0.00257602
-1.01235 0.0111565
-0.984911 0.00158249
-1.11111 0.000995407
-1.10014 0.00415662
-1.17695 0.00451791
-1.13855 0.00257602
-1.14403 0.00158249
-1.16598 0.000318003
-1.10562 0.000227683
-1.11111 1.69351e-05
-1.03429 0.000829819
-0.96845 1.88168e-06
-1.01783 0.000829819
-0.930041 0.000152416
-1.00686 0.00451791
-0.935528 9.22021e-05
-0.973937 0.00347922
-1.08368 0.00700172
-0.962963 0.00381039
-1.03429 0.00895866
-1.14952 0.00489424
-1.16049 0.000995407
-1.15501 0.00117605
-1.03429 0.000227683
-1.08368 0.00158249
-1.00137 0.00795008
-0.941015 0.000995407
-1.00686 4.70419e-05
-1.0727 0.00347922
-1.10014 0.00158249
-0.995885 0.000995407
-1.05075 0.00230505
-1.05075 0.00347922
-0.990398 0.00655012
-1.03429 0.00528563
-1.03429 0.00611357
-1.03429 0.00611357
-1.02332 0.0231841
-1.05624 0.033285
-1.05624 0.0616456
-1.06173 0.0231841
-1.09465 0.0129629
-1.01783 0.0155822
-0.886145 0.0100275
-0.919067 0.0155822
-0.941015 0.0111565
-1.00686 0.00700172
-0.979424 0.00569207
-1.03429 0.0142424
-1.08916 0.0353172
-1.08916 0.0463814
-1.08916 0.0417751
-1.02332 0.0240271
-1.05075 0.0353172
-1.06173 0.0240271
-1.08916 0.0231841
-1.12209 0.00895866
-1.16598 0.00528563
-1.2428 0.00415662
-1.12757 0.00569207
-1.06173 0.0177047
-1.12757 0.00746837
-1.13855 0.033285
-1.12209 0.0374096
-1.16049 0.0452073
-1.14403 0.0499943
-1.07819 0.0537426
-1.03429 0.0363559
-0.973937 0.0452073
-0.995885 0.0184423
-0.984911 0.00948553
-0.990398 0.00180829
-0.941015 1.88168e-06
-1.05075 0.00489424
-1.12757 0.000318003
-1.18244 0.00257602
-1.13306 0.000152416
