-2 1
-1.69822 0.827127
-1.71468 0.842165
-1.63237 0.768328
-1.60494 0.739742
-1.53909 0.688741
-1.52263 0.657234
-1.45679 0.643957
-1.56653 0.697878
-1.4952 0.648367
-1.33608 0.522596
-1.37997 0.55481
-1.25377 0.518637
-1.3251 0.510764
-1.31962 0.495199
-1.36351 0.510764
-1.30316 0.491345
-1.37449 0.534564
-1.48422 0.579603
-1.52812 0.648367
-1.53909 0.675147
-1.50069 0.684194
-1.50617 0.675147
-1.55556 0.707076
-1.52263 0.675147
-1.53909 0.679663
-1.48971 0.635181
-1.46228 0.55481
-1.38546 0.542617
-1.33059 0.502951
-1.42936 0.55481
-1.48422 0.558905
-1.51715 0.575434
-1.41838 0.518637
-1.42387 0.518637
-1.39095 0.50685
-1.30864 0.417433
-1.33059 0.424553
-1.35802 0.468539
-1.47874 0.50685
-1.39643 0.50685
-1.38546 0.45734
-1.34156 0.446275
-1.39643 0.435347
-1.31413 0.406865
-1.35254 0.420986
-1.34156 0.417433
-1.33608 0.389554
-1.46776 0.446275
-1.42387 0.435347
-1.47325 0.392986
-1.47325 0.442617
-1.46776 0.446275
-1.60494 0.499068
-1.51715 0.499068
-1.47325 0.514693
-1.54458 0.550731
-1.52812 0.502951
-1.50617 0.487507
-1.47874 0.483683
-1.41289 0.495199
-1.47325 0.563015
-1.4952 0.579603
-1.43484 0.542617
-1.33059 0.476081
-1.37449 0.461058
-1.30316 0.502951
-1.25377 0.406865
-1.39095 0.424553
-1.40192 0.406865
-1.44582 0.438974
-1.39643 0.453636
-1.41838 0.435347
-1.40741 0.468539
-1.41838 0.446275
-1.39095 0.50685
-1.50069 0.563015
-1.42387 0.563015
-1.47325 0.592203
-1.55556 0.657234
-1.52263 0.657234
-1.4952 0.600678
-1.53909 0.635181
-1.51715 0.587988
-1.37997 0.453636
-1.28121 0.352794
-1.35802 0.406865
-1.30864 0.428136
-1.39643 0.472303
-1.35802 0.431734
-1.44033 0.442617
-1.48422 0.453636
-1.4513 0.453636
-1.42936 0.453636
-1.41289 0.468539
-1.35254 0.438974
-1.35254 0.45734
-1.37449 0.472303
-1.29767 0.36595
-1.48971 0.534564
-1.44582 0.550731
-1.4952 0.600678
-1.55007 0.583788
-1.53909 0.55481
-1.46228 0.575434
-1.48971 0.596433
-1.51166 0.609213
-1.50069 0.617809
-1.56104 0.643957
-1.41289 0.579603
-1.37997 0.55481
-1.44582 0.571279
-1.4952 0.587988
-1.41838 0.567139
-1.4952 0.648367
-1.55556 0.670646
-1.61043 0.730333
-1.59396 0.716334
-1.61043 0.74921
-1.61591 0.773145
-1.51715 0.707076
-1.57202 0.744468
-1.51715 0.66169
-1.51166 0.670646
-1.55556 0.697878
-1.65981 0.753967
-1.52812 0.66169
-1.51166 0.626465
-1.39643 0.542617
-1.42936 0.55481
-1.4513 0.563015
-1.47325 0.583788
-1.53361 0.635181
-1.59396 0.652793
-1.54458 0.600678
-1.47874 0.587988
-1.43484 0.630815
-1.44582 0.675147
-1.55007 0.688741
-1.45679 0.596433
-1.54458 0.675147
-1.55007 0.66169
-1.54458 0.622129
-1.4952 0.587988
-1.43484 0.571279
-1.42936 0.609213
-1.47874 0.617809
-1.58299 0.688741
-1.46228 0.592203
-1.45679 0.592203
-1.53909 0.617809
-1.45679 0.600678
-1.42936 0.558905
-1.52812 0.583788
-1.55007 0.583788
-1.54458 0.630815
-1.60494 0.707076
-1.55556 0.679663
-1.53361 0.684194
-1.50617 0.643957
-1.53909 0.675147
-1.53361 0.684194
-1.46776 0.626465
-1.57202 0.720985
-1.66529 0.802364
-1.63786 0.763526
-1.53909 0.707076
-1.54458 0.697878
-1.51166 0.66616
-1.53909 0.675147
-1.56653 0.684194
-1.54458 0.707076
-1.50617 0.684194
-1.47874 0.639561
-1.57202 0.711697
-1.5775 0.711697
-1.62689 0.744468
-1.51715 0.66616
-1.59396 0.73503
-1.51715 0.670646
-1.52812 0.684194
-1.5775 0.711697
-1.58848 0.711697
-1.58299 0.679663
-1.51166 0.635181
-1.56653 0.679663
-1.55007 0.626465
-1.54458 0.639561
-1.47874 0.617809
-1.52263 0.609213
-1.58848 0.684194
-1.46776 0.592203
-1.44582 0.592203
-1.53909 0.587988
-1.6214 0.697878
-1.63237 0.657234
-1.57202 0.630815
-1.52812 0.613504
-1.48422 0.592203
-1.52812 0.613504
-1.55556 0.622129
-1.55007 0.600678
-1.54458 0.600678
-1.51166 0.583788
-1.55007 0.583788
-1.55007 0.579603
-1.53909 0.630815
-1.65432 0.73503
-1.61591 0.697878
-1.60494 0.720985
-1.66529 0.768328
-1.58848 0.720985
-1.50617 0.652793
-1.55556 0.675147
-1.47874 0.670646
-1.4952 0.657234
-1.58299 0.720985
-1.61591 0.768328
-1.55007 0.697878
-1.53361 0.679663
-1.44582 0.575434
-1.59396 0.657234
-1.56653 0.639561
-1.53361 0.630815
-1.50617 0.66169
-1.44033 0.592203
-1.40741 0.579603
-1.4952 0.604938
-1.43484 0.563015
-1.42936 0.546667
-1.44582 0.575434
-1.39643 0.542617
-1.41289 0.546667
-1.43484 0.55481
-1.45679 0.546667
-1.39643 0.499068
-1.41838 0.483683
-1.39643 0.435347
-1.31413 0.403373
-1.35254 0.410373
-1.34156 0.417433
-1.35254 0.406865
-1.38546 0.45734
-1.39095 0.431734
-1.46776 0.483683
-1.52263 0.530559
-1.46776 0.449948
-1.34705 0.386137
-1.31962 0.349542
-1.29767 0.346306
-1.35254 0.375976
-1.40741 0.396433
-1.36351 0.375976
-1.35254 0.369277
-1.30316 0.339878
-1.34705 0.346306
-1.42936 0.392986
-1.39095 0.375976
-1.35802 0.320956
-1.39095 0.372619
-1.31413 0.375976
-1.45679 0.487507
-1.40741 0.45734
-1.39643 0.464791
-1.36351 0.406865
-1.40741 0.446275
-1.37449 0.476081
-1.41289 0.468539
-1.40192 0.45734
-1.40192 0.438974
-1.33608 0.375976
-1.38546 0.346306
-1.29218 0.330349
-1.18244 0.278911
-1.27572 0.256211
-1.28121 0.270286
-1.33608 0.327203
-1.29218 0.324072
-1.30864 0.327203
-1.27572 0.299565
-1.2428 0.264611
-1.33608 0.343084
-1.42387 0.389554
-1.35802 0.36595
-1.34156 0.399896
-1.34705 0.417433
-1.26475 0.302575
-1.29218 0.369277
-1.30316 0.399896
-1.30316 0.359342
-1.37997 0.369277
-1.3251 0.379348
-1.47874 0.442617
-1.40741 0.428136
-1.46228 0.420986
-1.46776 0.386137
-1.52263 0.453636
-1.44033 0.499068
-1.50069 0.491345
-1.40192 0.468539
-1.48971 0.502951
-1.41289 0.514693
-1.36351 0.438974
-1.44582 0.45734
-1.46228 0.491345
-1.41838 0.479875
-1.53361 0.522596
-1.52812 0.558905
-1.54458 0.583788
-1.55007 0.592203
-1.53361 0.617809
-1.55007 0.657234
-1.50069 0.617809
-1.63786 0.652793
-1.62689 0.66616
-1.64335 0.684194
-1.63786 0.707076
-1.62689 0.702469
-1.69273 0.693302
-1.61591 0.693302
-1.52263 0.617809
-1.55007 0.583788
-1.46776 0.583788
-1.59396 0.657234
-1.64335 0.648367
-1.68724 0.707076
-1.62689 0.648367
-1.63786 0.670646
-1.51715 0.622129
-1.46776 0.575434
-1.51166 0.583788
-1.46776 0.522596
-1.53909 0.587988
-1.4513 0.558905
-1.52812 0.622129
-1.42387 0.617809
-1.55007 0.707076
-1.56653 0.711697
-1.50617 0.688741
-1.44033 0.643957
-1.46776 0.66616
-1.48422 0.684194
-1.47325 0.643957
-1.57202 0.702469
-1.56653 0.707076
-1.60494 0.679663
-1.56653 0.679663
-1.57202 0.688741
-1.58299 0.697878
-1.64883 0.730333
-1.55007 0.697878
-1.53909 0.670646
-1.55007 0.66169
-1.54458 0.670646
-1.52812 0.657234
-1.52263 0.657234
-1.369 0.546667
-1.33608 0.502951
-1.23731 0.461058
-1.23731 0.45734
-1.29767 0.479875
-1.4513 0.542617
-1.35254 0.468539
-1.42936 0.461058
-1.34156 0.424553
-1.369 0.392986
-1.40741 0.346306
-1.38546 0.324072
-1.35254 0.352794
-1.29218 0.305601
-1.27572 0.270286
-1.35254 0.375976
-1.33608 0.372619
-1.31413 0.317855
-1.44033 0.386137
-1.44033 0.417433
-1.27023 0.352794
-1.3251 0.324072
-1.369 0.352794
-1.45679 0.413895
-1.35254 0.435347
-1.28121 0.270286
-1.28669 0.284737
-1.28669 0.327203
-1.33608 0.308642
-1.27572 0.276021
-1.31962 0.317855
-1.34156 0.382735
-1.35802 0.343084
-1.39643 0.36595
-1.40192 0.389554
-1.42387 0.453636
-1.47325 0.522596
-1.48971 0.502951
-1.41289 0.468539
-1.34156 0.435347
-1.41289 0.468539
-1.46228 0.487507
-1.36351 0.453636
-1.34705 0.453636
-1.37449 0.487507
-1.44033 0.558905
-1.41289 0.579603
-1.50069 0.575434
-1.41289 0.514693
-1.34156 0.52657
-1.3251 0.410373
-1.36351 0.431734
-1.31962 0.392986
-1.27572 0.359342
-1.26475 0.396433
-1.27572 0.362639
-1.34156 0.336686
-1.26475 0.359342
-1.20439 0.305601
-1.27023 0.314769
-1.30316 0.247947
-1.34705 0.253441
-1.33059 0.218803
-1.36351 0.2137
-1.34705 0.191481
-1.35254 0.203675
-1.36351 0.223967
-1.42936 0.22919
-1.40741 0.223967
-1.39095 0.226571
-1.40741 0.184346
-1.36351 0.189088
-1.42936 0.273146
-1.30316 0.203675
-1.24829 0.203675
-1.26475 0.186709
-1.30864 0.165981
-1.24829 0.154992
-1.2428 0.163753
-1.16598 0.144379
-1.06722 0.10929
-1.12757 0.105692
-1.23182 0.098677
-1.33059 0.114799
-1.33059 0.138192
-1.30864 0.157159
-1.23182 0.168224
-1.2428 0.231824
-1.2428 0.226571
-1.31413 0.206158
-1.25926 0.198752
-1.1989 0.172755
-1.22085 0.170482
-1.29218 0.186709
-1.39095 0.223967
-1.28669 0.203675
-1.30316 0.181998
-1.24829 0.134143
-1.23182 0.134143
-1.1989 0.124283
-1.17695 0.128182
-1.20439 0.103916
-1.22085 0.140239
-1.25926 0.177346
-1.25377 0.19389
-1.20439 0.142302
-1.16049 0.0935739
-1.19342 0.111111
-1.22634 0.077542
-1.15501 0.0512286
-1.25926 0.0672154
-1.26475 0.091903
-1.25377 0.100408
-1.24829 0.138192
-1.30864 0.146472
-1.26475 0.208657
-1.27572 0.276021
-1.26475 0.33351
-1.25377 0.299565
-1.26475 0.311698
-1.35254 0.299565
-1.37449 0.339878
-1.38546 0.406865
-1.46228 0.435347
-1.47325 0.45734
-1.40741 0.449948
-1.4513 0.413895
-1.38546 0.379348
-1.40741 0.435347
-1.40741 0.464791
-1.46228 0.50685
-1.46228 0.483683
-1.40741 0.476081
-1.4952 0.476081
-1.54458 0.534564
-1.48971 0.514693
-1.42936 0.45734
-1.39095 0.449948
-1.3251 0.410373
-1.369 0.424553
-1.43484 0.453636
-1.42387 0.446275
-1.44582 0.435347
-1.369 0.410373
-1.42387 0.499068
-1.45679 0.52657
-1.54458 0.579603
-1.55556 0.563015
-1.54458 0.575434
-1.53909 0.639561
-1.61591 0.670646
-1.56104 0.652793
-1.55007 0.66169
-1.63237 0.716334
-1.64335 0.758739
-1.50617 0.652793
-1.55556 0.675147
-1.53909 0.66616
-1.5775 0.688741
-1.53909 0.66616
-1.39095 0.55481
-1.42936 0.630815
-1.45679 0.635181
-1.54458 0.648367
-1.48971 0.630815
-1.48971 0.635181
-1.46228 0.563015
-1.50069 0.596433
-1.52812 0.617809
-1.39643 0.542617
-1.45679 0.546667
-1.42936 0.546667
-1.48422 0.55481
-1.48422 0.587988
-1.55007 0.652793
-1.58848 0.697878
-1.6214 0.679663
-1.55556 0.635181
-1.57202 0.609213
-1.55007 0.630815
-1.51166 0.643957
-1.54458 0.684194
-1.55556 0.711697
-1.52263 0.693302
-1.65981 0.758739
-1.64335 0.744468
-1.56653 0.675147
-1.51166 0.648367
-1.63237 0.739742
-1.59396 0.693302
-1.55007 0.675147
-1.53361 0.684194
-1.44033 0.596433
-1.40192 0.558905
-1.42936 0.55481
-1.4513 0.563015
-1.4513 0.622129
-1.41838 0.563015
-1.41289 0.583788
-1.41838 0.579603
-1.37997 0.530559
-1.39643 0.550731
-1.39643 0.534564
-1.43484 0.587988
-1.52812 0.639561
-1.48422 0.652793
-1.50069 0.693302
-1.55007 0.725652
-1.53361 0.720985
-1.60494 0.720985
-1.69273 0.802364
-1.68176 0.753967
-1.6214 0.711697
-1.55556 0.684194
-1.50617 0.675147
-1.5775 0.688741
-1.55556 0.697878
-1.57202 0.684194
-1.63237 0.670646
-1.59945 0.648367
-1.56104 0.609213
-1.55556 0.600678
-1.58848 0.648367
-1.56653 0.652793
-1.58848 0.643957
-1.57202 0.587988
-1.47325 0.558905
-1.47874 0.563015
-1.41838 0.522596
-1.45679 0.571279
-1.40192 0.534564
-1.43484 0.563015
-1.43484 0.538583
-1.43484 0.563015
-1.40192 0.534564
-1.4513 0.546667
-1.44582 0.514693
-1.38546 0.476081
-1.35802 0.45734
-1.369 0.446275
-1.33608 0.435347
-1.37997 0.410373
-1.41838 0.375976
-1.369 0.372619
-1.43484 0.435347
-1.27572 0.35606
-1.34705 0.446275
-1.35802 0.446275
-1.36351 0.435347
-1.39095 0.417433
-1.28669 0.435347
-1.38546 0.542617
-1.41838 0.522596
-1.4513 0.495199
-1.37449 0.461058
-1.4513 0.518637
-1.47325 0.50685
-1.4513 0.50685
-1.41838 0.502951
-1.33059 0.464791
-1.30316 0.424553
-1.27023 0.438974
-1.29218 0.435347
-1.35254 0.479875
-1.31962 0.406865
-1.369 0.476081
-1.30316 0.431734
-1.369 0.449948
-1.33059 0.410373
-1.33608 0.359342
-1.35802 0.379348
-1.34705 0.33351
-1.37997 0.327203
-1.38546 0.290623
-1.39643 0.278911
-1.33059 0.258996
-1.31413 0.270286
-1.369 0.270286
-1.27572 0.218803
-1.23731 0.226571
-1.25926 0.284737
-1.31962 0.317855
-1.22085 0.293589
-1.19342 0.273146
-1.1989 0.218803
-1.21536 0.196313
-1.24829 0.150702
-1.28121 0.138192
-1.27572 0.19389
-1.33608 0.186709
-1.30316 0.179664
-1.36351 0.19389
-1.31413 0.196313
-1.35254 0.177346
-1.31962 0.189088
-1.42387 0.206158
-1.46776 0.245222
-1.35254 0.253441
-1.39643 0.247947
-1.47325 0.273146
-1.39095 0.221377
-1.38546 0.253441
-1.42387 0.273146
-1.37997 0.2137
-1.41289 0.239818
-1.39095 0.273146
-1.44582 0.317855
-1.4952 0.293589
-1.37997 0.273146
-1.33059 0.284737
-1.37449 0.278911
-1.40741 0.330349
-1.30864 0.258996
-1.35802 0.287673
-1.34156 0.273146
-1.35802 0.287673
-1.39095 0.339878
-1.42936 0.311698
-1.54458 0.343084
-1.50617 0.382735
-1.46776 0.311698
-1.39643 0.314769
-1.43484 0.281817
-1.40741 0.276021
-1.35254 0.276021
-1.45679 0.296569
-1.34705 0.302575
-1.42387 0.293589
-1.39643 0.284737
-1.369 0.314769
-1.38546 0.369277
-1.56653 0.424553
-1.46228 0.314769
-1.4952 0.36595
-1.53909 0.403373
-1.54458 0.406865
-1.54458 0.399896
-1.50069 0.369277
-1.43484 0.369277
-1.38546 0.36595
-1.40741 0.349542
-1.39643 0.346306
-1.50617 0.372619
-1.48971 0.379348
-1.5775 0.406865
-1.47874 0.349542
-1.39095 0.372619
-1.40741 0.431734
-1.44582 0.410373
-1.40192 0.413895
-1.47874 0.375976
-1.4513 0.35606
-1.44033 0.396433
-1.39643 0.349542
-1.44582 0.417433
-1.46228 0.446275
-1.40741 0.449948
-1.45679 0.483683
-1.39095 0.431734
-1.42387 0.428136
-1.44582 0.45734
-1.44582 0.468539
-1.41838 0.442617
-1.4513 0.495199
-1.47325 0.546667
-1.39095 0.487507
-1.35802 0.487507
-1.40741 0.483683
-1.52263 0.579603
-1.47874 0.563015
-1.4952 0.534564
-1.56653 0.55481
-1.4513 0.449948
-1.37449 0.417433
-1.30864 0.396433
-1.25926 0.396433
-1.27572 0.346306
-1.33608 0.349542
-1.34156 0.369277
-1.40192 0.413895
-1.40192 0.449948
-1.36351 0.438974
-1.44033 0.495199
-1.41289 0.472303
-1.33059 0.413895
-1.31962 0.410373
-1.30316 0.420986
-1.34705 0.479875
-1.29218 0.417433
-1.36351 0.431734
-1.36351 0.438974
-1.37449 0.461058
-1.34156 0.392986
-1.34705 0.382735
-1.31413 0.346306
-1.37997 0.403373
-1.34156 0.375976
-1.39643 0.403373
-1.39095 0.392986
-1.3251 0.336686
-1.34156 0.293589
-1.46776 0.349542
-1.4513 0.420986
-1.50617 0.396433
-1.46776 0.33351
-1.34705 0.299565
-1.30316 0.320956
-1.37449 0.379348
-1.29767 0.346306
-1.43484 0.417433
-1.48422 0.461058
-1.48971 0.45734
-1.36351 0.461058
-1.37449 0.410373
-1.37449 0.438974
-1.37449 0.468539
-1.38546 0.518637
-1.40741 0.546667
-1.4513 0.499068
-1.45679 0.495199
-1.51715 0.530559
-1.48422 0.538583
-1.55556 0.567139
-1.42387 0.499068
-1.42387 0.538583
-1.4513 0.546667
-1.51166 0.579603
-1.52263 0.609213
-1.44033 0.583788
-1.4513 0.583788
-1.47325 0.575434
-1.47325 0.571279
-1.40741 0.55481
-1.37997 0.522596
-1.369 0.550731
-1.41289 0.592203
-1.51715 0.648367
-1.5775 0.679663
-1.55007 0.639561
-1.51166 0.626465
-1.53361 0.609213
-1.4513 0.604938
-1.33059 0.510764
-1.33059 0.514693
-1.31413 0.546667
-1.47874 0.684194
-1.47325 0.66169
-1.55556 0.720985
-1.55556 0.720985
-1.58299 0.739742
-1.56653 0.720985
-1.51166 0.657234
-1.56104 0.670646
-1.47325 0.639561
-1.56104 0.688741
-1.48971 0.652793
-1.44582 0.635181
-1.52263 0.66169
-1.47325 0.66169
-1.57202 0.716334
-1.59945 0.739742
-1.64335 0.758739
-1.62689 0.758739
-1.59945 0.739742
-1.54458 0.688741
-1.48971 0.66616
-1.42936 0.575434
-1.38546 0.587988
-1.42387 0.622129
-1.4952 0.688741
-1.52812 0.684194
-1.59396 0.711697
-1.52263 0.675147
-1.45679 0.630815
-1.41838 0.583788
-1.41838 0.55481
-1.45679 0.583788
-1.369 0.499068
-1.33608 0.483683
-1.34156 0.420986
-1.33608 0.420986
-1.35802 0.442617
-1.40192 0.487507
-1.46228 0.542617
-1.50617 0.563015
-1.47874 0.592203
-1.52263 0.652793
-1.37449 0.579603
-1.42387 0.639561
-1.52812 0.720985
-1.50069 0.679663
-1.44582 0.596433
-1.45679 0.609213
-1.55556 0.66169
-1.51166 0.600678
-1.58299 0.652793
-1.50069 0.609213
-1.59396 0.609213
-1.51166 0.558905
-1.46228 0.50685
-1.369 0.45734
-1.38546 0.495199
-1.46776 0.592203
-1.43484 0.567139
-1.43484 0.600678
-1.51715 0.587988
-1.48422 0.579603
-1.51715 0.600678
-1.46228 0.502951
-1.48971 0.487507
-1.40741 0.446275
-1.35802 0.446275
-1.56104 0.50685
-1.38546 0.438974
-1.45679 0.461058
-1.42387 0.403373
-1.30316 0.327203
-1.31962 0.336686
-1.37997 0.330349
-1.34156 0.349542
-1.37997 0.406865
-1.34705 0.410373
-1.36351 0.389554
-1.4513 0.446275
-1.45679 0.495199
-1.44582 0.442617
-1.40192 0.389554
-1.51715 0.438974
-1.50617 0.479875
-1.46228 0.472303
-1.45679 0.479875
-1.46228 0.483683
-1.44582 0.453636
-1.50617 0.472303
-1.4513 0.514693
-1.51715 0.542617
-1.60494 0.617809
-1.60494 0.648367
-1.55007 0.643957
-1.55556 0.684194
-1.61043 0.739742
-1.53909 0.675147
-1.58848 0.697878
-1.47325 0.596433
-1.4952 0.604938
-1.57202 0.66616
-1.56104 0.670646
-1.52263 0.697878
-1.52263 0.688741
-1.51166 0.675147
-1.55556 0.670646
-1.52263 0.643957
-1.54458 0.652793
-1.55556 0.679663
-1.56104 0.688741
-1.48422 0.66616
-1.46776 0.652793
-1.52263 0.688741
-1.51715 0.66169
-1.50069 0.630815
-1.44582 0.587988
-1.41289 0.550731
-1.34705 0.510764
-1.31413 0.487507
-1.37449 0.534564
-1.38546 0.538583
-1.39643 0.579603
-1.56653 0.675147
-1.55556 0.626465
-1.369 0.50685
-1.40741 0.522596
-1.43484 0.587988
-1.46776 0.571279
-1.41838 0.579603
-1.38546 0.550731
-1.38546 0.583788
-1.44582 0.613504
-1.4952 0.604938
-1.34156 0.534564
-1.4952 0.66616
-1.64335 0.792564
-1.61591 0.763526
-1.56104 0.725652
-1.58299 0.684194
-1.59945 0.74921
-1.69822 0.792564
-1.69273 0.773145
-1.65432 0.73503
-1.58299 0.697878
-1.5775 0.707076
-1.59396 0.725652
-1.53361 0.643957
-1.59396 0.730333
-1.58299 0.725652
-1.62689 0.768328
-1.6214 0.73503
-1.61591 0.73503
-1.53909 0.639561
-1.70919 0.74921
-1.61043 0.716334
-1.56653 0.675147
-1.54458 0.648367
-1.4513 0.609213
-1.48971 0.643957
-1.54458 0.684194
-1.55007 0.697878
-1.55556 0.679663
-1.59396 0.670646
-1.58299 0.707076
-1.52263 0.613504
-1.53361 0.66169
-1.45679 0.587988
-1.35802 0.542617
-1.39095 0.518637
-1.39643 0.567139
-1.35254 0.491345
-1.35802 0.510764
-1.43484 0.567139
-1.51166 0.617809
-1.54458 0.643957
-1.45679 0.567139
-1.46776 0.567139
-1.4952 0.596433
-1.50617 0.542617
-1.50069 0.575434
-1.47874 0.579603
-1.51715 0.592203
-1.4952 0.587988
-1.52812 0.600678
-1.55007 0.596433
-1.51166 0.592203
-1.50617 0.596433
-1.53909 0.622129
-1.4513 0.558905
-1.40192 0.514693
-1.4952 0.558905
-1.6214 0.575434
-1.59396 0.542617
-1.51715 0.499068
-1.45679 0.453636
-1.40741 0.491345
-1.42936 0.50685
-1.40741 0.55481
-1.36351 0.487507
-1.38546 0.499068
-1.51166 0.522596
-1.44033 0.542617
-1.46228 0.567139
-1.50069 0.613504
-1.48422 0.635181
-1.35802 0.55481
-1.40741 0.575434
-1.45679 0.596433
-1.39095 0.518637
-1.369 0.45734
-1.35254 0.446275
-1.3251 0.372619
-1.28669 0.359342
-1.28669 0.382735
-1.28121 0.372619
-1.35254 0.428136
-1.42936 0.472303
-1.41289 0.45734
-1.41289 0.468539
-1.38546 0.449948
-1.4513 0.510764
-1.39643 0.491345
-1.41289 0.499068
-1.45679 0.50685
-1.51715 0.567139
-1.40192 0.518637
-1.42936 0.530559
-1.35254 0.472303
-1.47874 0.499068
-1.41289 0.464791
-1.46776 0.502951
-1.35254 0.424553
-1.34705 0.417433
-1.37449 0.389554
-1.369 0.369277
-1.40192 0.45734
-1.45679 0.510764
-1.51715 0.510764
-1.42936 0.431734
-1.46228 0.449948
-1.45679 0.431734
-1.33059 0.343084
-1.22634 0.302575
-1.28121 0.327203
-1.27572 0.314769
-1.30864 0.305601
-1.34705 0.296569
-1.35802 0.290623
-1.31962 0.308642
-1.2428 0.276021
-1.2428 0.308642
-1.30316 0.35606
-1.31962 0.372619
-1.31413 0.382735
-1.31413 0.403373
-1.41289 0.468539
-1.38546 0.413895
-1.37449 0.396433
-1.34705 0.359342
-1.35254 0.35606
-1.35254 0.410373
-1.47325 0.487507
-1.51166 0.45734
-1.48971 0.428136
-1.36351 0.339878
-1.27572 0.302575
-1.28669 0.250686
-1.33608 0.276021
-1.37449 0.330349
-1.35802 0.308642
-1.25926 0.276021
-1.35802 0.273146
-1.29767 0.284737
-1.38546 0.239818
-1.4513 0.276021
-1.48971 0.320956
-1.45679 0.330349
-1.51166 0.369277
-1.62689 0.453636
-1.53361 0.446275
-1.52812 0.472303
-1.53909 0.499068
-1.47874 0.446275
-1.53909 0.476081
-1.50617 0.558905
-1.45679 0.499068
-1.48422 0.487507
-1.51715 0.468539
-1.369 0.379348
-1.31962 0.375976
-1.39095 0.399896
-1.40192 0.428136
-1.40741 0.428136
-1.40192 0.449948
-1.41289 0.446275
-1.4513 0.461058
-1.41289 0.406865
-1.37449 0.435347
-1.55556 0.538583
-1.52812 0.522596
-1.58299 0.55481
-1.58848 0.550731
-1.51166 0.491345
-1.50617 0.538583
-1.56104 0.510764
-1.59945 0.50685
-1.47325 0.464791
-1.41838 0.442617
-1.42387 0.396433
-1.35802 0.403373
-1.31413 0.375976
-1.27572 0.336686
-1.28121 0.369277
-1.34705 0.45734
-1.37997 0.495199
-1.31962 0.442617
-1.34705 0.417433
-1.31962 0.396433
-1.31962 0.438974
-1.38546 0.472303
-1.48971 0.476081
-1.36351 0.453636
-1.53909 0.530559
-1.50069 0.510764
-1.46228 0.438974
-1.35254 0.403373
-1.27023 0.424553
-1.41838 0.476081
-1.35254 0.431734
-1.33608 0.438974
-1.33608 0.389554
-1.27572 0.336686
-1.31962 0.392986
-1.38546 0.438974
-1.33059 0.438974
-1.35254 0.435347
-1.35254 0.468539
-1.31413 0.428136
-1.36351 0.431734
-1.36351 0.435347
-1.43484 0.538583
-1.48971 0.534564
-1.44033 0.514693
-1.52812 0.534564
-1.43484 0.538583
-1.41289 0.483683
-1.369 0.479875
-1.42936 0.442617
-1.37997 0.479875
-1.40741 0.487507
-1.47325 0.546667
-1.44033 0.461058
-1.48422 0.431734
-1.46228 0.476081
-1.43484 0.435347
-1.42387 0.438974
-1.51715 0.495199
-1.48422 0.479875
-1.51715 0.530559
-1.43484 0.502951
-1.33608 0.424553
-1.369 0.428136
-1.3251 0.476081
-1.41838 0.571279
-1.42936 0.579603
-1.43484 0.596433
-1.42936 0.567139
-1.53909 0.596433
-1.50069 0.538583
-1.48971 0.571279
-1.5775 0.652793
-1.5775 0.639561
-1.50069 0.571279
-1.55556 0.679663
-1.50069 0.613504
-1.50617 0.639561
-1.48971 0.648367
-1.52263 0.679663
-1.59396 0.716334
-1.67627 0.812224
-1.59945 0.74921
-1.59396 0.763526
-1.64335 0.787687
-1.59945 0.720985
-1.59945 0.693302
-1.59396 0.684194
-1.56653 0.688741
-1.58848 0.707076
-1.50617 0.657234
-1.61591 0.725652
-1.59396 0.707076
-1.60494 0.711697
-1.51166 0.648367
-1.42387 0.630815
-1.50069 0.675147
-1.59396 0.725652
-1.58848 0.707076
-1.52263 0.670646
-1.52812 0.670646
-1.55556 0.697878
-1.62689 0.697878
-1.54458 0.684194
-1.55556 0.707076
-1.55556 0.707076
-1.58299 0.725652
-1.61591 0.707076
-1.71468 0.763526
-1.71468 0.812224
-1.7037 0.787687
-1.72565 0.817176
-1.6214 0.768328
-1.53909 0.684194
-1.55007 0.702469
-1.42936 0.617809
-1.52263 0.609213
-1.56104 0.626465
-1.53909 0.613504
-1.59396 0.684194
-1.52263 0.592203
-1.53361 0.609213
-1.62689 0.697878
-1.55007 0.626465
-1.53361 0.652793
-1.48971 0.635181
-1.55007 0.693302
-1.48422 0.613504
-1.48971 0.583788
-1.53909 0.592203
-1.4513 0.514693
-1.42936 0.579603
-1.40741 0.579603
-1.4952 0.657234
-1.61043 0.725652
-1.60494 0.768328
-1.5775 0.74921
-1.60494 0.73503
-1.59396 0.707076
-1.55007 0.670646
-1.63237 0.720985
-1.65981 0.753967
-1.61043 0.739742
-1.62689 0.725652
-1.64883 0.753967
-1.60494 0.720985
-1.63237 0.74921
-1.58299 0.684194
-1.59945 0.688741
-1.58848 0.725652
-1.41289 0.609213
-1.42936 0.575434
-1.4513 0.567139
-1.42936 0.609213
-1.48422 0.613504
-1.57202 0.684194
-1.42936 0.613504
-1.53361 0.684194
-1.51715 0.693302
-1.56653 0.716334
-1.60494 0.707076
-1.4952 0.592203
-1.55007 0.613504
-1.47874 0.604938
-1.44582 0.538583
-1.35802 0.483683
-1.369 0.510764
-1.369 0.502951
-1.34705 0.472303
-1.40741 0.567139
-1.40192 0.518637
-1.40192 0.510764
-1.37997 0.499068
-1.34705 0.406865
-1.43484 0.510764
-1.34705 0.453636
-1.33059 0.45734
-1.38546 0.468539
-1.37997 0.453636
-1.38546 0.491345
-1.30864 0.530559
-1.45679 0.609213
-1.34705 0.502951
-1.36351 0.499068
-1.47325 0.587988
-1.48971 0.587988
-1.41289 0.583788
-1.43484 0.583788
-1.44033 0.600678
-1.52812 0.66616
-1.58299 0.688741
-1.55556 0.688741
-1.55007 0.707076
-1.56653 0.744468
-1.59396 0.730333
-1.5775 0.730333
-1.66529 0.782824
-1.77503 0.877781
-1.65981 0.812224
-1.70919 0.832124
-1.65981 0.787687
-1.59945 0.716334
-1.56104 0.725652
-1.51715 0.707076
-1.5775 0.725652
-1.58848 0.711697
-1.57202 0.720985
-1.43484 0.617809
-1.40741 0.583788
-1.41289 0.592203
-1.45679 0.558905
-1.43484 0.52657
-1.47874 0.579603
-1.46228 0.563015
-1.41838 0.592203
-1.48971 0.639561
-1.53361 0.702469
-1.61043 0.739742
-1.57202 0.720985
-1.53361 0.679663
-1.58848 0.720985
-1.61043 0.697878
-1.6214 0.739742
-1.53361 0.652793
-1.56653 0.670646
-1.67627 0.73503
-1.53909 0.688741
-1.42936 0.600678
-1.46228 0.630815
-1.45679 0.538583
-1.47874 0.596433
-1.50069 0.609213
-1.4952 0.571279
-1.48971 0.567139
-1.34705 0.50685
-1.38546 0.518637
-1.39643 0.592203
-1.42387 0.617809
-1.46228 0.613504
-1.45679 0.635181
-1.4952 0.626465
-1.61043 0.744468
-1.58848 0.720985
-1.53909 0.679663
-1.44582 0.626465
-1.47325 0.626465
-1.52812 0.652793
-1.4952 0.600678
-1.50617 0.657234
-1.55556 0.702469
-1.55007 0.693302
-1.4952 0.617809
-1.51166 0.652793
-1.51166 0.617809
-1.53909 0.626465
-1.51166 0.626465
-1.52812 0.635181
-1.60494 0.707076
-1.55007 0.648367
-1.46228 0.630815
-1.51166 0.66616
-1.51715 0.639561
-1.46228 0.609213
-1.56104 0.702469
-1.51166 0.657234
-1.60494 0.716334
-1.67078 0.763526
-1.63786 0.768328
-1.67627 0.792564
-1.57202 0.739742
-1.63786 0.744468
-1.69822 0.768328
-1.66529 0.744468
-1.62689 0.730333
-1.4952 0.657234
-1.56653 0.707076
-1.56653 0.725652
-1.59945 0.725652
-1.59945 0.725652
-1.59945 0.697878
-1.61043 0.730333
-1.50617 0.648367
-1.52812 0.670646
-1.41838 0.617809
-1.5775 0.725652
-1.55007 0.66616
-1.4952 0.596433
-1.50069 0.587988
-1.47325 0.55481
-1.46228 0.546667
-1.52263 0.592203
-1.44582 0.550731
-1.50617 0.592203
-1.42387 0.550731
-1.42387 0.600678
-1.51166 0.639561
-1.42387 0.546667
-1.41838 0.542617
-1.5775 0.670646
-1.56104 0.675147
-1.4952 0.613504
-1.50069 0.643957
-1.53361 0.66169
-1.54458 0.684194
-1.50617 0.657234
-1.5775 0.688741
-1.63237 0.744468
-1.7037 0.797456
-1.59396 0.739742
-1.62689 0.777977
-1.67627 0.802364
-1.56104 0.720985
-1.54458 0.697878
-1.58848 0.74921
-1.61591 0.763526
-1.58848 0.739742
-1.63237 0.782824
-1.62689 0.753967
-1.56653 0.697878
-1.47874 0.670646
-1.55556 0.707076
-1.54458 0.697878
-1.57202 0.693302
-1.60494 0.725652
-1.59945 0.753967
-1.61591 0.73503
-1.7037 0.797456
-1.65432 0.768328
-1.57202 0.744468
-1.56104 0.744468
-1.57202 0.725652
-1.59396 0.725652
-1.56653 0.679663
-1.50069 0.643957
-1.48422 0.643957
-1.48971 0.652793
-1.51166 0.693302
-1.54458 0.720985
-1.59396 0.725652
-1.69822 0.807286
-1.63786 0.768328
-1.67078 0.797456
-1.61591 0.773145
-1.67627 0.773145
-1.62689 0.777977
-1.60494 0.725652
-1.58848 0.763526
-1.52812 0.725652
-1.53361 0.697878
-1.56653 0.707076
-1.53909 0.688741
-1.53361 0.66616
-1.51166 0.617809
-1.52812 0.596433
-1.46228 0.579603
-1.4513 0.52657
-1.48422 0.542617
-1.53909 0.558905
-1.53361 0.550731
-1.48971 0.563015
-1.50069 0.583788
-1.58299 0.639561
-1.57202 0.657234
-1.52812 0.630815
-1.50617 0.639561
-1.48971 0.579603
-1.50069 0.596433
-1.50617 0.617809
-1.52812 0.684194
-1.60494 0.739742
-1.60494 0.753967
-1.55556 0.711697
-1.53361 0.66169
-1.46776 0.648367
-1.4513 0.609213
-1.51166 0.657234
-1.46776 0.571279
-1.41289 0.550731
-1.43484 0.495199
-1.41838 0.487507
-1.35802 0.446275
-1.41838 0.499068
-1.38546 0.420986
-1.46228 0.487507
-1.46228 0.479875
-1.36351 0.442617
-1.46776 0.491345
-1.44582 0.514693
-1.39095 0.461058
-1.41289 0.468539
-1.37997 0.472303
-1.33608 0.438974
-1.39095 0.453636
-1.41838 0.476081
-1.51166 0.464791
-1.4952 0.479875
-1.51166 0.50685
-1.46228 0.487507
-1.46776 0.510764
-1.46776 0.442617
-1.50069 0.438974
-1.47325 0.424553
-1.55007 0.428136
-1.35254 0.379348
-1.35254 0.349542
-1.37449 0.35606
-1.46228 0.403373
-1.44033 0.359342
-1.39643 0.317855
-1.35802 0.314769
-1.39643 0.299565
-1.30864 0.305601
-1.29218 0.302575
-1.30316 0.276021
-1.28669 0.305601
-1.35802 0.287673
-1.369 0.281817
-1.33608 0.276021
-1.36351 0.287673
-1.31962 0.296569
-1.29767 0.261796
-1.34156 0.324072
-1.21536 0.270286
-1.33059 0.336686
-1.36351 0.382735
-1.3251 0.314769
-1.20439 0.284737
-1.16598 0.278911
-1.33059 0.359342
-1.31962 0.392986
-1.34705 0.435347
-1.26475 0.442617
-1.18244 0.396433
-1.25926 0.352794
-1.34156 0.413895
-1.29767 0.379348
-1.35802 0.420986
-1.44582 0.438974
-1.44033 0.491345
-1.41289 0.453636
-1.31413 0.403373
-1.37449 0.449948
-1.369 0.438974
-1.39095 0.499068
-1.42387 0.534564
-1.42936 0.596433
-1.47874 0.604938
-1.45679 0.626465
-1.51715 0.657234
-1.56104 0.684194
-1.48422 0.657234
-1.56653 0.74921
-1.61591 0.758739
-1.64335 0.802364
-1.73114 0.832124
-1.72565 0.847208
-1.62689 0.758739
-1.61043 0.74921
-1.53909 0.720985
-1.62689 0.74921
-1.5775 0.716334
-1.47325 0.613504
-1.42936 0.635181
-1.43484 0.626465
-1.46776 0.635181
-1.51715 0.617809
-1.44033 0.600678
-1.46776 0.635181
-1.48422 0.635181
-1.46228 0.609213
-1.66529 0.74921
-1.59945 0.702469
-1.56104 0.652793
-1.63237 0.702469
-1.51715 0.66169
-1.52263 0.675147
-1.55556 0.675147
-1.4952 0.617809
-1.42936 0.534564
-1.45679 0.596433
-1.47874 0.609213
-1.52812 0.587988
-1.59396 0.630815
-1.51166 0.592203
-1.50069 0.575434
-1.40192 0.530559
-1.48422 0.609213
-1.50069 0.630815
-1.51715 0.643957
-1.51715 0.648367
-1.47325 0.609213
-1.48422 0.622129
-1.6214 0.693302
-1.58848 0.657234
-1.64883 0.720985
-1.58299 0.693302
-1.67078 0.707076
-1.58848 0.697878
-1.62689 0.758739
-1.59396 0.730333
-1.50069 0.635181
-1.55556 0.66169
-1.52812 0.613504
-1.51166 0.575434
-1.47874 0.55481
-1.55556 0.604938
-1.43484 0.579603
-1.48971 0.626465
-1.48422 0.617809
-1.45679 0.600678
-1.43484 0.55481
-1.51166 0.579603
-1.42387 0.571279
-1.4513 0.600678
-1.41838 0.571279
-1.61591 0.648367
-1.61043 0.697878
-1.54458 0.639561
-1.57202 0.626465
-1.53909 0.684194
-1.57202 0.716334
-1.6214 0.711697
-1.56653 0.693302
-1.53909 0.711697
-1.52812 0.679663
-1.57202 0.697878
-1.50069 0.617809
-1.4952 0.600678
-1.55007 0.626465
-1.55556 0.684194
-1.53361 0.617809
-1.52263 0.609213
-1.51166 0.66616
-1.51715 0.657234
-1.50617 0.670646
-1.47325 0.617809
-1.48971 0.609213
-1.44582 0.587988
-1.40192 0.600678
-1.38546 0.55481
-1.39643 0.510764
-1.41838 0.567139
-1.41289 0.550731
-1.369 0.534564
-1.48971 0.579603
-1.51166 0.571279
-1.41838 0.487507
-1.39643 0.483683
-1.42936 0.522596
-1.46228 0.546667
-1.40741 0.542617
-1.38546 0.510764
-1.45679 0.542617
-1.4513 0.558905
-1.44582 0.583788
-1.53361 0.609213
-1.45679 0.558905
-1.44033 0.550731
-1.47325 0.571279
-1.53361 0.635181
-1.55007 0.592203
-1.57202 0.558905
-1.46776 0.52657
-1.58299 0.567139
-1.47874 0.563015
-1.52812 0.55481
-1.48971 0.495199
-1.48971 0.483683
-1.47325 0.468539
-1.53361 0.50685
-1.4952 0.52657
-1.40741 0.495199
-1.47325 0.546667
-1.44582 0.575434
-1.40192 0.50685
-1.46228 0.495199
-1.39643 0.499068
-1.4513 0.483683
-1.46776 0.495199
-1.56104 0.626465
-1.54458 0.592203
-1.55556 0.609213
-1.52263 0.575434
-1.56653 0.613504
-1.53361 0.617809
-1.55556 0.622129
-1.50617 0.622129
-1.53361 0.675147
-1.58299 0.74921
-1.56653 0.711697
-1.56653 0.707076
-1.64335 0.787687
-1.67078 0.792564
-1.68176 0.787687
-1.66529 0.777977
-1.68176 0.773145
-1.59396 0.716334
-1.57202 0.675147
-1.48422 0.66616
-1.58299 0.697878
-1.4952 0.66616
-1.54458 0.688741
-1.57202 0.716334
-1.52263 0.679663
-1.51166 0.639561
-1.45679 0.592203
-1.44582 0.626465
-1.46776 0.596433
-1.44582 0.567139
-1.41838 0.600678
-1.51166 0.626465
-1.56104 0.697878
-1.58299 0.697878
-1.56104 0.697878
-1.55007 0.66169
-1.55556 0.635181
-1.40192 0.542617
-1.39643 0.491345
-1.40741 0.502951
-1.43484 0.530559
-1.45679 0.558905
-1.51166 0.571279
-1.55007 0.622129
-1.54458 0.648367
-1.52812 0.635181
-1.45679 0.596433
-1.50617 0.648367
-1.52812 0.630815
-1.50069 0.648367
-1.53909 0.648367
-1.56104 0.675147
-1.50617 0.635181
-1.58848 0.711697
-1.67078 0.782824
-1.70919 0.782824
-1.67627 0.768328
-1.64883 0.716334
-1.67078 0.797456
-1.64335 0.782824
-1.56653 0.753967
-1.45679 0.652793
-1.43484 0.592203
-1.44033 0.579603
-1.44033 0.571279
-1.34705 0.495199
-1.36351 0.461058
-1.34156 0.453636
-1.37449 0.45734
-1.42387 0.495199
-1.43484 0.530559
-1.47325 0.563015
-1.369 0.538583
-1.41838 0.617809
-1.52263 0.657234
-1.51166 0.648367
-1.54458 0.693302
-1.61591 0.720985
-1.58848 0.711697
-1.58299 0.693302
-1.53909 0.643957
-1.51166 0.648367
-1.47874 0.596433
-1.5775 0.693302
-1.54458 0.66169
-1.58848 0.657234
-1.63237 0.730333
-1.54458 0.670646
-1.62689 0.675147
-1.67627 0.702469
-1.64883 0.739742
-1.66529 0.763526
-1.67078 0.787687
-1.64335 0.74921
-1.6214 0.753967
-1.61043 0.758739
-1.62689 0.773145
-1.56104 0.702469
-1.48971 0.617809
-1.50617 0.652793
-1.4952 0.617809
-1.46776 0.575434
-1.50617 0.550731
-1.47325 0.583788
-1.48422 0.596433
-1.50617 0.609213
-1.48422 0.592203
-1.56653 0.66616
-1.4952 0.600678
-1.59945 0.648367
-1.53361 0.613504
-1.44033 0.613504
-1.46776 0.639561
-1.48971 0.604938
-1.50617 0.622129
-1.52263 0.66169
-1.6214 0.739742
-1.58299 0.739742
-1.61043 0.758739
-1.69273 0.812224
-1.67078 0.787687
-1.71468 0.827127
-1.69273 0.812224
-1.72565 0.847208
-1.61043 0.773145
-1.61591 0.773145
-1.61591 0.73503
-1.59945 0.697878
-1.53909 0.648367
-1.56653 0.66616
-1.50617 0.670646
-1.44582 0.635181
-1.53909 0.693302
-1.47874 0.613504
-1.54458 0.670646
-1.60494 0.679663
-1.51715 0.626465
-1.52263 0.657234
-1.55007 0.66169
-1.52263 0.725652
-1.5775 0.739742
-1.6214 0.730333
-1.63237 0.753967
-1.5775 0.753967
-1.69273 0.812224
-1.62689 0.758739
-1.55007 0.716334
-1.60494 0.730333
-1.57202 0.707076
-1.63786 0.758739
-1.70919 0.807286
-1.69822 0.812224
-1.61591 0.753967
-1.62689 0.730333
-1.58299 0.697878
-1.66529 0.768328
-1.70919 0.797456
-1.71468 0.792564
-1.65432 0.777977
-1.57202 0.670646
-1.56104 0.643957
-1.56104 0.66616
-1.53909 0.626465
-1.56653 0.630815
-1.48971 0.600678
-1.51166 0.643957
-1.48971 0.609213
-1.46228 0.563015
-1.48422 0.587988
-1.40741 0.546667
-1.43484 0.563015
-1.46228 0.600678
-1.47874 0.575434
-1.50069 0.652793
-1.50069 0.648367
-1.56104 0.609213
-1.56104 0.596433
-1.4952 0.563015
-1.56104 0.583788
-1.40741 0.518637
-1.42387 0.502951
-1.39095 0.491345
-1.36351 0.487507
-1.46228 0.600678
-1.44582 0.563015
-1.4952 0.630815
-1.4513 0.592203
-1.40741 0.55481
-1.33608 0.510764
-1.42936 0.546667
-1.59945 0.688741
-1.64335 0.684194
-1.57202 0.639561
-1.51166 0.592203
-1.53909 0.657234
-1.4952 0.643957
-1.45679 0.622129
-1.50617 0.639561
-1.4513 0.604938
-1.52812 0.622129
-1.43484 0.538583
-1.36351 0.546667
-1.31413 0.483683
-1.38546 0.542617
-1.35802 0.514693
-1.38546 0.476081
-1.37449 0.495199
-1.39643 0.514693
-1.3251 0.510764
-1.35802 0.45734
-1.34705 0.514693
-1.39643 0.491345
-1.39643 0.417433
-1.47325 0.446275
-1.42936 0.476081
-1.42936 0.502951
-1.51166 0.558905
-1.43484 0.518637
-1.46228 0.546667
-1.46228 0.583788
-1.47325 0.600678
-1.53909 0.693302
-1.63237 0.763526
-1.50069 0.66169
-1.59396 0.720985
-1.55007 0.697878
-1.50069 0.648367
-1.42387 0.579603
-1.40741 0.579603
-1.4952 0.613504
-1.47874 0.604938
-1.56653 0.643957
-1.53909 0.670646
-1.56104 0.657234
-1.58299 0.716334
-1.5775 0.725652
-1.62689 0.716334
-1.52263 0.675147
-1.5775 0.720985
-1.46776 0.648367
-1.4513 0.626465
-1.42936 0.635181
-1.42387 0.635181
-1.39095 0.530559
-1.50069 0.596433
-1.45679 0.522596
-1.55007 0.558905
-1.54458 0.563015
-1.41289 0.530559
-1.43484 0.514693
-1.44033 0.518637
-1.41838 0.518637
-1.54458 0.542617
-1.48422 0.483683
-1.4952 0.514693
-1.44033 0.530559
-1.43484 0.530559
-1.42387 0.50685
-1.44582 0.514693
-1.42387 0.518637
-1.5775 0.596433
-1.47874 0.558905
-1.44582 0.542617
-1.50617 0.563015
-1.56104 0.596433
-1.55007 0.542617
-1.45679 0.50685
-1.41838 0.542617
-1.34705 0.518637
-1.40192 0.55481
-1.39643 0.55481
-1.46228 0.579603
-1.47325 0.596433
-1.42387 0.55481
-1.43484 0.587988
-1.59396 0.675147
-1.46776 0.592203
-1.60494 0.684194
-1.5775 0.697878
-1.5775 0.643957
-1.70919 0.730333
-1.67078 0.725652
-1.55556 0.684194
-1.43484 0.592203
-1.39643 0.550731
-1.40741 0.587988
-1.42936 0.571279
-1.41289 0.534564
-1.45679 0.534564
-1.40741 0.510764
-1.33608 0.487507
-1.30864 0.453636
-1.33059 0.453636
-1.30316 0.406865
-1.26475 0.386137
-1.38546 0.472303
-1.38546 0.487507
-1.40192 0.487507
-1.44582 0.514693
-1.34705 0.502951
-1.47325 0.514693
-1.40192 0.510764
-1.37997 0.413895
-1.42387 0.406865
-1.36351 0.36595
-1.40741 0.413895
-1.42936 0.413895
-1.33608 0.413895
-1.25926 0.359342
-1.30316 0.389554
-1.29767 0.35606
-1.16598 0.349542
-1.24829 0.406865
-1.26475 0.438974
-1.33059 0.487507
-1.27572 0.431734
-1.34705 0.431734
-1.27023 0.389554
-1.25377 0.369277
-1.40192 0.461058
-1.28669 0.435347
-1.369 0.52657
-1.40741 0.499068
-1.44582 0.534564
-1.41838 0.495199
-1.48422 0.522596
-1.4952 0.583788
-1.4513 0.558905
-1.47874 0.626465
-1.50617 0.643957
-1.54458 0.622129
-1.58299 0.652793
-1.56653 0.652793
-1.46776 0.596433
-1.56104 0.613504
-1.54458 0.596433
-1.5775 0.600678
-1.46228 0.546667
-1.4952 0.567139
-1.51715 0.571279
-1.47874 0.546667
-1.53361 0.639561
-1.53909 0.622129
-1.44582 0.563015
-1.41289 0.495199
-1.43484 0.514693
-1.47874 0.487507
-1.42936 0.510764
-1.47874 0.575434
-1.51715 0.571279
-1.58299 0.579603
-1.56104 0.55481
-1.6214 0.583788
-1.60494 0.592203
-1.61591 0.596433
-1.60494 0.600678
-1.51715 0.592203
-1.50617 0.542617
-1.53909 0.522596
-1.48971 0.538583
-1.40741 0.495199
-1.40741 0.476081
-1.44033 0.522596
-1.4952 0.499068
-1.41289 0.495199
-1.46776 0.52657
-1.48971 0.563015
-1.53909 0.55481
-1.50069 0.55481
-1.38546 0.476081
-1.40741 0.417433
-1.41838 0.435347
-1.48422 0.461058
-1.44033 0.476081
-1.44582 0.522596
-1.42387 0.522596
-1.4513 0.487507
-1.53909 0.542617
-1.45679 0.468539
-1.43484 0.446275
-1.41838 0.424553
-1.36351 0.420986
-1.47325 0.479875
-1.48971 0.413895
-1.55556 0.410373
-1.46776 0.410373
-1.46228 0.446275
-1.47325 0.446275
-1.47325 0.542617
-1.45679 0.514693
-1.44033 0.534564
-1.46776 0.550731
-1.47325 0.50685
-1.60494 0.583788
-1.61043 0.567139
-1.70919 0.617809
-1.64883 0.600678
-1.54458 0.518637
-1.52263 0.522596
-1.48422 0.50685
-1.45679 0.514693
-1.42387 0.518637
-1.43484 0.502951
-1.51715 0.538583
-1.50617 0.558905
-1.47325 0.571279
-1.5775 0.617809
-1.48971 0.563015
-1.53361 0.563015
-1.41838 0.468539
-1.47325 0.522596
-1.44582 0.483683
-1.48422 0.50685
-1.47874 0.45734
-1.44033 0.424553
-1.44582 0.392986
-1.39095 0.330349
-1.37997 0.35606
-1.39643 0.379348
-1.35254 0.327203
-1.42387 0.36595
-1.35254 0.392986
-1.4513 0.461058
-1.41289 0.514693
-1.43484 0.510764
-1.41289 0.518637
-1.48971 0.592203
-1.47325 0.587988
-1.51715 0.609213
-1.5775 0.66616
-1.50617 0.613504
-1.4952 0.622129
-1.51166 0.652793
-1.46776 0.579603
-1.50069 0.592203
-1.46228 0.592203
-1.41289 0.571279
-1.46228 0.635181
-1.39095 0.518637
-1.45679 0.538583
-1.44582 0.558905
-1.41838 0.538583
-1.39643 0.558905
-1.37997 0.571279
-1.48971 0.630815
-1.48971 0.613504
-1.53909 0.630815
-1.50617 0.643957
-1.47325 0.630815
-1.47874 0.639561
-1.47874 0.639561
-1.43484 0.592203
-1.46776 0.583788
-1.42936 0.592203
-1.38546 0.522596
-1.47874 0.626465
-1.53909 0.613504
-1.48422 0.613504
-1.52263 0.670646
-1.51166 0.657234
-1.51715 0.66169
-1.57202 0.684194
-1.58848 0.711697
-1.63786 0.74921
-1.64883 0.758739
-1.70919 0.787687
-1.67078 0.777977
-1.66529 0.807286
-1.68176 0.827127
-1.69273 0.802364
-1.5775 0.73503
-1.59396 0.720985
-1.52812 0.688741
-1.51166 0.648367
-1.55007 0.66169
-1.55556 0.684194
-1.5775 0.720985
-1.65432 0.777977
-1.63237 0.763526
-1.66529 0.797456
-1.59945 0.758739
-1.62689 0.773145
-1.5775 0.73503
-1.56104 0.707076
-1.43484 0.604938
-1.48971 0.604938
-1.4513 0.575434
-1.40192 0.550731
-1.41289 0.575434
-1.36351 0.502951
-1.34705 0.464791
-1.369 0.514693
-1.31413 0.518637
-1.41289 0.575434
-1.4952 0.613504
-1.47874 0.596433
-1.4513 0.587988
-1.50617 0.657234
-1.53909 0.679663
-1.56653 0.711697
-1.63237 0.758739
-1.55556 0.744468
-1.56104 0.725652
-1.6214 0.73503
-1.59945 0.688741
-1.50069 0.609213
-1.39095 0.558905
-1.40192 0.55481
-1.40741 0.563015
-1.37997 0.587988
-1.40192 0.587988
-1.4952 0.630815
-1.50617 0.639561
-1.44033 0.571279
-1.53909 0.66616
-1.53909 0.707076
-1.52263 0.66616
-1.369 0.587988
-1.4952 0.639561
-1.52812 0.657234
-1.60494 0.720985
-1.63237 0.753967
-1.58848 0.720985
-1.56653 0.702469
-1.53909 0.66616
-1.52812 0.684194
-1.60494 0.711697
-1.58848 0.684194
-1.53361 0.652793
-1.48422 0.630815
-1.53909 0.630815
-1.63786 0.711697
-1.55556 0.679663
-1.53909 0.617809
-1.53361 0.609213
-1.63237 0.684194
-1.56653 0.675147
-1.64335 0.66169
-1.58299 0.66169
-1.6214 0.684194
-1.64883 0.711697
-1.64335 0.725652
-1.64883 0.744468
-1.57202 0.688741
-1.55556 0.670646
-1.4952 0.652793
-1.55007 0.66616
-1.55007 0.688741
-1.54458 0.707076
-1.57202 0.707076
-1.50069 0.679663
-1.52812 0.688741
-1.53909 0.716334
-1.56653 0.679663
-1.58299 0.688741
-1.51166 0.635181
-1.54458 0.707076
-1.58848 0.675147
-1.65432 0.720985
-1.62689 0.707076
-1.59945 0.657234
-1.64335 0.702469
-1.55007 0.66616
-1.55556 0.670646
-1.58299 0.730333
-1.59396 0.716334
-1.64883 0.763526
-1.61043 0.730333
-1.58848 0.74921
-1.64335 0.787687
-1.6214 0.768328
-1.61043 0.777977
-1.69822 0.817176
-1.63786 0.773145
-1.67627 0.787687
-1.62689 0.753967
-1.51715 0.684194
-1.53909 0.684194
-1.50069 0.613504
-1.44582 0.538583
-1.46776 0.491345
-1.52812 0.502951
-1.44033 0.442617
-1.47325 0.476081
-1.56104 0.461058
-1.4513 0.438974
-1.39095 0.410373
-1.37449 0.420986
-1.38546 0.343084
-1.35802 0.343084
-1.39643 0.382735
-1.43484 0.389554
-1.40192 0.382735
-1.29767 0.35606
-1.38546 0.352794
-1.3251 0.36595
-1.25926 0.389554
-1.30316 0.468539
-1.35802 0.530559
-1.43484 0.534564
-1.40192 0.546667
-1.42936 0.583788
-1.50069 0.639561
-1.56653 0.702469
-1.5775 0.758739
-1.55556 0.739742
-1.65981 0.817176
-1.56104 0.730333
-1.56653 0.739742
-1.6214 0.773145
-1.59396 0.720985
-1.6214 0.753967
-1.48422 0.657234
-1.53361 0.657234
-1.45679 0.592203
-1.44582 0.604938
-1.42936 0.617809
-1.45679 0.622129
-1.51166 0.652793
-1.41289 0.592203
-1.51715 0.66616
-1.52263 0.707076
-1.61591 0.753967
-1.62689 0.74921
-1.7037 0.812224
-1.52812 0.716334
-1.60494 0.763526
-1.59945 0.725652
-1.47874 0.652793
-1.39095 0.622129
-1.47874 0.635181
-1.57202 0.702469
-1.62689 0.702469
-1.68724 0.797456
-1.66529 0.773145
-1.7037 0.797456
-1.61043 0.777977
-1.5775 0.773145
-1.58848 0.74921
-1.59945 0.758739
-1.56104 0.693302
-1.46228 0.675147
-1.58299 0.744468
-1.5775 0.720985
-1.4952 0.675147
-1.57202 0.730333
-1.56104 0.697878
-1.63237 0.716334
-1.52263 0.66169
-1.51166 0.688741
-1.48422 0.635181
-1.50069 0.622129
-1.48422 0.609213
-1.61043 0.66616
-1.52812 0.583788
-1.46228 0.542617
-1.40741 0.491345
-1.39643 0.464791
-1.45679 0.487507
-1.48422 0.558905
-1.47325 0.530559
-1.44582 0.583788
-1.44582 0.609213
-1.52263 0.639561
-1.54458 0.652793
-1.58299 0.679663
-1.40741 0.635181
-1.44582 0.66616
-1.51166 0.675147
-1.46776 0.66169
-1.40741 0.550731
-1.31962 0.483683
-1.31413 0.420986
-1.27023 0.453636
-1.42387 0.575434
-1.40741 0.635181
-1.42936 0.635181
-1.47874 0.670646
-1.59396 0.725652
-1.65981 0.768328
-1.52263 0.693302
-1.4952 0.693302
-1.50069 0.66169
-1.61043 0.744468
-1.63237 0.763526
-1.67078 0.792564
-1.68176 0.802364
-1.73114 0.837137
-1.70919 0.812224
-1.72565 0.837137
-1.7037 0.822144
-1.70919 0.837137
-1.65432 0.782824
-1.60494 0.711697
-1.65432 0.707076
-1.4952 0.613504
-1.4513 0.596433
-1.43484 0.600678
-1.41838 0.579603
-1.45679 0.579603
-1.43484 0.592203
-1.46776 0.626465
-1.59945 0.693302
-1.55007 0.684194
-1.48971 0.639561
-1.58848 0.675147
-1.52812 0.604938
-1.44582 0.613504
-1.56653 0.684194
-1.51715 0.657234
-1.59945 0.684194
-1.52263 0.643957
-1.52263 0.66616
-1.50617 0.679663
-1.55007 0.697878
-1.5775 0.74921
-1.52263 0.720985
-1.51166 0.688741
-1.51715 0.652793
-1.53909 0.675147
-1.53361 0.675147
-1.50617 0.679663
-1.53361 0.66616
-1.43484 0.596433
-1.44033 0.609213
-1.42936 0.613504
-1.48971 0.609213
-1.42936 0.571279
-1.42936 0.567139
-1.47874 0.604938
-1.39643 0.550731
-1.39095 0.546667
-1.50617 0.587988
-1.45679 0.571279
-1.41838 0.579603
-1.45679 0.592203
-1.4952 0.626465
-1.44582 0.542617
-1.52812 0.600678
-1.55556 0.579603
-1.55007 0.571279
-1.64883 0.66169
-1.61043 0.684194
-1.53361 0.66616
-1.46776 0.622129
-1.42936 0.596433
-1.40741 0.583788
-1.46228 0.567139
-1.40192 0.579603
-1.42387 0.596433
-1.34705 0.550731
-1.47874 0.609213
-1.47325 0.600678
-1.48422 0.613504
-1.56104 0.670646
-1.61591 0.716334
-1.59945 0.684194
-1.57202 0.675147
-1.59945 0.675147
-1.56104 0.697878
-1.62689 0.716334
-1.5775 0.730333
-1.57202 0.684194
-1.52263 0.617809
-1.54458 0.657234
-1.53361 0.66616
-1.39643 0.558905
-1.4952 0.617809
-1.55007 0.652793
-1.51166 0.693302
-1.59396 0.716334
-1.56653 0.720985
-1.58299 0.697878
-1.65981 0.777977
-1.56104 0.679663
-1.48971 0.675147
-1.5775 0.74921
-1.63786 0.758739
-1.63786 0.753967
-1.65432 0.74921
-1.63786 0.763526
-1.69273 0.807286
-1.67627 0.792564
-1.65432 0.773145
-1.58299 0.739742
-1.53909 0.688741
-1.53361 0.66616
-1.56653 0.684194
-1.58848 0.675147
-1.58848 0.670646
-1.42936 0.609213
-1.41838 0.579603
-1.39643 0.587988
-1.36351 0.514693
-1.39643 0.514693
-1.41289 0.538583
-1.44582 0.518637
-1.38546 0.435347
-1.38546 0.45734
-1.369 0.442617
-1.36351 0.449948
-1.35254 0.479875
-1.369 0.442617
-1.46776 0.50685
-1.369 0.52657
-1.35802 0.510764
-1.42936 0.546667
-1.41838 0.546667
-1.3251 0.491345
-1.39095 0.50685
-1.4513 0.550731
-1.56104 0.609213
-1.47874 0.587988
-1.4952 0.617809
-1.45679 0.622129
-1.50617 0.635181
-1.44033 0.575434
-1.46776 0.622129
-1.50617 0.600678
-1.50069 0.596433
-1.48422 0.626465
-1.40192 0.55481
-1.45679 0.579603
-1.52812 0.622129
-1.4513 0.604938
-1.46776 0.600678
-1.40741 0.563015
-1.40741 0.583788
-1.48422 0.652793
-1.56104 0.675147
-1.59945 0.730333
-1.58848 0.711697
-1.66529 0.758739
-1.56653 0.730333
-1.58848 0.74921
-1.59945 0.758739
-1.55007 0.693302
-1.58848 0.670646
-1.59396 0.626465
-1.60494 0.693302
-1.67078 0.720985
-1.6214 0.702469
-1.53361 0.643957
-1.47325 0.604938
-1.41838 0.546667
-1.44033 0.575434
-1.56104 0.66169
-1.4952 0.617809
-1.51166 0.66169
-1.54458 0.571279
-1.58848 0.604938
-1.55556 0.652793
-1.61591 0.720985
-1.55007 0.693302
-1.47874 0.609213
-1.50069 0.558905
-1.46228 0.530559
-1.40192 0.487507
-1.35254 0.438974
-1.40192 0.449948
-1.45679 0.52657
-1.35802 0.453636
-1.41289 0.461058
-1.35254 0.369277
-1.27023 0.379348
-1.33059 0.379348
-1.37997 0.369277
-1.40192 0.36595
-1.29218 0.35606
-1.31413 0.343084
-1.41289 0.33351
-1.35802 0.284737
-1.39643 0.302575
-1.41838 0.327203
-1.48971 0.330349
-1.37997 0.339878
-1.42936 0.352794
-1.35802 0.314769
-1.35802 0.339878
-1.39643 0.276021
-1.37449 0.327203
-1.369 0.287673
-1.38546 0.261796
-1.47325 0.293589
-1.36351 0.247947
-1.34705 0.264611
-1.31413 0.245222
-1.37449 0.299565
-1.42387 0.308642
-1.39095 0.36595
-1.39643 0.35606
-1.40741 0.267441
-1.35254 0.276021
-1.31962 0.261796
-1.35254 0.281817
-1.44582 0.281817
-1.35802 0.239818
-1.39095 0.276021
-1.34156 0.242512
-1.41838 0.330349
-1.33608 0.284737
-1.36351 0.299565
-1.42387 0.296569
-1.44033 0.311698
-1.41289 0.327203
-1.37449 0.327203
-1.40741 0.346306
-1.30316 0.33351
-1.31962 0.336686
-1.39643 0.382735
-1.38546 0.382735
-1.37997 0.362639
-1.3251 0.327203
-1.24829 0.293589
-1.29767 0.320956
-1.22634 0.302575
-1.2428 0.239818
-1.30316 0.247947
-1.28669 0.256211
-1.24829 0.218803
-1.2428 0.184346
-1.3251 0.211171
-1.42936 0.293589
-1.43484 0.261796
-1.37449 0.305601
-1.34156 0.258996
-1.35254 0.261796
-1.369 0.256211
-1.44033 0.327203
-1.43484 0.308642
-1.40192 0.284737
-1.38546 0.327203
-1.36351 0.296569
-1.23182 0.223967
-1.23731 0.261796
-1.31413 0.253441
-1.3251 0.239818
-1.31962 0.239818
-1.28669 0.226571
-1.30864 0.296569
-1.39643 0.33351
-1.37997 0.339878
-1.35254 0.330349
-1.33608 0.273146
-1.33608 0.296569
-1.26475 0.305601
-1.33608 0.242512
-1.33059 0.264611
-1.31413 0.264611
-1.24829 0.270286
-1.26475 0.258996
-1.23182 0.273146
-1.30316 0.375976
-1.40192 0.431734
-1.40192 0.435347
-1.33608 0.424553
-1.37997 0.403373
-1.369 0.424553
-1.38546 0.431734
-1.44582 0.446275
-1.40192 0.449948
-1.39095 0.449948
-1.44033 0.55481
-1.41838 0.538583
-1.4513 0.514693
-1.50069 0.567139
-1.48971 0.571279
-1.39095 0.514693
-1.50617 0.587988
-1.43484 0.592203
-1.44033 0.617809
-1.46776 0.630815
-1.55556 0.697878
-1.56653 0.697878
-1.68724 0.802364
-1.78052 0.802364
-1.63786 0.725652
-1.61591 0.702469
-1.59396 0.670646
-1.56653 0.630815
-1.42936 0.50685
-1.4952 0.550731
-1.51715 0.626465
-1.51715 0.635181
-1.50617 0.613504
-1.50617 0.592203
-1.41289 0.479875
-1.44582 0.502951
-1.39095 0.446275
-1.39643 0.468539
-1.4513 0.530559
-1.51715 0.50685
-1.52263 0.499068
-1.42936 0.495199
-1.4513 0.50685
-1.40741 0.499068
-1.369 0.472303
-1.40741 0.522596
-1.40741 0.499068
-1.39095 0.499068
-1.40192 0.50685
-1.46228 0.55481
-1.36351 0.546667
-1.46228 0.626465
-1.43484 0.546667
-1.53909 0.522596
-1.48971 0.530559
-1.47325 0.499068
-1.4952 0.579603
-1.35802 0.472303
-1.39095 0.550731
-1.4952 0.567139
-1.41289 0.538583
-1.43484 0.546667
-1.369 0.472303
-1.41838 0.464791
-1.29767 0.420986
-1.3251 0.428136
-1.35802 0.495199
-1.31413 0.483683
-1.27572 0.446275
-1.35802 0.476081
-1.34705 0.479875
-1.40192 0.522596
-1.51166 0.55481
-1.35802 0.483683
-1.40741 0.502951
-1.45679 0.617809
-1.42936 0.587988
-1.42387 0.587988
-1.45679 0.600678
-1.50617 0.626465
-1.53361 0.648367
-1.47325 0.622129
-1.46776 0.592203
-1.53909 0.643957
-1.56653 0.626465
-1.53909 0.622129
-1.43484 0.579603
-1.48971 0.630815
-1.58848 0.630815
-1.48422 0.575434
-1.42936 0.52657
-1.37449 0.499068
-1.35254 0.483683
-1.35254 0.464791
-1.39095 0.431734
-1.44582 0.438974
-1.42936 0.396433
-1.46776 0.35606
-1.51166 0.375976
-1.44582 0.375976
-1.35254 0.336686
-1.2428 0.336686
-1.33608 0.375976
-1.21536 0.308642
-1.34705 0.396433
-1.3251 0.336686
-1.36351 0.410373
-1.2428 0.311698
-1.28669 0.296569
-1.27572 0.267441
-1.29218 0.253441
-1.26475 0.256211
-1.2428 0.273146
-1.26475 0.261796
-1.23731 0.237138
-1.29767 0.223967
-1.35802 0.250686
-1.38546 0.264611
-1.35254 0.221377
-1.40741 0.273146
-1.41289 0.327203
-1.37449 0.359342
-1.4513 0.417433
-1.41289 0.406865
-1.46228 0.461058
-1.50069 0.483683
-1.48422 0.45734
-1.46228 0.449948
-1.29218 0.375976
-1.35254 0.399896
-1.41289 0.379348
-1.38546 0.386137
-1.37449 0.36595
-1.41838 0.431734
-1.34156 0.413895
-1.3251 0.464791
-1.34156 0.424553
-1.34705 0.424553
-1.27572 0.359342
-1.28121 0.327203
-1.40741 0.362639
-1.35802 0.379348
-1.33059 0.392986
-1.37997 0.379348
-1.37449 0.320956
-1.42387 0.369277
-1.39095 0.336686
-1.26475 0.273146
-1.35254 0.311698
-1.37997 0.299565
-1.36351 0.270286
-1.36351 0.250686
-1.34705 0.22919
-1.28669 0.284737
-1.3251 0.327203
-1.33608 0.33351
-1.24829 0.311698
-1.36351 0.302575
-1.37449 0.317855
-1.30316 0.349542
-1.40192 0.413895
-1.45679 0.413895
-1.45679 0.379348
-1.40741 0.375976
-1.39095 0.327203
-1.39643 0.330349
-1.33059 0.290623
-1.27572 0.242512
-1.1989 0.245222
-1.25926 0.237138
-1.27572 0.218803
-1.25926 0.226571
-1.33608 0.186709
-1.40192 0.247947
-1.35802 0.234474
-1.28121 0.22919
-1.28669 0.22919
-1.29767 0.256211
-1.23182 0.237138
-1.22634 0.216244
-1.23731 0.267441
-1.23731 0.287673
-1.2428 0.296569
-1.1989 0.237138
-1.10014 0.172755
-1.26475 0.278911
-1.16598 0.270286
-1.29767 0.343084
-1.29218 0.287673
-1.25377 0.264611
-1.28669 0.33351
-1.41289 0.392986
-1.4513 0.372619
-1.53909 0.396433
-1.38546 0.392986
-1.25926 0.372619
-1.33608 0.410373
-1.34705 0.399896
-1.44033 0.449948
-1.47325 0.514693
-1.41289 0.502951
-1.36351 0.530559
-1.39643 0.499068
-1.42936 0.52657
-1.40192 0.510764
-1.41838 0.483683
-1.41289 0.522596
-1.39643 0.461058
-1.4513 0.487507
-1.37997 0.472303
-1.39643 0.534564
-1.35802 0.538583
-1.4952 0.626465
-1.55556 0.711697
-1.56104 0.73503
-1.65981 0.758739
-1.56653 0.73503
-1.52263 0.688741
-1.51166 0.670646
-1.43484 0.626465
-1.54458 0.648367
-1.52812 0.66169
-1.52812 0.626465
-1.59945 0.707076
-1.50617 0.643957
-1.63237 0.707076
-1.68724 0.744468
-1.67078 0.773145
-1.67078 0.773145
-1.71468 0.822144
-1.64883 0.777977
-1.67078 0.792564
-1.65432 0.768328
-1.61591 0.74921
-1.65432 0.753967
-1.56104 0.73503
-1.50069 0.711697
-1.6214 0.753967
-1.55556 0.720985
-1.56104 0.66616
-1.51166 0.626465
-1.369 0.52657
-1.33059 0.45734
-1.41289 0.495199
-1.39643 0.52657
-1.35802 0.518637
-1.31962 0.461058
-1.3251 0.502951
-1.37449 0.55481
-1.41289 0.542617
-1.34156 0.550731
-1.37997 0.542617
-1.4513 0.579603
-1.42936 0.550731
-1.41289 0.558905
-1.56104 0.613504
-1.44582 0.502951
-1.47325 0.518637
-1.4513 0.499068
-1.43484 0.487507
-1.48971 0.52657
-1.39643 0.472303
-1.39643 0.550731
-1.48971 0.538583
-1.40192 0.587988
-1.54458 0.622129
-1.52263 0.630815
-1.51715 0.675147
-1.58299 0.744468
-1.57202 0.73503
-1.58299 0.744468
-1.48971 0.670646
-1.53361 0.639561
-1.54458 0.657234
-1.51715 0.635181
-1.44033 0.587988
-1.48422 0.609213
-1.47325 0.622129
-1.51715 0.604938
-1.4513 0.592203
-1.54458 0.66169
-1.48422 0.600678
-1.44582 0.567139
-1.38546 0.530559
-1.47874 0.583788
-1.35254 0.468539
-1.34156 0.495199
-1.38546 0.52657
-1.3251 0.518637
-1.35254 0.502951
-1.31962 0.522596
-1.30316 0.45734
-1.42387 0.530559
-1.46228 0.550731
-1.44582 0.534564
-1.47874 0.579603
-1.40741 0.558905
-1.53361 0.617809
-1.46776 0.587988
-1.35254 0.567139
-1.35254 0.542617
-1.35254 0.542617
-1.33059 0.476081
-1.36351 0.449948
-1.29218 0.446275
-1.39095 0.442617
-1.43484 0.453636
-1.52812 0.491345
-1.46776 0.495199
-1.40741 0.479875
-1.37997 0.479875
-1.30864 0.435347
-1.33608 0.468539
-1.30864 0.403373
-1.36351 0.413895
-1.40192 0.442617
-1.44033 0.491345
-1.33059 0.396433
-1.39095 0.410373
-1.33059 0.379348
-1.37997 0.406865
-1.37997 0.372619
-1.27572 0.346306
-1.33059 0.317855
-1.33059 0.327203
-1.29218 0.336686
-1.369 0.424553
-1.38546 0.45734
-1.4513 0.502951
-1.48422 0.55481
-1.50069 0.567139
-1.4513 0.522596
-1.47874 0.52657
-1.40741 0.487507
-1.34705 0.453636
-1.30864 0.420986
-1.35802 0.399896
-1.43484 0.479875
-1.40741 0.449948
-1.33059 0.396433
-1.35254 0.403373
-1.44582 0.379348
-1.43484 0.417433
-1.43484 0.438974
-1.41838 0.410373
-1.37997 0.431734
-1.40192 0.514693
-1.39095 0.546667
-1.37449 0.571279
-1.44033 0.587988
-1.40741 0.592203
-1.48422 0.609213
-1.61043 0.693302
-1.60494 0.74921
-1.61591 0.74921
-1.47325 0.639561
-1.55556 0.670646
-1.62689 0.74921
-1.53361 0.670646
-1.61591 0.744468
-1.63786 0.768328
-1.64883 0.74921
-1.52812 0.643957
-1.53361 0.652793
-1.53361 0.697878
-1.54458 0.639561
-1.46776 0.622129
-1.51166 0.657234
-1.50617 0.679663
-1.53909 0.693302
-1.57202 0.711697
-1.48422 0.635181
-1.51715 0.613504
-1.47874 0.617809
-1.44582 0.538583
-1.40741 0.52657
-1.44033 0.587988
-1.40192 0.510764
-1.46228 0.530559
-1.51166 0.55481
-1.50617 0.530559
-1.48422 0.518637
-1.50617 0.476081
-1.4952 0.483683
-1.38546 0.45734
-1.37449 0.428136
-1.31413 0.392986
-1.42936 0.431734
-1.44033 0.464791
-1.42387 0.431734
-1.41838 0.449948
-1.50069 0.483683
-1.52263 0.483683
-1.47325 0.534564
-1.47874 0.50685
-1.44582 0.52657
-1.50069 0.546667
-1.47325 0.495199
-1.42387 0.491345
-1.39095 0.446275
-1.42936 0.483683
-1.44033 0.502951
-1.42936 0.534564
-1.41289 0.514693
-1.40741 0.534564
-1.46228 0.583788
-1.47874 0.587988
-1.47325 0.550731
-1.42387 0.542617
-1.30316 0.483683
-1.40741 0.476081
-1.43484 0.530559
-1.4952 0.563015
-1.54458 0.583788
-1.41289 0.583788
-1.41838 0.55481
-1.4513 0.550731
-1.47325 0.571279
-1.48971 0.587988
-1.42936 0.563015
-1.41289 0.55481
-1.4513 0.575434
-1.42936 0.558905
-1.48422 0.617809
-1.47874 0.657234
-1.58299 0.768328
-1.60494 0.725652
-1.51166 0.66616
-1.51166 0.652793
-1.53361 0.688741
-1.59945 0.707076
-1.51166 0.675147
-1.52263 0.688741
-1.53361 0.688741
-1.47325 0.66169
-1.52812 0.643957
-1.53909 0.635181
-1.59945 0.679663
-1.39643 0.617809
-1.47325 0.626465
-1.51166 0.648367
-1.51715 0.648367
-1.46776 0.567139
-1.41838 0.558905
-1.36351 0.518637
-1.42387 0.55481
-1.48422 0.600678
-1.51715 0.66169
-1.48971 0.635181
-1.50617 0.652793
-1.62689 0.730333
-1.52812 0.648367
-1.4952 0.604938
-1.48971 0.604938
-1.58848 0.688741
-1.54458 0.679663
-1.56104 0.675147
-1.48971 0.643957
-1.38546 0.534564
-1.44033 0.550731
-1.44033 0.567139
-1.3251 0.530559
-1.43484 0.600678
-1.43484 0.55481
-1.41838 0.502951
-1.42387 0.534564
-1.42936 0.575434
-1.48422 0.639561
-1.53361 0.688741
-1.53361 0.652793
-1.47325 0.575434
-1.42387 0.567139
-1.47325 0.600678
-1.4513 0.571279
-1.4952 0.579603
-1.47874 0.571279
-1.41838 0.55481
-1.48422 0.583788
-1.47874 0.609213
-1.4952 0.630815
-1.53361 0.643957
-1.59945 0.657234
-1.59396 0.679663
-1.56104 0.707076
-1.47325 0.639561
-1.35254 0.542617
-1.31962 0.499068
-1.47874 0.596433
-1.47874 0.583788
-1.44582 0.579603
-1.40192 0.542617
-1.55556 0.592203
-1.44033 0.567139
-1.52812 0.609213
-1.51166 0.604938
-1.56104 0.630815
-1.56653 0.657234
-1.42936 0.626465
-1.44033 0.609213
-1.46228 0.617809
-1.46776 0.617809
-1.41289 0.583788
-1.41838 0.639561
-1.39643 0.571279
-1.41838 0.604938
-1.4513 0.587988
-1.44582 0.538583
-1.40192 0.52657
-1.46776 0.55481
-1.39643 0.575434
-1.46776 0.604938
-1.48971 0.583788
-1.46228 0.55481
-1.45679 0.571279
-1.58848 0.643957
-1.54458 0.604938
-1.51715 0.579603
-1.51166 0.617809
-1.51166 0.622129
-1.58848 0.679663
-1.54458 0.675147
-1.53909 0.684194
-1.53909 0.643957
-1.56104 0.66169
-1.50069 0.635181
-1.51166 0.635181
-1.48422 0.657234
-1.53909 0.702469
-1.47325 0.639561
-1.48971 0.679663
-1.59396 0.739742
-1.58299 0.758739
-1.58848 0.758739
-1.52263 0.707076
-1.51166 0.66169
-1.5775 0.670646
-1.53909 0.600678
-1.54458 0.613504
-1.47325 0.609213
-1.52263 0.670646
-1.58299 0.675147
-1.52812 0.675147
-1.51715 0.670646
-1.54458 0.648367
-1.63237 0.73503
-1.60494 0.707076
-1.51715 0.679663
-1.52812 0.679663
-1.4513 0.600678
-1.46776 0.596433
-1.48422 0.643957
-1.50617 0.648367
-1.60494 0.744468
-1.60494 0.739742
-1.53909 0.643957
-1.40192 0.546667
-1.46228 0.538583
-1.46228 0.518637
-1.51715 0.592203
-1.52263 0.563015
-1.44033 0.50685
-1.46776 0.499068
-1.48422 0.522596
-1.55556 0.558905
-1.4952 0.530559
-1.47325 0.518637
-1.47325 0.514693
-1.44033 0.518637
-1.44582 0.499068
-1.36351 0.438974
-1.41289 0.461058
-1.40192 0.483683
-1.42936 0.538583
-1.43484 0.510764
-1.39643 0.45734
-1.4952 0.583788
-1.47325 0.657234
-1.48422 0.693302
-1.46776 0.648367
-1.46776 0.643957
-1.43484 0.558905
-1.41838 0.558905
-1.50069 0.579603
-1.46228 0.563015
-1.38546 0.538583
-1.43484 0.596433
-1.42936 0.583788
-1.47874 0.583788
-1.40741 0.483683
-1.35254 0.468539
-1.42387 0.542617
-1.44582 0.52657
-1.44033 0.522596
-1.42936 0.534564
-1.48422 0.538583
-1.47874 0.550731
-1.4952 0.550731
-1.48422 0.592203
-1.58299 0.688741
-1.55007 0.670646
-1.56653 0.684194
-1.56653 0.66169
-1.48971 0.630815
-1.48422 0.626465
-1.46228 0.617809
-1.44033 0.575434
-1.56104 0.675147
-1.55556 0.670646
-1.58299 0.635181
-1.5775 0.643957
-1.58299 0.609213
-1.52812 0.558905
-1.52263 0.592203
-1.52812 0.596433
-1.65432 0.688741
-1.61591 0.66616
-1.58299 0.670646
-1.54458 0.643957
-1.53909 0.66616
-1.56104 0.626465
-1.48971 0.587988
-1.44033 0.522596
-1.52812 0.571279
-1.4513 0.52657
-1.46228 0.567139
-1.51715 0.626465
-1.44582 0.617809
-1.43484 0.571279
-1.45679 0.600678
-1.50617 0.592203
-1.53361 0.583788
-1.50069 0.643957
-1.51715 0.66169
-1.42936 0.604938
-1.44582 0.596433
-1.47325 0.622129
-1.48422 0.643957
-1.48971 0.66616
-1.56653 0.716334
-1.63786 0.744468
-1.5775 0.720985
-1.68724 0.812224
-1.7037 0.812224
-1.67078 0.792564
-1.61043 0.753967
-1.58299 0.716334
-1.55556 0.675147
-1.55556 0.679663
-1.51166 0.657234
-1.52812 0.684194
-1.55007 0.702469
-1.61591 0.725652
-1.5775 0.711697
-1.59396 0.744468
-1.66529 0.797456
-1.58299 0.739742
-1.59396 0.725652
-1.59945 0.688741
-1.59945 0.697878
-1.5775 0.675147
-1.58299 0.725652
-1.58848 0.702469
-1.46776 0.630815
-1.4952 0.648367
-1.48422 0.652793
-1.41838 0.567139
-1.4513 0.542617
-1.34705 0.538583
-1.2428 0.472303
-1.27572 0.420986
-1.35802 0.476081
-1.29767 0.50685
-1.41289 0.563015
-1.47325 0.596433
-1.5775 0.670646
-1.59945 0.66616
-1.62689 0.711697
-1.59396 0.725652
-1.52263 0.693302
-1.52812 0.657234
-1.57202 0.702469
-1.61591 0.720985
-1.61043 0.720985
-1.59396 0.739742
-1.57202 0.702469
-1.59396 0.739742
-1.63237 0.744468
-1.55007 0.675147
-1.58299 0.711697
-1.60494 0.758739
-1.58299 0.73503
-1.5775 0.725652
-1.58848 0.763526
-1.54458 0.730333
-1.53909 0.693302
-1.64335 0.753967
-1.6214 0.74921
-1.66529 0.773145
-1.69822 0.74921
-1.55007 0.702469
-1.57202 0.711697
-1.60494 0.716334
-1.52812 0.688741
-1.59945 0.739742
-1.64335 0.73503
-1.58848 0.744468
-1.55556 0.707076
-1.50617 0.657234
-1.53909 0.707076
-1.51166 0.626465
-1.58848 0.725652
-1.58848 0.716334
-1.61043 0.74921
-1.59945 0.753967
-1.55556 0.697878
-1.5775 0.688741
-1.51715 0.670646
-1.52263 0.707076
-1.52812 0.720985
-1.47874 0.639561
-1.59945 0.688741
-1.4952 0.617809
-1.55007 0.66169
-1.53361 0.657234
-1.46776 0.600678
-1.51715 0.626465
-1.4952 0.613504
-1.4952 0.600678
-1.51166 0.639561
-1.55007 0.613504
-1.54458 0.579603
-1.40192 0.495199
-1.39095 0.534564
-1.39643 0.514693
-1.53909 0.583788
-1.56104 0.66616
-1.58848 0.716334
-1.61043 0.707076
-1.5775 0.675147
-1.57202 0.688741
-1.60494 0.707076
-1.58848 0.702469
-1.60494 0.684194
-1.55556 0.693302
-1.51166 0.66169
-1.54458 0.679663
-1.54458 0.652793
-1.53909 0.657234
-1.51166 0.66616
-1.53909 0.725652
-1.55007 0.716334
-1.51715 0.675147
-1.53361 0.670646
-1.61591 0.739742
-1.61043 0.763526
-1.55007 0.688741
-1.63237 0.763526
-1.62689 0.763526
-1.65432 0.73503
-1.55556 0.693302
-1.46228 0.635181
-1.55007 0.688741
-1.56104 0.720985
-1.53361 0.675147
-1.56653 0.657234
-1.50617 0.609213
-1.46228 0.587988
-1.50617 0.567139
-1.50617 0.635181
-1.56104 0.66169
-1.52263 0.635181
-1.50617 0.630815
-1.58299 0.684194
-1.50617 0.579603
-1.56104 0.604938
-1.52812 0.617809
-1.41838 0.546667
-1.46776 0.534564
-1.46776 0.583788
-1.41838 0.502951
-1.41289 0.495199
-1.42936 0.52657
-1.50617 0.571279
-1.50069 0.675147
-1.55556 0.702469
-1.57202 0.739742
-1.59396 0.753967
-1.55007 0.66616
-1.55556 0.657234
-1.59396 0.675147
-1.56653 0.707076
-1.61043 0.739742
-1.67078 0.782824
-1.61043 0.716334
-1.63237 0.73503
-1.65432 0.787687
-1.64883 0.782824
-1.63237 0.792564
-1.63237 0.782824
-1.71468 0.842165
-1.68176 0.822144
-1.69273 0.812224
-1.58299 0.758739
-1.55556 0.711697
-1.59396 0.758739
-1.52263 0.657234
-1.50069 0.652793
-1.45679 0.648367
-1.42936 0.626465
-1.44582 0.609213
-1.47325 0.643957
-1.52263 0.679663
-1.53361 0.679663
-1.48971 0.657234
-1.53361 0.693302
-1.53361 0.702469
-1.61043 0.758739
-1.61043 0.753967
-1.62689 0.753967
-1.4952 0.679663
-1.51166 0.657234
-1.4513 0.583788
-1.48422 0.648367
-1.48971 0.657234
-1.48971 0.635181
-1.52263 0.648367
-1.46776 0.587988
-1.42936 0.567139
-1.4952 0.630815
-1.44582 0.596433
-1.48422 0.675147
-1.43484 0.639561
-1.48422 0.613504
-1.54458 0.592203
-1.42387 0.542617
-1.46776 0.583788
-1.50069 0.587988
-1.45679 0.502951
-1.41289 0.510764
-1.3251 0.468539
-1.28669 0.442617
-1.29218 0.479875
-1.3251 0.514693
-1.35802 0.50685
-1.44582 0.567139
-1.47325 0.652793
-1.48422 0.648367
-1.51715 0.66169
-1.54458 0.670646
-1.50617 0.66169
-1.50617 0.617809
-1.41838 0.558905
-1.50069 0.639561
-1.47325 0.626465
-1.51715 0.609213
-1.42936 0.567139
-1.38546 0.522596
-1.41289 0.571279
-1.41289 0.587988
-1.42936 0.583788
-1.43484 0.567139
-1.42387 0.575434
-1.42387 0.530559
-1.51715 0.592203
-1.53361 0.575434
-1.40192 0.538583
-1.41838 0.522596
-1.44582 0.530559
-1.44582 0.518637
-1.31962 0.449948
-1.40741 0.514693
-1.36351 0.472303
-1.44033 0.499068
-1.45679 0.483683
-1.42387 0.52657
-1.44582 0.550731
-1.42936 0.530559
-1.48422 0.563015
-1.41838 0.502951
-1.39643 0.542617
-1.46776 0.567139
-1.59945 0.66616
-1.50617 0.617809
-1.56104 0.679663
-1.57202 0.679663
-1.56653 0.66616
-1.52263 0.639561
-1.56653 0.702469
-1.58299 0.657234
-1.55556 0.66616
-1.47325 0.604938
-1.44582 0.567139
-1.46228 0.538583
-1.4952 0.550731
-1.56104 0.626465
-1.51166 0.52657
-1.50617 0.52657
-1.50617 0.596433
-1.56653 0.613504
-1.4952 0.626465
-1.48422 0.630815
-1.48971 0.648367
-1.50617 0.657234
-1.51166 0.675147
-1.48971 0.693302
-1.58299 0.725652
-1.53909 0.707076
-1.54458 0.675147
-1.53909 0.679663
-1.47874 0.639561
-1.51166 0.66616
-1.57202 0.720985
-1.58299 0.716334
-1.54458 0.697878
-1.50069 0.693302
-1.53909 0.707076
-1.5775 0.707076
-1.55556 0.643957
-1.55556 0.617809
-1.59396 0.684194
-1.64335 0.725652
-1.53361 0.652793
-1.58299 0.648367
-1.59396 0.670646
-1.48422 0.596433
-1.45679 0.596433
-1.4513 0.600678
-1.48971 0.630815
-1.45679 0.635181
-1.34156 0.558905
-1.33059 0.542617
-1.37449 0.510764
-1.34156 0.502951
-1.369 0.522596
-1.41838 0.534564
-1.50069 0.592203
-1.52263 0.604938
-1.47325 0.587988
-1.46228 0.530559
-1.40192 0.550731
-1.42936 0.596433
-1.47325 0.622129
-1.55007 0.670646
-1.52263 0.652793
-1.45679 0.635181
-1.55007 0.643957
-1.50069 0.600678
-1.46776 0.518637
-1.44033 0.495199
-1.36351 0.406865
-1.37997 0.35606
-1.46776 0.369277
-1.46228 0.372619
-1.39095 0.362639
-1.3251 0.343084
-1.37449 0.379348
-1.36351 0.446275
-1.30316 0.413895
-1.3251 0.346306
-1.34156 0.33351
-1.40741 0.464791
-1.30316 0.396433
-1.29218 0.389554
-1.31413 0.372619
-1.369 0.386137
-1.40741 0.389554
-1.39643 0.372619
-1.31413 0.379348
-1.29767 0.330349
-1.29767 0.35606
-1.41838 0.339878
-1.37997 0.324072
-1.38546 0.346306
-1.28669 0.349542
-1.37449 0.413895
-1.33059 0.472303
-1.30864 0.461058
-1.36351 0.522596
-1.37997 0.530559
-1.40741 0.522596
-1.42936 0.546667
-1.42387 0.52657
-1.40741 0.514693
-1.40192 0.502951
-1.44033 0.538583
-1.40192 0.542617
-1.46776 0.50685
-1.50617 0.491345
-1.40741 0.417433
-1.39643 0.375976
-1.40741 0.281817
-1.37449 0.281817
-1.40741 0.320956
-1.29767 0.327203
-1.31962 0.284737
-1.33608 0.284737
-1.39095 0.327203
-1.42936 0.281817
-1.39643 0.302575
-1.42387 0.343084
-1.38546 0.349542
-1.39095 0.33351
-1.38546 0.278911
-1.41289 0.314769
-1.43484 0.299565
-1.42936 0.336686
-1.39095 0.327203
-1.46228 0.346306
-1.44582 0.359342
-1.35254 0.330349
-1.34156 0.296569
-1.29767 0.305601
-1.25377 0.270286
-1.26475 0.273146
-1.34705 0.302575
-1.27023 0.237138
-1.28669 0.234474
-1.40192 0.261796
-1.40192 0.22919
-1.33608 0.250686
-1.38546 0.339878
-1.36351 0.339878
-1.29218 0.343084
-1.28669 0.372619
-1.40741 0.449948
-1.44582 0.514693
-1.40741 0.428136
-1.52263 0.510764
-1.44582 0.461058
-1.41838 0.424553
-1.39095 0.424553
-1.40192 0.435347
-1.50069 0.495199
-1.52812 0.495199
-1.47325 0.479875
-1.4952 0.472303
-1.42387 0.420986
-1.38546 0.403373
-1.41289 0.399896
-1.44582 0.336686
-1.4513 0.320956
-1.34156 0.352794
-1.39095 0.305601
-1.45679 0.379348
-1.44033 0.382735
-1.46228 0.399896
-1.51715 0.406865
-1.45679 0.33351
-1.35802 0.35606
-1.40192 0.431734
-1.40741 0.399896
-1.369 0.359342
-1.35254 0.362639
-1.36351 0.413895
-1.34156 0.399896
-1.40192 0.417433
-1.41289 0.435347
-1.45679 0.499068
-1.39643 0.483683
-1.30864 0.392986
-1.33059 0.446275
-1.34705 0.479875
-1.42936 0.522596
-1.39643 0.491345
-1.46776 0.530559
-1.39643 0.502951
-1.45679 0.522596
-1.45679 0.538583
-1.40741 0.514693
-1.47325 0.558905
-1.36351 0.476081
-1.37997 0.530559
-1.4952 0.639561
-1.65981 0.74921
-1.64335 0.753967
-1.61591 0.739742
-1.51166 0.648367
-1.44582 0.558905
-1.37997 0.558905
-1.4513 0.575434
-1.4952 0.630815
-1.46776 0.587988
-1.5775 0.609213
-1.46228 0.542617
-1.51166 0.609213
-1.4952 0.630815
-1.52263 0.66169
-1.46228 0.596433
-1.47325 0.604938
-1.38546 0.514693
-1.26475 0.413895
-1.13306 0.336686
-1.17695 0.349542
-1.29767 0.389554
-1.35254 0.379348
-1.31962 0.362639
-1.3251 0.382735
-1.26475 0.375976
-1.23182 0.339878
-1.33608 0.349542
-1.36351 0.372619
-1.369 0.382735
-1.35254 0.386137
-1.30316 0.420986
-1.30316 0.417433
-1.41838 0.483683
-1.34705 0.45734
-1.46228 0.502951
-1.42387 0.495199
-1.35802 0.431734
-1.369 0.446275
-1.38546 0.479875
-1.23182 0.399896
-1.1989 0.369277
-1.20439 0.359342
-1.13855 0.278911
-1.25377 0.293589
-1.20988 0.278911
-1.33059 0.349542
-1.369 0.359342
-1.41838 0.36595
-1.45679 0.410373
-1.39095 0.369277
-1.38546 0.349542
-1.369 0.359342
-1.35254 0.346306
-1.33059 0.287673
-1.34705 0.324072
-1.30316 0.299565
-1.34156 0.327203
-1.34156 0.336686
-1.35254 0.36595
-1.25926 0.349542
-1.3251 0.396433
-1.30316 0.382735
-1.36351 0.468539
-1.37997 0.479875
-1.45679 0.50685
-1.47874 0.534564
-1.48971 0.530559
-1.39095 0.476081
-1.42936 0.502951
-1.38546 0.479875
-1.41838 0.476081
-1.48971 0.502951
-1.50617 0.546667
-1.48971 0.52657
-1.37449 0.476081
-1.37997 0.50685
-1.44033 0.534564
-1.45679 0.510764
-1.44033 0.495199
-1.44033 0.420986
-1.37997 0.446275
-1.28669 0.442617
-1.35802 0.453636
-1.45679 0.538583
-1.40741 0.50685
-1.4952 0.491345
-1.47874 0.449948
-1.43484 0.449948
-1.46776 0.446275
-1.45679 0.420986
-1.44033 0.449948
-1.41289 0.483683
-1.46776 0.483683
-1.45679 0.417433
-1.41838 0.413895
-1.41289 0.438974
-1.369 0.410373
-1.41289 0.461058
-1.45679 0.479875
-1.46228 0.495199
-1.40192 0.479875
-1.369 0.464791
-1.42387 0.514693
-1.47874 0.563015
-1.54458 0.66616
-1.55007 0.675147
-1.4952 0.622129
-1.51715 0.609213
-1.51166 0.635181
-1.50617 0.648367
-1.45679 0.617809
-1.43484 0.604938
-1.37449 0.510764
-1.44582 0.600678
-1.46776 0.613504
-1.56653 0.652793
-1.53361 0.626465
-1.44582 0.617809
-1.48422 0.657234
-1.57202 0.688741
-1.50069 0.622129
-1.52812 0.648367
-1.50069 0.648367
-1.50617 0.643957
-1.51715 0.630815
-1.58299 0.697878
-1.63237 0.707076
-1.56653 0.707076
-1.4952 0.66169
-1.48971 0.622129
-1.43484 0.55481
-1.52812 0.657234
-1.54458 0.652793
-1.42936 0.609213
-1.45679 0.652793
-1.44582 0.596433
-1.50069 0.571279
-1.4952 0.495199
-1.48422 0.522596
-1.51166 0.530559
-1.41838 0.431734
-1.43484 0.406865
-1.51715 0.417433
-1.50069 0.403373
-1.52263 0.382735
-1.37997 0.320956
-1.34705 0.296569
-1.31413 0.343084
-1.37997 0.399896
-1.48422 0.399896
-1.46228 0.403373
-1.4952 0.472303
-1.40192 0.406865
-1.42936 0.382735
-1.46776 0.403373
-1.40741 0.389554
-1.44582 0.428136
-1.4952 0.483683
-1.54458 0.514693
-1.52263 0.476081
-1.46776 0.50685
-1.44582 0.522596
-1.51166 0.464791
-1.44582 0.468539
-1.40192 0.453636
-1.34156 0.399896
-1.34705 0.428136
-1.31413 0.431734
-1.369 0.472303
-1.29218 0.413895
-1.30864 0.382735
-1.369 0.435347
-1.41289 0.431734
-1.35802 0.413895
-1.37997 0.449948
-1.33608 0.392986
-1.27023 0.327203
-1.25377 0.253441
-1.2428 0.221377
-1.34156 0.276021
-1.34705 0.359342
-1.51715 0.483683
-1.41838 0.389554
-1.42936 0.449948
-1.39095 0.45734
-1.45679 0.487507
-1.33059 0.446275
-1.37997 0.461058
-1.37449 0.472303
-1.35802 0.431734
-1.29218 0.375976
-1.34156 0.392986
-1.43484 0.410373
-1.48971 0.483683
-1.52263 0.50685
-1.48422 0.514693
-1.44033 0.50685
-1.51715 0.571279
-1.40192 0.499068
-1.41838 0.514693
-1.46776 0.55481
-1.44582 0.592203
-1.47325 0.617809
-1.42387 0.542617
-1.38546 0.546667
-1.47325 0.643957
-1.58848 0.702469
-1.56653 0.707076
-1.53361 0.652793
-1.52263 0.675147
-1.57202 0.66169
-1.53909 0.652793
-1.51166 0.622129
-1.53361 0.657234
-1.59396 0.730333
-1.52263 0.711697
-1.59396 0.753967
-1.53909 0.688741
-1.55007 0.720985
-1.50069 0.675147
-1.54458 0.716334
-1.59945 0.763526
-1.55556 0.711697
-1.53909 0.711697
-1.56104 0.720985
-1.58299 0.773145
-1.5775 0.725652
-1.50617 0.670646
-1.4952 0.697878
-1.48422 0.697878
-1.54458 0.688741
-1.55007 0.684194
-1.52812 0.711697
-1.46228 0.679663
-1.44033 0.630815
-1.41838 0.613504
-1.37449 0.550731
-1.43484 0.583788
-1.46228 0.643957
-1.48422 0.643957
-1.50617 0.639561
-1.48971 0.587988
-1.46776 0.617809
-1.44033 0.652793
-1.48971 0.688741
-1.59396 0.725652
-1.55007 0.720985
-1.70919 0.817176
-1.69273 0.822144
-1.67078 0.817176
-1.69273 0.822144
-1.52263 0.697878
-1.47325 0.657234
-1.58299 0.643957
-1.6214 0.652793
-1.53909 0.622129
-1.53361 0.583788
-1.52812 0.587988
-1.52263 0.587988
-1.4952 0.546667
-1.4952 0.571279
-1.48971 0.579603
-1.56104 0.679663
-1.59396 0.702469
-1.62689 0.707076
-1.69273 0.73503
-1.64335 0.74921
-1.6214 0.753967
-1.68724 0.758739
-1.61591 0.753967
-1.5775 0.725652
-1.62689 0.758739
-1.56653 0.753967
-1.67078 0.797456
-1.7037 0.802364
-1.58848 0.716334
-1.53361 0.684194
-1.47325 0.630815
-1.53361 0.675147
-1.50069 0.563015
-1.42936 0.550731
-1.45679 0.563015
-1.48971 0.567139
-1.47325 0.575434
-1.46776 0.52657
-1.45679 0.538583
-1.37449 0.518637
-1.46776 0.538583
-1.25926 0.428136
-1.37997 0.464791
-1.35802 0.389554
-1.37449 0.403373
-1.35254 0.406865
-1.30316 0.314769
-1.3251 0.352794
-1.39095 0.317855
-1.38546 0.317855
-1.35254 0.343084
-1.38546 0.346306
-1.33059 0.372619
-1.30864 0.35606
-1.42936 0.453636
-1.37449 0.431734
-1.34156 0.413895
-1.39643 0.461058
-1.37997 0.449948
-1.36351 0.438974
-1.28669 0.435347
-1.37449 0.483683
-1.35254 0.495199
-1.40741 0.546667
-1.52812 0.604938
-1.51715 0.635181
-1.48422 0.613504
-1.56653 0.643957
-1.52812 0.626465
-1.52263 0.675147
-1.53361 0.679663
-1.59945 0.711697
-1.51715 0.66169
-1.52263 0.707076
-1.56653 0.744468
-1.55007 0.66169
-1.45679 0.596433
-1.3251 0.55481
-1.38546 0.622129
-1.46776 0.609213
-1.48422 0.622129
-1.52263 0.657234
-1.55007 0.725652
-1.60494 0.758739
-1.50617 0.720985
-1.56104 0.711697
-1.57202 0.730333
-1.65981 0.777977
-1.65432 0.763526
-1.5775 0.753967
-1.58848 0.74921
-1.44033 0.600678
-1.46228 0.600678
-1.47874 0.583788
-1.38546 0.495199
-1.35802 0.530559
-1.43484 0.558905
-1.55556 0.670646
-1.42387 0.583788
-1.42387 0.563015
-1.45679 0.571279
-1.46228 0.567139
-1.55007 0.657234
-1.47874 0.613504
-1.55007 0.639561
-1.40192 0.596433
-1.55007 0.688741
-1.59945 0.702469
-1.55556 0.670646
-1.47874 0.643957
-1.45679 0.622129
-1.4952 0.684194
-1.41289 0.587988
-1.42387 0.587988
-1.40192 0.50685
-1.44582 0.558905
-1.45679 0.563015
-1.48422 0.567139
-1.40192 0.495199
-1.38546 0.45734
-1.34705 0.424553
-1.33059 0.372619
-1.34705 0.382735
-1.33059 0.35606
-1.37997 0.382735
-1.34705 0.372619
-1.37449 0.406865
-1.44033 0.396433
-1.39095 0.453636
-1.38546 0.461058
-1.44033 0.449948
-1.44033 0.453636
-1.42387 0.472303
-1.41838 0.479875
-1.40192 0.45734
-1.45679 0.50685
-1.41289 0.534564
-1.47325 0.550731
-1.63786 0.679663
-1.51715 0.583788
-1.51715 0.587988
-1.47874 0.600678
-1.46776 0.55481
-1.42936 0.546667
-1.52263 0.583788
-1.46776 0.583788
-1.50617 0.604938
-1.55007 0.66616
-1.56653 0.626465
-1.53361 0.604938
-1.47325 0.530559
-1.46776 0.52657
-1.4952 0.514693
-1.50069 0.502951
-1.52263 0.510764
-1.51715 0.542617
-1.57202 0.518637
-1.51166 0.487507
-1.4513 0.45734
-1.41838 0.428136
-1.46228 0.464791
-1.47325 0.461058
-1.43484 0.438974
-1.40741 0.483683
-1.37997 0.468539
-1.39095 0.530559
-1.33059 0.472303
-1.38546 0.45734
-1.35802 0.45734
-1.369 0.487507
-1.42387 0.424553
-1.48422 0.50685
-1.4952 0.558905
-1.46776 0.550731
-1.42387 0.514693
-1.42387 0.479875
-1.43484 0.472303
-1.35802 0.428136
-1.44033 0.483683
-1.51166 0.491345
-1.4513 0.428136
-1.42387 0.399896
-1.41289 0.392986
-1.43484 0.382735
-1.48971 0.399896
-1.44033 0.449948
-1.31413 0.392986
-1.40192 0.479875
-1.40192 0.522596
-1.42387 0.592203
-1.43484 0.52657
-1.37997 0.491345
-1.4513 0.550731
-1.46228 0.558905
-1.51715 0.622129
-1.4952 0.630815
-1.50617 0.639561
-1.56104 0.702469
-1.52263 0.711697
-1.50069 0.684194
-1.4513 0.613504
-1.37449 0.563015
-1.51715 0.604938
-1.47325 0.613504
-1.4952 0.643957
-1.45679 0.550731
-1.55007 0.592203
-1.51715 0.596433
-1.52263 0.617809
-1.51715 0.596433
-1.44033 0.510764
-1.36351 0.464791
-1.31413 0.483683
-1.37997 0.514693
-1.30316 0.464791
-1.35802 0.487507
-1.47874 0.558905
-1.44582 0.592203
-1.42387 0.558905
-1.40192 0.495199
-1.41838 0.567139
-1.43484 0.567139
-1.40741 0.558905
-1.47874 0.626465
-1.56653 0.707076
-1.51715 0.684194
-1.50069 0.600678
-1.53909 0.643957
-1.53361 0.604938
-1.52812 0.648367
-1.54458 0.609213
-1.44033 0.514693
-1.48422 0.487507
-1.48422 0.542617
-1.52263 0.518637
-1.44582 0.52657
-1.39095 0.491345
-1.50069 0.546667
-1.61043 0.626465
-1.56104 0.583788
-1.50069 0.609213
-1.47874 0.55481
-1.53361 0.617809
-1.4513 0.600678
-1.47874 0.648367
-1.4952 0.679663
-1.47325 0.639561
-1.51715 0.684194
-1.43484 0.622129
-1.40192 0.604938
-1.46228 0.622129
-1.48422 0.617809
-1.56104 0.66169
-1.4513 0.596433
-1.51166 0.613504
-1.51166 0.596433
-1.48422 0.579603
-1.47325 0.600678
-1.48971 0.66616
-1.41289 0.583788
-1.43484 0.600678
-1.50617 0.609213
-1.41289 0.575434
-1.40741 0.558905
-1.42936 0.575434
-1.37997 0.538583
-1.40741 0.487507
-1.34705 0.424553
-1.44033 0.538583
-1.34156 0.514693
-1.39095 0.476081
-1.31413 0.406865
-1.34156 0.396433
-1.3251 0.417433
-1.34705 0.424553
-1.35802 0.442617
-1.37997 0.472303
-1.36351 0.449948
-1.33608 0.428136
-1.38546 0.479875
-1.36351 0.468539
-1.39643 0.479875
-1.35254 0.438974
-1.33608 0.424553
-1.45679 0.491345
-1.40192 0.438974
-1.34156 0.428136
-1.35802 0.410373
-1.42387 0.461058
-1.45679 0.534564
-1.42387 0.534564
-1.50069 0.604938
-1.46776 0.609213
-1.41289 0.583788
-1.40741 0.534564
-1.42387 0.522596
-1.36351 0.546667
-1.44033 0.55481
-1.44033 0.563015
-1.51715 0.592203
-1.50069 0.622129
-1.46228 0.613504
-1.44033 0.522596
-1.48971 0.600678
-1.37449 0.534564
-1.34156 0.499068
-1.36351 0.514693
-1.31413 0.479875
-1.29218 0.483683
-1.38546 0.542617
-1.43484 0.499068
-1.43484 0.446275
-1.44582 0.483683
-1.44582 0.522596
-1.51166 0.542617
-1.44033 0.522596
-1.41838 0.487507
-1.44582 0.538583
-1.42936 0.522596
-1.4952 0.534564
-1.55556 0.596433
-1.53909 0.639561
-1.4952 0.613504
-1.47874 0.635181
-1.55556 0.635181
-1.50069 0.630815
-1.47874 0.613504
-1.55556 0.652793
-1.54458 0.730333
-1.56104 0.693302
-1.59945 0.702469
-1.62689 0.730333
-1.59396 0.702469
-1.62689 0.702469
-1.45679 0.639561
-1.53909 0.702469
-1.54458 0.675147
-1.60494 0.652793
-1.58848 0.707076
-1.52263 0.675147
-1.52263 0.639561
-1.4513 0.622129
-1.48422 0.630815
-1.53361 0.693302
-1.5775 0.716334
-1.54458 0.711697
-1.4952 0.657234
-1.42936 0.622129
-1.58848 0.725652
-1.57202 0.697878
-1.55556 0.716334
-1.57202 0.74921
-1.64883 0.787687
-1.67627 0.777977
-1.64883 0.773145
-1.54458 0.716334
-1.47325 0.688741
-1.56104 0.74921
-1.61043 0.730333
-1.59945 0.707076
-1.59396 0.675147
-1.59396 0.648367
-1.56104 0.626465
-1.43484 0.579603
-1.42936 0.587988
-1.47874 0.622129
-1.46776 0.652793
-1.4952 0.609213
-1.50069 0.635181
-1.5775 0.688741
-1.57202 0.697878
-1.56653 0.657234
-1.51166 0.657234
-1.52263 0.66616
-1.5775 0.670646
-1.55007 0.643957
-1.59396 0.652793
-1.62689 0.675147
-1.52812 0.622129
-1.47874 0.534564
-1.38546 0.472303
-1.30316 0.45734
-1.40192 0.464791
-1.43484 0.431734
-1.55007 0.442617
-1.52263 0.435347
-1.44582 0.446275
-1.35802 0.438974
-1.369 0.449948
-1.50069 0.55481
-1.37449 0.502951
-1.39095 0.476081
-1.43484 0.479875
-1.43484 0.464791
-1.39095 0.461058
-1.369 0.468539
-1.30864 0.413895
-1.31413 0.399896
-1.31962 0.396433
-1.30864 0.382735
-1.39643 0.369277
-1.40192 0.336686
-1.37997 0.36595
-1.37449 0.396433
-1.37449 0.442617
-1.43484 0.50685
-1.47874 0.530559
-1.34705 0.453636
-1.40741 0.431734
-1.38546 0.428136
-1.44582 0.417433
-1.34156 0.406865
-1.42936 0.491345
-1.41289 0.510764
-1.34705 0.438974
-1.38546 0.522596
-1.41838 0.534564
-1.4952 0.592203
-1.51715 0.583788
-1.47874 0.613504
-1.59396 0.711697
-1.59396 0.697878
-1.5775 0.688741
-1.65981 0.73503
-1.59396 0.684194
-1.46776 0.675147
-1.5775 0.66616
-1.58299 0.679663
-1.50069 0.639561
-1.50617 0.66616
-1.48422 0.66169
-1.48971 0.622129
-1.46228 0.583788
-1.36351 0.518637
-1.369 0.534564
-1.42387 0.579603
-1.4513 0.604938
-1.46228 0.635181
-1.51166 0.626465
-1.48971 0.613504
-1.54458 0.639561
-1.50617 0.579603
-1.47325 0.563015
-1.51715 0.613504
-1.4952 0.52657
-1.51715 0.587988
-1.47325 0.571279
-1.50069 0.534564
-1.50069 0.604938
-1.47874 0.579603
-1.4952 0.613504
-1.46776 0.583788
-1.4952 0.596433
-1.45679 0.583788
-1.47325 0.626465
-1.52812 0.693302
-1.4952 0.657234
-1.48971 0.604938
-1.51166 0.55481
-1.52263 0.579603
-1.53909 0.567139
-1.55007 0.587988
-1.58299 0.538583
-1.45679 0.514693
-1.39095 0.472303
-1.41289 0.52657
-1.40741 0.476081
-1.56653 0.583788
-1.55007 0.657234
-1.45679 0.596433
-1.4513 0.571279
-1.44582 0.600678
-1.45679 0.575434
-1.42387 0.604938
-1.53361 0.697878
-1.52812 0.684194
-1.47874 0.643957
-1.47874 0.657234
-1.34705 0.518637
-1.1989 0.449948
-1.22634 0.435347
-1.33059 0.472303
-1.19342 0.468539
-1.29767 0.50685
-1.3251 0.542617
-1.35254 0.571279
-1.39643 0.575434
-1.37449 0.542617
-1.45679 0.609213
-1.41289 0.495199
-1.38546 0.50685
-1.34156 0.472303
-1.31413 0.453636
-1.369 0.487507
-1.44582 0.446275
-1.47325 0.464791
-1.33059 0.372619
-1.41289 0.389554
-1.42387 0.352794
-1.41289 0.296569
-1.31413 0.317855
-1.31413 0.311698
-1.36351 0.324072
-1.40192 0.417433
-1.42387 0.431734
-1.42387 0.479875
-1.46228 0.518637
-1.42936 0.495199
-1.43484 0.461058
-1.41289 0.468539
-1.58848 0.622129
-1.59945 0.684194
-1.6214 0.684194
-1.55007 0.66616
-1.53909 0.675147
-1.51166 0.639561
-1.58848 0.688741
-1.5775 0.679663
-1.61043 0.720985
-1.57202 0.675147
-1.56653 0.684194
-1.52812 0.648367
-1.40192 0.583788
-1.46776 0.609213
-1.40192 0.579603
-1.39095 0.518637
-1.39095 0.530559
-1.48971 0.592203
-1.4513 0.639561
-1.42387 0.596433
-1.56653 0.693302
-1.57202 0.716334
-1.50069 0.675147
-1.50617 0.684194
-1.55556 0.675147
-1.54458 0.66169
-1.58299 0.716334
-1.62689 0.768328
-1.63786 0.782824
-1.56104 0.711697
-1.53909 0.716334
-1.53361 0.702469
-1.56653 0.697878
-1.63786 0.739742
-1.69822 0.812224
-1.67627 0.812224
-1.59396 0.739742
-1.63786 0.768328
-1.71468 0.827127
-1.6214 0.773145
-1.47325 0.639561
-1.48971 0.600678
-1.50617 0.657234
-1.51166 0.648367
-1.61043 0.74921
-1.67627 0.827127
-1.73663 0.857339
-1.64335 0.797456
-1.58848 0.744468
-1.65432 0.768328
-1.50069 0.657234
-1.53909 0.670646
-1.56104 0.688741
-1.53909 0.670646
-1.50617 0.66169
-1.41838 0.609213
-1.50069 0.575434
-1.42936 0.510764
-1.36351 0.502951
-1.42936 0.530559
-1.46228 0.563015
-1.51166 0.609213
-1.56653 0.675147
-1.56104 0.675147
-1.51715 0.639561
-1.40741 0.587988
-1.37997 0.558905
-1.47325 0.622129
-1.4952 0.596433
-1.52812 0.657234
-1.54458 0.684194
-1.59945 0.725652
-1.5775 0.688741
-1.61043 0.716334
-1.52263 0.670646
-1.53361 0.652793
-1.51715 0.693302
-1.52263 0.730333
-1.57202 0.73503
-1.56653 0.711697
-1.56104 0.693302
-1.52263 0.670646
-1.53909 0.652793
-1.43484 0.522596
-1.41289 0.522596
-1.38546 0.550731
-1.4513 0.596433
-1.44033 0.567139
-1.47874 0.613504
-1.52263 0.639561
-1.47325 0.550731
-1.27023 0.438974
-1.42387 0.518637
-1.40192 0.530559
-1.4513 0.592203
-1.45679 0.604938
-1.44582 0.579603
-1.46228 0.575434
-1.46228 0.604938
-1.50069 0.679663
-1.52812 0.630815
-1.40741 0.542617
-1.4952 0.592203
-1.48422 0.596433
-1.37449 0.514693
-1.44582 0.546667
-1.45679 0.587988
-1.50069 0.596433
-1.4513 0.571279
-1.43484 0.563015
-1.39095 0.55481
-1.46228 0.563015
-1.35802 0.487507
-1.35802 0.487507
-1.38546 0.575434
-1.51715 0.617809
-1.47874 0.639561
-1.48422 0.670646
-1.4513 0.596433
-1.34705 0.550731
-1.42387 0.575434
-1.4952 0.617809
-1.56653 0.675147
-1.44582 0.613504
-1.45679 0.558905
-1.48971 0.622129
-1.44033 0.583788
-1.45679 0.558905
-1.44033 0.579603
-1.43484 0.587988
-1.35254 0.510764
-1.40741 0.546667
-1.45679 0.558905
-1.44582 0.538583
-1.51715 0.563015
-1.58299 0.596433
-1.58848 0.609213
-1.51715 0.567139
-1.51166 0.567139
-1.45679 0.514693
-1.369 0.392986
-1.35802 0.417433
-1.4513 0.472303
-1.37997 0.446275
-1.3251 0.375976
-1.34156 0.346306
-1.23182 0.247947
-1.25377 0.234474
-1.29218 0.267441
-1.30316 0.261796
-1.42387 0.311698
-1.37997 0.293589
-1.51715 0.362639
-1.50617 0.389554
-1.46776 0.346306
-1.54458 0.339878
-1.54458 0.382735
-1.44582 0.320956
-1.52812 0.339878
-1.4513 0.320956
-1.42387 0.311698
-1.31413 0.261796
-1.38546 0.258996
-1.42387 0.287673
-1.44582 0.330349
-1.30864 0.296569
-1.35802 0.287673
-1.4513 0.352794
-1.2428 0.284737
-1.40741 0.317855
-1.34705 0.305601
-1.37997 0.308642
-1.30316 0.327203
-1.41289 0.35606
-1.41838 0.369277
-1.41838 0.35606
-1.31962 0.327203
-1.369 0.33351
-1.33608 0.299565
-1.37449 0.284737
-1.369 0.278911
-1.35254 0.250686
-1.42936 0.234474
-1.40192 0.264611
-1.40192 0.287673
-1.39095 0.311698
-1.30316 0.234474
-1.22085 0.181998
-1.30316 0.163753
-1.27023 0.159342
-1.23182 0.179664
-1.2428 0.146472
-1.33608 0.154992
-1.33608 0.189088
-1.43484 0.203675
-1.369 0.175043
-1.30864 0.150702
-1.29767 0.146472
-1.31962 0.211171
-1.35254 0.245222
-1.39095 0.278911
-1.40741 0.330349
-1.37449 0.33351
-1.39095 0.320956
-1.3251 0.299565
-1.28121 0.273146
-1.25377 0.299565
-1.30864 0.330349
-1.39095 0.336686
-1.44033 0.352794
-1.48422 0.403373
-1.48971 0.362639
-1.369 0.343084
-1.36351 0.290623
-1.23182 0.278911
-1.35254 0.33351
-1.34705 0.33351
-1.41838 0.389554
-1.4513 0.392986
-1.4513 0.343084
-1.42936 0.359342
-1.38546 0.372619
-1.29218 0.359342
-1.27023 0.320956
-1.27572 0.293589
-1.36351 0.314769
-1.41838 0.349542
-1.29767 0.311698
-1.27572 0.302575
-1.30864 0.36595
-1.31413 0.36595
-1.39095 0.45734
-1.46228 0.530559
-1.40741 0.563015
-1.37997 0.534564
-1.47874 0.617809
-1.4952 0.675147
-1.52812 0.711697
-1.59396 0.730333
-1.54458 0.679663
-1.53909 0.670646
-1.47874 0.66616
-1.35802 0.613504
-1.41289 0.583788
-1.38546 0.579603
-1.41289 0.538583
-1.46228 0.563015
-1.53361 0.600678
-1.47325 0.546667
-1.53361 0.546667
-1.43484 0.518637
-1.35254 0.479875
-1.37449 0.417433
-1.37997 0.502951
-1.31413 0.461058
-1.33059 0.45734
-1.28121 0.428136
-1.41289 0.461058
-1.35254 0.45734
-1.39095 0.461058
-1.44582 0.479875
-1.43484 0.461058
-1.4952 0.534564
-1.44033 0.575434
-1.4513 0.558905
-1.44582 0.563015
-1.52263 0.639561
-1.50617 0.639561
-1.56653 0.657234
-1.60494 0.679663
-1.61043 0.725652
-1.53909 0.707076
-1.44582 0.635181
-1.4952 0.609213
-1.52263 0.635181
-1.57202 0.716334
-1.51166 0.670646
-1.56104 0.66169
-1.52812 0.639561
-1.5775 0.670646
-1.50617 0.648367
-1.43484 0.592203
-1.54458 0.675147
-1.44582 0.604938
-1.39095 0.550731
-1.42936 0.583788
-1.37997 0.563015
-1.31962 0.52657
-1.41838 0.563015
-1.43484 0.546667
-1.39643 0.518637
-1.38546 0.510764
-1.46776 0.596433
-1.47325 0.587988
-1.4513 0.558905
-1.51166 0.617809
-1.4513 0.592203
-1.48971 0.652793
-1.48422 0.639561
-1.51715 0.66616
-1.48422 0.604938
-1.42387 0.587988
-1.38546 0.563015
-1.35802 0.522596
-1.35254 0.534564
-1.40192 0.550731
-1.45679 0.55481
-1.48422 0.609213
-1.46228 0.600678
-1.52812 0.657234
-1.56653 0.684194
-1.48422 0.635181
-1.44582 0.600678
-1.42936 0.514693
-1.40741 0.50685
-1.46776 0.563015
-1.46228 0.55481
-1.35802 0.514693
-1.34156 0.575434
-1.35254 0.510764
-1.34156 0.499068
-1.3251 0.453636
-1.41289 0.472303
-1.35802 0.449948
-1.33608 0.379348
-1.24829 0.320956
-1.35254 0.308642
-1.39095 0.343084
-1.2428 0.267441
-1.27023 0.281817
-1.34705 0.324072
-1.20988 0.330349
-1.23731 0.308642
-1.1989 0.320956
-1.29218 0.382735
-1.30316 0.453636
-1.37997 0.510764
-1.41289 0.579603
-1.43484 0.609213
-1.48971 0.579603
-1.50617 0.542617
-1.48422 0.550731
-1.48971 0.571279
-1.56653 0.630815
-1.52263 0.630815
-1.53361 0.66169
-1.48422 0.643957
-1.48971 0.657234
-1.48422 0.66616
-1.50069 0.693302
-1.4952 0.657234
-1.50069 0.652793
-1.4952 0.66169
-1.50069 0.652793
-1.64335 0.74921
-1.55556 0.693302
-1.68176 0.773145
-1.63786 0.730333
-1.6214 0.725652
-1.62689 0.74921
-1.48971 0.643957
-1.47325 0.600678
-1.44582 0.617809
-1.57202 0.684194
-1.55007 0.66616
-1.39643 0.567139
-1.4952 0.583788
-1.52812 0.592203
-1.46228 0.579603
-1.56653 0.639561
-1.57202 0.679663
-1.69273 0.744468
-1.68176 0.768328
-1.50617 0.693302
-1.58848 0.730333
-1.57202 0.66616
-1.44033 0.635181
-1.42936 0.604938
-1.35802 0.530559
-1.42387 0.499068
-1.38546 0.534564
-1.45679 0.50685
-1.37449 0.442617
-1.35802 0.406865
-1.31413 0.45734
-1.24829 0.399896
-1.31962 0.45734
-1.42387 0.476081
-1.45679 0.491345
-1.50617 0.542617
-1.39643 0.438974
-1.37997 0.45734
-1.30316 0.35606
-1.34156 0.352794
-1.4513 0.372619
-1.41289 0.372619
-1.42387 0.386137
-1.52812 0.382735
-1.50617 0.36595
-1.47874 0.375976
-1.50069 0.372619
-1.50069 0.369277
-1.51715 0.352794
-1.54458 0.343084
-1.50069 0.406865
-1.41289 0.339878
-1.47874 0.346306
-1.47325 0.379348
-1.4952 0.392986
-1.51166 0.406865
-1.50069 0.399896
-1.36351 0.35606
-1.37449 0.362639
-1.41289 0.399896
-1.39095 0.386137
-1.34705 0.406865
-1.41838 0.424553
-1.39643 0.428136
-1.50069 0.461058
-1.44582 0.464791
-1.52812 0.476081
-1.59396 0.510764
-1.43484 0.491345
-1.58299 0.592203
-1.61591 0.622129
-1.63786 0.630815
-1.53909 0.583788
-1.45679 0.534564
-1.42936 0.567139
-1.43484 0.575434
-1.369 0.546667
-1.39643 0.558905
-1.48971 0.575434
-1.55556 0.575434
-1.47325 0.55481
-1.42936 0.50685
-1.4952 0.522596
-1.37997 0.461058
-1.40192 0.461058
-1.33608 0.495199
-1.41289 0.542617
-1.40741 0.579603
-1.44582 0.643957
-1.48422 0.679663
-1.4513 0.626465
-1.51715 0.648367
-1.45679 0.639561
-1.50617 0.693302
-1.48422 0.635181
-1.52812 0.670646
-1.57202 0.702469
-1.63786 0.739742
-1.58848 0.739742
-1.51715 0.693302
-1.61043 0.73503
-1.56653 0.730333
-1.62689 0.768328
-1.66529 0.797456
-1.68176 0.787687
-1.56104 0.697878
-1.48971 0.657234
-1.56104 0.693302
-1.55007 0.716334
-1.52812 0.679663
-1.55007 0.707076
-1.4952 0.643957
-1.46228 0.592203
-1.41289 0.596433
-1.31413 0.52657
-1.33059 0.52657
-1.3251 0.55481
-1.42387 0.546667
-1.39643 0.550731
-1.4513 0.567139
-1.52812 0.613504
-1.48971 0.575434
-1.4513 0.563015
-1.40741 0.563015
-1.31962 0.495199
-1.34705 0.575434
-1.45679 0.652793
-1.46776 0.613504
-1.41289 0.613504
-1.37997 0.583788
-1.42936 0.609213
-1.42387 0.587988
-1.45679 0.604938
-1.50069 0.635181
-1.51715 0.688741
-1.57202 0.679663
-1.59396 0.725652
-1.58848 0.707076
-1.58848 0.707076
-1.6214 0.777977
-1.58299 0.744468
-1.60494 0.758739
-1.52812 0.716334
-1.4952 0.679663
-1.46228 0.670646
-1.43484 0.643957
-1.42936 0.583788
-1.42387 0.596433
-1.46776 0.583788
-1.4952 0.538583
-1.42936 0.542617
-1.47325 0.579603
-1.58299 0.657234
-1.48971 0.617809
-1.56104 0.679663
-1.65432 0.744468
-1.61043 0.693302
-1.58299 0.66616
-1.54458 0.622129
-1.5775 0.688741
-1.52812 0.66616
-1.56653 0.66169
-1.61043 0.684194
-1.54458 0.711697
-1.50069 0.66169
-1.53361 0.670646
-1.52263 0.688741
-1.53361 0.697878
-1.60494 0.711697
-1.57202 0.670646
-1.59396 0.702469
-1.58299 0.688741
-1.50069 0.643957
-1.38546 0.575434
-1.41838 0.571279
-1.39095 0.600678
-1.42387 0.609213
-1.369 0.546667
-1.40192 0.563015
-1.47874 0.587988
-1.46776 0.600678
-1.41289 0.592203
-1.53361 0.622129
-1.44033 0.546667
-1.35254 0.479875
-1.34705 0.449948
