-2 1
-1.76955 0.842165
-1.56653 0.711697
-1.48422 0.657234
-1.47325 0.670646
-1.4952 0.679663
-1.47325 0.609213
-1.31962 0.538583
-1.35254 0.50685
-1.30864 0.472303
-1.27572 0.435347
-1.27023 0.449948
-1.25377 0.453636
-1.26475 0.417433
-1.41838 0.502951
-1.29218 0.449948
-1.33059 0.442617
-1.33059 0.442617
-1.31962 0.491345
-1.33059 0.399896
-1.39095 0.479875
-1.33059 0.514693
-1.19342 0.410373
-1.27023 0.45734
-1.3251 0.449948
-1.28669 0.417433
-1.26475 0.449948
-1.30864 0.476081
-1.3251 0.502951
-1.28121 0.45734
-1.17147 0.379348
-1.31962 0.449948
-1.31962 0.396433
-1.25926 0.399896
-1.29218 0.379348
-1.30316 0.296569
-1.17695 0.218803
-1.06173 0.198752
-1.18244 0.216244
-1.16049 0.184346
-1.25926 0.186709
-1.28669 0.177346
-1.22634 0.159342
-1.1989 0.170482
-1.1989 0.189088
-1.17147 0.170482
-1.15501 0.165981
-1.10562 0.159342
-1.09465 0.146472
-1.21536 0.175043
-1.23182 0.253441
-1.11111 0.273146
-1.26475 0.36595
-1.27572 0.273146
-1.2428 0.216244
-1.21536 0.157159
-1.31413 0.148579
-1.18244 0.080628
-1.1989 0.0853698
-1.07819 0.0630155
-1.04527 0.0363559
-1.0727 0.033285
-1.16598 0.0429041
-1.16049 0.0630155
-1.10562 0.0537426
-1.06173 0.0452073
-1.1166 0.0215433
-1.03429 0.0215433
-1.01235 0.0248852
-0.91358 0.0257583
-1.01783 0.0266464
-1.12757 0.0177047
-1.1166 0.0142424
-1.04527 0.0184423
-1.03978 0.00528563
-1.05075 0.0105844
-1.13855 0.0135951
-1.09465 0.0284679
-1.12757 0.0275496
-1.13855 0.0417751
-1.06722 0.0417751
-1.01235 0.0384784
-0.984911 0.00569207
-0.946502 0.00528563
-1.10562 0.000423377
-1.05075 0.000227683
-1.0727 0.000227683
-1.13855 0.00180829
-1.14952 0.00948553
-1.02332 0.000152416
-1.02881 0.000543804
-1.12209 0.00611357
-1.12209 0.00895866
-1.08368 0.00230505
-1.14403 0.00844685
-1.11111 0.0117435
-1.09465 0.00844685
-1.03429 0.00700172
-0.990398 0.00569207
-0.951989 0.00415662
-0.984911 0.0257583
-0.935528 0.0303496
-1.07819 0.0512286
-0.984911 0.0524781
-0.880658 0.0686454
-0.941015 0.0475707
-0.930041 0.0284679
-1.07819 0.0869805
-1.01783 0.0790775
-0.995885 0.0700906
-1.00686 0.0672154
-1.0727 0.112948
-0.973937 0.142302
-0.973937 0.107483
-1.06722 0.120444
-1.12757 0.140239
-1.04527 0.111111
-1.01783 0.098677
-1.0727 0.073026
-1.01235 0.0524781
-1.01235 0.0616456
-0.935528 0.073026
-1.06722 0.120444
-1.16049 0.080628
-1.02332 0.0886063
-1.05624 0.0969609
-1.07819 0.0512286
-1.03978 0.0886063
-0.984911 0.0537426
-1.02332 0.0363559
-1.04527 0.073026
-1.13306 0.111111
-1.09465 0.107483
-1.25377 0.168224
-1.22085 0.19389
-1.11111 0.175043
-1.13855 0.157159
-1.22634 0.175043
-1.20439 0.16154
-1.10014 0.146472
-1.17695 0.138192
-1.20439 0.107483
-1.20439 0.0760216
-1.09465 0.0384784
-0.96845 0.0395622
-1.00137 0.0363559
-1.14403 0.0658003
-1.16049 0.080628
-1.13855 0.091903
-1.07819 0.0550221
-1.10562 0.0248852
-1.08916 0.0199627
-1.1166 0.0129629
-1.13855 0.0275496
-1.08368 0.0149048
-1.14952 0.0266464
-1.17695 0.033285
-1.11111 0.0616456
-1.19342 0.0384784
-1.05624 0.0563167
-1.01235 0.0363559
-1.20988 0.0524781
-1.18793 0.0616456
-1.13855 0.0630155
-1.13306 0.0395622
-1.13306 0.0384784
-1.10562 0.0395622
-1.00137 0.0487749
-1.03429 0.0644004
-0.973937 0.0853698
-1.05075 0.105692
-1.02881 0.0969609
-0.995885 0.100408
-1.05624 0.120444
-1.05075 0.105692
-1.07819 0.0935739
-1.07819 0.102154
-1.1166 0.118547
-1.10562 0.080628
-1.12757 0.112948
-1.01235 0.0821935
-1.06722 0.080628
-1.05624 0.0700906
-1.01783 0.0440482
-1.07819 0.0149048
-1.08368 0.0135951
-1.05075 0.0162746
-1.06173 0.0452073
-1.04527 0.0550221
-1.11111 0.0429041
-1.07819 0.0384784
-1.10014 0.0266464
-1.11111 0.0149048
-1.14403 0.0149048
-1.07819 0.0105844
-1.13306 0.0223562
-1.18244 0.0374096
-1.09465 0.0266464
-1.13306 0.0487749
-1.1989 0.0550221
-1.16598 0.0440482
-1.12209 0.0284679
-1.06173 0.0284679
-1.10562 0.0266464
-1.08368 0.0537426
-1.02332 0.0294012
-1.00686 0.0363559
-0.990398 0.0284679
-1.08368 0.0266464
-1.01783 0.0303496
-1.09465 0.0537426
-1.00137 0.0616456
-1.14952 0.0550221
-1.13855 0.0429041
-1.09465 0.0363559
-1.08916 0.0475707
-1.01783 0.0512286
-1.03429 0.0550221
-1.05624 0.0644004
-1.18793 0.091903
-1.0727 0.130154
-1.10014 0.107483
-1.07819 0.118547
-1.08916 0.148579
-1.12757 0.184346
-1.13855 0.157159
-1.1166 0.132141
-1.20439 0.128182
-1.18244 0.118547
-1.15501 0.148579
-1.20988 0.19389
-1.2428 0.211171
-1.17695 0.196313
-1.20439 0.186709
-1.14403 0.184346
-1.08916 0.128182
-1.16049 0.144379
-1.29767 0.181998
-1.24829 0.163753
-1.22634 0.130154
-1.1989 0.16154
-1.25377 0.163753
-1.23731 0.163753
-1.29767 0.163753
-1.20439 0.128182
-1.18244 0.122356
-1.17695 0.146472
-1.13855 0.120444
-1.21536 0.103916
-1.14952 0.138192
-1.16049 0.134143
-1.05075 0.140239
-1.16049 0.120444
-1.10562 0.112948
-1.1166 0.080628
-0.979424 0.0524781
-1.05075 0.0322914
-1.1166 0.0417751
-1.07819 0.077542
-1.1166 0.080628
-1.1166 0.116666
-1.19342 0.0853698
-1.22085 0.132141
-1.31413 0.13616
-1.31962 0.105692
-1.19342 0.150702
-1.14403 0.130154
-1.16598 0.150702
-1.17147 0.132141
-1.13306 0.132141
-1.27572 0.250686
-1.24829 0.22919
-1.20439 0.226571
-1.1166 0.19389
-1.14403 0.170482
-1.11111 0.196313
-1.08368 0.114799
-1.12757 0.118547
-1.17695 0.16154
-1.14952 0.181998
-1.11111 0.189088
-1.14403 0.191481
-1.25377 0.231824
-1.22634 0.226571
-1.1989 0.191481
-1.1989 0.189088
-1.20439 0.203675
-1.29767 0.2137
-1.23731 0.239818
-1.14952 0.211171
-1.21536 0.278911
-1.29218 0.281817
-1.1989 0.290623
-1.16598 0.299565
-1.18244 0.299565
-1.18244 0.258996
-1.11111 0.237138
-1.21536 0.33351
-1.25377 0.339878
-1.30316 0.417433
-1.37997 0.413895
-1.35254 0.442617
-1.28669 0.410373
-1.33608 0.428136
-1.27572 0.389554
-1.27572 0.410373
-1.31413 0.403373
-1.29767 0.45734
-1.29218 0.424553
-1.34156 0.446275
-1.34156 0.399896
-1.25377 0.352794
-1.17147 0.250686
-1.16049 0.223967
-1.12209 0.226571
-0.995885 0.186709
-1.04527 0.2137
-1.06173 0.239818
-1.12209 0.242512
-1.06722 0.196313
-1.05075 0.184346
-1.13855 0.253441
-1.09465 0.168224
-1.02881 0.157159
-1.05075 0.196313
-1.13855 0.242512
-1.20439 0.247947
-1.03978 0.208657
-1.20439 0.206158
-1.17695 0.234474
-1.06173 0.198752
-1.00686 0.152839
-1.04527 0.144379
-1.01235 0.126225
-1.0727 0.157159
-1.04527 0.148579
-1.08368 0.157159
-1.03978 0.148579
-1.05075 0.102154
-1.00686 0.0672154
-1.03429 0.114799
-1.08916 0.157159
-1.00137 0.140239
-1.08916 0.159342
-1.17147 0.206158
-1.17695 0.189088
-1.0727 0.118547
-1.05624 0.138192
-1.10562 0.142302
-1.12209 0.130154
-1.10562 0.138192
-1.11111 0.159342
-1.16049 0.181998
-1.1166 0.148579
-1.15501 0.218803
-1.11111 0.281817
-1.06173 0.290623
-1.13855 0.270286
-1.15501 0.305601
-1.17147 0.287673
-1.16049 0.261796
-1.15501 0.234474
-1.10014 0.184346
-0.990398 0.112948
-1.00686 0.132141
-1.16598 0.203675
-1.20988 0.216244
-1.21536 0.208657
-1.21536 0.231824
-1.21536 0.256211
-1.22634 0.256211
-1.20439 0.256211
-1.22634 0.264611
-1.16598 0.245222
-1.1989 0.223967
-1.22085 0.231824
-1.1989 0.226571
-1.24829 0.276021
-1.20988 0.253441
-1.23731 0.256211
-1.20988 0.22919
-1.17695 0.276021
-1.09465 0.245222
-1.08916 0.22919
-1.14952 0.256211
-1.19342 0.287673
-1.17147 0.324072
-1.10562 0.311698
-1.17147 0.296569
-1.18244 0.317855
-1.17695 0.273146
-1.14403 0.264611
-1.16049 0.273146
-1.15501 0.305601
-1.25377 0.317855
-1.17147 0.256211
-1.14403 0.264611
-1.16049 0.327203
-1.16598 0.308642
-1.16049 0.239818
-1.12757 0.191481
-1.19342 0.264611
-1.12757 0.231824
-1.14403 0.247947
-1.22634 0.339878
-1.26475 0.417433
-1.13306 0.290623
-1.17147 0.305601
-1.13855 0.330349
-1.12757 0.302575
-1.19342 0.375976
-1.26475 0.336686
-1.27572 0.281817
-1.24829 0.276021
-1.20439 0.208657
-1.20439 0.239818
-1.14952 0.33351
-1.17147 0.330349
-1.18793 0.320956
-1.24829 0.396433
-1.27023 0.379348
-1.27572 0.431734
-1.21536 0.403373
-1.25377 0.495199
-1.33608 0.50685
-1.34156 0.522596
-1.29767 0.45734
-1.31962 0.428136
-1.35254 0.464791
-1.24829 0.382735
-1.20439 0.35606
-1.1989 0.413895
-1.21536 0.399896
-1.29767 0.438974
-1.24829 0.362639
-1.12757 0.317855
-1.22634 0.349542
-1.29767 0.389554
-1.24829 0.369277
-1.17695 0.327203
-1.16049 0.320956
-1.22634 0.349542
-1.29767 0.399896
-1.37997 0.442617
-1.30316 0.406865
-1.27023 0.403373
-1.33608 0.461058
-1.34705 0.420986
-1.35254 0.442617
-1.38546 0.476081
-1.30864 0.468539
-1.26475 0.406865
-1.23731 0.317855
-1.25377 0.296569
-1.16598 0.33351
-1.1989 0.314769
-1.20988 0.343084
-1.12209 0.201206
-1.12209 0.216244
-1.16598 0.191481
-1.2428 0.261796
-1.12209 0.206158
-1.13306 0.186709
-1.20439 0.216244
-1.17147 0.196313
-1.18244 0.239818
-1.16049 0.211171
-1.10562 0.189088
-1.10562 0.181998
-1.1989 0.211171
-1.18244 0.19389
-1.08368 0.170482
-1.11111 0.165981
-1.01235 0.165981
-1.01783 0.159342
-1.11111 0.122356
-1.10562 0.112948
-1.05075 0.124283
-1.18244 0.177346
-1.18793 0.168224
-1.20439 0.122356
-1.17147 0.111111
-1.22634 0.098677
-1.06173 0.0760216
-1.08368 0.0790775
-1.19342 0.0715507
-1.0727 0.0550221
-1.09465 0.0417751
-1.12757 0.0452073
-1.13306 0.0658003
-1.03429 0.0563167
-1.03429 0.0512286
-1.02881 0.0452073
-1.08916 0.0658003
-1.02881 0.0452073
-0.995885 0.0463814
-1.02881 0.0207455
-1.03429 0.0384784
-1.05075 0.0700906
-1.04527 0.0935739
-1.05624 0.0902471
-1.00686 0.0952599
-1.07819 0.102154
-1.02881 0.105692
-1.04527 0.114799
-1.17695 0.142302
-1.17695 0.0935739
-1.13306 0.0616456
-1.13855 0.0257583
-1.04527 0.00948553
-1.08368 0.00489424
-1.05624 0.00611357
-1.09465 0.00844685
-1.13306 0.00895866
-1.14403 0.00844685
-1.18793 0.00347922
-1.09465 0.00117605
-1.03978 0.000227683
-1.02881 4.70419e-05
-1.10562 0.000152416
-1.13855 0.000679285
-1.01235 1.69351e-05
-1.02881 0.0123457
-1.14403 0.00230505
-1.08916 1.69351e-05
-1.20439 0.000995407
-1.09465 0.000152416
-1.07819 0.00948553
-1.09465 0.00528563
-1.04527 1.69351e-05
-1.02332 4.70419e-05
-1.08916 0.00257602
-1.02881 0.00415662
-1.0727 0.000679285
-1.12209 0.000995407
-1.12757 0.00569207
-1.03978 0.00158249
-1.06722 0.0142424
-0.957476 0.00489424
-1.10562 0.00948553
-1.09465 0.00895866
-1.1166 0.00844685
-1.02881 0.00347922
-1.05075 0.00451791
-0.984911 0.00117605
-0.995885 0.00489424
-1.08368 0.00746837
-1.01235 0.0322914
-1.01783 0.0463814
-1.05075 0.0576263
-1.06173 0.0602908
-1.0727 0.077542
-1.02332 0.077542
-1.06173 0.120444
-1.05624 0.102154
-1.12209 0.098677
-1.08368 0.152839
-1.16049 0.170482
-1.20988 0.191481
-1.17147 0.179664
-1.02332 0.144379
-1.04527 0.098677
-1.0727 0.112948
-1.0727 0.124283
-1.01783 0.111111
-1.05624 0.13616
-1.11111 0.170482
-1.23731 0.218803
-1.17147 0.203675
-1.18244 0.191481
-1.22085 0.226571
-1.20988 0.19389
-1.16598 0.112948
-1.12209 0.116666
-1.12209 0.100408
-1.05624 0.112948
-1.15501 0.0790775
-1.08916 0.091903
-1.00686 0.0658003
-0.995885 0.0512286
-0.941015 0.080628
-1.06722 0.0440482
-1.0727 0.0576263
-1.1989 0.0790775
-1.23731 0.146472
-1.13306 0.146472
-1.18244 0.170482
-1.18244 0.181998
-1.27572 0.203675
-1.15501 0.170482
-1.16598 0.216244
-1.15501 0.218803
-1.05075 0.154992
-1.0727 0.138192
-1.06173 0.142302
-1.08368 0.132141
-1.07819 0.150702
-1.00686 0.10929
-1.08916 0.157159
-1.15501 0.2137
-1.26475 0.165981
-1.20439 0.159342
-1.14952 0.201206
-1.18244 0.242512
-1.14952 0.234474
-1.22634 0.218803
-1.21536 0.2137
-1.2428 0.239818
-1.28669 0.296569
-1.28121 0.278911
-1.26475 0.287673
-1.12757 0.191481
-1.13306 0.218803
-1.17695 0.308642
-1.25926 0.324072
-1.20439 0.258996
-1.09465 0.223967
-1.14952 0.239818
-1.08368 0.231824
-1.08368 0.2137
-1.0727 0.2137
-1.18793 0.245222
-1.26475 0.253441
-1.28669 0.327203
-1.25377 0.343084
-1.30316 0.311698
-1.25926 0.293589
-1.20439 0.327203
-1.26475 0.375976
-1.29767 0.369277
-1.25377 0.317855
-1.33608 0.417433
-1.29218 0.35606
-1.22085 0.320956
-1.18244 0.256211
-1.13855 0.302575
-1.10562 0.264611
-1.07819 0.250686
-1.03429 0.234474
-1.09465 0.231824
-1.06173 0.184346
-1.00686 0.0935739
-1.0727 0.0869805
-1.13855 0.0952599
-1.16049 0.118547
-1.1166 0.098677
-1.15501 0.118547
-1.16049 0.107483
-1.17695 0.138192
-1.18244 0.152839
-1.12757 0.130154
-1.02332 0.0886063
-1.09465 0.0886063
-1.1989 0.0700906
-1.1166 0.0902471
-1.01235 0.0969609
-1.07819 0.186709
-0.990398 0.172755
-1.02881 0.138192
-1.06722 0.13616
-1.12209 0.128182
-1.1166 0.10929
-1.08916 0.181998
-1.17695 0.132141
-1.16598 0.114799
-1.11111 0.105692
-1.11111 0.0644004
-1.22634 0.0790775
-1.20988 0.0524781
-1.27572 0.0616456
-1.20988 0.0499943
-1.19342 0.0524781
-1.1166 0.033285
-1.20439 0.0322914
-1.23731 0.0257583
-1.14403 0.0284679
-1.14952 0.058951
-1.16049 0.0452073
-1.25377 0.0223562
-1.25926 0.0257583
-1.20439 0.033285
-1.29767 0.0384784
-1.28669 0.0177047
-1.29767 0.0284679
-1.19342 0.0223562
-1.20988 0.0207455
-1.14952 0.00746837
-1.12209 0.0257583
-1.12757 0.073026
-1.1166 0.0658003
-1.10562 0.0686454
-1.08916 0.0384784
-1.03978 0.0374096
-1.08916 0.0342936
-1.17147 0.0576263
-1.07819 0.0429041
-1.12757 0.077542
-1.05075 0.0475707
-1.11111 0.0715507
-1.21536 0.091903
-1.10562 0.105692
-1.08916 0.159342
-1.13855 0.203675
-1.02332 0.177346
-1.07819 0.132141
-1.19342 0.140239
-1.1166 0.0760216
-1.1166 0.0837741
-1.09465 0.0821935
-1.07819 0.0853698
-1.10562 0.0886063
-1.06722 0.0886063
-1.07819 0.077542
-1.12209 0.0658003
-1.13306 0.0715507
-1.12209 0.0869805
-1.0727 0.0952599
-1.08368 0.122356
-1.10014 0.0952599
-1.11111 0.0886063
-1.12209 0.0837741
-1.13306 0.100408
-1.20988 0.168224
-1.08916 0.168224
-1.08368 0.132141
-1.14952 0.13616
-1.08916 0.112948
-1.22634 0.163753
-1.08916 0.142302
-1.05075 0.116666
-1.09465 0.138192
-1.16598 0.206158
-1.21536 0.221377
-1.23731 0.281817
-1.23182 0.2137
-1.17147 0.216244
-1.13855 0.203675
-1.10014 0.231824
-1.09465 0.196313
-1.05624 0.181998
-0.995885 0.148579
-1.10562 0.112948
-1.00137 0.0790775
-1.06722 0.100408
-1.0727 0.118547
-1.00137 0.0869805
-1.06722 0.080628
-1.1989 0.112948
-1.12209 0.122356
-1.10562 0.138192
-1.07819 0.10929
-1.14403 0.165981
-1.02881 0.175043
-1.10014 0.203675
-1.24829 0.273146
-1.30316 0.296569
-1.29218 0.267441
-1.17695 0.278911
-1.18244 0.264611
-1.20988 0.245222
-1.18793 0.296569
-1.26475 0.311698
-1.27023 0.389554
-1.2428 0.379348
-1.1989 0.389554
-1.30864 0.472303
-1.22634 0.359342
-1.16049 0.352794
-1.25377 0.36595
-1.23731 0.359342
-1.20439 0.267441
-1.14952 0.293589
-1.12757 0.261796
-1.07819 0.216244
-1.14403 0.247947
-1.10014 0.22919
-1.14952 0.258996
-1.24829 0.302575
-1.13306 0.261796
-1.27572 0.287673
-1.24829 0.281817
-1.31413 0.320956
-1.27572 0.386137
-1.22085 0.372619
-1.1989 0.33351
-1.1989 0.336686
-1.17147 0.278911
-1.17695 0.287673
-1.1989 0.261796
-1.11111 0.208657
-1.1989 0.211171
-1.16598 0.206158
-1.21536 0.163753
-1.14952 0.142302
-1.1166 0.126225
-1.02881 0.091903
-1.08368 0.152839
-1.08916 0.140239
-1.14403 0.206158
-1.13855 0.231824
-1.06173 0.19389
-1.09465 0.261796
-1.12209 0.253441
-1.10562 0.242512
-1.08916 0.245222
-1.13306 0.221377
-1.14403 0.172755
-1.16598 0.170482
-1.17147 0.163753
-1.10562 0.159342
-1.2428 0.181998
-1.06173 0.184346
-1.14403 0.165981
-1.14403 0.140239
-1.14403 0.148579
-1.1989 0.175043
-1.17147 0.159342
-1.14952 0.172755
-1.22634 0.163753
-1.20988 0.163753
-1.18793 0.198752
-1.12757 0.198752
-1.16049 0.16154
-1.08916 0.103916
-1.12209 0.073026
-1.08916 0.0902471
-1.0727 0.0869805
-1.05624 0.102154
-1.13855 0.116666
-1.17147 0.132141
-1.14403 0.130154
-1.15501 0.102154
-1.07819 0.0853698
-1.10562 0.100408
-1.0727 0.102154
-1.16049 0.114799
-1.17147 0.154992
-1.09465 0.150702
-1.02881 0.10929
-1.13306 0.10929
-1.05075 0.0790775
-1.06722 0.102154
-1.13855 0.16154
-1.08368 0.163753
-1.12209 0.114799
-1.05075 0.0886063
-1.01783 0.0602908
-0.984911 0.0475707
-0.984911 0.0284679
-1.07819 0.0248852
-1.00686 0.0417751
-1.05075 0.0275496
-0.984911 0.0169821
-1.08916 0.0215433
-0.984911 0.0240271
-1.00686 0.0374096
-0.984911 0.0231841
-0.919067 0.0303496
-1.05075 0.0207455
-1.09465 0.0155822
-1.13306 0.0475707
-1.12757 0.0790775
-1.15501 0.0616456
-1.14952 0.0644004
-1.22085 0.0563167
-1.20988 0.0537426
-1.16049 0.0644004
-1.08916 0.073026
-1.04527 0.0487749
-1.15501 0.0322914
-1.18793 0.0275496
-1.14952 0.0248852
-1.14403 0.0184423
-1.16049 0.0248852
-1.02332 0.019195
-1.1166 0.0374096
-1.16598 0.0294012
-1.16598 0.0257583
-1.20439 0.0184423
-1.13855 0.000423377
-1.06722 0.000423377
-1.02332 0.000829819
-1.03429 0.000423377
-0.979424 0.0031631
-0.96845 0.0105844
-1.02332 0.0100275
-1.0727 0.0169821
-1.04527 0.0363559
-1.08368 0.0821935
-1.05075 0.112948
-1.15501 0.140239
-1.13855 0.126225
-1.08916 0.140239
-1.18244 0.144379
-1.13306 0.102154
-1.18793 0.140239
-1.17695 0.102154
-1.22085 0.0658003
-1.13855 0.0266464
-1.1166 0.0429041
-1.01783 0.0342936
-1.12209 0.0537426
-1.15501 0.0952599
-1.16598 0.098677
-1.10562 0.100408
-1.03429 0.152839
-1.12757 0.16154
-1.12757 0.201206
-1.16598 0.218803
-1.14952 0.216244
-1.369 0.278911
-1.31962 0.256211
-1.22634 0.208657
-1.16049 0.2137
-1.18793 0.239818
-1.19342 0.206158
-1.14403 0.247947
-1.17147 0.223967
-1.1166 0.184346
-1.16598 0.2137
-1.1989 0.231824
-1.21536 0.201206
-1.20988 0.203675
-1.17147 0.226571
-1.09465 0.177346
-1.14952 0.179664
-1.14952 0.196313
-1.14952 0.181998
-1.14952 0.152839
-1.05075 0.157159
-1.05075 0.196313
-1.11111 0.159342
-1.01783 0.150702
-0.962963 0.181998
-1.03978 0.175043
-1.05624 0.157159
-1.26475 0.154992
-1.22634 0.146472
-1.29218 0.159342
-1.26475 0.179664
-1.25926 0.116666
-1.15501 0.105692
-1.21536 0.107483
-1.07819 0.080628
-1.06722 0.0550221
-1.00686 0.0374096
-1.02881 0.0475707
-1.03429 0.0616456
-1.05624 0.0630155
-1.05075 0.0463814
-1.1166 0.0563167
-1.10014 0.0550221
-1.13306 0.0487749
-1.14952 0.0199627
-1.01235 0.0257583
-1.12757 0.0487749
-1.1166 0.0240271
-1.08916 0.0284679
-1.09465 0.0223562
-1.05075 0.0135951
-1.05075 0.00895866
-1.11111 0.00948553
-1.10562 0.00117605
-1.13306 0.00257602
-1.1166 0.00257602
-1.09465 0.00381039
-1.05075 0.000543804
-1.09465 0.000227683
-1.16049 0.000679285
-1.12209 0.00204915
-1.1166 0.0031631
-1.1989 0.00347922
-1.17147 0.00381039
-1.1166 0.000152416
-1.13306 1.69351e-05
-1.22634 0.000829819
-1.18244 0.00137174
-1.15501 0.00451791
-1.23182 0.000318003
-1.23182 0.00180829
-1.14403 0.00347922
-1.06722 0.00347922
-1.04527 4.70419e-05
-1.03978 0.00117605
-1.07819 0.00381039
-1.06722 0.00257602
-0.962963 0.00204915
-0.979424 0.00180829
-0.973937 0.00137174
-0.941015 4.70419e-05
-1.00686 0.00948553
-1.02332 0.00204915
-1.06722 0.0117435
-1.03429 0.0177047
-1.11111 0.0248852
-1.10562 0.0284679
-1.12757 0.0169821
-1.13306 0.0184423
-1.22085 0.0177047
-1.23182 0.0406611
-1.20988 0.058951
-1.1166 0.0630155
-1.20988 0.0512286
-1.20439 0.0644004
-1.17695 0.0630155
-1.23731 0.0563167
-1.28121 0.102154
-1.23731 0.120444
-1.13855 0.080628
-1.25377 0.0700906
-1.23731 0.0537426
-1.28121 0.0322914
-1.19342 0.0215433
-1.31413 0.0248852
-1.2428 0.00700172
-1.12209 0.0177047
-1.13855 0.0524781
-1.22085 0.0853698
-1.09465 0.0715507
-1.09465 0.0837741
-1.18793 0.0715507
-1.09465 0.0672154
-1.05075 0.0142424
-1.1166 0.0223562
-1.14403 0.0353172
-1.10014 0.0231841
-1.05624 0.0215433
-1.08916 0.0257583
-1.12209 0.0487749
-1.16049 0.0672154
-1.09465 0.077542
-1.19342 0.0715507
-1.2428 0.0644004
-1.29767 0.118547
-1.29767 0.098677
-1.30316 0.0790775
-1.31413 0.077542
-1.23731 0.0886063
-1.22634 0.103916
-1.23182 0.118547
-1.11111 0.058951
-1.15501 0.073026
-1.14952 0.0658003
-1.13306 0.080628
-1.04527 0.0837741
-1.06173 0.0630155
-1.13306 0.0284679
-1.10562 0.0417751
-1.1166 0.0199627
-1.12209 0.00795008
-1.12757 0.0123457
-1.12757 0.0100275
-1.27023 0.00569207
-1.19342 0.00746837
-1.14403 0.000423377
-1.26475 0.00117605
-1.20988 0.00257602
-1.23731 0.0169821
-1.23182 0.00158249
-1.30864 0.00415662
-1.23182 0.00117605
-1.18244 0.00569207
-1.23731 0.0105844
-1.12757 0.0215433
-1.22085 0.033285
-1.23731 0.0363559
-1.16049 0.0303496
-1.02332 0.073026
-1.11111 0.13616
-1.28121 0.157159
-1.31962 0.172755
-1.23182 0.201206
-1.30316 0.184346
-1.21536 0.172755
-1.21536 0.13616
-1.18244 0.091903
-1.23731 0.130154
-1.23731 0.126225
-1.20439 0.120444
-1.22085 0.152839
-1.18793 0.175043
-1.19342 0.157159
-1.23182 0.223967
-1.2428 0.308642
-1.08916 0.211171
-1.2428 0.276021
-1.27572 0.281817
-1.28669 0.258996
-1.24829 0.296569
-1.30316 0.290623
-1.2428 0.278911
-1.31962 0.299565
-1.24829 0.278911
-1.23182 0.22919
-1.20988 0.221377
-1.20439 0.184346
-1.1166 0.168224
-1.13855 0.181998
-1.09465 0.184346
-1.15501 0.172755
-1.11111 0.144379
-1.23182 0.170482
-1.22085 0.13616
-1.17147 0.132141
-1.16049 0.114799
-1.08916 0.0837741
-1.14952 0.0952599
-1.10562 0.0886063
-1.16049 0.122356
-1.19342 0.159342
-1.35802 0.189088
-1.21536 0.122356
-1.14403 0.0745163
-1.10014 0.0475707
-1.08916 0.0294012
-1.03429 0.0231841
-1.06722 0.00795008
-1.08916 0.0162746
-1.01783 0.0117435
-1.00137 0.0199627
-1.07819 0.0248852
-1.01235 0.0524781
-0.951989 0.0512286
-1.04527 0.0429041
-1.1166 0.0374096
-1.00137 0.0658003
-1.04527 0.103916
-1.03429 0.105692
-1.07819 0.0760216
-1.06173 0.0630155
-1.17147 0.0550221
-1.13306 0.0790775
-1.0727 0.0886063
-1.08368 0.154992
-1.03429 0.148579
-0.946502 0.126225
-0.825789 0.0499943
-0.853224 0.058951
-0.946502 0.0550221
-1.13855 0.0487749
-1.05624 0.0395622
-0.984911 0.0686454
-1.00137 0.0463814
-1.11111 0.058951
-0.919067 0.0475707
-1.02332 0.0512286
-1.03429 0.102154
-1.06722 0.103916
-1.0727 0.146472
-1.10562 0.206158
-1.22085 0.261796
-1.26475 0.258996
-1.22085 0.281817
-1.25926 0.267441
-1.08916 0.2137
-1.07819 0.201206
-1.13306 0.206158
-1.14403 0.208657
-1.06722 0.196313
-1.13306 0.223967
-1.1989 0.239818
-1.29218 0.22919
-1.24829 0.175043
-1.20988 0.165981
-1.27572 0.19389
-1.30316 0.206158
-1.22634 0.157159
-1.19342 0.191481
-1.16598 0.157159
-1.15501 0.144379
-1.06173 0.0935739
-1.00137 0.080628
-0.995885 0.0745163
-1.02332 0.0886063
-1.01783 0.080628
-1.06173 0.0745163
-1.1166 0.100408
-1.02881 0.0902471
-0.995885 0.0715507
-1.00137 0.0658003
-0.973937 0.0700906
-0.96845 0.0463814
-0.96845 0.0342936
-1.02881 0.0207455
-1.07819 0.0248852
-1.09465 0.0616456
-1.12209 0.080628
-1.01783 0.0790775
-1.11111 0.080628
-1.06173 0.073026
-1.08368 0.0475707
-0.995885 0.0257583
-0.973937 0.0231841
-0.990398 0.0215433
-1.09465 0.0240271
-1.25926 0.0384784
-1.30316 0.0487749
-1.2428 0.0440482
-1.27023 0.0537426
-1.1989 0.0452073
-1.18244 0.0275496
-1.21536 0.0149048
-1.12209 0.0303496
-1.18244 0.0275496
-1.21536 0.0395622
-1.12209 0.0499943
-1.10014 0.0700906
-1.12209 0.0935739
-1.17147 0.10929
-1.23731 0.098677
-1.19342 0.103916
-1.06722 0.122356
-1.06722 0.152839
-1.09465 0.0902471
-1.02881 0.080628
-1.12757 0.077542
-1.02881 0.0616456
-0.984911 0.0563167
-1.04527 0.0440482
-1.06173 0.0353172
-1.12209 0.0406611
-1.11111 0.0417751
-1.12209 0.073026
-1.1166 0.0760216
-1.09465 0.120444
-1.1166 0.112948
-1.15501 0.140239
-1.25377 0.198752
-1.28121 0.211171
-1.30316 0.245222
-1.23731 0.186709
-1.33608 0.163753
-1.20988 0.177346
-1.30864 0.19389
-1.22634 0.177346
-1.25377 0.157159
-1.14952 0.146472
-1.17695 0.165981
-1.13306 0.177346
-1.1989 0.184346
-1.16598 0.154992
-1.13306 0.126225
-1.05624 0.142302
-1.27023 0.165981
-1.25926 0.175043
-1.25926 0.234474
-1.08916 0.191481
-1.11111 0.201206
-1.18244 0.247947
-1.22085 0.226571
-1.12209 0.216244
-1.08368 0.198752
-1.13306 0.226571
-1.03429 0.198752
-1.12757 0.206158
-1.12209 0.179664
-1.12209 0.165981
-1.13855 0.201206
-1.12757 0.163753
-1.17147 0.223967
-1.19342 0.198752
-1.13306 0.159342
-1.13855 0.142302
-1.20439 0.159342
-1.16049 0.16154
-1.16598 0.107483
-1.05075 0.102154
-1.02881 0.091903
-1.0727 0.0658003
-1.10014 0.080628
-1.15501 0.0790775
-1.08916 0.0745163
-1.10562 0.103916
-1.12209 0.0969609
-1.14403 0.132141
-1.1166 0.177346
-1.16598 0.152839
-1.2428 0.177346
-1.12209 0.163753
-1.17695 0.0969609
-1.1166 0.0853698
-1.18244 0.0563167
-1.29767 0.0760216
-1.33608 0.0821935
-1.18793 0.091903
-1.16049 0.0821935
-1.16049 0.0952599
-1.14952 0.0902471
-1.24829 0.144379
-1.15501 0.165981
-1.0727 0.116666
-1.15501 0.154992
-1.06173 0.203675
-1.00686 0.184346
-1.08916 0.223967
-1.16049 0.250686
-1.09465 0.250686
-1.17147 0.299565
-1.30864 0.403373
-1.30316 0.362639
-1.1166 0.281817
-1.26475 0.349542
-1.13855 0.314769
-1.20988 0.284737
-1.27023 0.308642
-1.25926 0.330349
-1.34705 0.369277
-1.39643 0.362639
-1.35254 0.369277
-1.41289 0.413895
-1.35254 0.413895
-1.30864 0.375976
-1.29767 0.375976
-1.27023 0.413895
-1.17695 0.359342
-1.17147 0.369277
-1.20988 0.35606
-1.23182 0.339878
-1.12209 0.305601
-1.16598 0.33351
-1.1989 0.336686
-1.16598 0.296569
-1.13855 0.308642
-1.16598 0.273146
-1.20439 0.302575
-1.21536 0.250686
-1.24829 0.278911
-1.28669 0.276021
-1.24829 0.270286
-1.1989 0.245222
-1.23731 0.218803
-1.18793 0.198752
-1.17147 0.172755
-1.14952 0.172755
-1.16598 0.191481
-1.12757 0.218803
-1.16598 0.191481
-1.11111 0.189088
-1.17147 0.234474
-1.20439 0.247947
-1.23731 0.22919
-1.19342 0.223967
-1.25926 0.247947
-1.3251 0.302575
-1.27572 0.299565
-1.27023 0.299565
-1.24829 0.336686
-1.06722 0.314769
-1.08368 0.256211
-1.16598 0.273146
-1.05624 0.273146
-1.08368 0.239818
-1.16598 0.256211
-1.1989 0.308642
-1.16598 0.336686
-1.26475 0.382735
-1.29767 0.403373
-1.21536 0.336686
-1.29218 0.392986
-1.16049 0.359342
-1.23182 0.386137
-1.27023 0.446275
-1.25377 0.406865
-1.21536 0.399896
-1.28121 0.424553
-1.13855 0.317855
-1.10014 0.317855
-1.1989 0.369277
-1.22085 0.386137
-1.18244 0.369277
-1.22634 0.396433
-1.21536 0.375976
-1.22085 0.399896
-1.12757 0.302575
-1.22634 0.33351
-1.2428 0.379348
-1.27023 0.352794
-1.20988 0.311698
-1.0727 0.308642
-1.15501 0.369277
-1.19342 0.311698
-1.2428 0.336686
-1.27572 0.317855
-1.26475 0.305601
-1.25926 0.339878
-1.30864 0.36595
-1.37449 0.392986
-1.33059 0.349542
-1.34156 0.35606
-1.35802 0.36595
-1.2428 0.327203
-1.19342 0.287673
-1.25377 0.250686
-1.20439 0.258996
-1.17695 0.261796
-1.18793 0.253441
-1.14952 0.324072
-1.26475 0.349542
-1.22634 0.330349
-1.28669 0.278911
-1.15501 0.35606
-1.22085 0.359342
-1.28669 0.406865
-1.31962 0.386137
-1.30316 0.413895
-1.23182 0.382735
-1.2428 0.369277
-1.27572 0.369277
-1.29218 0.389554
-1.16049 0.36595
-1.12757 0.284737
-1.20988 0.296569
-1.17695 0.293589
-1.22085 0.308642
-1.22634 0.327203
-1.15501 0.267441
-1.06173 0.239818
-1.16598 0.281817
-1.08916 0.267441
-1.17695 0.242512
-1.14952 0.237138
-1.21536 0.324072
-1.25926 0.317855
-1.23182 0.273146
-1.1989 0.231824
-1.22085 0.22919
-1.09465 0.189088
-1.18244 0.253441
-1.09465 0.170482
-1.13855 0.191481
-1.24829 0.2137
-1.18244 0.175043
-1.15501 0.16154
-1.13855 0.16154
-1.10562 0.144379
-1.20988 0.19389
-1.17147 0.189088
-1.25377 0.19389
-1.22634 0.163753
-1.16049 0.146472
-1.17147 0.142302
-1.21536 0.126225
-1.16598 0.175043
-1.1166 0.148579
-1.11111 0.105692
-1.22634 0.142302
-1.27023 0.163753
-1.16049 0.152839
-1.0727 0.13616
-1.17695 0.134143
-1.10014 0.098677
-1.17695 0.0869805
-1.16598 0.13616
-1.18793 0.134143
-1.02332 0.134143
-1.10562 0.152839
-1.11111 0.120444
-1.14403 0.124283
-1.18793 0.112948
-1.16598 0.146472
-1.13306 0.144379
-1.06722 0.118547
-1.11111 0.148579
-1.19342 0.146472
-1.29218 0.206158
-1.31962 0.146472
-1.21536 0.144379
-1.14403 0.138192
-1.22634 0.13616
-1.25926 0.163753
-1.22634 0.103916
-1.10014 0.0616456
-1.06722 0.0537426
-1.10014 0.0384784
-1.13855 0.0248852
-1.16049 0.0342936
-1.13855 0.0275496
-1.08368 0.0117435
-1.08916 0.00137174
-1.07819 0.00257602
-1.03978 0.00844685
-1.05075 0.0303496
-1.08368 0.0406611
-1.03978 0.031313
-1.07819 0.0155822
-0.990398 0.0111565
-1.18793 0.0149048
-1.18244 0.0117435
-1.19342 0.0199627
-1.24829 0.0129629
-1.25926 0.0155822
-1.24829 0.00948553
-1.2428 0.00489424
-1.11111 0.0031631
-1.02332 0.000318003
-1.06173 0.000423377
-1.07819 0.000318003
-1.14952 1.88168e-06
-1.08916 0.00230505
-1.08368 1.69351e-05
-1.1166 0.00137174
-1.05624 0.000227683
-1.05624 0.000995407
-0.96845 9.22021e-05
-1.0727 0.00180829
-1.08916 4.70419e-05
-1.08916 0.00180829
-1.04527 0.00117605
-1.08368 0.000679285
-1.03429 0.0031631
-1.01783 0.00117605
-1.01235 0.000829819
-0.973937 0.00795008
-1.02881 0.0123457
-0.96845 0.00230505
-1.00686 0.0105844
-1.08916 0.00347922
-1.05075 0.00415662
-1.03429 0.00795008
-1.05624 0.00611357
-0.957476 0.00347922
-0.951989 0.00117605
-1.01235 0.000995407
-1.00137 0.00204915
-1.18793 0.00257602
-1.23731 0.00795008
-1.14952 0.00655012
-1.14403 0.00844685
-1.04527 0.0123457
-1.07819 0.00700172
-1.09465 0.0129629
-1.10562 0.0223562
-1.15501 0.0199627
-1.16049 0.0275496
-1.2428 0.0487749
-1.17147 0.0524781
-1.1989 0.0417751
-1.18244 0.0499943
-1.19342 0.0417751
-1.09465 0.0135951
-1.07819 0.000543804
-1.08368 0.000995407
-1.18244 1.88168e-06
-1.10562 0.00204915
-1.18244 0.000543804
-1.18244 1.88168e-06
-1.20988 0.00257602
-1.17147 0.00489424
-1.1166 0.00180829
-1.11111 0.0031631
-1.02881 0.000995407
-0.979424 0.00137174
-1.11111 0.00451791
-1.10562 0.0111565
-1.08916 0.00700172
-1.05075 0.00569207
-1.14952 0.0275496
-1.15501 0.0363559
-1.13855 0.0303496
-1.10014 0.0353172
-1.11111 0.0353172
-1.07819 0.0417751
-1.07819 0.0322914
-1.12209 0.0576263
-1.09465 0.0322914
-1.14952 0.0686454
-1.08916 0.0700906
-1.17147 0.0630155
-1.08916 0.0886063
-1.18244 0.0686454
-1.11111 0.0550221
-1.08916 0.0499943
-1.0727 0.0417751
-1.13855 0.0837741
-1.08916 0.0672154
-1.14952 0.0576263
-1.11111 0.0745163
-1.01235 0.0686454
-1.14952 0.0837741
-1.22085 0.10929
-1.21536 0.130154
-1.07819 0.107483
-1.11111 0.077542
-1.12757 0.073026
-1.14403 0.0821935
-1.16049 0.0837741
-1.06722 0.0602908
-1.11111 0.0790775
-1.13855 0.107483
-1.18244 0.080628
-1.07819 0.0499943
-1.13306 0.0406611
-0.990398 0.019195
-0.990398 0.0123457
-1.02332 0.0100275
-1.03429 0.0117435
-1.05075 0.0284679
-1.06173 0.00895866
-1.03429 0.00895866
-1.05624 0.00489424
-1.00686 0.00381039
-0.995885 0.000995407
-1.03429 4.70419e-05
-1.00137 0.00137174
-1.05075 9.22021e-05
-1.01235 0.000152416
-1.10562 1.88168e-06
-0.995885 0.000679285
-1.02332 0.00257602
-1.05624 0.00746837
-1.01235 0.0123457
-1.07819 0.0169821
-1.10014 0.0257583
-1.0727 0.0275496
-1.04527 0.0248852
-1.07819 0.0169821
-1.07819 0.00795008
-1.11111 0.00347922
-1.12209 0.0149048
-1.09465 0.0342936
-1.0727 0.0207455
-1.05624 0.00746837
-1.10562 0.00611357
-1.12757 0.0129629
-1.13855 0.0199627
-1.12209 0.0231841
-1.0727 0.0374096
-1.13855 0.0284679
-1.00686 0.00844685
-1.05624 0.0149048
-0.951989 0.0111565
-1.04527 0.00948553
-1.12757 0.0231841
-1.13855 0.0207455
-1.10014 0.0353172
-1.01235 0.0257583
-1.09465 0.0257583
-1.1166 0.0384784
-1.02332 0.0342936
-0.957476 0.0303496
-0.979424 0.0602908
-1.08916 0.091903
-1.08916 0.0550221
-0.957476 0.0322914
-0.962963 0.0199627
-1.02332 0.00795008
-1.07819 0.0135951
-1.01235 0.00611357
-1.15501 0.00117605
-1.03978 0.000318003
-1.01783 0.000227683
-0.96845 0.00204915
-0.880658 1.69351e-05
-1.0727 0.00347922
-1.08368 0.00204915
-1.01783 0.000829819
-1.10562 0.000152416
-1.07819 0.00746837
-1.16598 1.88168e-06
-1.20439 0.000995407
-1.08916 0.000679285
-1.05075 0.0111565
-1.14952 0.0342936
-1.08916 0.0550221
-1.14952 0.0463814
-1.09465 0.0672154
-1.11111 0.0853698
-1.14403 0.0869805
-1.20988 0.0935739
-1.22085 0.0853698
-1.17695 0.10929
-1.17147 0.0700906
-1.22085 0.0550221
-1.1989 0.0550221
-1.16049 0.0440482
-1.16598 0.0499943
-1.1989 0.0602908
-1.16598 0.0429041
-1.19342 0.0700906
-1.17147 0.0524781
-1.14952 0.033285
-1.10562 0.0215433
-1.12209 0.0135951
-1.18793 0.0155822
-1.17147 0.0363559
-1.14952 0.0105844
-1.18244 0.00746837
-1.2428 0.00415662
-1.24829 0.00415662
-1.17147 0.000152416
-1.19342 0.00230505
-1.14403 0.00415662
-1.04527 0.000318003
-1.06722 9.22021e-05
-1.11111 0.000227683
-1.19342 0.000829819
-1.15501 0.00286203
-1.1166 0.000227683
-1.10562 0.000152416
-1.14403 0.00347922
-1.05075 0.00451791
-1.14403 1.88168e-06
-1.17695 0.000543804
-1.17147 0.000152416
-1.11111 0.00117605
-1.1166 0.00844685
-1.03978 0.0169821
-1.04527 0.0105844
-1.10562 0.0169821
-1.03429 0.000995407
-0.995885 4.70419e-05
-1.01783 0.00230505
-1.02332 1.88168e-06
-0.946502 0.00795008
-1.08916 0.0248852
-1.13306 0.0162746
-1.13306 0.0223562
-1.09465 0.0162746
-1.10014 0.0169821
-1.0727 0.0142424
-1.02332 0.00746837
-1.08368 0.00795008
-1.03429 0.0155822
-0.96845 0.0117435
-1.00137 0.0117435
-0.941015 0.0284679
-1.06722 0.0524781
-1.01783 0.0672154
-1.04527 0.0475707
-1.05624 0.0303496
-1.02332 0.0303496
-0.957476 0.0223562
-0.96845 0.0149048
-1.04527 0.0395622
-1.02332 0.0658003
-0.957476 0.0686454
-1.06173 0.0902471
-1.03429 0.0969609
-1.09465 0.100408
-1.03429 0.0853698
-1.08916 0.103916
-1.05624 0.114799
-1.11111 0.118547
-1.13306 0.130154
-1.1166 0.168224
-1.16598 0.216244
-1.1166 0.196313
-1.06722 0.211171
-1.1166 0.231824
-1.18244 0.216244
-1.18244 0.22919
-1.18793 0.242512
-1.14952 0.206158
-1.17695 0.19389
-1.16598 0.218803
-1.25926 0.276021
-1.12209 0.211171
-1.16598 0.253441
-1.22085 0.231824
-1.24829 0.2137
-1.26475 0.175043
-1.22085 0.181998
-1.19342 0.179664
-1.26475 0.19389
-1.27572 0.186709
-1.13855 0.181998
-1.17695 0.168224
-1.08916 0.208657
-1.03429 0.157159
-1.08916 0.189088
-1.12757 0.196313
-1.08916 0.184346
-1.0727 0.186709
-1.02332 0.144379
-1.01235 0.146472
-1.01783 0.142302
-1.00137 0.138192
-1.01235 0.120444
-1.02332 0.134143
-0.941015 0.0935739
-0.995885 0.0853698
-1.02881 0.140239
-1.08916 0.157159
-1.07819 0.146472
-1.10562 0.157159
-1.11111 0.150702
-1.05075 0.112948
-1.08916 0.111111
-1.19342 0.154992
-1.17147 0.170482
-1.08916 0.181998
-1.20439 0.189088
-1.19342 0.216244
-1.14952 0.208657
-1.24829 0.2137
-1.17147 0.168224
-1.22085 0.19389
-1.21536 0.181998
-1.18244 0.221377
-1.21536 0.203675
-1.10562 0.150702
-1.14403 0.191481
-1.11111 0.170482
-1.10562 0.196313
-1.08368 0.159342
-1.07819 0.175043
-1.11111 0.179664
-1.12209 0.196313
-1.16049 0.16154
-1.12757 0.170482
-1.23731 0.247947
-1.22634 0.216244
-1.18244 0.19389
-1.10014 0.237138
-1.17147 0.287673
-1.30316 0.379348
-1.21536 0.346306
-1.19342 0.305601
-1.28669 0.317855
-1.24829 0.324072
-1.28121 0.339878
-1.26475 0.359342
-1.17147 0.359342
-1.2428 0.386137
-1.3251 0.413895
-1.25926 0.410373
-1.23731 0.417433
-1.16598 0.382735
-1.13855 0.413895
-1.28669 0.487507
-1.369 0.542617
-1.369 0.604938
-1.2428 0.534564
-1.25377 0.442617
-1.16598 0.442617
-1.27023 0.495199
-1.31413 0.487507
-1.39095 0.587988
-1.31413 0.52657
-1.30316 0.522596
-1.35802 0.538583
-1.29767 0.510764
-1.39643 0.546667
-1.42936 0.518637
-1.42387 0.52657
-1.33059 0.453636
-1.27572 0.299565
-1.30316 0.299565
-1.23731 0.261796
-1.16598 0.223967
-1.14403 0.196313
-1.00686 0.138192
-1.20988 0.165981
-1.08916 0.13616
-1.21536 0.122356
-0.979424 0.0952599
-1.02881 0.13616
-1.02332 0.124283
-1.14403 0.159342
-1.04527 0.118547
-1.05624 0.098677
-1.12757 0.077542
-1.03978 0.0550221
-1.08916 0.0537426
-1.0727 0.0869805
-1.06722 0.0886063
-1.02881 0.0745163
-1.05075 0.0760216
-1.07819 0.0475707
-1.14403 0.0374096
-1.12757 0.0406611
-1.07819 0.0429041
-1.11111 0.0406611
-1.0727 0.0342936
-1.02332 0.0342936
-1.03978 0.0257583
-1.08368 0.0429041
-1.10562 0.0363559
-1.09465 0.0275496
-1.05624 0.0129629
-1.03429 0.0149048
-1.08916 0.0199627
-1.07819 0.00489424
-1.13306 0.0105844
-1.07819 0.0184423
-1.13306 0.0384784
-1.14952 0.0342936
-1.10014 0.077542
-1.10562 0.080628
-1.08916 0.0790775
-1.18244 0.0902471
-1.19342 0.0602908
-1.1166 0.0602908
-1.23731 0.0630155
-1.22085 0.0602908
-1.19342 0.0715507
-1.07819 0.0487749
-1.03429 0.0550221
-1.05075 0.0537426
-1.10562 0.0475707
-1.00686 0.0275496
-0.962963 0.0342936
-1.07819 0.0406611
-1.02332 0.031313
-1.0727 0.0240271
-0.990398 0.019195
-1.01235 0.0275496
-1.03429 0.0429041
-1.09465 0.0715507
-1.09465 0.058951
-1.16049 0.0745163
-1.1166 0.058951
-1.12757 0.0602908
-1.03429 0.0363559
-1.10562 0.0463814
-1.14952 0.0266464
-1.1166 0.0487749
-1.09465 0.0658003
-1.18793 0.0658003
-1.22634 0.080628
-1.27572 0.0563167
-1.22634 0.0322914
-1.29767 0.0417751
-1.20988 0.0142424
-1.19342 0.0111565
-1.10562 0.00948553
-1.13306 0.0100275
-1.10014 0.0275496
-1.10014 0.0452073
-1.18244 0.0760216
-1.03429 0.0499943
-1.04527 0.0524781
-1.13855 0.091903
-1.14952 0.0935739
-1.13306 0.0576263
-1.16049 0.058951
-1.23731 0.0760216
-1.23182 0.0790775
-1.22634 0.107483
-1.25926 0.154992
-1.20439 0.140239
-1.24829 0.140239
-1.18244 0.138192
-1.14403 0.140239
-1.03978 0.13616
-1.07819 0.170482
-1.06722 0.172755
-1.05075 0.203675
-0.957476 0.184346
-1.09465 0.211171
-1.11111 0.179664
-1.16049 0.172755
-1.09465 0.157159
-1.09465 0.16154
-1.10014 0.198752
-1.08916 0.208657
-1.2428 0.247947
-1.16049 0.267441
-1.22634 0.293589
-1.24829 0.339878
-1.23731 0.287673
-1.23731 0.311698
-1.25377 0.273146
-1.20439 0.242512
-1.29218 0.281817
-1.28669 0.299565
-1.28669 0.284737
-1.19342 0.226571
-1.14403 0.216244
-1.25926 0.258996
-1.26475 0.261796
-1.20439 0.22919
-1.18244 0.237138
-1.18793 0.22919
-1.06722 0.208657
-1.16598 0.216244
-1.12757 0.116666
-1.03429 0.0715507
-1.12209 0.0869805
-1.10014 0.0790775
-1.02881 0.0837741
-0.973937 0.0616456
-0.908093 0.0837741
-0.995885 0.124283
-1.00686 0.124283
-1.10014 0.107483
-1.03429 0.16154
-1.0727 0.181998
-1.07819 0.181998
-1.18244 0.245222
-1.20988 0.242512
-1.17695 0.206158
-1.18244 0.2137
-1.27572 0.186709
-1.23182 0.146472
-1.16598 0.13616
-1.15501 0.120444
-1.20988 0.132141
-1.18244 0.102154
-1.18244 0.126225
-1.02332 0.130154
-0.946502 0.0686454
-0.935528 0.0440482
-1.06173 0.0715507
-1.1166 0.0686454
-1.04527 0.0602908
-1.0727 0.0576263
-0.91358 0.0231841
-0.930041 0.0199627
-1.01235 0.0395622
-1.01235 0.0275496
-1.00686 0.0384784
-0.973937 0.0149048
-1.00137 0.0231841
-1.09465 0.0294012
-1.04527 0.0284679
-1.10562 0.0294012
-1.04527 0.0363559
-1.05075 0.0223562
-1.04527 0.0129629
-1.01783 0.00746837
-1.00686 0.000227683
-1.02881 0.00795008
-1.16598 0.0105844
-1.12209 0.00795008
-1.03978 0.0223562
-1.02332 0.0105844
-0.990398 0.0135951
-0.990398 0.0177047
-1.02332 0.0248852
-1.02881 0.0266464
-1.10562 0.0395622
-1.1166 0.0452073
-1.06173 0.0537426
-1.0727 0.058951
-1.16598 0.0715507
-1.10562 0.0658003
-1.15501 0.102154
-1.13855 0.0658003
-1.16598 0.0853698
-1.15501 0.114799
-1.18793 0.10929
-1.1989 0.130154
-1.20988 0.144379
-1.1989 0.0935739
-1.20988 0.103916
-1.28669 0.146472
-1.18244 0.111111
-1.21536 0.152839
-1.29218 0.122356
-1.23182 0.10929
-1.23731 0.128182
-1.22634 0.165981
-1.2428 0.179664
-1.17147 0.10929
-1.12757 0.0902471
-1.21536 0.0869805
-1.15501 0.0644004
-1.1166 0.0353172
-1.13306 0.0322914
-1.16049 0.0199627
-1.06722 0.00844685
-1.10014 0.0142424
-1.06173 0.019195
-1.11111 0.0199627
-1.13306 0.0475707
-1.20988 0.0463814
-1.17695 0.058951
-1.22634 0.0452073
-1.29218 0.0644004
-1.23731 0.0475707
-1.18244 0.0266464
-1.16598 0.00700172
-1.14403 0.0135951
-1.19342 0.00746837
-1.17695 0.000829819
-1.04527 0.00415662
-1.03429 0.00569207
-1.1166 0.00204915
-1.09465 0.00204915
-1.09465 0.00286203
-1.05075 0.000423377
-1.08368 9.22021e-05
-1.17695 0.00117605
-1.17695 0.00230505
-1.16049 0.00137174
-1.18793 0.000152416
-1.12209 0.000423377
-1.14952 0.0231841
-1.23182 0.0155822
-1.09465 0.0100275
-1.00686 0.00347922
-1.00686 1.69351e-05
-1.1166 0.000423377
-1.17695 0.000829819
-1.20988 0.00180829
-1.17147 0.000829819
-1.13855 4.70419e-05
-1.16049 0.00347922
-1.13306 0.00569207
-1.14952 0.0135951
-1.02332 0.000995407
-1.1989 0.000318003
-1.16598 0.00451791
-1.06722 9.22021e-05
-1.06722 1.69351e-05
-1.12209 1.88168e-06
-1.11111 0.00611357
-0.995885 0.0105844
-1.00686 0.0117435
-1.05624 0.00655012
-1.08368 0.000829819
-1.04527 0.00257602
-0.995885 0.00844685
-1.07819 0.0111565
-1.06722 0.0123457
-1.03978 0.0105844
-1.02881 0.0177047
-0.990398 0.031313
-0.957476 0.0275496
-1.15501 0.0715507
-1.05624 0.116666
-1.05075 0.105692
-1.08916 0.105692
-1.05075 0.0700906
-1.27572 0.0902471
-1.17695 0.0602908
-1.05624 0.0294012
-1.00686 0.0576263
-1.00137 0.0266464
-1.04527 0.0223562
-1.01783 0.0155822
-1.06173 0.0215433
-1.12757 0.0231841
-1.09465 0.031313
-1.03429 0.0240271
-1.07819 0.0169821
-1.10014 0.0135951
-1.08916 0.00451791
-1.11111 0.00117605
-1.08368 0.000829819
-1.13306 9.22021e-05
-0.979424 0.000423377
-1.13306 0.000152416
-1.13306 0.000423377
-1.04527 0.000227683
-1.0727 0.00137174
-1.0727 0.0105844
-1.1166 0.00655012
-1.14952 0.00180829
-1.13306 0.0155822
-1.09465 0.00895866
-1.12209 0.0257583
-1.10562 0.0452073
-1.13855 0.0374096
-1.1166 0.0440482
-1.01783 0.0440482
-1.06173 0.0902471
-1.06722 0.0760216
-1.09465 0.0902471
-1.15501 0.120444
-1.11111 0.126225
-1.20439 0.118547
-1.18793 0.102154
-1.08916 0.0886063
-1.14403 0.0672154
-1.07819 0.0576263
-1.04527 0.0452073
-1.01783 0.0616456
-1.1166 0.0760216
-1.13855 0.077542
-1.08368 0.0837741
-1.06722 0.0853698
-1.00686 0.0630155
-1.01783 0.0576263
-1.02881 0.0658003
-1.00137 0.073026
-0.957476 0.0686454
-1.05624 0.0715507
-1.03978 0.0686454
-1.05624 0.0630155
-1.01235 0.0700906
-1.00686 0.105692
-1.08368 0.13616
-1.08916 0.146472
-1.05075 0.0935739
-1.13855 0.111111
-1.03978 0.0672154
-1.06173 0.0886063
-1.16049 0.120444
-1.13855 0.0630155
-1.02881 0.0475707
-0.96845 0.0616456
-1.02332 0.0715507
-1.05075 0.107483
-1.10014 0.098677
-1.21536 0.118547
-1.18244 0.100408
-1.06722 0.103916
-1.09465 0.112948
-1.14403 0.100408
-1.10562 0.058951
-0.957476 0.0745163
-0.924554 0.0429041
-0.979424 0.0537426
-0.973937 0.0686454
-0.995885 0.0616456
-1.03429 0.0686454
-1.07819 0.107483
-1.12209 0.103916
-1.13306 0.126225
-1.12757 0.142302
-1.09465 0.140239
-1.05624 0.157159
-1.0727 0.179664
-1.08368 0.163753
-1.17147 0.112948
-1.05075 0.146472
-1.14952 0.159342
-1.16598 0.142302
-1.18244 0.152839
-1.10014 0.142302
-1.19342 0.148579
-1.17695 0.170482
-1.25926 0.163753
-1.13306 0.107483
-1.16598 0.0790775
-1.14952 0.073026
-1.08368 0.0715507
-1.25377 0.0686454
-1.18244 0.0602908
-1.18793 0.0537426
-1.12209 0.0417751
-1.09465 0.0576263
-1.00137 0.0499943
-1.11111 0.0215433
-1.08916 0.0363559
-1.09465 0.073026
-1.0727 0.0869805
-1.06173 0.0853698
-1.03978 0.107483
-1.1989 0.0869805
-1.2428 0.0837741
-1.18793 0.0745163
-1.11111 0.0700906
-1.26475 0.0686454
-1.23731 0.0902471
-1.23731 0.114799
-1.2428 0.102154
-1.13855 0.0715507
-1.13306 0.0837741
-1.08916 0.118547
-1.1166 0.16154
-1.13306 0.148579
-1.10014 0.112948
-1.13306 0.0760216
-1.14952 0.0512286
-1.16598 0.0475707
-1.03978 0.0499943
-1.19342 0.0294012
-1.21536 0.0257583
-1.25926 0.0406611
-1.23182 0.0384784
-1.16049 0.0294012
-1.14403 0.0223562
-1.16049 0.0406611
-1.13855 0.0303496
-1.17147 0.0135951
-1.16598 0.00795008
-1.0727 0.00381039
-1.08916 0.00137174
-1.10014 0.00158249
-1.01235 0.000152416
-1.01235 0.000423377
-1.01783 0.00117605
-0.979424 0.00158249
-1.02881 0.000152416
-1.07819 9.22021e-05
-1.04527 4.70419e-05
-1.14403 0.00117605
-1.05075 4.70419e-05
-1.08916 0.000679285
-1.11111 0.000829819
-1.14952 1.88168e-06
-1.17147 0.000995407
-1.10562 0.000995407
-1.13306 0.0031631
-1.10014 0.0031631
-1.10562 0.0031631
-1.15501 0.00117605
-1.16049 0.00286203
-1.08368 0.000829819
-1.1166 1.88168e-06
-1.10562 0.000995407
-1.18244 0.00257602
-1.20439 9.22021e-05
-1.23182 0.000829819
-1.18793 0.000829819
-1.12757 0.000227683
-1.16049 0.00286203
-1.17147 0.0100275
-1.1989 0.00569207
-1.20439 1.69351e-05
-1.09465 0.0105844
-1.14952 0.00230505
-1.00137 1.88168e-06
-1.16049 0.000318003
-1.08368 0.000152416
-1.05075 0.00158249
-1.10562 0.00611357
-1.09465 0.00257602
-1.16049 0.0294012
-1.23731 0.0240271
-1.13306 0.0155822
-1.13855 0.0215433
-1.18793 0.0294012
-1.17147 0.0231841
-1.11111 0.019195
-1.06722 0.0135951
-1.06173 0.000995407
-0.973937 0.00158249
-1.00686 0.0266464
-1.05624 0.00204915
-1.0727 0.00257602
-1.00686 0.00286203
-1.02881 0.000543804
-1.00137 0.00180829
-1.01783 0.0429041
-1.09465 0.0524781
-1.08368 0.0374096
-1.11111 0.0155822
-1.09465 0.031313
-1.06173 0.0199627
-1.14403 0.0537426
-1.04527 0.0487749
-1.06173 0.0524781
-1.08916 0.0215433
-0.979424 0.0123457
-1.02881 0.00844685
-1.08368 0.0117435
-1.08368 0.00844685
-1.00137 0.00381039
-0.897119 0.000679285
-0.847737 1.88168e-06
-1.01235 0.00286203
-1.04527 0.0184423
-1.01235 0.0353172
-1.0727 0.0215433
-1.08368 0.0155822
-1.08368 0.00117605
-0.979424 0.00611357
-1.02881 0.0105844
-1.17695 0.0142424
-1.12209 0.0129629
-1.05624 0.0111565
-1.10562 0.0169821
-1.13306 0.00895866
-1.11111 0.0155822
-1.13306 0.0223562
-1.0727 0.0499943
-0.962963 0.058951
-0.990398 0.0686454
-0.979424 0.0563167
-1.07819 0.0715507
-1.07819 0.091903
-1.0727 0.116666
-1.12757 0.124283
-1.02332 0.105692
-1.12757 0.0935739
-1.1166 0.107483
-1.16598 0.130154
-1.23731 0.172755
-1.26475 0.184346
-1.2428 0.237138
-1.21536 0.273146
-1.28669 0.293589
-1.28669 0.261796
-1.23182 0.293589
-1.28669 0.284737
-1.30316 0.284737
-1.23182 0.273146
-1.33059 0.324072
-1.35254 0.346306
-1.369 0.389554
-1.33608 0.382735
-1.26475 0.359342
-1.24829 0.375976
-1.33608 0.392986
-1.28669 0.382735
-1.25377 0.396433
-1.17147 0.389554
-1.29767 0.487507
-1.42936 0.538583
-1.34705 0.495199
-1.38546 0.449948
-1.27572 0.428136
-1.3251 0.438974
-1.25926 0.386137
-1.29218 0.375976
-1.17695 0.296569
-1.15501 0.349542
-1.33608 0.339878
-1.22085 0.339878
-1.23731 0.382735
-1.16598 0.406865
-1.17695 0.352794
-1.17147 0.362639
-1.21536 0.382735
-1.1166 0.327203
-1.1989 0.359342
-1.3251 0.399896
-1.26475 0.389554
-1.29218 0.369277
-1.27023 0.33351
-1.24829 0.284737
-1.12757 0.317855
-1.14403 0.386137
-1.20439 0.417433
-1.23182 0.442617
-1.20988 0.438974
-1.22634 0.461058
-1.25926 0.417433
-1.27572 0.435347
-1.29218 0.438974
-1.25926 0.428136
-1.18244 0.403373
-1.25926 0.406865
-1.21536 0.375976
-1.22634 0.417433
-1.16598 0.352794
-1.23182 0.320956
-1.18244 0.250686
-1.16598 0.264611
-1.18244 0.264611
-1.23731 0.253441
-1.11111 0.223967
-1.10562 0.203675
-1.22085 0.203675
-1.18244 0.146472
-1.13306 0.122356
-1.16049 0.102154
-1.15501 0.120444
-1.23731 0.148579
-1.17147 0.130154
-1.1166 0.124283
-1.19342 0.118547
-1.25377 0.154992
-1.19342 0.150702
-1.05624 0.116666
-1.08368 0.102154
-1.06173 0.114799
-1.10014 0.102154
-1.07819 0.100408
-1.13855 0.0686454
-1.0727 0.0374096
-1.07819 0.0563167
-1.11111 0.0869805
-1.16598 0.0550221
-1.12209 0.0417751
-1.00686 0.073026
-0.995885 0.0886063
-0.973937 0.0563167
-1.00686 0.0452073
-1.01783 0.0374096
-1.10014 0.0342936
-1.12757 0.0322914
-1.13306 0.00489424
-1.00686 9.22021e-05
-1.06173 0.00611357
-1.12209 4.70419e-05
-1.2428 0.00257602
-1.16049 0.000423377
-1.17695 0.00230505
-1.14403 1.88168e-06
-1.18793 9.22021e-05
-1.02332 0.00257602
-1.05075 0.00451791
-1.07819 0.0169821
-1.0727 0.0135951
-1.13855 0.00204915
-1.14952 0.00700172
-1.18793 0.00137174
-1.14952 0.0031631
-1.06173 0.0177047
-1.05075 0.0353172
-1.02332 0.0760216
-0.96845 0.100408
-1.08368 0.112948
-1.07819 0.152839
-1.03429 0.144379
-1.03978 0.138192
-1.09465 0.116666
-1.14952 0.132141
-1.17695 0.140239
-1.18244 0.198752
-1.0727 0.159342
-0.91358 0.128182
-0.935528 0.091903
-1.03429 0.122356
-1.00137 0.124283
-1.09465 0.116666
-1.09465 0.134143
-1.12757 0.105692
-1.13306 0.10929
-1.12757 0.107483
-1.13306 0.0886063
-1.14403 0.120444
-1.06722 0.091903
-1.1166 0.118547
-1.03978 0.120444
-1.20439 0.0935739
-1.17695 0.103916
-1.13855 0.102154
-1.0727 0.114799
-1.02881 0.0644004
-1.05624 0.0935739
-1.01235 0.0686454
-1.10562 0.0487749
-1.12209 0.0715507
-1.22085 0.0821935
-1.27023 0.0790775
-1.26475 0.0969609
-1.21536 0.103916
-1.09465 0.077542
-1.15501 0.112948
-1.18793 0.0700906
-1.18793 0.0499943
-1.15501 0.0576263
-1.12757 0.0644004
-1.10014 0.0686454
-1.02332 0.0715507
-1.17695 0.128182
-1.1166 0.0886063
-1.1166 0.0935739
-1.05075 0.107483
-1.1166 0.175043
-1.11111 0.163753
-1.0727 0.175043
-1.15501 0.221377
-1.23182 0.258996
-1.1989 0.22919
-1.17695 0.203675
-1.10562 0.237138
-1.13306 0.256211
-1.08916 0.206158
-1.13306 0.203675
-1.06173 0.170482
-1.02332 0.168224
-1.01783 0.201206
-1.14952 0.308642
-1.18244 0.264611
-1.13306 0.276021
-1.18244 0.208657
-1.13306 0.2137
-1.12757 0.165981
-1.20439 0.203675
-1.16049 0.184346
-1.16598 0.163753
-1.23731 0.130154
-1.17147 0.103916
-1.14403 0.103916
-1.12757 0.0658003
-1.16598 0.073026
-1.15501 0.0602908
-1.10562 0.0294012
-1.08916 0.0303496
-1.08916 0.0406611
-1.12209 0.0395622
-1.13855 0.0429041
-1.11111 0.058951
-1.02881 0.0686454
-1.05075 0.0616456
-1.13306 0.0715507
-1.03429 0.091903
-1.0727 0.124283
-1.07819 0.111111
-1.12757 0.112948
-1.10562 0.112948
-1.06722 0.130154
-1.06173 0.116666
-1.07819 0.154992
-1.13855 0.144379
-1.22634 0.175043
-1.17695 0.159342
-1.18244 0.216244
-1.23731 0.22919
-1.20439 0.175043
-1.25926 0.231824
-1.18244 0.211171
-1.09465 0.208657
-1.17147 0.276021
-1.16598 0.264611
-1.1989 0.287673
-1.26475 0.273146
-1.34705 0.327203
-1.29218 0.314769
-1.26475 0.327203
-1.2428 0.305601
-1.30864 0.308642
-1.27023 0.278911
-1.24829 0.245222
-1.2428 0.234474
-1.25926 0.276021
-1.24829 0.287673
-1.27023 0.273146
-1.25377 0.242512
-1.27572 0.253441
-1.28121 0.327203
-1.31962 0.346306
-1.20988 0.302575
-1.22085 0.250686
-1.20439 0.267441
-1.17147 0.231824
-1.17695 0.198752
-1.15501 0.154992
-1.24829 0.124283
-1.18244 0.126225
-1.11111 0.098677
-1.12757 0.103916
-1.05075 0.0790775
-0.995885 0.0935739
-1.08368 0.116666
-1.05075 0.100408
-1.08916 0.111111
-1.0727 0.120444
-1.15501 0.0837741
-1.10014 0.0935739
-1.10014 0.0790775
-1.03978 0.0745163
-1.1166 0.105692
-1.14403 0.105692
-1.14403 0.0700906
-1.13855 0.0760216
-1.06173 0.0499943
-1.03978 0.0463814
-0.96845 0.0322914
-0.897119 0.0322914
-1.00686 0.019195
-0.962963 0.00795008
-0.962963 0.0169821
-0.902606 0.0117435
-0.941015 0.0149048
-0.908093 0.00948553
-0.91358 0.00844685
-0.902606 0.0135951
-0.908093 0.0257583
-1.06173 0.0105844
-0.924554 0.00489424
-0.935528 0.00948553
-0.825789 0.00528563
-0.908093 0.0135951
-0.924554 0.00655012
-0.919067 0.0149048
-0.984911 0.0149048
-0.984911 0.00569207
-0.995885 1.69351e-05
-0.984911 0.00117605
-1.09465 9.22021e-05
-1.11111 1.69351e-05
-1.11111 1.88168e-06
-1.0727 0.000829819
-1.12757 0.00528563
-1.20988 0.0111565
-1.10014 0.0207455
-1.08368 0.0284679
-1.06173 0.0303496
-1.03978 0.0499943
-1.05075 0.0499943
-1.05075 0.0524781
-1.10562 0.0406611
-1.06722 0.0440482
-1.12757 0.0576263
-1.08368 0.031313
-1.07819 0.0162746
-1.08368 0.0135951
-1.15501 0.0184423
-1.13306 0.0294012
-1.07819 0.0177047
-1.19342 0.0275496
-1.14403 0.033285
-1.1989 0.0231841
-1.16598 0.0142424
-1.14403 0.0353172
-1.17695 0.0630155
-1.1166 0.0616456
-1.09465 0.0499943
-1.16049 0.0686454
-1.16598 0.0745163
-1.17147 0.0902471
-1.16598 0.130154
-1.11111 0.165981
-1.10014 0.128182
-1.15501 0.124283
-1.08368 0.150702
-1.00686 0.130154
-1.06173 0.198752
-0.990398 0.19389
-1.03978 0.122356
-0.962963 0.0969609
-1.05075 0.10929
-1.03978 0.077542
-1.10014 0.0658003
-1.13855 0.140239
-1.0727 0.146472
-1.12757 0.186709
-1.05624 0.114799
-1.08916 0.0821935
-1.17695 0.077542
-1.13855 0.0969609
-1.20988 0.142302
-1.18244 0.130154
-1.14403 0.0837741
-1.25377 0.112948
-1.28121 0.122356
-1.13306 0.0837741
-1.09465 0.0837741
-1.10562 0.0715507
-1.16049 0.0760216
-1.02332 0.0969609
-1.10562 0.114799
-1.12209 0.0935739
-1.14403 0.118547
-1.12209 0.107483
-1.09465 0.134143
-1.00137 0.0935739
-1.06722 0.0672154
-0.973937 0.0745163
-0.96845 0.0499943
-1.02332 0.0512286
-1.00137 0.031313
-1.02332 0.080628
-1.06722 0.0440482
-1.10014 0.00895866
-1.15501 0.00844685
-1.03978 0.00489424
-1.02332 0.00286203
-1.12757 0.00117605
-1.12209 9.22021e-05
-1.02881 1.69351e-05
-1.12209 0.00137174
-1.10562 0.000679285
-1.15501 1.69351e-05
-1.0727 0.000423377
-1.05075 0.00489424
-1.01235 0.00700172
-1.08368 0.0169821
-1.08916 0.0417751
-1.07819 0.0322914
-1.09465 0.0475707
-1.13306 0.0395622
-1.08916 0.0395622
-1.01235 0.0284679
-1.11111 0.0142424
-1.0727 0.019195
-0.908093 0.0129629
-1.01235 0.0240271
-1.03429 0.0223562
-1.06722 0.0303496
-1.01235 0.0363559
-1.11111 0.0395622
-0.973937 0.0240271
-0.886145 0.0199627
-0.930041 0.0363559
-0.990398 0.0417751
-0.941015 0.0231841
-0.979424 0.0417751
-1.06173 0.114799
-1.16598 0.16154
-1.10562 0.132141
-1.14952 0.165981
-1.14403 0.126225
-1.13855 0.0969609
-1.1989 0.114799
-1.08916 0.112948
-1.14403 0.107483
-1.16598 0.159342
-1.16598 0.189088
-1.18244 0.221377
-1.20439 0.253441
-1.16049 0.206158
-1.19342 0.223967
-1.20439 0.208657
-1.15501 0.184346
-1.16598 0.146472
-1.1989 0.148579
-1.18793 0.105692
-1.13855 0.124283
-1.15501 0.0886063
-1.08916 0.077542
-1.15501 0.118547
-1.14403 0.130154
-1.14403 0.103916
-1.10014 0.107483
-1.12757 0.114799
-1.13306 0.16154
-1.22634 0.191481
-1.20988 0.216244
-1.20988 0.206158
-1.31962 0.234474
-1.24829 0.175043
-1.10014 0.132141
-1.1166 0.16154
-1.17147 0.146472
-1.1166 0.168224
-1.16049 0.221377
-1.18244 0.250686
-1.16598 0.258996
-1.1166 0.216244
-1.1166 0.22919
-1.12757 0.264611
-1.12757 0.267441
-1.16598 0.270286
-1.17147 0.276021
-1.1989 0.287673
-1.29218 0.302575
-1.3251 0.336686
-1.14952 0.33351
-1.16049 0.35606
-1.27572 0.396433
-1.25926 0.468539
-1.28669 0.438974
-1.27023 0.428136
-1.23182 0.362639
-1.16598 0.308642
-1.10562 0.278911
-1.06173 0.237138
-1.09465 0.181998
-1.03978 0.234474
-1.10014 0.287673
-1.15501 0.305601
-1.20988 0.276021
-1.12209 0.237138
-1.06173 0.234474
-1.16049 0.264611
-1.12209 0.206158
-1.14403 0.308642
-1.12209 0.284737
-1.05624 0.206158
-1.0727 0.218803
-1.04527 0.245222
-1.06722 0.208657
-1.22085 0.299565
-1.22634 0.261796
-1.3251 0.299565
-1.25377 0.264611
-1.23182 0.261796
-1.18793 0.247947
-1.2428 0.273146
-1.26475 0.287673
-1.33608 0.343084
-1.2428 0.273146
-1.12209 0.242512
-1.15501 0.226571
-1.14952 0.211171
-1.02332 0.237138
-1.1166 0.242512
-1.06173 0.231824
-1.05624 0.221377
-1.18793 0.276021
-1.14952 0.33351
-1.12209 0.261796
-1.10562 0.253441
-1.20439 0.231824
-1.18793 0.281817
-1.14952 0.284737
-1.1989 0.276021
-1.19342 0.287673
-1.14952 0.278911
-1.13306 0.208657
-1.1166 0.211171
-1.1989 0.201206
-1.12757 0.231824
-1.12209 0.231824
-1.18244 0.250686
-1.11111 0.237138
-1.13306 0.242512
-1.17695 0.273146
-1.13306 0.261796
-1.25926 0.308642
-1.20988 0.293589
-1.17147 0.296569
-1.25926 0.311698
-1.27572 0.305601
-1.23731 0.308642
-1.14403 0.305601
-1.17695 0.317855
-1.20988 0.330349
-1.30864 0.362639
-1.20439 0.317855
-1.27572 0.320956
-1.2428 0.327203
-1.20439 0.369277
-1.18793 0.336686
-1.1989 0.33351
-1.29218 0.389554
-1.34156 0.413895
-1.36351 0.428136
-1.27572 0.382735
-1.17695 0.382735
-1.22634 0.36595
-1.23182 0.396433
-1.20988 0.35606
-1.20439 0.264611
-1.22634 0.278911
-1.2428 0.320956
-1.23182 0.302575
-1.22085 0.273146
-1.1989 0.258996
-1.22634 0.308642
-1.2428 0.320956
-1.20988 0.267441
-1.23731 0.281817
-1.2428 0.256211
-1.12757 0.234474
-1.23731 0.242512
-1.29218 0.267441
-1.23731 0.226571
-1.18244 0.168224
-1.1989 0.179664
-1.15501 0.165981
-1.17147 0.177346
-1.22085 0.223967
-1.17147 0.177346
-1.20988 0.189088
-1.16049 0.216244
-1.20988 0.208657
-1.27572 0.196313
-1.23182 0.179664
-1.21536 0.198752
-1.34156 0.223967
-1.30864 0.221377
-1.28121 0.203675
-1.1989 0.196313
-1.22634 0.239818
-1.1989 0.211171
-1.11111 0.170482
-1.14403 0.154992
-1.1166 0.189088
-1.09465 0.16154
-1.12757 0.128182
-1.12209 0.157159
-1.05624 0.128182
-1.05075 0.0384784
-1.10014 0.0303496
-1.14403 0.0452073
-1.1989 0.0363559
-1.1989 0.0512286
-1.02332 0.0630155
-1.06173 0.0499943
-1.02881 0.0275496
-1.10562 0.019195
-1.06173 0.0231841
-1.1166 0.0630155
-1.04527 0.0353172
-1.16598 0.0537426
-1.12757 0.0475707
-1.12757 0.0563167
-1.1989 0.0363559
-1.17695 0.00569207
-1.15501 0.0111565
-1.26475 0.00655012
-1.1166 0.00844685
-1.16049 0.0100275
-1.18244 0.0123457
-1.18793 0.00451791
-1.14403 9.22021e-05
-1.0727 0.000318003
-1.07819 0.00158249
-1.05624 0.00528563
-1.01235 0.00415662
-0.995885 0.000995407
-1.03429 0.000543804
-1.02881 0.00347922
-1.13306 0.000318003
-1.17695 0.000543804
-1.16049 0.00700172
-1.22085 0.00895866
-1.29767 0.00655012
-1.21536 0.0162746
-1.25926 0.0105844
-1.12209 0.00795008
-1.08916 4.70419e-05
-1.03429 0.000423377
-1.05624 0.0215433
-1.11111 0.0135951
-1.13855 0.00795008
-1.07819 0.0322914
-0.951989 0.0322914
-1.05624 0.0363559
-1.02881 0.0524781
-1.06722 0.080628
-1.00686 0.0630155
-1.17147 0.0790775
-1.11111 0.107483
-1.14952 0.132141
-1.08368 0.163753
-1.22085 0.211171
-1.16598 0.211171
-1.12209 0.184346
-1.22634 0.201206
-1.16598 0.203675
-1.18244 0.206158
-1.02881 0.201206
-1.13855 0.208657
-1.1989 0.231824
-1.14952 0.191481
-1.14952 0.196313
-1.1989 0.208657
-1.16049 0.184346
-1.20439 0.211171
-1.14403 0.216244
-1.1989 0.206158
-1.19342 0.175043
-1.19342 0.146472
-1.10014 0.114799
-1.03429 0.0658003
-1.08368 0.100408
-1.12209 0.0902471
-1.20988 0.122356
-1.29767 0.118547
-1.15501 0.077542
-1.15501 0.080628
-1.12209 0.0853698
-1.12209 0.0837741
-1.16598 0.0672154
-1.12757 0.0658003
-1.18244 0.0715507
-1.14403 0.0616456
-1.13306 0.0935739
-0.995885 0.0499943
-1.03429 0.0487749
-1.03978 0.0429041
-1.06173 0.0275496
-1.10562 0.0429041
-1.10014 0.0440482
-1.08368 0.0342936
-1.14952 0.0284679
-1.1989 0.0248852
-1.18244 0.0231841
-1.10014 0.0303496
-1.12209 0.0363559
-1.14403 0.0266464
-1.09465 0.0487749
-1.09465 0.0322914
-1.03978 0.0790775
-1.04527 0.107483
-1.10014 0.103916
-0.962963 0.112948
-1.01783 0.0602908
-1.06722 0.0475707
-1.08368 0.0240271
-1.10014 0.0395622
-1.12757 0.0440482
-1.14403 0.0700906
-1.17147 0.0563167
-1.10562 0.0257583
-1.15501 0.0284679
-1.11111 0.0406611
-1.11111 0.0322914
-1.07819 0.0499943
-1.21536 0.0322914
-1.26475 0.0429041
-1.23731 0.0452073
-1.19342 0.0322914
-1.23731 0.019195
-1.07819 0.031313
-1.16049 0.0487749
-1.1166 0.0463814
-1.04527 0.0576263
-0.96845 0.0475707
-0.973937 0.0512286
-1.01235 0.0223562
-1.02881 0.0303496
-0.930041 0.0440482
-0.990398 0.0294012
-1.04527 0.0644004
-1.01235 0.0576263
-1.01235 0.0499943
-1.08916 0.0487749
-1.12757 0.0322914
-1.17695 0.0240271
-1.12209 0.0322914
-1.14403 0.0184423
-1.10014 0.00795008
-1.18244 0.0117435
-1.17695 0.00700172
-1.01235 0.0123457
-1.08916 0.0257583
-1.04527 0.0223562
-1.04527 0.0223562
-1.00686 0.0177047
-0.930041 0.0223562
-1.0727 0.0452073
-1.07819 0.0353172
-1.06173 0.0550221
-1.06173 0.073026
-1.04527 0.0563167
-1.02332 0.0231841
-1.06173 0.00700172
-1.01235 0.00117605
-1.01783 4.70419e-05
-0.91358 0.00381039
-0.908093 0.00158249
-0.941015 0.000152416
-1.00686 4.70419e-05
-1.01235 0.000227683
-1.00137 1.69351e-05
-0.919067 0.00347922
-1.02881 0.033285
-1.01783 0.0294012
-0.990398 0.0199627
-1.04527 0.00611357
-1.08916 0.0207455
-1.06722 0.0475707
-1.16049 0.0406611
-1.16598 0.0374096
-1.03429 0.0374096
-0.957476 0.0215433
-0.880658 0.0353172
-0.935528 0.0284679
-0.957476 0.0374096
-0.979424 0.0630155
-1.01783 0.0215433
-1.10014 0.019195
-1.05624 0.0207455
-1.01235 0.0499943
-0.941015 0.0487749
-1.03429 0.0353172
-0.957476 0.0303496
-1.09465 0.0374096
-0.995885 0.0149048
-1.02332 0.0162746
-1.10562 0.00895866
-1.08916 0.000318003
-1.05624 0.00180829
-1.08368 0.00844685
-1.03978 0.00158249
-1.10562 4.70419e-05
-1.13855 0.00204915
-1.06722 0.000543804
-1.08916 0.00347922
-1.13855 0.00569207
-1.07819 0.000227683
-1.03429 0.000829819
-1.11111 0.000423377
-1.0727 0.000423377
-1.08368 0.00948553
-1.14952 0.00180829
-1.10562 0.00180829
-1.13306 0.000318003
-1.10562 0.000318003
-1.1166 1.69351e-05
-1.1166 4.70419e-05
-1.1166 0.00180829
-1.01235 0.000318003
-1.00137 0.00257602
-1.00137 0.00204915
-1.0727 0.000423377
-0.990398 1.88168e-06
-1.04527 0.0031631
-1.02332 0.0257583
-1.02881 0.0294012
-1.05624 0.0207455
-1.10562 0.00700172
-1.10014 0.0231841
-1.15501 0.0199627
-1.20988 0.0452073
-1.04527 0.0303496
-1.01783 0.0169821
-1.07819 0.00286203
-1.03429 0.000318003
-0.951989 0.00230505
-0.96845 0.000318003
-0.96845 0.00569207
-0.979424 1.69351e-05
-1.02881 4.70419e-05
-0.91358 0.00381039
-0.973937 0.00347922
-1.03978 0.0162746
-1.11111 0.0199627
-1.09465 0.019195
-1.02332 0.0184423
-0.941015 0.00528563
-1.09465 0.0155822
-1.05075 0.0031631
-1.13306 0.000152416
-1.06722 9.22021e-05
-1.07819 1.69351e-05
-1.0727 0.00257602
-1.0727 0.00489424
-1.06722 0.000152416
-1.11111 0.000318003
-1.05075 0.00180829
-1.15501 0.0031631
-1.09465 0.00117605
-1.14952 0.00137174
-1.10562 0.000318003
-1.08916 0.000423377
-1.01235 1.88168e-06
-1.03978 9.22021e-05
-1.07819 0.00528563
-1.11111 0.000152416
-1.08368 0.0031631
-1.10562 0.00844685
-1.1989 0.0142424
-1.24829 0.0155822
-1.03978 0.0257583
-1.12209 0.0374096
-1.12209 0.0275496
-1.13855 0.0417751
-1.12757 0.0429041
-1.14952 0.0303496
-1.03978 0.0266464
-1.00137 0.0100275
-1.06173 0.00611357
-1.08916 0.00844685
-1.05624 0.00415662
-1.0727 0.0129629
-1.13306 0.00746837
-1.1166 0.00746837
-1.11111 0.00746837
-1.10562 9.22021e-05
-1.07819 0.00137174
-1.04527 0.00158249
-1.05075 1.69351e-05
-1.12757 0.000829819
-0.995885 9.22021e-05
-0.946502 0.00286203
-0.902606 0.000423377
-0.908093 0.00795008
-1.01235 0.00895866
-0.96845 0.0155822
-1.04527 0.0207455
-1.06173 0.0363559
-1.01235 0.0284679
-1.01235 0.019195
-0.946502 0.0223562
-0.897119 0.0248852
-0.941015 0.0199627
-1.00137 0.019195
-1.00137 0.0303496
-1.01783 0.0406611
-1.05624 0.0550221
-1.10014 0.0452073
-1.06173 0.0417751
-1.12209 0.0417751
-1.0727 0.0452073
-1.02881 0.0207455
-0.941015 0.0149048
-0.984911 0.0169821
-1.00686 0.00844685
-1.06722 0.0129629
-1.08368 0.0248852
-0.984911 0.0117435
-1.10014 0.0395622
-1.08916 0.0616456
-1.07819 0.077542
-0.946502 0.0869805
-1.01235 0.103916
-1.11111 0.10929
-1.13306 0.128182
-1.16049 0.128182
-1.03978 0.105692
-1.10014 0.142302
-1.07819 0.124283
-1.1166 0.0886063
-1.10562 0.0715507
-1.10562 0.0672154
-1.16049 0.10929
-1.06722 0.080628
-1.20439 0.0869805
-1.24829 0.126225
-1.16598 0.128182
-1.10014 0.0935739
-1.22634 0.0686454
-1.19342 0.073026
-1.15501 0.0902471
-1.16049 0.0952599
-1.22085 0.0853698
-1.1166 0.0902471
-1.20439 0.144379
-1.22634 0.122356
-1.12209 0.098677
-1.16598 0.13616
-1.0727 0.122356
-1.04527 0.0952599
-1.00137 0.0935739
-1.05075 0.077542
-1.05624 0.0837741
-1.01235 0.118547
-0.973937 0.140239
-1.02332 0.134143
-1.08368 0.184346
-1.12757 0.198752
-1.22085 0.247947
-1.16049 0.216244
-1.06722 0.184346
-1.23182 0.191481
-1.17147 0.172755
-1.20439 0.189088
-1.23182 0.242512
-1.1166 0.189088
-1.10014 0.196313
-1.13306 0.140239
-1.05624 0.10929
-0.984911 0.0853698
-0.979424 0.0745163
-1.04527 0.0869805
-1.13306 0.0853698
-1.03978 0.0886063
-0.962963 0.0886063
-1.03429 0.100408
-1.07819 0.0869805
-1.00137 0.130154
-1.11111 0.124283
-1.15501 0.0969609
-1.12209 0.0630155
-1.10562 0.116666
-1.14403 0.118547
-1.11111 0.114799
-1.0727 0.0935739
-1.05624 0.105692
-1.13855 0.077542
-1.1166 0.100408
-1.05075 0.122356
-0.995885 0.0630155
-1.09465 0.0790775
-1.14952 0.102154
-1.10562 0.0745163
-1.00686 0.073026
-1.00137 0.0499943
-1.04527 0.0563167
-1.13855 0.0837741
-1.13855 0.0952599
-1.17695 0.0686454
-1.14403 0.0524781
-1.16049 0.0463814
-1.1166 0.0322914
-1.08916 0.0162746
-1.05624 0.00204915
-1.10014 0.00415662
-1.15501 0.00569207
-1.19342 0.000543804
-1.24829 0.00180829
-1.23182 0.00257602
-1.1989 0.000152416
-1.13306 0.000829819
-1.13855 0.0149048
-1.10562 0.00180829
-1.14403 0.00381039
-1.16049 0.00117605
-1.04527 0.000227683
-1.04527 0.000543804
-1.06722 0.00117605
-0.979424 0.00611357
-1.06173 0.00257602
-1.02881 0.00158249
-1.06722 1.88168e-06
-1.0727 0.00655012
-1.08916 0.0031631
-1.08368 0.000995407
-1.11111 0.00158249
-1.16598 0.00700172
-1.1989 0.0031631
-1.16598 0.000318003
-1.10562 4.70419e-05
-1.15501 0.000995407
-1.21536 0.00347922
-1.17695 4.70419e-05
-1.16049 0.00700172
-1.14952 0.00528563
-1.23731 0.0207455
-1.25926 0.0363559
-1.17147 0.0452073
-1.20439 0.0487749
-1.1989 0.0524781
-1.23731 0.080628
-1.18793 0.080628
-1.13855 0.0715507
-1.16598 0.0902471
-1.09465 0.077542
-1.08368 0.080628
-1.21536 0.0576263
-1.18244 0.0869805
-1.1989 0.080628
-1.18793 0.0821935
-1.09465 0.091903
-1.06173 0.124283
-1.10562 0.140239
-1.04527 0.102154
-1.1166 0.132141
-1.08916 0.103916
-1.09465 0.114799
-1.12209 0.128182
-1.11111 0.142302
-1.10014 0.177346
-1.08368 0.168224
-1.03978 0.152839
-1.05075 0.142302
-1.06722 0.218803
-1.13855 0.22919
-1.08368 0.179664
-1.09465 0.134143
-1.10562 0.148579
-1.1166 0.140239
-1.08368 0.124283
-1.05624 0.0745163
-1.08916 0.0869805
-1.00137 0.120444
-1.12209 0.144379
-1.15501 0.175043
-1.12757 0.172755
-1.11111 0.184346
-1.22634 0.181998
-1.22634 0.179664
-1.25377 0.203675
-1.23182 0.159342
-1.29218 0.2137
-1.25377 0.2137
-1.22085 0.231824
-1.12757 0.231824
-1.15501 0.2137
-1.17695 0.201206
-1.17147 0.237138
-1.13306 0.216244
-1.16049 0.231824
-1.16049 0.242512
-1.13306 0.237138
-1.11111 0.2137
-1.1166 0.22919
-1.22085 0.270286
-1.25926 0.218803
-1.23182 0.221377
-1.14952 0.237138
-1.16049 0.231824
-1.18793 0.226571
-1.19342 0.218803
-1.1989 0.216244
-1.10014 0.157159
-1.02881 0.168224
-0.946502 0.107483
-0.951989 0.0644004
-1.00686 0.0869805
-0.957476 0.0715507
-1.03429 0.0790775
-1.01783 0.0821935
-1.02881 0.080628
-0.995885 0.073026
-0.995885 0.0869805
-1.08916 0.111111
-1.06173 0.118547
-1.08368 0.120444
-1.08368 0.138192
-1.02332 0.142302
-0.973937 0.128182
-1.03429 0.114799
-0.946502 0.144379
-1.02881 0.122356
-1.12209 0.107483
-1.09465 0.0837741
-1.05075 0.077542
-1.08368 0.073026
-1.05075 0.0658003
-1.06173 0.0616456
-1.07819 0.0644004
-1.05075 0.0353172
-1.05624 0.0487749
-1.13855 0.0429041
-1.11111 0.0672154
-1.10014 0.0630155
-0.941015 0.091903
-0.984911 0.0700906
-1.14952 0.0869805
-1.02332 0.077542
-1.05075 0.0700906
-1.02332 0.0686454
-1.11111 0.0869805
-0.984911 0.0952599
-1.07819 0.10929
-1.0727 0.112948
-1.20439 0.154992
-1.16598 0.118547
-1.21536 0.10929
-1.22634 0.091903
-1.1989 0.073026
-1.29218 0.0686454
-1.22085 0.0429041
-1.25926 0.0487749
-1.23731 0.0395622
-1.12757 0.0199627
-1.18793 0.0142424
-1.12757 0.00489424
-1.13855 0.0149048
-1.17695 0.0499943
-1.14403 0.0475707
-1.1166 0.0384784
-1.1166 0.0452073
-1.06722 0.0524781
-1.08368 0.0602908
-1.0727 0.0417751
-1.10562 0.0499943
-0.979424 0.0284679
-0.91358 0.0257583
-0.96845 0.0129629
-1.08368 0.0111565
-1.03429 0.000995407
-1.08916 0.00489424
-1.07819 0.000227683
-0.973937 9.22021e-05
-1.04527 0.0031631
-1.10014 0.0215433
-1.11111 0.0215433
-1.20988 0.0284679
-1.13855 0.0257583
-1.20988 0.0223562
-1.20439 0.0248852
-1.1989 0.0395622
-1.0727 0.0499943
-1.1166 0.0563167
-1.1166 0.0440482
-1.16049 0.0353172
-1.15501 0.0294012
-1.21536 0.0231841
-1.10014 0.0184423
-1.07819 0.0487749
-1.08368 0.0342936
-1.15501 0.0155822
-1.1166 0.0135951
-1.12757 0.019195
-1.12209 0.0117435
-1.22634 0.0142424
-1.15501 0.019195
-1.13306 0.0406611
-1.14403 0.033285
-1.08368 0.0199627
-1.08368 0.0129629
-1.10562 0.0142424
-1.12757 0.0142424
-1.17695 0.0284679
-1.16598 0.0155822
-1.08916 0.0177047
-1.12757 0.0248852
-1.14952 0.0117435
-1.20988 0.0248852
-1.08368 0.031313
-1.23182 0.0602908
-1.13306 0.0353172
-1.09465 0.0363559
-1.14952 0.0700906
-1.22085 0.0715507
-1.09465 0.0440482
-1.1166 0.0463814
-1.19342 0.0487749
-1.13855 0.0363559
-1.13855 0.033285
-1.25377 0.0524781
-1.23731 0.0630155
-1.19342 0.0700906
-1.12209 0.0537426
-1.10014 0.0563167
-1.18244 0.0715507
-1.18793 0.0672154
-1.03429 0.0512286
-1.08916 0.0715507
-1.02332 0.091903
-1.02881 0.073026
-1.08916 0.122356
-1.03429 0.0952599
-1.13855 0.116666
-1.20439 0.134143
-1.17695 0.16154
-1.13855 0.150702
-1.17695 0.191481
-1.20439 0.22919
-1.22634 0.261796
-1.29767 0.276021
-1.16598 0.267441
-1.22085 0.206158
-1.15501 0.206158
-1.22085 0.264611
-1.33059 0.281817
-1.29767 0.253441
-1.20988 0.198752
-1.2428 0.196313
-1.24829 0.154992
-1.22085 0.191481
-1.15501 0.226571
-1.15501 0.226571
-1.08368 0.208657
-1.07819 0.175043
-1.20988 0.231824
-1.17695 0.189088
-1.10562 0.168224
-1.03429 0.208657
-1.05075 0.211171
-1.01783 0.154992
-1.05624 0.128182
-1.12209 0.130154
-1.22634 0.13616
-1.1989 0.184346
-1.12757 0.177346
-1.18793 0.231824
-1.24829 0.242512
-1.17147 0.253441
-1.15501 0.242512
-1.17147 0.314769
-1.18244 0.278911
-1.19342 0.320956
-1.26475 0.346306
-1.22085 0.339878
-1.29767 0.403373
-1.35802 0.382735
-1.23182 0.386137
-1.14403 0.327203
-1.19342 0.359342
-1.24829 0.36595
-1.14952 0.242512
-1.1166 0.2137
-1.17147 0.234474
-1.12209 0.256211
-1.03429 0.189088
-1.0727 0.198752
-1.00686 0.231824
-1.05075 0.2137
-1.03978 0.175043
-1.06173 0.221377
-1.1166 0.22919
-1.14952 0.2137
-1.2428 0.264611
-1.1989 0.250686
-1.13306 0.242512
-1.15501 0.245222
-1.16049 0.218803
-1.21536 0.221377
-1.13855 0.175043
-1.11111 0.128182
-1.13855 0.165981
-1.17147 0.130154
-1.17147 0.142302
-1.11111 0.157159
-1.0727 0.152839
-1.01783 0.142302
-1.10014 0.150702
-1.05075 0.124283
-1.10014 0.13616
-1.04527 0.122356
-1.00686 0.0935739
-0.984911 0.10929
-1.06722 0.107483
-1.01783 0.098677
-1.17147 0.163753
-1.03978 0.124283
-1.02332 0.114799
-1.07819 0.116666
-1.08916 0.10929
-1.16598 0.100408
-1.23182 0.0790775
-1.26475 0.0760216
-1.18244 0.0837741
-1.15501 0.0487749
-1.22085 0.0406611
-1.11111 0.0100275
-1.16598 0.000318003
-1.18793 0.000995407
-1.23731 0.000318003
-1.13306 0.00230505
-1.17147 0.000829819
-1.23731 0.00489424
-1.14952 0.00489424
-1.06173 0.0169821
-1.22634 0.0184423
-1.22085 0.00844685
-1.12209 0.00611357
-1.16049 0.0031631
-1.13855 0.00286203
-1.01783 0.00180829
-1.07819 0.000829819
-1.12757 0.000829819
-1.13855 0.00746837
-1.12757 0.000543804
-1.08916 0.000227683
-1.00137 4.70419e-05
-1.08916 1.69351e-05
-1.06173 0.000227683
-0.908093 0.00180829
-0.990398 0.00137174
-0.935528 0.00286203
-0.941015 0.000543804
-0.891632 0.000227683
-0.951989 4.70419e-05
-1.01783 0.00180829
-0.946502 0.000152416
-0.962963 0.00137174
-1.03429 0.000318003
-1.10014 0.00158249
-1.16598 0.00948553
-1.22634 0.00948553
-1.17695 0.000829819
-1.12209 0.000829819
-1.18244 1.88168e-06
-1.15501 1.88168e-06
-1.10014 9.22021e-05
-1.07819 0.000152416
-1.05075 1.69351e-05
-1.12757 1.69351e-05
-1.20988 1.69351e-05
-1.15501 0.00117605
-1.14952 0.00117605
-1.12209 9.22021e-05
-1.11111 0.00347922
-1.14952 0.00381039
-1.26475 0.000995407
-1.18244 1.69351e-05
-1.13855 0.000995407
-1.1166 0.0031631
-1.10562 0.000995407
-1.1166 0.00746837
-1.06173 0.00948553
-1.14952 0.00230505
-1.12757 0.00204915
-1.1166 0.00117605
-1.06722 0.0031631
-1.00137 0.000152416
-1.08916 0.000423377
-1.00137 9.22021e-05
-1.10014 0.00204915
-1.07819 0.000829819
-1.06173 0.000227683
-1.10562 4.70419e-05
-1.1166 9.22021e-05
-1.08916 1.88168e-06
-1.13306 0.000318003
-1.08916 0.00948553
-1.10014 0.00795008
-1.05075 0.0135951
-1.1166 1.69351e-05
-1.06722 0.000679285
-1.11111 0.000829819
-0.962963 0.00204915
-0.962963 0.00528563
-0.96845 0.0169821
-0.995885 0.0215433
-0.941015 0.0117435
-0.984911 0.0463814
-1.00137 0.0902471
-1.01783 0.0821935
-1.06173 0.0935739
-1.00137 0.116666
-1.00137 0.150702
-0.919067 0.107483
-1.13306 0.157159
-1.0727 0.203675
-1.06173 0.198752
-1.15501 0.247947
-1.11111 0.258996
-1.19342 0.203675
-1.12757 0.146472
-1.19342 0.184346
-1.08368 0.191481
-1.08916 0.201206
-1.10014 0.216244
-1.08916 0.201206
-1.0727 0.22919
-1.19342 0.245222
-1.17695 0.278911
-1.25377 0.290623
-1.29218 0.320956
-1.25377 0.324072
-1.33608 0.362639
-1.3251 0.359342
-1.20988 0.339878
-1.25926 0.359342
-1.27023 0.35606
-1.25377 0.369277
-1.22634 0.349542
-1.16598 0.302575
-1.18244 0.218803
-1.13855 0.242512
-1.1166 0.22919
-1.18244 0.226571
-1.18793 0.221377
-1.14952 0.198752
-1.14952 0.206158
-1.06173 0.2137
-1.16598 0.196313
-1.15501 0.124283
-1.23731 0.181998
-1.24829 0.191481
-1.04527 0.168224
-1.04527 0.150702
-1.17147 0.234474
-1.20988 0.250686
-1.33059 0.369277
-1.3251 0.403373
-1.39095 0.453636
-1.41838 0.476081
-1.37449 0.424553
-1.34156 0.386137
-1.31962 0.406865
-1.18793 0.343084
-1.30316 0.369277
-1.26475 0.349542
-1.20988 0.330349
-1.22085 0.270286
-1.1166 0.234474
-1.09465 0.250686
-1.2428 0.320956
-1.16049 0.253441
-1.18244 0.221377
-1.1989 0.231824
-1.23182 0.234474
-1.13855 0.179664
-1.03978 0.196313
-1.13306 0.206158
-1.13306 0.250686
-1.10562 0.302575
-1.06173 0.278911
-1.17695 0.290623
-1.23731 0.320956
-1.25926 0.382735
-1.25377 0.375976
-1.1989 0.346306
-1.30864 0.346306
-1.28121 0.299565
-1.29767 0.343084
-1.33608 0.302575
-1.37449 0.35606
-1.40741 0.403373
-1.3251 0.389554
-1.16598 0.35606
-1.25926 0.305601
-1.17147 0.237138
-1.10562 0.2137
-1.12757 0.231824
-1.17695 0.253441
-1.10014 0.201206
-1.20439 0.223967
-1.20439 0.181998
-1.21536 0.237138
-1.25926 0.206158
-1.25377 0.181998
-1.19342 0.223967
-1.15501 0.184346
-1.25926 0.152839
-1.12209 0.10929
-1.06722 0.0935739
-1.16598 0.116666
-1.1166 0.111111
-1.00137 0.0902471
-1.0727 0.100408
-1.09465 0.0952599
-1.11111 0.080628
-1.1166 0.120444
-1.08368 0.0837741
-1.02332 0.0658003
-1.05075 0.0499943
-1.12209 0.0452073
-1.06173 0.0162746
-1.10562 0.0223562
-1.1166 0.0406611
-1.02332 0.0374096
-1.0727 0.0363559
-1.1166 0.0184423
-1.14952 0.031313
-1.11111 0.0363559
-1.1989 0.0342936
-1.27023 0.0715507
-1.21536 0.033285
-1.14952 0.0240271
-1.14952 0.0199627
-1.09465 0.00569207
-1.05624 0.00257602
-0.941015 0.00257602
-1.05624 0.00381039
-1.08368 0.00795008
-1.08368 0.019195
-1.06722 0.0207455
-1.21536 0.0257583
-1.13306 0.031313
-1.09465 0.0395622
-1.06173 0.0440482
-0.995885 0.0672154
-1.03978 0.0576263
-1.16049 0.073026
-1.06173 0.0499943
-1.02332 0.0294012
-1.01783 0.0231841
-0.962963 0.0342936
-0.973937 0.0395622
-1.02881 0.0644004
-1.05075 0.0630155
-1.07819 0.0760216
-1.11111 0.0563167
-1.04527 0.0715507
-1.03429 0.0487749
-1.06722 0.0700906
-0.995885 0.0576263
-0.984911 0.0658003
-0.951989 0.0869805
-0.941015 0.0672154
-1.05624 0.0902471
-1.01235 0.0935739
-1.01235 0.111111
-1.03429 0.107483
-1.06173 0.0969609
-1.12757 0.148579
-1.08368 0.13616
-1.05624 0.080628
-1.06722 0.0886063
-1.07819 0.107483
-1.12757 0.102154
-1.06173 0.0499943
-1.14952 0.0630155
-1.12757 0.0886063
-1.15501 0.0658003
-1.15501 0.0745163
-1.16049 0.0630155
-1.13306 0.0512286
-1.10014 0.0715507
-1.13855 0.0715507
-1.17147 0.0790775
-1.16598 0.0715507
-1.15501 0.0644004
-1.10562 0.0658003
-1.20439 0.077542
-1.33608 0.102154
-1.26475 0.114799
-1.16049 0.098677
-1.08368 0.105692
-1.08916 0.102154
-1.06173 0.154992
-1.10014 0.150702
-1.15501 0.196313
-1.13306 0.208657
-1.13306 0.177346
-1.10562 0.13616
-1.14403 0.157159
-1.13855 0.144379
-1.15501 0.0902471
-1.1166 0.122356
-1.14403 0.142302
-1.22085 0.168224
-1.13306 0.191481
-1.16049 0.179664
-1.18244 0.170482
-1.20439 0.148579
-1.19342 0.13616
-1.16049 0.134143
-1.13855 0.13616
-1.18244 0.16154
-1.1166 0.122356
-1.02881 0.130154
-1.0727 0.105692
-1.07819 0.0869805
-1.04527 0.105692
-1.05075 0.0616456
-1.13306 0.0700906
-1.02332 0.0630155
-0.984911 0.0417751
-1.13306 0.0429041
-1.13855 0.0275496
-1.20439 0.0223562
-1.13306 0.033285
-1.14952 0.0363559
-1.23182 0.0475707
-1.25926 0.0487749
-1.0727 0.0616456
-1.01783 0.0487749
-1.14403 0.0353172
-1.15501 0.0231841
-1.17695 0.00415662
-1.14952 0.00257602
-1.16049 0.000423377
-1.1166 0.00137174
-1.25926 0.000227683
-1.20988 0.000423377
-1.1989 0.00117605
-1.16598 0.00137174
-1.09465 0.000679285
-1.10014 0.000318003
-1.15501 0.00700172
-1.06722 0.00415662
-1.02332 0.0117435
-1.01783 0.0123457
-1.07819 0.0294012
-0.995885 0.0169821
-1.0727 0.0266464
-1.05075 0.0184423
-1.14952 0.0353172
-1.18793 0.0223562
-1.16598 0.0303496
-1.18244 0.0231841
-1.14952 0.0440482
-1.1989 0.0284679
-1.23182 0.031313
-1.13306 0.0342936
-1.19342 0.0240271
-1.22634 0.0452073
-1.20988 0.058951
-1.18793 0.0616456
-1.12209 0.0644004
-1.09465 0.0363559
-1.06722 0.0440482
-0.990398 0.0537426
-1.06173 0.0452073
-1.10562 0.0275496
-1.08368 0.031313
-0.979424 0.0353172
-0.957476 0.0395622
-0.957476 0.0395622
-0.858711 0.0207455
-0.951989 0.0499943
-0.924554 0.0602908
-0.995885 0.077542
-0.962963 0.091903
-1.08916 0.114799
-1.13306 0.124283
-1.11111 0.103916
-1.1166 0.100408
-1.11111 0.0935739
-1.10014 0.0837741
-0.995885 0.0630155
-0.990398 0.0452073
-1.02881 0.0395622
-1.02881 0.0257583
-0.96845 0.0395622
-1.06722 0.0284679
-1.01235 0.0384784
-0.96845 0.0353172
-0.973937 0.0537426
-1.01783 0.0853698
-1.06722 0.0853698
-1.05075 0.0886063
-0.984911 0.0821935
-0.924554 0.0499943
-0.962963 0.0630155
-0.96845 0.0266464
-1.01783 0.0322914
-1.05624 0.0342936
-1.06173 0.0284679
-1.1166 0.0363559
-1.05624 0.0169821
-1.13855 0.0215433
-1.1166 0.0475707
-1.27572 0.0658003
-1.18793 0.0406611
-1.29767 0.0429041
-1.29767 0.0686454
-1.16598 0.0821935
-1.06722 0.0935739
-1.1989 0.112948
-1.13855 0.100408
-1.19342 0.107483
-1.16598 0.118547
-1.19342 0.102154
-1.1166 0.0952599
-1.00137 0.077542
-1.14403 0.10929
-1.10562 0.134143
-1.08368 0.138192
-1.1989 0.134143
-1.12209 0.122356
-1.1166 0.100408
-1.20988 0.132141
-1.17147 0.165981
-1.22085 0.16154
-1.25377 0.168224
-1.26475 0.138192
-1.23182 0.165981
-1.16049 0.10929
-1.16049 0.103916
-1.15501 0.0790775
-1.16598 0.0745163
-1.16049 0.058951
-1.1166 0.073026
-1.07819 0.0715507
-1.0727 0.0886063
-1.05624 0.132141
-1.1166 0.157159
-1.17147 0.175043
-1.19342 0.245222
-1.18244 0.237138
-1.12209 0.250686
-1.16049 0.261796
-1.23182 0.276021
-1.1989 0.305601
-1.12757 0.250686
-1.27023 0.36595
-1.25377 0.339878
-1.15501 0.336686
-1.21536 0.281817
-1.18244 0.308642
-1.28121 0.417433
-1.31413 0.413895
-1.1989 0.346306
-1.22085 0.339878
-1.33608 0.413895
-1.27572 0.392986
-1.22634 0.343084
-1.22085 0.343084
-1.2428 0.320956
-1.18793 0.317855
-1.16049 0.320956
-1.2428 0.305601
-1.24829 0.362639
-1.25377 0.362639
-1.22634 0.349542
-1.18244 0.324072
-1.16049 0.273146
-1.27023 0.375976
-1.29767 0.392986
-1.29218 0.389554
-1.28121 0.406865
-1.27023 0.428136
-1.27572 0.420986
-1.25926 0.396433
-1.25377 0.392986
-1.23731 0.375976
-1.18244 0.276021
-1.20988 0.35606
-1.1989 0.35606
-1.16598 0.372619
-1.2428 0.386137
-1.30864 0.305601
-1.26475 0.287673
-1.12757 0.223967
-1.27023 0.234474
-1.1989 0.206158
-1.27572 0.19389
-1.25377 0.181998
-1.22085 0.177346
-1.10562 0.157159
-1.09465 0.150702
-1.12757 0.126225
-1.18793 0.142302
-1.11111 0.132141
-1.08916 0.073026
-1.10562 0.073026
-1.02881 0.0869805
-1.14952 0.0969609
-1.07819 0.0745163
-1.06173 0.105692
-1.01235 0.0952599
-1.05075 0.100408
-1.05075 0.0952599
-1.09465 0.098677
-1.06173 0.0952599
-1.07819 0.130154
-1.05624 0.102154
-1.00686 0.0550221
-1.03978 0.0602908
-1.06173 0.091903
-1.07819 0.0672154
-1.05075 0.0644004
-1.00137 0.0284679
-1.03429 0.0155822
-0.96845 0.0248852
-0.951989 0.0342936
-1.00686 0.0374096
-1.05075 0.0452073
-1.02332 0.0550221
-0.962963 0.0512286
-0.990398 0.0384784
-1.03978 0.0342936
-0.995885 0.0395622
-1.02332 0.0512286
-0.962963 0.0512286
-1.12757 0.0790775
-1.05624 0.0715507
-1.03978 0.0700906
-1.09465 0.0869805
-0.96845 0.0602908
-1.01783 0.0672154
-1.01783 0.0342936
-1.06722 0.0257583
-1.06173 0.0602908
-1.06173 0.0602908
-1.12209 0.0429041
-1.13306 0.0231841
-1.08368 0.0363559
-1.08916 0.033285
-1.10562 0.0248852
-1.05075 0.0123457
-1.10562 0.0111565
-1.10014 0.0177047
-1.13306 0.0117435
-1.08368 0.00257602
-1.02881 0.00451791
-1.12209 0.00347922
-1.06722 0.0142424
-1.1989 0.0353172
-1.05075 0.0395622
-1.06722 0.033285
-1.05075 0.0487749
-1.06173 0.0616456
-1.03429 0.0475707
-1.0727 0.0672154
-1.0727 0.105692
-0.984911 0.0853698
-1.12757 0.0837741
-1.10562 0.080628
-1.14952 0.0853698
-1.08368 0.0790775
-1.13306 0.154992
-1.04527 0.144379
-1.01235 0.126225
-1.02881 0.13616
-0.990398 0.102154
-0.973937 0.0440482
-0.962963 0.0275496
-1.0727 0.0207455
-1.00137 0.00746837
-0.946502 1.69351e-05
-0.935528 0.0031631
-1.02881 9.22021e-05
-1.00686 1.88168e-06
-1.07819 0.00180829
-1.07819 0.00204915
-1.07819 0.000423377
-1.05624 0.00137174
-1.02881 9.22021e-05
-1.13855 0.000995407
-1.14403 0.0031631
-1.05075 0.000152416
-1.06173 0.00257602
-1.08916 0.000227683
-1.02881 4.70419e-05
-1.14952 0.000423377
-1.15501 0.00381039
-1.02881 0.00655012
-1.0727 0.00347922
-1.0727 0.00117605
-1.06173 0.00230505
-1.10014 0.000152416
-1.01783 0.00489424
-1.00686 0.0111565
-1.08368 0.00746837
-1.06173 0.0135951
-1.05624 0.0155822
-1.09465 0.0257583
-1.06173 0.0135951
-1.03429 0.00230505
-0.957476 0.000423377
-1.03429 0.000995407
-0.973937 0.00257602
-0.962963 0.00137174
-1.00686 0.000423377
-1.10014 0.000679285
-1.06173 0.000318003
-0.984911 1.88168e-06
-1.07819 0.00204915
-1.08368 4.70419e-05
-1.10562 4.70419e-05
-1.13855 1.69351e-05
-1.23731 9.22021e-05
-1.08368 0.000679285
-1.17147 9.22021e-05
-1.14403 0.000829819
-1.11111 0.000423377
-1.03978 0.000543804
-0.96845 0.00230505
-0.924554 0.000152416
-0.91358 1.69351e-05
-0.946502 0.00137174
-0.995885 0.00158249
-0.990398 0.0123457
-1.06173 0.0111565
-1.10014 0.00700172
-1.02332 0.00230505
-1.06173 0.00257602
-1.01783 4.70419e-05
-1.05624 1.88168e-06
-0.995885 0.000995407
-0.962963 0.000423377
-0.984911 0.0149048
-0.962963 0.0303496
-0.990398 0.033285
-1.12209 0.0303496
-1.06722 0.0223562
-1.12209 0.0576263
-1.00686 0.0353172
-1.04527 0.0284679
-1.11111 0.0215433
-1.1166 0.0215433
-1.08368 0.0395622
-1.10014 0.0644004
-1.15501 0.073026
-1.16598 0.0935739
-1.12757 0.10929
-1.15501 0.0935739
-1.17695 0.13616
-1.23731 0.150702
-1.29218 0.170482
-1.2428 0.175043
-1.14952 0.181998
-1.17695 0.231824
-1.18793 0.191481
-1.1166 0.146472
-1.14952 0.168224
-1.11111 0.198752
-1.11111 0.22919
-1.16049 0.284737
-1.14952 0.226571
-1.09465 0.231824
-1.19342 0.189088
-1.29218 0.203675
-1.25377 0.177346
-1.27572 0.189088
-1.17695 0.116666
-1.08916 0.100408
-1.20988 0.138192
-1.15501 0.116666
-1.13306 0.196313
-1.17695 0.186709
-1.24829 0.19389
-1.24829 0.201206
-1.16049 0.186709
-1.17147 0.216244
-1.21536 0.218803
-1.13855 0.118547
-1.13855 0.0935739
-1.12209 0.0700906
-1.12757 0.0440482
-1.07819 0.0275496
-1.09465 0.0266464
-1.03978 0.0248852
-1.12209 0.0550221
-1.12209 0.0240271
-1.14952 0.0223562
-1.17695 0.0284679
-1.14403 0.0294012
-1.10562 0.0452073
-1.19342 0.0886063
-1.15501 0.0672154
-1.15501 0.0550221
-1.14403 0.0463814
-1.15501 0.0487749
-1.18244 0.0487749
-1.22634 0.0686454
-1.1989 0.0384784
-1.1166 0.0207455
-1.13855 0.0135951
-1.14952 0.0417751
-1.20439 0.0406611
-1.14403 0.0602908
-1.14952 0.0550221
-1.20988 0.0760216
-1.27023 0.0658003
-1.30864 0.073026
-1.25926 0.0935739
-1.09465 0.0550221
-1.12209 0.0429041
-1.1989 0.0630155
-1.13855 0.0700906
-1.22085 0.0969609
-1.1989 0.114799
-1.1166 0.058951
-1.03978 0.0853698
-1.05075 0.100408
-1.12757 0.124283
-1.14403 0.140239
-1.15501 0.126225
-1.14403 0.13616
-1.10014 0.0935739
-1.04527 0.118547
-1.00137 0.0886063
-1.16049 0.159342
-1.10562 0.159342
-1.01235 0.159342
-1.01235 0.163753
-1.06722 0.181998
-1.06722 0.198752
-1.18793 0.250686
-1.20439 0.261796
-1.17147 0.290623
-1.21536 0.339878
-1.12757 0.278911
-1.10014 0.231824
-1.11111 0.273146
-1.06173 0.223967
-1.09465 0.261796
-1.11111 0.231824
-1.14403 0.221377
-1.09465 0.218803
-1.09465 0.198752
-0.880658 0.118547
-0.962963 0.100408
-0.990398 0.138192
-1.00137 0.126225
-1.10014 0.132141
-1.06173 0.165981
-1.02881 0.206158
-1.03429 0.237138
-1.16049 0.293589
-1.23731 0.375976
-1.27572 0.428136
-1.24829 0.375976
-1.23182 0.399896
-1.41838 0.514693
-1.37449 0.50685
-1.25377 0.372619
-1.1989 0.346306
-1.24829 0.396433
-1.17695 0.33351
-1.23731 0.382735
-1.30316 0.442617
-1.29218 0.446275
-1.19342 0.410373
-1.16598 0.389554
-1.18244 0.379348
-1.14952 0.33351
-1.28121 0.413895
-1.28121 0.386137
-1.19342 0.330349
-1.19342 0.267441
-1.10562 0.305601
-1.29218 0.396433
-1.27572 0.406865
-1.21536 0.290623
-1.18244 0.35606
-1.20439 0.33351
-1.11111 0.264611
-1.21536 0.273146
-1.16598 0.191481
-1.23731 0.154992
-1.24829 0.13616
-1.25377 0.179664
-1.1989 0.134143
-1.07819 0.0745163
-1.17147 0.0745163
-1.03429 0.0616456
-1.14952 0.0902471
-1.17147 0.0715507
-1.1166 0.0658003
-1.19342 0.100408
-1.17695 0.120444
-1.27572 0.120444
-1.1989 0.112948
-1.14403 0.0672154
-1.22085 0.080628
-1.20439 0.0602908
-1.10562 0.0715507
-1.13855 0.107483
-1.12209 0.128182
-1.14403 0.126225
-1.08916 0.13616
-1.0727 0.124283
-1.06173 0.165981
-1.02881 0.184346
-1.13306 0.245222
-1.14952 0.239818
-1.12209 0.179664
-1.18244 0.175043
-1.04527 0.172755
-1.06722 0.152839
-1.14403 0.223967
-1.16049 0.2137
-1.15501 0.261796
-1.1989 0.305601
-1.13306 0.256211
-1.13306 0.293589
-1.20988 0.305601
-1.14952 0.245222
-1.08916 0.198752
-1.16049 0.206158
-1.22085 0.226571
-1.22634 0.226571
-1.15501 0.221377
-1.17147 0.211171
-1.12209 0.170482
-1.08368 0.146472
-1.16598 0.218803
-1.17695 0.245222
-1.2428 0.242512
-1.27023 0.33351
-1.23182 0.352794
-1.31962 0.352794
-1.2428 0.290623
-1.28121 0.305601
-1.18793 0.317855
-1.25377 0.379348
-1.22085 0.346306
-1.28669 0.417433
-1.39095 0.495199
-1.4513 0.438974
-1.38546 0.514693
-1.27572 0.491345
-1.29767 0.464791
-1.31962 0.50685
-1.28669 0.449948
-1.35802 0.468539
-1.31413 0.428136
-1.29218 0.438974
-1.25377 0.449948
-1.31962 0.449948
-1.3251 0.499068
-1.37997 0.479875
-1.3251 0.476081
-1.40192 0.546667
-1.31962 0.483683
-1.30864 0.468539
-1.34156 0.495199
-1.17147 0.382735
-1.17147 0.396433
-1.12209 0.352794
-1.12757 0.339878
-1.09465 0.330349
-1.14952 0.311698
-1.16598 0.392986
-1.17695 0.403373
-1.18244 0.431734
-1.1989 0.372619
-1.23182 0.386137
-1.1989 0.442617
-1.29218 0.438974
-1.28121 0.446275
-1.29767 0.45734
-1.29767 0.461058
-1.33059 0.472303
-1.3251 0.461058
-1.30316 0.438974
-1.12757 0.311698
-1.3251 0.410373
-1.28669 0.349542
-1.23731 0.379348
-1.27023 0.379348
-1.27023 0.369277
-1.22085 0.343084
-1.21536 0.359342
-1.25377 0.308642
-1.19342 0.267441
-1.26475 0.261796
-1.1166 0.198752
-1.1989 0.245222
-1.17695 0.221377
-1.25926 0.216244
-1.28121 0.201206
-1.33608 0.184346
-1.28669 0.175043
-1.23731 0.124283
-1.1166 0.103916
-1.20439 0.114799
-1.20988 0.112948
-1.28121 0.132141
-1.1166 0.073026
-1.17695 0.0686454
-1.06722 0.0499943
-1.14403 0.0602908
-1.13855 0.0715507
-1.15501 0.0616456
-1.15501 0.0658003
-1.20439 0.0715507
-1.25926 0.0563167
-1.15501 0.0658003
-1.13855 0.0384784
-1.0727 0.0417751
-1.10014 0.0406611
-1.13306 0.0658003
-1.02881 0.0499943
-1.15501 0.0644004
-1.12209 0.0630155
-1.03429 0.0487749
-1.06173 0.0700906
-1.05624 0.0853698
-1.03429 0.128182
-1.08368 0.100408
-1.08916 0.073026
-1.13855 0.0499943
-1.19342 0.077542
-1.20439 0.0487749
-1.23182 0.0429041
-1.18793 0.0475707
-1.1166 0.0616456
-1.05624 0.0715507
-1.10014 0.0745163
-1.05624 0.080628
-1.18244 0.091903
-1.07819 0.0869805
-1.15501 0.100408
-1.12757 0.126225
-1.16049 0.112948
-1.18793 0.0902471
-1.03429 0.0644004
-1.17695 0.124283
-1.13855 0.0969609
-1.17695 0.102154
-1.23731 0.13616
-1.12209 0.0935739
-1.15501 0.103916
-1.13306 0.128182
-1.1166 0.107483
-1.08368 0.0935739
-1.02332 0.073026
-0.96845 0.0658003
-0.897119 0.0452073
-1.02881 0.0790775
-0.962963 0.0902471
-1.14403 0.0952599
-1.17147 0.0790775
-1.17147 0.080628
-1.0727 0.0524781
-1.00137 0.0715507
-1.06173 0.033285
-1.08368 0.0294012
-1.02332 0.0162746
-1.09465 0.0105844
-1.06173 0.00286203
-1.05624 0.000318003
-1.20439 0.00489424
-1.10014 0.0111565
-0.979424 0.00381039
-1.03429 0.00489424
-0.96845 0.0117435
-0.995885 0.0100275
-1.02332 0.00746837
-1.03429 0.0207455
-1.18793 0.0487749
-1.13306 0.0602908
-1.13306 0.0550221
-1.17695 0.0417751
-1.20988 0.0499943
-1.16598 0.0223562
-1.09465 0.019195
-1.1166 0.0169821
-1.13306 0.0248852
-1.19342 0.0129629
-1.17147 0.0207455
-1.18793 0.0207455
-1.27572 0.0231841
-1.23731 0.0207455
-1.17147 0.0100275
-1.30316 0.00895866
-1.2428 0.0135951
-1.14403 0.00180829
-1.14403 0.000318003
-1.16049 0.000995407
-1.10562 1.69351e-05
-1.15501 1.69351e-05
-1.15501 0.00415662
-1.13306 0.00655012
-1.0727 0.00180829
-1.13306 0.00381039
-1.22085 0.00795008
-1.12209 0.00257602
-1.10562 0.000423377
-1.04527 1.88168e-06
-1.01783 9.22021e-05
-1.10014 0.00204915
-0.935528 0.000227683
-0.957476 0.00451791
-1.06173 0.00347922
-0.951989 0.000829819
-1.01783 0.00655012
-1.01235 0.00611357
-1.0727 4.70419e-05
-1.04527 1.69351e-05
-0.984911 0.000318003
-1.07819 0.00117605
-1.12757 0.000543804
-1.14952 0.000318003
-1.13855 0.00257602
-1.13855 0.00204915
-1.10014 0.00528563
-1.08916 9.22021e-05
-1.1166 0.00204915
-1.06173 0.00204915
-1.1166 0.000423377
-1.0727 1.88168e-06
-1.16049 0.00528563
-1.18244 0.0105844
-1.12209 0.0231841
-1.18793 0.00569207
-1.06722 9.22021e-05
-1.12757 0.00230505
-1.14403 0.00655012
-1.1166 0.0129629
-1.01235 0.0162746
-1.03978 0.0031631
-1.08916 1.88168e-06
-1.12757 0.000679285
-1.08368 0.000227683
-1.10562 0.00347922
-1.12209 0.0142424
-1.11111 0.00528563
-1.06722 0.000423377
-0.995885 0.000423377
-1.04527 1.88168e-06
-1.00137 0.00158249
-0.990398 0.00158249
-1.10014 0.00655012
-1.14952 0.00451791
-1.14952 0.000829819
-1.06722 0.000152416
-1.00686 0.000318003
-1.09465 1.69351e-05
-1.15501 0.000679285
-1.10014 0.000152416
-0.91358 0.00286203
-1.01235 0.0184423
-1.03429 0.0199627
-0.946502 0.0240271
-1.0727 0.0374096
-1.08916 0.0123457
-0.941015 0.0199627
-0.990398 0.0240271
-0.946502 0.0284679
-0.897119 0.0342936
-1.00137 0.0406611
-0.941015 0.0550221
-1.08916 0.0303496
-1.08368 0.0303496
-1.05075 0.0294012
-1.13855 0.033285
-1.10014 0.031313
-0.96845 0.0231841
-1.05075 0.0563167
-1.11111 0.0821935
-1.05075 0.0952599
-1.06722 0.111111
-1.1166 0.0550221
-1.19342 0.0537426
-1.20439 0.0760216
-1.18244 0.0869805
-1.22085 0.0745163
-1.18793 0.091903
-1.25377 0.098677
-1.16049 0.0935739
-1.09465 0.0745163
-1.15501 0.0760216
-1.27572 0.0760216
-1.27023 0.0602908
-1.17147 0.0384784
-1.28121 0.0487749
-1.13306 0.0353172
-1.08916 0.0184423
-1.05075 0.0117435
-1.14952 0.00948553
-1.1166 0.0123457
-1.16598 0.000995407
-1.08916 0.00347922
-1.06173 0.000227683
-1.03978 0.00230505
-0.990398 1.88168e-06
-1.01783 0.0031631
-1.13306 0.00117605
-1.06722 0.00204915
-1.06173 0.000829819
-1.05624 0.000227683
-1.01783 0.00286203
-1.10014 0.000995407
-1.11111 0.000423377
-1.14403 0.000995407
-1.1166 0.000679285
-1.01783 0.000995407
-1.05075 0.00117605
-1.13855 0.00158249
-1.28669 0.0129629
-1.22085 0.0417751
-1.20988 0.0248852
-1.19342 0.0184423
-1.03978 0.0223562
-0.973937 0.0129629
-0.957476 0.0123457
-1.01235 0.00700172
-1.14403 0.0257583
-1.12209 0.0223562
-1.16049 0.0105844
-1.1989 0.033285
-1.15501 0.0429041
-1.09465 0.0463814
-1.11111 0.0452073
-1.09465 0.0384784
-1.07819 0.0374096
-1.01235 0.0111565
-1.03429 0.0162746
-0.957476 0.0149048
-1.03429 0.00746837
-1.05075 0.00795008
-0.990398 0.00700172
-1.05624 0.0100275
-1.00137 0.00746837
-1.01235 0.000679285
-1.06173 0.000423377
-1.10014 0.0123457
-1.07819 0.0111565
-0.935528 0.0169821
-1.03978 0.0303496
-1.08368 0.0322914
-1.10014 0.0275496
-1.11111 0.0602908
-1.14403 0.100408
-1.0727 0.0837741
-1.08368 0.0886063
-1.02332 0.073026
-1.12209 0.0853698
-1.10014 0.111111
-1.12209 0.0869805
-1.21536 0.0969609
-1.25926 0.120444
-1.15501 0.140239
-1.12209 0.098677
-0.995885 0.091903
-1.03978 0.0658003
-1.16049 0.107483
-1.06173 0.10929
-1.08916 0.0602908
-1.08368 0.0353172
-1.05075 0.0322914
-1.0727 0.0524781
-1.05624 0.0303496
-1.07819 0.0240271
-1.14952 0.0231841
-1.16049 0.0487749
-1.12757 0.0275496
-1.10562 0.0129629
-1.16598 0.00158249
-1.12757 0.000227683
-1.16598 0.00489424
-1.15501 0.0123457
-1.12757 0.00746837
-1.23182 0.00451791
-1.08368 0.000318003
-1.21536 4.70419e-05
-1.13306 4.70419e-05
-1.07819 1.88168e-06
-1.16598 0.0142424
-1.13306 0.019195
-1.07819 0.0169821
-1.04527 0.0231841
-1.14952 0.0303496
-1.23731 0.0537426
-1.12757 0.0406611
-1.13306 0.0342936
-1.01783 0.0169821
-1.01235 0.0207455
-1.06173 0.0294012
-1.16049 0.0630155
-1.13855 0.0760216
-1.11111 0.0886063
-1.18793 0.0672154
-1.12757 0.077542
-1.12757 0.0452073
-1.1989 0.0524781
-1.20988 0.0537426
-1.12757 0.0658003
-1.18244 0.058951
-1.05624 0.0616456
-1.01783 0.0475707
-0.946502 0.0395622
-1.08916 0.033285
-1.11111 0.0406611
-1.01783 0.0275496
-0.930041 0.0429041
-0.908093 0.0184423
-0.973937 0.0155822
-1.01783 0.0240271
-0.962963 0.0215433
-0.962963 0.0248852
-0.973937 0.0384784
-1.00686 0.0294012
-1.03429 0.0487749
-1.12209 0.0550221
-1.15501 0.0353172
-1.11111 0.0223562
-1.02332 0.0240271
-1.05624 0.0475707
-1.05624 0.0576263
-1.11111 0.0384784
-1.17695 0.0100275
-1.03429 0.0129629
-0.990398 0.00746837
-0.946502 0.000152416
-1.01783 1.69351e-05
-1.03429 4.70419e-05
-1.01235 0.000227683
-0.941015 0.0135951
-0.973937 0.031313
-0.919067 0.0149048
-1.08916 0.0169821
-1.12757 0.0257583
-1.1166 0.0266464
-1.10014 0.0184423
-1.08916 0.0199627
-1.18244 0.0231841
-1.16598 0.0384784
-1.23182 0.0869805
-1.20988 0.0715507
-1.10562 0.0644004
-1.10014 0.0374096
-1.13855 0.077542
-1.16598 0.100408
-1.23731 0.0886063
-1.23182 0.103916
-1.13306 0.0869805
-1.12757 0.140239
-1.10014 0.130154
-1.19342 0.144379
-1.00137 0.10929
-0.951989 0.0869805
-1.08368 0.0745163
-1.05624 0.098677
-1.0727 0.112948
-0.984911 0.120444
-1.05075 0.154992
-1.00686 0.150702
-0.962963 0.116666
-1.10014 0.130154
-1.10014 0.103916
-1.1166 0.0853698
-1.04527 0.0524781
-1.02332 0.0550221
-1.07819 0.0745163
-0.979424 0.0715507
-0.886145 0.0475707
-0.973937 0.0284679
-1.00686 0.0149048
-1.08368 0.0257583
-0.995885 0.0452073
-1.09465 0.0395622
-1.0727 0.0342936
-1.12209 0.0135951
-1.07819 0.0105844
-1.00686 0.0266464
-1.08368 0.0240271
-1.11111 0.0231841
-1.17147 0.0177047
-1.1989 0.019195
-1.04527 0.0105844
-1.06722 0.00746837
-1.04527 0.0031631
-1.10562 0.00286203
-1.11111 0.0142424
-1.08916 0.0031631
-1.12209 0.000423377
-1.16049 0.00451791
-1.13855 0.00655012
-1.0727 0.00844685
-1.14952 0.00795008
-1.08368 0.00489424
-1.08916 0.0123457
-1.09465 0.0207455
-1.13855 0.0257583
-1.14403 0.00795008
-1.05624 0.0135951
-1.03429 0.0155822
-1.05075 0.00700172
-1.06173 0.00569207
-1.03429 0.0100275
-1.03978 0.0177047
-1.08368 0.0215433
-1.08916 0.0162746
-1.03429 0.0123457
-1.1166 0.0177047
-1.14403 0.00569207
-1.09465 0.0031631
-0.984911 0.000995407
-1.08368 0.000318003
-1.17147 0.000227683
-1.14403 0.00230505
-1.17147 0.000995407
-1.18793 0.00180829
-1.23182 0.00895866
-1.20439 0.0105844
-1.20439 0.00895866
-1.15501 0.0240271
-1.20988 0.0602908
-1.12757 0.0487749
-1.16049 0.0602908
-1.16049 0.0353172
-1.18244 0.033285
-1.26475 0.0487749
-1.26475 0.0395622
-1.1989 0.0284679
-1.13306 0.0452073
-1.19342 0.033285
-1.08368 0.0199627
-1.0727 0.0142424
-1.02332 0.0275496
-0.979424 0.058951
-1.03429 0.0760216
-1.09465 0.120444
-1.06173 0.098677
-1.05075 0.077542
-0.990398 0.0512286
-0.973937 0.0384784
-0.930041 0.0630155
-0.995885 0.0658003
-1.06173 0.100408
-1.16049 0.0935739
-1.16049 0.0790775
-1.08916 0.0463814
-1.10014 0.0700906
-1.05075 0.0869805
-1.19342 0.100408
-1.16049 0.105692
-1.17695 0.152839
-1.17695 0.157159
-1.18244 0.239818
-1.16598 0.226571
-1.15501 0.237138
