-2 1
-1.85185 0.924658
-1.47874 0.702469
-1.38546 0.579603
-1.42387 0.626465
-1.37997 0.587988
-1.30316 0.476081
-1.2428 0.45734
-1.22634 0.420986
-1.23731 0.372619
-1.13855 0.382735
-1.16598 0.35606
-1.07819 0.305601
-1.13855 0.369277
-1.11111 0.382735
-1.13855 0.362639
-1.01783 0.273146
-0.96845 0.276021
-1.02332 0.231824
-0.990398 0.223967
-0.951989 0.179664
-1.01235 0.103916
-1.02332 0.114799
-1.02881 0.138192
-0.962963 0.0821935
-0.96845 0.0745163
-0.96845 0.0745163
-0.984911 0.103916
-1.01235 0.0886063
-1.00137 0.091903
-0.951989 0.0760216
-1.03429 0.111111
-0.96845 0.111111
-0.886145 0.0837741
-0.891632 0.0672154
-0.951989 0.0745163
-1.05075 0.0952599
-0.995885 0.0563167
-0.96845 0.0616456
-1.00686 0.0487749
-1.04527 0.0550221
-1.10014 0.0537426
-0.995885 0.0384784
-1.03978 0.0463814
-1.03429 0.0395622
-0.990398 0.0374096
-1.06722 0.0266464
-0.973937 0.0395622
-1.05624 0.0452073
-1.16049 0.031313
-1.11111 0.0602908
-1.13306 0.0384784
-1.12209 0.0487749
-1.16598 0.0487749
-1.10014 0.0512286
-1.04527 0.0537426
-1.06722 0.0715507
-1.02332 0.0616456
-0.984911 0.077542
-1.00137 0.0616456
-1.02881 0.0563167
-0.886145 0.0700906
-0.869684 0.0686454
-0.897119 0.0658003
-1.04527 0.0715507
-1.13306 0.0837741
-1.02332 0.0869805
-1.03429 0.130154
-1.01783 0.159342
-0.957476 0.116666
-0.995885 0.098677
-1.01783 0.080628
-1.00686 0.142302
-0.941015 0.128182
-0.995885 0.124283
-1.01235 0.116666
-0.995885 0.103916
-0.84225 0.058951
-1.02332 0.0550221
-0.957476 0.0374096
-0.995885 0.0630155
-1.01783 0.0374096
-1.00137 0.0374096
-0.946502 0.0384784
-1.03429 0.0363559
-0.962963 0.0475707
-0.924554 0.0417751
-0.946502 0.0374096
-0.96845 0.0512286
-1.01235 0.0745163
-0.979424 0.033285
-1.02881 0.0215433
-1.01235 0.0135951
-0.990398 0.0231841
-1.05624 0.0240271
-1.08916 0.0284679
-1.02881 0.00451791
-1.01783 0.00844685
-1.06173 0.00347922
-0.930041 0.0117435
-0.946502 0.0100275
-0.858711 0.0248852
-0.924554 0.0135951
-1.0727 0.0100275
-0.990398 0.00795008
-0.941015 0.0374096
-1.00137 0.0745163
-0.924554 0.077542
-0.973937 0.0616456
-0.941015 0.0886063
-0.91358 0.0563167
-0.995885 0.0550221
-1.06173 0.0417751
-0.902606 0.0363559
-0.962963 0.0440482
-1.01783 0.0395622
-0.96845 0.0123457
-0.853224 0.0162746
-0.941015 0.0162746
-0.957476 0.00948553
-0.902606 0.00180829
-0.902606 1.69351e-05
-0.814815 0.000152416
-0.886145 0.00117605
-0.91358 4.70419e-05
-0.908093 9.22021e-05
-0.962963 9.22021e-05
-0.962963 0.00230505
-0.973937 0.000829819
-0.897119 4.70419e-05
-0.930041 0.000423377
-0.897119 1.69351e-05
-0.973937 0.00415662
-0.924554 0.0123457
-0.91358 0.0155822
-0.798354 0.00746837
-0.880658 0.0184423
-0.902606 0.0215433
-0.864198 0.0100275
-0.78738 0.0199627
-0.858711 0.0031631
-0.891632 0.00415662
-0.836763 0.00180829
-0.990398 0.000227683
-0.946502 9.22021e-05
-0.930041 0.00117605
-1.00686 0.00230505
-0.973937 0.00137174
-1.02332 0.000423377
-1.08916 1.69351e-05
-1.01783 0.000152416
-0.973937 0.00286203
-0.919067 0.00204915
-0.803841 0.000829819
-0.957476 0.00204915
-0.919067 0.000423377
-0.825789 0.000152416
-0.825789 0.00180829
-0.836763 0.00655012
-0.886145 0.00948553
-0.853224 0.0199627
-0.814815 0.0374096
-0.814815 0.0117435
-0.897119 0.00180829
-0.864198 0.000543804
-0.957476 1.88168e-06
-0.951989 0.00180829
-0.891632 9.22021e-05
-0.891632 4.70419e-05
-0.886145 0.0031631
-0.924554 0.00286203
-0.897119 0.000318003
-0.930041 1.88168e-06
-0.951989 0.000679285
-0.941015 0.000679285
-1.00137 0.00700172
-0.984911 0.00204915
-0.935528 0.00746837
-1.03429 0.00257602
-1.11111 1.69351e-05
-1.03429 0.000152416
-1.05075 0.00137174
-1.02881 0.000995407
-0.924554 0.00158249
-0.96845 0.000543804
-1.06173 0.000318003
-0.990398 9.22021e-05
-1.1166 0.000227683
-1.05075 0.000829819
-1.06173 0.000829819
-0.984911 0.000829819
-1.05624 4.70419e-05
-1.08368 0.000995407
-0.902606 9.22021e-05
-1.03429 0.00347922
-1.08916 0.000423377
-1.08916 1.69351e-05
-1.07819 0.00230505
-1.15501 0.00895866
-1.23731 0.0142424
-1.16049 0.0240271
-1.28121 0.0417751
-1.30864 0.0463814
-1.20988 0.0342936
-1.15501 0.0207455
-1.15501 0.0105844
-1.1166 0.00158249
-1.05624 9.22021e-05
-1.00686 0.000227683
-1.01235 0.0100275
-0.957476 0.00844685
-1.03429 0.00204915
-0.995885 0.00158249
-0.91358 0.00204915
-0.91358 0.000423377
-0.864198 1.88168e-06
-0.891632 0.00137174
-0.902606 0.00381039
-0.853224 0.00700172
-0.869684 0.0117435
-0.825789 0.019195
-0.91358 0.0215433
-0.930041 0.0135951
-0.941015 0.0240271
-0.990398 0.0537426
-0.962963 0.0395622
-0.902606 0.0745163
-0.858711 0.0563167
-0.864198 0.0429041
-0.858711 0.0475707
-0.798354 0.0363559
-0.781893 0.0406611
-0.91358 0.0406611
-0.875171 0.0406611
-0.935528 0.0266464
-0.957476 0.0240271
-0.973937 0.0616456
-1.03978 0.0745163
-1.00686 0.073026
-0.979424 0.0700906
-1.00137 0.0644004
-0.951989 0.0837741
-0.984911 0.0853698
-0.935528 0.0886063
-0.875171 0.0487749
-0.919067 0.0384784
-0.973937 0.0616456
-0.935528 0.0487749
-0.990398 0.0429041
-0.957476 0.019195
-0.941015 0.0248852
-0.908093 0.0142424
-0.951989 0.00700172
-0.880658 0.000227683
-0.897119 0.00347922
-0.957476 0.00381039
-1.01235 0.0162746
-0.962963 4.70419e-05
-1.10562 0.00257602
-0.951989 0.000543804
-0.908093 0.00286203
-0.924554 0.00347922
-0.984911 0.00257602
-0.902606 1.88168e-06
-0.91358 1.69351e-05
-0.897119 0.033285
-0.908093 0.0199627
-0.957476 0.0266464
-0.946502 0.0199627
-0.930041 0.031313
-0.897119 0.0169821
-1.04527 0.0162746
-0.962963 0.00381039
-0.973937 0.000423377
-0.946502 0.00347922
-0.924554 0.00180829
-0.946502 0.00137174
-0.880658 0.00489424
-0.902606 9.22021e-05
-0.853224 0.000543804
-0.96845 0.00347922
-0.891632 0.00451791
-0.930041 0.0169821
-0.96845 0.00489424
-0.935528 0.00257602
-0.995885 0.0105844
-1.04527 0.00844685
-1.02332 0.00895866
-0.891632 0.0117435
-0.984911 0.0162746
-0.946502 0.0031631
-0.979424 0.00286203
-0.984911 4.70419e-05
-0.979424 0.00895866
-0.957476 0.0406611
-0.880658 0.0374096
-0.908093 0.0537426
-0.935528 0.0760216
-1.03429 0.0886063
-0.96845 0.0463814
-0.979424 0.0440482
-0.957476 0.0123457
-0.962963 0.00948553
-1.08368 0.0105844
-1.10014 0.00611357
-1.12757 0.00844685
-1.0727 1.88168e-06
-1.05624 0.00381039
-1.03429 0.00844685
-0.973937 0.00230505
-1.04527 0.00655012
-1.03429 0.0155822
-1.10562 0.0162746
-0.984911 0.0169821
-0.962963 0.0215433
-1.00686 0.0117435
-0.930041 0.00528563
-1.00137 0.000829819
-1.01783 0.00381039
-1.03429 0.00137174
-1.06173 0.00230505
-1.03978 9.22021e-05
-1.02881 0.00257602
-1.00686 0.000227683
-1.01235 4.70419e-05
-1.03978 0.000995407
-1.1166 0.000543804
-0.990398 0.00489424
-1.00137 0.000995407
-0.919067 0.00230505
-0.930041 0.00117605
-0.84225 0.00180829
-0.930041 0.00117605
-0.946502 0.000679285
-0.973937 0.000318003
-1.02332 1.69351e-05
-0.919067 0.0129629
-0.836763 0.00347922
-0.979424 0.0123457
-1.00686 0.0129629
-0.941015 0.00528563
-0.951989 0.0215433
-1.02881 0.0105844
-1.00686 0.00528563
-0.957476 0.0149048
-0.995885 0.0123457
-0.924554 0.0129629
-0.836763 0.00611357
-0.891632 0.0184423
-0.946502 0.00347922
-0.96845 0.0135951
-0.891632 0.00347922
-1.01783 0.00489424
-1.05075 0.00795008
-1.12757 0.0275496
-1.20988 0.0384784
-1.17147 0.0463814
-1.20439 0.0602908
-1.15501 0.073026
-1.09465 0.0790775
-1.13855 0.0658003
-1.07819 0.031313
-1.1166 0.0384784
-1.0727 0.0537426
-1.08916 0.0821935
-1.04527 0.0644004
-1.11111 0.0790775
-1.09465 0.0902471
-1.06173 0.0853698
-1.11111 0.102154
-1.19342 0.098677
-1.05075 0.172755
-1.09465 0.226571
-1.08368 0.157159
-1.06722 0.111111
-1.03978 0.134143
-1.07819 0.140239
-1.15501 0.218803
-1.20439 0.216244
-1.02881 0.258996
-1.12209 0.296569
-1.1166 0.296569
-1.12209 0.359342
-1.10562 0.287673
-1.10014 0.320956
-1.14952 0.278911
-1.17147 0.267441
-1.12209 0.270286
-1.13306 0.36595
-1.13855 0.35606
-1.13306 0.281817
-1.1166 0.218803
-1.10562 0.201206
-1.14403 0.221377
-1.10014 0.242512
-1.00137 0.206158
-0.973937 0.168224
-1.08916 0.22919
-1.10014 0.256211
-1.17695 0.245222
-1.14403 0.256211
-1.07819 0.172755
-1.02881 0.175043
-1.00686 0.132141
-1.01235 0.157159
-1.03978 0.150702
-0.951989 0.0658003
-0.962963 0.0563167
-0.973937 0.0686454
-1.00137 0.0602908
-0.984911 0.0275496
-0.990398 0.0384784
-0.973937 0.0576263
-1.05075 0.0384784
-0.924554 0.0384784
-1.1166 0.0452073
-1.08916 0.0342936
-0.995885 0.0353172
-1.09465 0.0487749
-1.20439 0.080628
-1.20439 0.0952599
-1.14952 0.100408
-1.20988 0.100408
-1.18244 0.111111
-1.0727 0.128182
-1.09465 0.142302
-1.15501 0.112948
-0.995885 0.102154
-1.01235 0.098677
-0.941015 0.080628
-0.951989 0.0745163
-1.05075 0.0969609
-1.06173 0.107483
-0.995885 0.118547
-1.09465 0.0902471
-1.05075 0.0686454
-1.07819 0.0616456
-1.17147 0.0821935
-1.15501 0.0512286
-1.14952 0.0487749
-1.12209 0.0475707
-1.10014 0.0576263
-1.08368 0.077542
-1.10014 0.0658003
-1.0727 0.0576263
-0.995885 0.033285
-1.03429 0.031313
-1.02881 0.0322914
-1.09465 0.0248852
-1.03978 0.0240271
-1.03429 0.0169821
-1.07819 0.0342936
-1.03978 0.0199627
-1.04527 0.0257583
-1.1166 0.0155822
-1.0727 0.0231841
-1.02881 0.0142424
-1.06722 0.0199627
-1.06173 0.0155822
-1.00137 0.00655012
-0.957476 0.0123457
-0.973937 0.0266464
-0.984911 0.0374096
-0.995885 0.058951
-1.01783 0.0440482
-1.06173 0.0499943
-1.06722 0.0199627
-0.984911 0.0111565
-0.946502 0.00381039
-1.02332 0.0162746
-1.05075 0.00795008
-0.973937 0.00795008
-1.05624 0.00347922
-0.973937 0.0363559
-1.0727 0.0353172
-1.02881 0.0248852
-0.990398 0.0353172
-1.08368 0.0672154
-1.10562 0.0406611
-1.0727 0.0322914
-1.01783 0.0576263
-1.00137 0.0429041
-1.02332 0.0935739
-1.12757 0.0745163
-1.02881 0.0715507
-1.01235 0.0790775
-0.962963 0.0550221
-1.00686 0.0658003
-1.05624 0.0821935
-1.06173 0.0790775
-0.957476 0.0475707
-0.96845 0.0406611
-0.984911 0.033285
-0.935528 0.0155822
-0.957476 0.0395622
-0.951989 0.0537426
-1.06722 0.0745163
-1.01235 0.0512286
-0.924554 0.0342936
-1.02332 0.0576263
-1.03429 0.0524781
-1.06722 0.0715507
-1.04527 0.0452073
-1.01235 0.0499943
-1.05075 0.0406611
-1.1166 0.0524781
-1.02881 0.0550221
-1.03978 0.0821935
-1.04527 0.134143
-1.0727 0.0935739
-1.05624 0.103916
-1.10014 0.0715507
-1.02332 0.073026
-1.02881 0.102154
-1.04527 0.0672154
-0.990398 0.0715507
-1.03978 0.0672154
-0.990398 0.091903
-0.979424 0.118547
-1.04527 0.112948
-1.01783 0.140239
-1.05075 0.168224
-1.08916 0.13616
-1.01235 0.0902471
-0.962963 0.0790775
-0.820302 0.0837741
-0.880658 0.0429041
-0.897119 0.0303496
-0.831276 0.0231841
-0.935528 0.0240271
-1.01235 0.0162746
-0.957476 0.0142424
-0.995885 0.0135951
-0.946502 0.00528563
-0.930041 0.00746837
-0.990398 0.0129629
-0.957476 0.0129629
-1.01783 0.00230505
-1.04527 0.000679285
-1.05624 0.00204915
-0.957476 0.00347922
-0.96845 0.00257602
-0.951989 0.00230505
-1.06173 0.00895866
-0.886145 0.00347922
-0.880658 0.000543804
-0.880658 0.00415662
-0.924554 0.00158249
-0.962963 0.000318003
-0.979424 4.70419e-05
-0.902606 9.22021e-05
-0.919067 9.22021e-05
-0.875171 0.00204915
-0.919067 9.22021e-05
-0.91358 9.22021e-05
-1.02332 9.22021e-05
-0.984911 1.88168e-06
-0.930041 1.69351e-05
-0.858711 0.00257602
-1.02332 0.000995407
-0.91358 0.00158249
-0.96845 0.00137174
-0.930041 0.000679285
-1.02332 4.70419e-05
-0.935528 0.0223562
-0.880658 0.000543804
-0.930041 0.000227683
-0.825789 0.000829819
-0.853224 0.00746837
-0.990398 0.0123457
-0.875171 0.0303496
-0.858711 0.0550221
-1.00686 0.0487749
-1.05624 0.0475707
-1.01783 0.0207455
-0.995885 0.00655012
-0.979424 0.000543804
-1.00686 0.00230505
-1.02332 0.00489424
-1.03429 1.88168e-06
-1.08916 4.70419e-05
-1.03978 0.00117605
-1.02332 0.00286203
-1.04527 0.00415662
-0.930041 0.00489424
-0.908093 0.0231841
-0.908093 0.0162746
-0.864198 0.0031631
-0.853224 0.000152416
-0.908093 0.000829819
-0.897119 0.00230505
-1.03429 0.00611357
-0.941015 0.0135951
-1.01783 0.00569207
-0.957476 0.000152416
-0.776406 1.88168e-06
-0.902606 0.0111565
-1.01783 0.000995407
-0.973937 1.88168e-06
-1.01783 0.000829819
-0.979424 1.69351e-05
-0.853224 1.69351e-05
-0.930041 0.000318003
-0.880658 0.00117605
-0.886145 0.00117605
-0.880658 0.00795008
-0.897119 0.000679285
-0.935528 0.00381039
-1.02881 0.0031631
-0.902606 4.70419e-05
-0.935528 0.000995407
-1.01235 0.00230505
-0.973937 0.00795008
-0.951989 0.00895866
-1.03429 0.00286203
-0.973937 9.22021e-05
-0.973937 0.000318003
-1.01783 4.70419e-05
-1.03978 0.000227683
-1.12209 0.0031631
-1.11111 0.0105844
-1.13855 0.00451791
-1.0727 0.00948553
-1.01235 0.0149048
-1.00686 0.00746837
-1.02881 0.00611357
-0.990398 0.00347922
-0.919067 1.88168e-06
-0.897119 0.00347922
-0.946502 0.00528563
-0.951989 0.00451791
-1.04527 0.000423377
-0.957476 0.00230505
-0.858711 0.000152416
-0.886145 0.0031631
-0.886145 0.000995407
-0.941015 0.00158249
-0.951989 0.00180829
-0.886145 0.00286203
-0.957476 1.88168e-06
-0.847737 0.00528563
-0.864198 0.00655012
-0.902606 0.0223562
-0.897119 0.0284679
-1.01235 0.0155822
-1.00686 0.0142424
-0.941015 0.0149048
-1.00137 0.00489424
-1.00137 0.00230505
-0.96845 0.00569207
-0.973937 0.00415662
-0.995885 0.019195
-0.935528 0.0395622
-1.00686 0.0429041
-1.00137 0.0363559
-0.984911 0.0384784
-0.908093 0.0576263
-0.869684 0.0417751
-0.792867 0.0240271
-0.875171 0.0257583
-0.891632 0.0135951
-0.979424 0.0215433
-1.11111 0.0384784
-1.10014 0.0384784
-1.07819 0.0417751
-1.06173 0.0284679
-0.973937 0.0248852
-1.11111 0.0463814
-1.13855 0.0452073
-1.15501 0.0342936
-1.08368 0.0284679
-1.01235 0.0266464
-0.984911 0.031313
-1.02881 0.0177047
-1.0727 0.0231841
-1.06722 0.00117605
-0.962963 0.0177047
-0.946502 0.0207455
-1.07819 0.00569207
-1.06173 0.0135951
-1.02332 0.0363559
-0.990398 0.0257583
-1.01235 0.0111565
-0.951989 0.0123457
-0.973937 0.0117435
-0.984911 0.031313
-0.990398 0.0452073
-0.897119 0.0440482
-0.869684 0.0384784
-0.858711 0.0429041
-0.853224 0.0745163
-0.924554 0.105692
-1.06722 0.142302
-0.995885 0.142302
-1.03429 0.13616
-1.04527 0.142302
-1.09465 0.124283
-1.02881 0.148579
-1.00137 0.128182
-1.06722 0.172755
-1.10562 0.2137
-1.02881 0.22919
-1.10562 0.245222
-1.05075 0.256211
-1.07819 0.336686
-1.08916 0.273146
-1.16598 0.346306
-1.17147 0.362639
-1.10014 0.339878
-1.03429 0.256211
-1.07819 0.206158
-1.1166 0.2137
-1.14403 0.253441
-1.12209 0.287673
-1.11111 0.261796
-1.13855 0.305601
-1.05075 0.270286
-1.06173 0.231824
-1.10014 0.237138
-1.1166 0.218803
-1.03429 0.170482
-1.01235 0.163753
-1.07819 0.152839
-1.08916 0.198752
-1.02881 0.116666
-0.96845 0.107483
-0.935528 0.102154
-1.00137 0.0487749
-1.0727 0.0463814
-0.990398 0.0563167
-0.951989 0.0821935
-1.05075 0.0576263
-1.05624 0.0902471
-1.09465 0.100408
-1.12209 0.134143
-1.10562 0.172755
-1.03429 0.126225
-1.08368 0.126225
-1.05075 0.128182
-1.00686 0.114799
-1.15501 0.146472
-1.00137 0.0886063
-1.12209 0.0869805
-1.12209 0.0537426
-1.01783 0.0266464
-0.990398 0.0342936
-0.946502 0.0616456
-0.886145 0.0576263
-0.995885 0.0760216
-0.946502 0.058951
-1.03978 0.0463814
-0.973937 0.0524781
-1.06173 0.0537426
-1.04527 0.0715507
-1.02332 0.033285
-1.05624 0.0294012
-1.02332 0.0760216
-1.08916 0.0429041
-1.01235 0.0537426
-1.01783 0.0429041
-0.990398 0.0353172
-1.00686 0.0576263
-0.941015 0.0384784
-1.02881 0.0303496
-0.962963 0.0374096
-1.01235 0.0231841
-1.04527 0.00895866
-1.0727 0.00347922
-1.02881 0.00700172
-0.951989 0.000423377
-0.995885 0.000829819
-1.01235 0.000152416
-1.01783 0.000995407
-0.875171 0.000995407
-0.957476 0.00347922
-1.03429 0.00257602
-1.02881 0.00415662
-0.941015 0.0142424
-1.04527 0.0215433
-1.02332 0.0266464
-0.96845 0.00528563
-1.00686 0.00655012
-1.01783 0.000227683
-0.990398 0.000318003
-0.875171 0.00415662
-0.908093 0.0111565
-1.00686 0.0117435
-0.891632 0.00158249
-0.825789 1.69351e-05
-0.886145 0.00137174
-0.919067 9.22021e-05
-0.825789 0.000995407
-0.84225 0.00204915
-0.858711 0.00844685
-0.869684 0.00204915
-0.721536 0.00347922
-0.875171 0.00415662
-0.869684 0.00381039
-1.02332 0.00655012
-0.995885 0.00895866
-1.04527 0.00795008
-1.01783 0.00180829
-0.897119 0.000227683
-0.919067 0.00569207
-1.04527 0.0177047
-1.05624 0.0294012
-1.01235 0.031313
-0.979424 0.0487749
-0.957476 0.0440482
-1.05075 0.0294012
-1.05075 0.0602908
-1.08368 0.0821935
-1.12757 0.120444
-1.10014 0.111111
-1.10014 0.114799
-1.05075 0.0969609
-0.951989 0.077542
-1.00137 0.0342936
-0.957476 0.0374096
-1.02881 0.0658003
-0.919067 0.0672154
-0.897119 0.091903
-0.96845 0.0837741
-0.935528 0.0487749
-0.979424 0.0700906
-0.990398 0.111111
-1.02332 0.138192
-1.08916 0.211171
-1.00686 0.154992
-1.09465 0.116666
-1.04527 0.159342
-0.962963 0.208657
-1.05624 0.208657
-1.00686 0.19389
-0.91358 0.10929
-1.00137 0.142302
-1.07819 0.105692
-1.17147 0.122356
-1.12757 0.10929
-1.0727 0.0700906
-1.05624 0.0630155
-1.00686 0.0524781
-0.995885 0.0417751
-1.05075 0.0395622
-1.11111 0.0499943
-1.16598 0.0417751
-1.16049 0.0342936
-1.13306 0.0563167
-1.18244 0.0672154
-1.11111 0.0686454
-1.09465 0.116666
-1.16049 0.128182
-1.1989 0.10929
-1.25377 0.128182
-1.22634 0.10929
-1.13306 0.105692
-1.05624 0.103916
-1.07819 0.0869805
-1.06173 0.0969609
-1.12757 0.10929
-1.08916 0.140239
-1.09465 0.105692
-1.06173 0.130154
-1.14952 0.154992
-1.10014 0.120444
-1.13855 0.122356
-1.18244 0.154992
-1.14403 0.100408
-1.18793 0.077542
-1.11111 0.0630155
-1.05075 0.0700906
-1.10562 0.0563167
-1.05624 0.0745163
-1.1166 0.0886063
-1.0727 0.112948
-0.96845 0.100408
-0.957476 0.10929
-1.03978 0.107483
-0.962963 0.0969609
-1.02332 0.0837741
-0.91358 0.0576263
-1.02881 0.077542
-0.990398 0.111111
-0.96845 0.0952599
-1.00137 0.107483
-1.10562 0.077542
-1.07819 0.091903
-1.06722 0.0869805
-1.03429 0.0700906
-1.06173 0.0715507
-0.979424 0.0499943
-0.930041 0.0644004
-1.01783 0.0672154
-0.96845 0.0672154
-0.990398 0.0837741
-1.05624 0.0686454
-0.96845 0.0563167
-1.08368 0.058951
-1.08916 0.0672154
-1.09465 0.0550221
-1.10562 0.091903
-1.01783 0.0686454
-1.05624 0.0715507
-0.973937 0.0563167
-1.05624 0.0700906
-0.990398 0.0440482
-0.979424 0.0322914
-1.03978 0.058951
-1.03429 0.0837741
-1.02881 0.091903
-1.01783 0.0760216
-0.935528 0.0853698
-0.946502 0.0353172
-0.951989 0.0322914
-0.973937 0.0499943
-0.908093 0.0550221
-0.864198 0.0440482
-0.902606 0.0384784
-0.919067 0.0162746
-0.91358 0.00948553
-0.979424 0.033285
-0.935528 0.0284679
-1.00686 0.031313
-1.01783 0.0487749
-0.897119 0.0384784
-0.814815 0.0248852
-0.831276 0.00795008
-0.864198 0.0100275
-0.880658 0.0100275
-0.869684 0.00528563
-0.886145 0.00795008
-0.858711 0.00451791
-0.891632 0.00528563
-0.897119 0.00180829
-0.908093 0.00569207
-0.924554 0.0184423
-0.951989 0.0353172
-0.930041 0.0487749
-0.951989 0.0342936
-0.979424 0.0406611
-1.02332 0.0429041
-0.946502 0.0223562
-0.946502 0.0135951
-1.10562 0.0031631
-1.10014 0.00655012
-1.13306 0.0100275
-1.06722 0.00528563
-1.02332 0.000423377
-0.96845 0.000829819
-1.04527 0.00117605
-1.02881 0.00528563
-0.91358 0.0031631
-0.858711 0.00204915
-0.951989 0.00230505
-0.990398 1.69351e-05
-0.919067 4.70419e-05
-0.91358 0.00347922
-0.935528 4.70419e-05
-1.05624 0.00569207
-0.930041 1.69351e-05
-1.01235 9.22021e-05
-0.995885 0.0105844
-1.03978 0.00700172
-1.02881 0.00948553
-1.00686 0.00204915
-0.957476 0.00795008
-1.04527 0.0149048
-1.03978 0.0353172
-1.02332 0.031313
-0.924554 0.00569207
-0.941015 0.00895866
-0.864198 4.70419e-05
-0.880658 0.00204915
-0.924554 0.0266464
-0.880658 0.0207455
-0.908093 0.0100275
-0.96845 0.000995407
-0.995885 0.00655012
-0.990398 0.00451791
-1.0727 0.00117605
-1.02332 0.00347922
-0.96845 0.0105844
-1.00686 0.00117605
-1.00686 0.000679285
-0.979424 0.00180829
-0.891632 0.000995407
-0.935528 0.00451791
-0.924554 0.00528563
-0.924554 0.00180829
-0.831276 0.00204915
-0.858711 0.0105844
-0.886145 0.0363559
-0.864198 0.0499943
-0.902606 0.073026
-0.886145 0.0576263
-0.880658 0.0294012
-0.96845 0.0303496
-0.990398 0.0550221
-0.962963 0.031313
-1.00686 0.0487749
-0.995885 0.0284679
-0.957476 0.0452073
-0.941015 0.0417751
-0.951989 0.0303496
-1.00137 0.0406611
-1.0727 0.0499943
-1.07819 0.0440482
-1.08368 0.0384784
-1.07819 0.00844685
-1.03978 0.00795008
-1.12757 0.0257583
-1.00137 0.0294012
-0.979424 0.0177047
-0.869684 0.00528563
-0.930041 0.00257602
-0.973937 0.00347922
-0.930041 0.00381039
-0.84225 0.000995407
-0.990398 0.0117435
-1.08916 0.0487749
-1.02332 0.0550221
-0.973937 0.0475707
-1.02332 0.0487749
-0.990398 0.0821935
-0.984911 0.0853698
-0.984911 0.077542
-1.00137 0.073026
-1.01783 0.0616456
-0.973937 0.105692
-0.990398 0.0969609
-1.03978 0.091903
-1.01235 0.091903
-1.05075 0.118547
-1.15501 0.152839
-1.10014 0.168224
-1.12209 0.165981
-1.07819 0.150702
-1.04527 0.122356
-1.06173 0.0952599
-1.01235 0.091903
-1.0727 0.111111
-1.08916 0.111111
-1.0727 0.114799
-1.10014 0.114799
-1.01783 0.0935739
-1.13306 0.073026
-1.07819 0.058951
-1.11111 0.0257583
-1.09465 0.0169821
-1.07819 0.0303496
-1.03978 0.00569207
-1.03978 0.00257602
-0.941015 0.00611357
-1.03978 0.00948553
-1.06173 0.00569207
-1.11111 0.00451791
-1.18244 1.69351e-05
-1.01783 1.88168e-06
-0.990398 0.000152416
-0.973937 0.00286203
-0.962963 0.0105844
-1.08916 0.0223562
-0.96845 0.0199627
-1.01783 0.0231841
-1.03978 0.0294012
-0.831276 0.0155822
-0.858711 0.0342936
-1.06173 0.0294012
-1.09465 0.0303496
-1.06722 0.0117435
-1.11111 0.0162746
-0.973937 0.0031631
-0.979424 0.0177047
-0.84225 0.0322914
-0.91358 0.0563167
-0.809328 0.073026
-0.891632 0.077542
-0.908093 0.10929
-0.864198 0.0902471
-0.864198 0.0869805
-0.897119 0.077542
-0.897119 0.0576263
-1.00137 0.0935739
-1.12757 0.0952599
-1.02881 0.103916
-1.10562 0.114799
-1.18244 0.247947
-1.0727 0.218803
-1.13306 0.19389
-1.17147 0.159342
-1.17695 0.159342
-1.12757 0.0935739
-1.09465 0.077542
-1.13306 0.080628
-1.12757 0.0700906
-1.16598 0.0644004
-1.16598 0.0630155
-1.08368 0.0700906
-1.03978 0.0869805
-1.03429 0.10929
-1.22634 0.150702
-1.17695 0.0837741
-1.28121 0.128182
-1.2428 0.107483
-1.2428 0.114799
-1.18244 0.140239
-1.16049 0.150702
-1.14403 0.170482
-1.14403 0.206158
-1.20988 0.237138
-1.16598 0.211171
-1.10014 0.181998
-1.06722 0.13616
-0.957476 0.102154
-1.02332 0.102154
-1.1166 0.0902471
-1.10014 0.098677
-1.06722 0.140239
-0.979424 0.10929
-0.979424 0.112948
-0.924554 0.0700906
-1.01235 0.091903
-0.957476 0.105692
-1.06722 0.140239
-1.03978 0.130154
-1.04527 0.103916
-1.00137 0.0672154
-1.10014 0.098677
-1.01235 0.0902471
-0.941015 0.0512286
-0.973937 0.0123457
-0.96845 0.0100275
-0.96845 0.0184423
-1.03429 0.0223562
-1.08368 0.0429041
-1.10014 0.0537426
-0.946502 0.0184423
-0.973937 0.0177047
-1.03978 0.0266464
-1.08916 0.0715507
-1.10014 0.105692
-0.96845 0.0935739
-0.962963 0.0821935
-1.07819 0.112948
-1.16049 0.152839
-1.1989 0.179664
-1.18793 0.154992
-1.14952 0.112948
-1.01235 0.0745163
-1.03429 0.077542
-1.05075 0.105692
-1.08916 0.157159
-1.12757 0.198752
-1.16049 0.2137
-1.17695 0.267441
-1.18244 0.253441
-1.14403 0.234474
-1.1166 0.2137
-1.06173 0.198752
-1.02881 0.142302
-1.01783 0.0686454
-1.02332 0.0616456
-0.995885 0.073026
-0.995885 0.0886063
-1.13306 0.102154
-1.17147 0.0821935
-1.10562 0.0440482
-1.04527 0.0440482
-1.04527 0.0374096
-1.06722 0.0417751
-1.03978 0.0487749
-1.03978 0.0303496
-1.02332 0.0100275
-1.03429 0.0303496
-1.04527 0.0257583
-0.935528 0.0275496
-0.935528 0.0363559
-0.919067 0.0363559
-0.962963 0.058951
-0.924554 0.0616456
-1.03429 0.0353172
-0.891632 0.0342936
-0.962963 0.0374096
-0.891632 0.0384784
-0.897119 0.0135951
-0.91358 0.0240271
-0.935528 0.0363559
-1.05624 0.031313
-0.962963 0.0353172
-1.12209 0.0417751
-1.08916 0.0169821
-1.05624 0.0031631
-1.12209 0.00347922
-1.17695 0.00204915
-1.06173 0.0100275
-0.941015 0.00230505
-0.990398 0.000227683
-1.03978 0.000152416
-1.14952 0.000152416
-1.03978 0.000423377
-1.03978 1.88168e-06
-1.00686 4.70419e-05
-1.03978 1.88168e-06
-1.01783 0.00257602
-1.06722 0.00611357
-0.990398 0.00895866
-1.01235 0.0105844
-0.875171 0.00746837
-0.924554 0.0223562
-0.902606 0.0417751
-0.935528 0.0384784
-0.951989 0.0790775
-1.01235 0.0935739
-1.00686 0.0616456
-0.930041 0.0303496
-1.0727 0.0223562
-0.957476 0.0169821
-1.03429 0.0322914
-1.08368 0.0745163
-1.06173 0.0760216
-1.07819 0.0952599
-1.17695 0.157159
-1.16598 0.146472
-1.17695 0.203675
-1.12757 0.2137
-1.13855 0.2137
-1.07819 0.177346
-1.03978 0.126225
-1.14403 0.177346
-1.12209 0.159342
-1.07819 0.138192
-1.06173 0.0616456
-1.01783 0.0257583
-0.935528 0.0248852
-1.02332 0.0322914
-1.08368 0.0440482
-1.14403 0.0303496
-1.1166 0.0322914
-1.03429 0.0223562
-1.01235 0.0117435
-1.10014 0.0223562
-1.11111 0.0215433
-1.06722 0.0155822
-0.930041 0.00137174
-0.946502 0.00257602
-1.01783 0.000152416
-1.10562 0.00204915
-1.05624 0.00137174
-1.00686 0.00204915
-0.930041 0.000995407
-1.04527 0.0100275
-1.06722 0.0135951
-1.00137 0.0162746
-0.946502 0.0240271
-0.941015 0.0294012
-0.853224 0.00895866
-0.880658 0.00451791
-0.886145 0.0129629
-0.902606 0.0524781
-0.902606 0.0353172
-0.979424 0.0184423
-0.847737 0.0100275
-0.897119 0.00257602
-0.908093 0.00451791
-0.990398 0.019195
-0.973937 0.0322914
-1.00686 0.0266464
-0.897119 0.0207455
-0.995885 0.0294012
-0.973937 0.019195
-1.06722 0.0487749
-1.12209 0.0563167
-0.930041 0.058951
-1.0727 0.0658003
-1.03978 0.0395622
-0.990398 0.0902471
-0.990398 0.0902471
-1.05624 0.124283
-1.03978 0.058951
-0.979424 0.058951
-0.951989 0.0284679
-0.814815 0.00381039
-0.979424 0.000318003
-0.919067 4.70419e-05
-0.831276 0.00180829
-0.858711 0.000318003
-0.96845 0.000318003
-0.891632 0.00489424
-1.00137 0.0111565
-0.902606 0.0129629
-0.930041 0.00655012
-1.03978 0.00611357
-0.979424 0.00117605
-0.990398 0.00230505
-0.91358 0.000318003
-0.96845 4.70419e-05
-0.990398 0.00204915
-0.96845 0.00347922
-1.0727 0.000227683
-1.12209 0.0169821
-1.10014 0.0342936
-1.01235 0.0303496
-1.09465 0.0248852
-1.06722 0.0429041
-1.01783 0.0715507
-1.1166 0.0602908
-1.06722 0.0487749
-1.00686 0.0374096
-1.15501 0.0257583
-1.11111 0.0303496
-1.06173 0.0284679
-0.995885 0.0111565
-0.951989 0.0231841
-1.07819 0.0184423
-0.902606 0.0215433
-0.908093 0.0223562
-0.902606 0.0223562
-0.946502 0.073026
-0.973937 0.0969609
-0.973937 0.0452073
-1.01783 0.0487749
-0.973937 0.0322914
-0.962963 0.0303496
-0.957476 0.0342936
-0.919067 0.0169821
-0.984911 0.0215433
-0.979424 0.00795008
-0.935528 0.00257602
-0.973937 0.000227683
-1.02881 0.000423377
-1.07819 1.88168e-06
-1.13855 0.000679285
-0.990398 0.00795008
-0.984911 0.00158249
-0.951989 0.000829819
-0.979424 0.00137174
-1.07819 0.000829819
-0.990398 0.00381039
-1.03978 0.000423377
-0.91358 9.22021e-05
-0.941015 0.000829819
-1.03429 0.00180829
-1.08916 0.000543804
-1.06722 0.000679285
-1.08368 0.000152416
-1.03429 0.00895866
-1.05075 0.00844685
-1.04527 0.019195
-0.990398 0.00895866
-0.91358 0.0294012
-0.886145 0.0223562
-0.990398 0.00948553
-0.973937 0.0129629
-0.962963 0.031313
-0.875171 0.0363559
-0.886145 0.0257583
-0.891632 0.019195
-0.924554 0.0215433
-0.946502 0.0142424
-0.951989 0.0142424
-0.990398 0.0149048
-0.990398 0.00655012
-0.973937 0.00415662
-0.935528 0.0117435
-0.984911 0.0149048
-0.91358 0.0169821
-0.990398 0.0169821
-0.930041 0.0169821
-0.941015 0.0142424
-1.02332 0.033285
-0.962963 0.0266464
-0.820302 0.00381039
-0.984911 0.000829819
-1.08916 0.00158249
-1.03978 4.70419e-05
-0.973937 0.00415662
-1.06173 0.00528563
-1.01783 9.22021e-05
-1.14403 0.000543804
-1.05624 0.000679285
-1.00686 0.000543804
-0.962963 1.69351e-05
-0.924554 0.00204915
-0.96845 0.00117605
-0.96845 0.000227683
-0.880658 0.000318003
-0.941015 0.000995407
-0.973937 0.00286203
-0.946502 0.00948553
-1.00686 0.0100275
-1.02332 0.0248852
-1.05075 0.0162746
-1.01783 0.0342936
-1.03978 0.0429041
-1.06722 0.0512286
-0.96845 0.0686454
-1.00686 0.0790775
-1.08916 0.0760216
-1.02881 0.0745163
-1.03429 0.0512286
-1.02881 0.0790775
-1.05075 0.0672154
-0.847737 0.0429041
-0.891632 0.0406611
-0.902606 0.0576263
-0.886145 0.080628
-1.02881 0.0886063
-1.03429 0.0902471
-1.02332 0.0686454
-1.02881 0.0686454
-0.973937 0.0821935
-0.973937 0.0760216
-0.973937 0.0853698
-0.946502 0.0760216
-0.96845 0.0745163
-1.08916 0.0837741
-1.08368 0.0550221
-0.864198 0.0700906
-0.979424 0.0602908
-1.00686 0.0630155
-1.00137 0.0429041
-0.935528 0.058951
-1.06722 0.0303496
-1.00137 0.0169821
-1.08916 0.0248852
-1.02881 0.0207455
-1.02881 0.00746837
-0.946502 0.00844685
-0.973937 0.0284679
-1.00137 0.0184423
-0.886145 0.0602908
-0.990398 0.0700906
-1.01783 0.0576263
-0.984911 0.0440482
-0.979424 0.0417751
-1.05075 0.0322914
-1.02881 0.0303496
-0.973937 0.0248852
-1.00137 0.0374096
-0.924554 0.0231841
-1.00686 0.00381039
-0.973937 0.00137174
-0.990398 0.00230505
-0.941015 0.000543804
-0.973937 0.00137174
-1.02881 0.000152416
-0.973937 1.69351e-05
-0.995885 0.00117605
-0.995885 0.0100275
-0.990398 0.0223562
-0.957476 0.0207455
-0.924554 0.0149048
-1.11111 0.0215433
-1.10562 0.0322914
-0.995885 0.0266464
-1.01235 0.0207455
-0.924554 0.031313
-0.897119 0.0475707
-0.990398 0.0869805
-1.03978 0.126225
-1.08368 0.116666
-0.984911 0.105692
-0.995885 0.138192
-1.04527 0.140239
-1.05624 0.103916
-1.06173 0.120444
-1.03429 0.120444
-1.02332 0.150702
-0.973937 0.148579
-1.02332 0.168224
-0.979424 0.134143
-1.08368 0.134143
-1.07819 0.148579
-1.02881 0.223967
-1.00137 0.196313
-0.984911 0.157159
-0.979424 0.172755
-0.891632 0.157159
-1.07819 0.216244
-1.06173 0.179664
-1.10014 0.221377
-1.03429 0.208657
-1.01783 0.2137
-1.00137 0.22919
-1.00686 0.218803
-0.973937 0.172755
-0.924554 0.103916
-0.957476 0.0952599
-0.946502 0.0700906
-0.941015 0.0576263
-0.979424 0.0429041
-0.91358 0.0169821
-0.91358 0.00746837
-0.919067 0.000227683
-0.930041 0.00489424
-1.00137 0.00948553
-1.03429 0.00117605
-0.979424 0.000423377
-1.02332 0.000995407
-1.00686 0.00415662
-1.00686 0.0031631
-0.995885 0.0135951
-0.990398 0.0100275
-0.962963 0.019195
-0.935528 0.0231841
-0.957476 0.0123457
-1.02332 0.00489424
-0.946502 0.000318003
-0.908093 0.000543804
-0.886145 0.00180829
-1.0727 1.88168e-06
-1.12209 0.000227683
-0.990398 0.00611357
-1.03978 0.000829819
-1.05624 0.000829819
-0.995885 0.0100275
-0.984911 0.0135951
-1.00686 0.0111565
-1.03978 0.00569207
-1.03429 0.0135951
-1.05075 0.0123457
-1.07819 0.0275496
-1.08368 0.0363559
-1.05075 0.0275496
-1.01235 0.0487749
-1.09465 0.0487749
-0.957476 0.0537426
-1.03429 0.0790775
-1.00686 0.077542
-1.00137 0.0475707
-0.935528 0.0602908
-0.946502 0.077542
-0.96845 0.107483
-1.08368 0.124283
-1.0727 0.10929
-1.04527 0.102154
-0.979424 0.0760216
-1.00137 0.0524781
-0.902606 0.0294012
-0.820302 0.00230505
-0.886145 0.0105844
-0.831276 0.00451791
-0.78738 0.00381039
-0.897119 0.00528563
-0.902606 0.0031631
-0.875171 4.70419e-05
-0.869684 4.70419e-05
-1.01783 1.69351e-05
-1.05075 0.000829819
-0.990398 0.000227683
-1.02881 0.000423377
-0.962963 9.22021e-05
-0.984911 0.000152416
-0.973937 1.88168e-06
-0.946502 0.00489424
-0.930041 0.0117435
-0.973937 0.00895866
-1.00137 0.00895866
-0.946502 0.0135951
-1.06173 0.0215433
-1.08916 0.033285
-1.00137 0.0248852
-1.10014 0.0215433
-1.11111 0.000227683
-1.06722 0.00347922
-1.0727 0.00204915
-0.984911 0.00655012
-0.995885 0.0294012
-0.957476 0.0524781
-1.02332 0.0342936
-1.05075 0.0342936
-1.06173 0.0374096
-1.06722 0.0100275
-0.924554 0.0142424
-0.864198 0.0129629
-0.941015 0.0105844
-1.00137 0.0117435
-1.09465 0.019195
-0.995885 0.0266464
-0.919067 0.0524781
-0.979424 0.033285
-1.00137 0.0275496
-0.957476 0.0184423
-1.02881 0.0284679
-1.01783 0.0475707
-0.973937 0.080628
-0.984911 0.0745163
-0.957476 0.0760216
-0.951989 0.0952599
-1.04527 0.10929
-0.995885 0.0952599
-0.990398 0.0715507
-1.15501 0.100408
-1.08368 0.112948
-1.09465 0.114799
-1.04527 0.107483
-1.01235 0.0886063
-0.984911 0.0686454
-0.951989 0.0563167
-0.979424 0.0672154
-1.02332 0.0322914
-1.01235 0.0135951
-0.995885 0.00844685
-1.04527 0.00415662
-1.09465 0.00117605
-0.979424 0.00180829
-0.973937 0.00117605
-0.96845 0.00347922
-1.03978 1.69351e-05
-1.1166 0.00700172
-1.13855 0.00347922
-0.995885 0.0111565
-0.96845 0.0266464
-0.946502 0.0207455
-0.91358 0.00700172
-0.957476 0.00257602
-1.01235 0.000543804
-1.06173 0.00347922
-1.02332 0.000152416
-1.11111 0.00257602
-1.11111 4.70419e-05
-0.869684 0.00489424
-0.902606 0.00569207
-0.84225 0.0248852
-0.930041 0.0207455
-1.03978 0.0123457
-1.01783 0.00381039
-0.91358 0.00611357
-0.96845 0.00528563
-0.957476 0.00569207
-1.03429 0.000318003
-1.02881 0.000152416
-1.00686 0.0184423
-1.12209 0.0223562
-1.06173 0.0215433
-1.04527 0.00948553
-0.984911 0.0142424
-1.05075 0.0117435
-1.09465 0.0031631
-1.10562 1.88168e-06
-1.12209 0.000227683
-1.12209 9.22021e-05
-1.12209 0.00844685
-1.06173 0.00895866
-1.12209 0.00286203
-1.04527 4.70419e-05
-0.946502 0.000152416
-0.957476 1.69351e-05
-0.935528 0.00795008
-0.973937 0.019195
-0.990398 0.0199627
-0.951989 0.0294012
-1.00137 0.0715507
-1.01235 0.0602908
-1.03978 0.0902471
-1.01235 0.0700906
-1.05624 0.148579
-1.05075 0.191481
-0.973937 0.112948
-1.04527 0.114799
-0.930041 0.100408
-0.984911 0.0886063
-1.01235 0.100408
-1.14403 0.091903
-1.01235 0.111111
-1.0727 0.142302
-1.06173 0.128182
-1.08368 0.148579
-1.08368 0.16154
-1.03429 0.134143
-1.10562 0.111111
-1.02332 0.114799
-0.990398 0.120444
-0.990398 0.114799
-1.13306 0.172755
-1.08916 0.177346
-1.13306 0.152839
-1.04527 0.138192
-1.16598 0.168224
-1.04527 0.168224
-1.03429 0.159342
-1.0727 0.157159
-1.00686 0.170482
-1.02881 0.118547
-0.951989 0.077542
-0.91358 0.0576263
-0.902606 0.077542
-0.891632 0.0700906
-0.941015 0.080628
-0.973937 0.0463814
-0.962963 0.0512286
-0.891632 0.0303496
-0.880658 0.0266464
-0.919067 0.0275496
-0.951989 0.0149048
-0.973937 0.00795008
-1.02881 0.00347922
-0.853224 0.00795008
-0.886145 0.033285
-0.946502 0.0266464
-1.00686 0.0475707
-0.990398 0.080628
-1.07819 0.091903
-1.08368 0.0700906
-1.01783 0.019195
-1.07819 0.00451791
-1.08368 9.22021e-05
-1.08368 0.000423377
-1.06173 0.00204915
-1.02881 0.0031631
-1.05624 0.000318003
-1.07819 0.000829819
-1.00686 0.000679285
-1.03429 0.000543804
-1.06722 0.000829819
-0.91358 0.000423377
-0.908093 0.00611357
-0.902606 0.0100275
-1.01235 0.00204915
-0.946502 1.69351e-05
-0.973937 9.22021e-05
-0.995885 0.00117605
-0.995885 0.00347922
-0.875171 0.000829819
-0.897119 0.000423377
-0.91358 0.00415662
-0.91358 0.0105844
-0.886145 0.0031631
-0.78738 0.00611357
-0.809328 0.00137174
-0.908093 0.00611357
-0.880658 0.0100275
-0.946502 0.0129629
-0.962963 0.0223562
-1.02332 0.0240271
-1.00686 0.0240271
-0.957476 0.019195
-0.908093 0.0169821
-0.875171 0.00655012
-0.858711 0.000543804
-0.858711 0.0100275
-0.96845 0.00528563
-0.880658 0.0248852
-1.03429 0.0215433
-0.984911 0.0257583
-0.935528 0.00347922
-1.06173 0.00381039
-1.00686 0.00117605
-1.02881 0.000227683
-1.05624 0.00137174
-1.03429 0.00204915
-0.995885 0.0169821
-0.990398 0.0129629
-0.924554 0.0184423
-0.979424 0.0111565
-1.0727 0.00286203
-0.880658 0.00611357
-1.01235 0.00204915
-0.957476 0.000227683
-1.01783 0.00347922
-0.96845 4.70419e-05
-0.990398 0.00347922
-1.07819 0.000318003
-1.12757 1.88168e-06
-1.16049 0.000543804
-1.17695 0.000423377
-1.09465 0.0031631
-0.995885 0.00451791
-1.00686 9.22021e-05
-0.924554 0.00204915
-0.908093 0.000423377
-0.962963 0.000152416
-1.02332 0.00795008
-1.01235 0.0105844
-1.02881 0.0155822
-1.02881 0.00844685
-1.11111 0.0248852
-0.946502 0.0223562
-0.979424 0.0111565
-0.941015 0.0100275
-0.984911 0.00700172
-1.06722 0.0177047
-1.00137 0.00451791
-1.00137 4.70419e-05
-0.957476 0.00257602
-1.02881 0.000423377
-0.973937 0.000543804
-0.897119 4.70419e-05
-0.984911 0.00117605
-0.91358 1.69351e-05
-0.858711 0.00117605
-0.995885 0.00528563
-0.935528 0.0123457
-0.886145 0.019195
-0.875171 0.0123457
-0.78738 0.00895866
-0.891632 0.0100275
-0.946502 0.00746837
-0.973937 0.0129629
-0.990398 0.00489424
-0.957476 0.0275496
-0.995885 0.0177047
-0.919067 0.0184423
-0.919067 0.00795008
-1.00137 0.00415662
-0.990398 0.000227683
-0.946502 0.0031631
-0.962963 0.000679285
-0.891632 0.000543804
-0.886145 9.22021e-05
-0.930041 0.00180829
-0.962963 0.0117435
-1.00686 0.000829819
-0.897119 0.00158249
-1.00137 0.000679285
-1.02881 0.000423377
-0.990398 0.00158249
-0.941015 0.00844685
-0.908093 0.0031631
-0.930041 0.0117435
-1.01235 0.0105844
-0.995885 0.0135951
-0.995885 0.0123457
-0.962963 0.00611357
-1.07819 0.00611357
-1.02881 0.00286203
-0.995885 0.0100275
-0.908093 0.00895866
-1.00137 0.0111565
-0.935528 0.0123457
-0.984911 0.0142424
-0.951989 0.00117605
-0.957476 0.000423377
-0.902606 0.0142424
-0.825789 0.00158249
-0.91358 0.00415662
-0.91358 0.000543804
-0.962963 0.00180829
-0.858711 0.00158249
-0.990398 0.0117435
-1.07819 0.00415662
-1.01783 0.000227683
-0.951989 0.00204915
-0.91358 0.0149048
-0.897119 0.00655012
-0.930041 9.22021e-05
-0.930041 0.000543804
-0.962963 0.00347922
-0.951989 0.00117605
-1.01783 0.000227683
-1.0727 0.00204915
-1.10562 0.00844685
-1.07819 0.00286203
-1.04527 0.0105844
-1.01783 0.0149048
-0.984911 0.00347922
-1.00137 0.000829819
-1.03978 9.22021e-05
-0.930041 4.70419e-05
-0.984911 0.000543804
-0.984911 0.000423377
-1.01783 0.000679285
-0.995885 4.70419e-05
-0.908093 0.000829819
-0.869684 0.00117605
-0.743484 0.000829819
-0.891632 0.00451791
-0.962963 0.00569207
-1.02332 0.00451791
-1.03978 0.0117435
-0.995885 0.00795008
-1.03429 0.000227683
-0.962963 0.0031631
-0.935528 0.0123457
-0.957476 0.00948553
-0.957476 0.00700172
-0.858711 0.0162746
-0.765432 0.0223562
-0.875171 0.0266464
-0.814815 0.0129629
-0.847737 0.0223562
-0.864198 0.00528563
-0.836763 0.00381039
-0.96845 0.000152416
-0.957476 0.00137174
-0.995885 4.70419e-05
-0.951989 0.0142424
-0.946502 0.0294012
-1.01783 0.0199627
-0.902606 0.0169821
-0.919067 0.00895866
-1.00686 0.0207455
-0.941015 0.0184423
-0.924554 0.0149048
-0.96845 0.0284679
-1.00137 0.0142424
-0.935528 0.00655012
-0.924554 0.00286203
-0.962963 0.00381039
-0.979424 0.000995407
-1.01783 0.00569207
-0.96845 0.00655012
-0.908093 0.00158249
-0.990398 0.00795008
-0.951989 0.0266464
-0.957476 0.0199627
-0.973937 0.0395622
-0.96845 0.00700172
-1.00137 0.000318003
-1.05075 4.70419e-05
-1.16598 0.000423377
-1.0727 0.000152416
-1.01235 4.70419e-05
-1.12209 0.00117605
-1.10014 0.00158249
-1.1166 4.70419e-05
-1.11111 0.000543804
-1.04527 0.00158249
-1.10014 0.0177047
-1.04527 0.00611357
-0.995885 0.0155822
-1.03429 0.0223562
-1.07819 0.0129629
-1.02881 0.0149048
-1.08916 0.00528563
-1.16598 0.00489424
-1.08368 0.00137174
-0.984911 0.00415662
-0.897119 0.000679285
-0.91358 0.00180829
-0.919067 0.0199627
-0.941015 0.0105844
-1.02332 0.00655012
-1.0727 0.000543804
-1.02881 0.000227683
-0.962963 0.000318003
-1.03429 9.22021e-05
-1.01235 0.00180829
-1.05624 0.00451791
-1.05075 0.0294012
-1.05075 0.0303496
-1.07819 0.0353172
-1.12209 0.0294012
-1.09465 0.0223562
-1.0727 0.0123457
-1.00686 0.00489424
-1.00686 0.00528563
-1.01783 0.00948553
-1.03429 0.0463814
-1.10014 0.0429041
-1.0727 0.0266464
-1.18793 0.0429041
-1.0727 0.0129629
-0.941015 0.0184423
-1.02881 0.00700172
-1.01783 0.0184423
-1.04527 0.0184423
-0.902606 0.0215433
-0.96845 0.0266464
-0.935528 0.0123457
-0.973937 0.019195
-1.00686 0.0374096
-0.984911 0.0257583
-1.03429 0.0275496
-0.973937 0.031313
-1.12757 0.0440482
-1.06722 0.0248852
-1.10562 0.0142424
-1.04527 0.0207455
-1.09465 0.0353172
-1.08916 0.0257583
-1.05075 0.0207455
-1.1166 0.0537426
-1.08368 0.0475707
-0.979424 0.0475707
-1.13855 0.0499943
-1.01235 0.0207455
-1.01235 0.0240271
-1.01783 0.0240271
-1.06722 0.0149048
-1.06722 0.0162746
-1.12209 0.0223562
-0.957476 0.00844685
-1.07819 0.0294012
-0.990398 0.0240271
-1.01783 0.0215433
-1.02332 0.0207455
-1.03978 0.00844685
-0.924554 0.00611357
-0.995885 0.00158249
-0.91358 0.000227683
-1.02332 0.00795008
-1.00686 0.00230505
-1.03429 0.00844685
-0.930041 0.0257583
-1.02332 0.0275496
-1.13855 0.0417751
-1.15501 0.0257583
-1.05624 0.0240271
-0.973937 0.0231841
-0.941015 0.0184423
-1.08368 0.0275496
-0.990398 0.0363559
-0.957476 0.0374096
-0.979424 0.0100275
-1.06173 0.0129629
-1.0727 0.0135951
-1.04527 0.0111565
-1.0727 0.00611357
-1.03429 0.00489424
-1.0727 0.00381039
-1.07819 0.00746837
-0.919067 0.0129629
-1.00137 0.0123457
-0.96845 0.0117435
-0.908093 0.0184423
-0.902606 0.0155822
-1.03429 0.0550221
-1.02332 0.031313
-0.886145 0.0135951
-1.01783 0.00528563
-1.00686 0.00180829
-1.04527 0.0123457
-0.924554 0.00655012
-0.935528 0.00700172
-0.995885 0.0463814
-0.957476 0.0395622
-0.930041 0.0353172
-0.935528 0.0417751
-0.962963 0.0406611
-1.03978 0.0406611
-1.10014 0.0303496
-1.10562 0.0353172
-1.13855 0.0155822
-1.12209 0.0199627
-1.01783 0.0284679
-1.02881 0.0353172
-0.886145 0.0240271
-0.919067 0.0129629
-0.984911 0.0223562
-1.01235 0.0105844
-0.984911 0.00948553
-0.957476 0.00948553
-0.990398 0.00489424
-1.03978 0.0105844
-0.973937 0.0155822
-1.01783 0.000543804
-0.935528 0.00528563
-1.00137 0.00158249
-1.02881 1.88168e-06
-1.00137 0.0129629
-1.01783 0.0142424
-0.957476 0.00230505
-0.908093 9.22021e-05
-0.919067 0.00204915
-0.897119 0.00489424
-0.924554 0.00381039
-1.01235 0.0129629
-1.03978 0.0215433
-1.02881 0.0100275
-0.979424 0.000152416
-0.957476 0.000423377
-0.924554 0.000423377
-0.935528 0.000152416
-1.02332 9.22021e-05
-1.01783 0.00180829
-0.930041 0.000829819
-0.891632 0.00347922
-0.941015 0.0111565
-0.957476 0.00895866
-0.962963 0.0117435
-0.902606 0.00257602
-0.973937 0.00746837
-0.946502 0.0031631
-0.946502 0.000152416
-0.946502 0.00415662
-0.875171 0.00230505
-0.930041 4.70419e-05
-0.957476 0.000423377
-1.03978 0.000829819
-0.979424 1.88168e-06
-1.00686 0.00489424
-0.990398 0.000152416
-0.951989 0.00655012
-0.891632 0.0111565
-0.990398 0.0100275
-1.00686 0.00655012
-0.96845 0.000227683
-0.995885 1.69351e-05
-1.13855 0.00257602
-1.08368 0.0135951
-1.00137 0.000829819
-1.04527 0.00347922
-1.06722 0.00257602
-1.0727 0.00415662
-0.973937 0.0275496
-0.973937 0.0111565
-0.902606 0.0111565
-0.875171 0.00948553
-0.951989 0.00230505
-0.979424 0.00180829
-1.01235 0.000679285
-0.875171 0.000543804
-0.990398 0.00347922
-0.847737 0.0105844
-0.84225 0.00746837
-0.902606 0.0169821
-0.935528 0.019195
-1.00686 0.0135951
-1.02332 0.0105844
-0.951989 0.0169821
-0.941015 0.0149048
-0.96845 0.0223562
-0.990398 0.019195
-0.984911 0.0129629
-1.05075 0.0149048
-1.01783 0.0142424
-0.951989 0.00347922
-1.14952 0.0129629
-1.17147 0.0303496
-1.14403 0.0169821
-1.22634 0.00948553
-1.11111 0.0275496
-1.19342 0.0169821
-1.14403 0.0184423
-1.10014 0.0105844
-1.05075 0.00795008
-1.08368 0.0135951
-1.12209 0.0169821
-1.11111 0.0123457
-0.979424 0.000829819
-1.04527 0.000152416
-0.984911 0.00180829
-1.00686 0.000543804
-1.00137 0.00286203
-1.00686 0.0100275
-1.01235 0.0184423
-1.05624 0.0215433
-1.03978 0.0142424
-0.96845 0.0155822
-0.935528 0.0294012
-0.891632 0.0117435
-0.924554 0.033285
-1.02332 0.0463814
-0.951989 0.0406611
-0.979424 0.0266464
-1.03429 0.0440482
-1.04527 0.0512286
-1.07819 0.0129629
-0.962963 0.00655012
-1.02332 0.00655012
-0.951989 0.0100275
-0.984911 0.019195
-1.06173 0.0111565
-0.935528 0.00347922
-0.984911 0.000679285
-1.09465 1.88168e-06
-1.01235 0.000318003
-0.951989 0.000318003
-0.935528 0.00137174
-0.973937 0.00415662
-1.03429 4.70419e-05
-1.00137 0.000227683
-1.00137 0.000829819
-1.00137 0.00230505
-1.02881 0.00569207
-1.02332 0.00700172
-1.00686 0.00569207
-1.10014 0.0162746
-1.03429 0.0184423
-1.0727 0.0563167
-0.973937 0.0353172
-0.935528 0.0602908
-1.03429 0.0686454
-1.23182 0.150702
-1.06173 0.0837741
-1.01235 0.0644004
-1.12757 0.0616456
-1.1166 0.0524781
-1.08368 0.0342936
-1.02881 0.0342936
-1.01783 0.0353172
-0.957476 0.0353172
-0.984911 0.0463814
-1.00137 0.0700906
-0.962963 0.077542
-0.957476 0.0602908
-0.924554 0.0550221
-1.03429 0.0658003
-0.973937 0.0487749
-0.984911 0.0452073
-1.02332 0.0686454
-0.995885 0.0512286
-0.951989 0.0417751
-1.02332 0.0487749
-0.91358 0.0487749
-1.04527 0.0417751
-1.06173 0.0563167
-0.946502 0.0672154
-0.935528 0.0672154
-0.891632 0.0630155
-0.995885 0.0550221
-0.935528 0.0475707
-0.902606 0.0463814
-0.935528 0.019195
-0.941015 0.0322914
-0.962963 0.0100275
-1.01235 0.0031631
-1.10014 0.000543804
-1.00686 1.69351e-05
-0.979424 0.000543804
-1.01235 0.00700172
-0.990398 0.0135951
-1.07819 0.0149048
-0.962963 0.00528563
-1.01783 0.00415662
-1.02332 0.00569207
-1.09465 0.0129629
-1.02332 0.00569207
-1.08368 0.000829819
-1.02881 0.000152416
-0.919067 0.000995407
-0.886145 0.00180829
-1.00137 0.000543804
-0.930041 0.000152416
-1.01235 0.00569207
-1.07819 0.0031631
-1.06173 0.000152416
-1.05624 1.88168e-06
-1.08916 1.69351e-05
-1.17147 0.00381039
-1.16049 0.00158249
-1.08368 0.000995407
-1.00137 9.22021e-05
-1.12209 0.00655012
-1.03978 0.00746837
-1.01235 0.00569207
-1.1166 0.000227683
-1.02332 0.000423377
-0.979424 0.00158249
-1.00686 0.00347922
-1.01783 0.00137174
-1.11111 0.00180829
-1.16598 0.00569207
-1.22634 0.00795008
-1.14403 0.0177047
-1.1166 0.00948553
-1.05624 0.00528563
-1.05624 4.70419e-05
-0.91358 0.000152416
-0.946502 0.000227683
-1.05624 0.000543804
-1.06722 0.00286203
-1.05624 0.00117605
-0.984911 0.00655012
-1.05624 0.0105844
-1.07819 0.00451791
-1.08368 0.0117435
-1.01235 0.0142424
-0.984911 0.00415662
-0.84225 0.0117435
-0.930041 0.0105844
-1.06722 0.00746837
-1.06173 0.00746837
-1.04527 0.000152416
-1.03429 0.000829819
-0.990398 0.00180829
-0.995885 0.00230505
-0.96845 0.000995407
-1.03978 4.70419e-05
-1.04527 0.00746837
-1.17147 0.00117605
-1.05624 0.000543804
-1.10014 0.00381039
-1.03429 0.00415662
-0.984911 0.000829819
-1.00686 0.00381039
-1.00686 0.00795008
-0.941015 0.00257602
-0.930041 0.00381039
-0.891632 0.000423377
-0.91358 0.000829819
-1.01235 9.22021e-05
-0.836763 0.000679285
-0.847737 0.000318003
-0.836763 0.00381039
-0.869684 0.0215433
-0.946502 0.0363559
-0.935528 0.0563167
-0.962963 0.0700906
-0.924554 0.0537426
-1.00137 0.0512286
-0.941015 0.0395622
-0.84225 0.0512286
-0.919067 0.0576263
-0.957476 0.0630155
-0.908093 0.0440482
-1.01783 0.033285
-0.96845 0.0417751
-1.01783 0.0512286
-0.91358 0.033285
-0.990398 0.0499943
-0.995885 0.0512286
-0.979424 0.0266464
-0.891632 0.0155822
-0.836763 0.0105844
-0.853224 0.00746837
-0.935528 0.0142424
-0.941015 0.0100275
-0.984911 9.22021e-05
-0.886145 0.00230505
-0.957476 0.0142424
-0.941015 0.019195
-0.995885 0.0429041
-1.00686 0.0417751
-1.02332 0.0576263
-0.973937 0.0452073
-1.01783 0.0406611
-0.984911 0.0602908
-0.919067 0.0475707
-0.869684 0.033285
-0.930041 0.0303496
-1.00686 0.019195
-0.908093 0.0149048
-0.858711 0.0105844
-1.03429 0.00489424
-1.00686 0.0184423
-1.03978 0.0440482
-1.14952 0.0363559
-1.14952 0.033285
-1.0727 0.0123457
-1.01235 0.00895866
-0.853224 0.0129629
-0.91358 0.0162746
-0.941015 0.0257583
-0.984911 0.00746837
-0.957476 0.00844685
-0.995885 0.00230505
-0.91358 0.00286203
-0.869684 0.000227683
-0.919067 0.00117605
-0.891632 0.000543804
-0.973937 0.000543804
-0.919067 0.00180829
-0.96845 0.0031631
-0.935528 0.00569207
-0.979424 0.00451791
-0.924554 0.00158249
-0.891632 0.00611357
-0.891632 0.00257602
-1.02881 0.00948553
-0.96845 0.00415662
-0.908093 0.00451791
-0.930041 0.00451791
-0.946502 0.00611357
-1.03978 0.0117435
-1.03429 0.00948553
-0.984911 0.0215433
-0.979424 0.033285
-1.02332 0.019195
-0.962963 0.0672154
-1.01783 0.0821935
-1.00686 0.0886063
-1.00686 0.105692
-1.05624 0.130154
-1.16049 0.203675
-1.10014 0.226571
-1.16049 0.221377
-0.924554 0.154992
-1.03978 0.206158
-0.924554 0.13616
-1.0727 0.170482
-1.01783 0.170482
-1.0727 0.175043
-0.924554 0.130154
-0.880658 0.118547
-0.891632 0.122356
-0.875171 0.154992
-0.957476 0.172755
-1.08368 0.218803
-1.07819 0.159342
-1.11111 0.191481
-1.08916 0.159342
-1.21536 0.189088
-1.33059 0.216244
-1.22634 0.163753
-1.25926 0.181998
-1.21536 0.177346
-1.12209 0.163753
-1.12209 0.13616
-1.20439 0.128182
-1.10562 0.142302
-1.11111 0.142302
-1.13855 0.120444
-1.22085 0.098677
-1.08916 0.0658003
-1.07819 0.0658003
-1.1166 0.0602908
-1.10014 0.058951
-1.12209 0.0512286
-1.16049 0.0452073
-1.13855 0.0231841
-1.13306 0.0155822
-1.08916 0.00257602
-1.10562 0.00381039
-1.00686 0.000829819
-1.1166 0.00347922
-1.03978 0.00795008
-0.984911 0.000318003
-1.03978 0.00347922
-1.03978 0.000152416
-1.1166 0.000543804
-1.06173 0.00611357
-1.05624 0.0257583
-1.02332 0.0240271
-1.02881 0.0223562
-1.0727 0.0223562
-1.05075 0.0395622
-1.1166 0.0223562
-1.18244 0.0266464
-1.1989 0.0177047
-1.0727 0.00489424
-1.08368 0.0169821
-1.10014 0.0452073
-1.15501 0.0616456
-1.13306 0.033285
-1.04527 0.0207455
-1.03978 0.033285
-0.908093 0.0266464
-0.908093 0.0266464
-0.962963 0.0199627
-0.957476 0.0452073
-0.973937 0.0576263
-0.979424 0.0563167
-0.984911 0.0886063
-1.05624 0.116666
-1.08368 0.128182
-1.0727 0.152839
-1.07819 0.201206
-1.16049 0.179664
-1.14952 0.165981
-1.12757 0.170482
-1.17695 0.148579
-1.05624 0.0969609
-1.14403 0.0902471
-1.13306 0.0715507
-1.11111 0.0686454
-1.14403 0.091903
-1.06722 0.0550221
-1.08916 0.0499943
-1.01235 0.0512286
-1.06722 0.058951
-0.990398 0.0353172
-1.0727 0.0248852
-1.09465 0.0363559
-1.13306 0.0524781
-1.06722 0.0644004
-1.14403 0.0869805
-1.16049 0.10929
-1.18793 0.0700906
-1.06722 0.0524781
-1.05624 0.0384784
-1.12757 0.0207455
-0.96845 0.0215433
-0.941015 0.00948553
-0.990398 0.0395622
-1.03429 0.0363559
-1.11111 0.033285
-1.00686 0.0303496
-1.08368 0.0384784
-0.990398 0.0616456
-0.979424 0.0452073
-1.05075 0.0452073
-0.973937 0.0342936
-0.891632 0.00895866
-0.979424 0.0135951
-0.979424 0.031313
-1.02332 0.019195
-1.03429 0.0384784
-0.995885 0.0463814
-0.836763 0.0240271
-0.951989 0.0322914
-0.957476 0.0353172
-0.902606 0.0550221
-0.941015 0.0363559
-0.897119 0.0199627
-0.96845 0.00948553
-0.979424 0.0169821
-1.00137 0.00204915
-1.08368 1.88168e-06
-1.05075 0.00137174
-0.979424 0.0031631
-0.979424 0.00569207
-1.05075 0.0100275
-0.946502 0.0142424
-0.990398 0.0155822
-0.951989 0.0149048
-1.05075 0.0215433
-1.00137 0.0240271
-1.08368 0.0169821
-1.00137 0.0257583
-0.973937 0.0142424
-1.02881 0.0149048
-1.06173 0.0135951
-1.0727 0.0240271
-1.01235 0.0129629
-0.990398 0.019195
-0.897119 0.0266464
-0.995885 0.0353172
-0.858711 0.0384784
-1.01783 0.0374096
-1.02332 0.0658003
-1.03978 0.0452073
-1.02332 0.0294012
-0.951989 0.0215433
-1.01783 0.0499943
-1.04527 0.0658003
-0.990398 0.031313
-1.02881 0.0275496
-0.946502 0.0512286
-0.935528 0.0417751
-0.924554 0.0169821
-0.831276 0.0142424
-0.91358 0.0275496
-0.84225 0.0374096
-0.814815 0.019195
-0.869684 0.0215433
-0.935528 0.0169821
-0.831276 0.0207455
-0.897119 0.0149048
-0.919067 0.00415662
-0.924554 0.0111565
-0.930041 0.00489424
-0.951989 0.00611357
-0.935528 0.0105844
-0.847737 0.0105844
-0.858711 0.00948553
-0.957476 0.0284679
-0.973937 0.0266464
-0.962963 0.000679285
-0.984911 0.0155822
-0.941015 0.0129629
-0.941015 0.0129629
-0.930041 0.0129629
-0.924554 4.70419e-05
-1.00686 0.00489424
-1.03429 0.00569207
-1.07819 0.00286203
-1.12757 0.00347922
-1.12209 0.0031631
-1.12757 0.000227683
-1.08916 0.00489424
-0.995885 0.00286203
-1.06722 9.22021e-05
-0.946502 0.00180829
-0.957476 0.0135951
-0.979424 0.0155822
-0.880658 0.0223562
-0.886145 0.0129629
-0.930041 0.00948553
-0.924554 0.000543804
-1.02332 0.0100275
-0.990398 0.00257602
-1.01783 0.000829819
-1.01235 0.00569207
-0.935528 0.0149048
-0.891632 0.0184423
-0.91358 0.0576263
-0.935528 0.0616456
-1.00686 0.0475707
-1.01235 0.0417751
-1.05075 0.0257583
-0.973937 0.0199627
-1.00686 0.00381039
-1.01235 0.00844685
-1.05075 0.00451791
-1.01783 0.0129629
-1.05624 0.0177047
-0.995885 0.00257602
-0.946502 0.00528563
-0.96845 0.00844685
-0.990398 0.0223562
-1.01783 0.0240271
-0.990398 0.0395622
-0.919067 0.0630155
-0.886145 0.0630155
-0.973937 0.0537426
-0.995885 0.0512286
-0.951989 0.0417751
-1.01783 0.0440482
-1.0727 0.0550221
-1.05624 0.077542
-1.0727 0.0616456
-1.00137 0.0630155
-0.91358 0.0700906
-0.962963 0.0790775
-0.946502 0.098677
-0.902606 0.0869805
-1.05075 0.120444
-1.02881 0.0853698
-1.07819 0.0672154
-1.00686 0.0672154
-0.990398 0.0700906
-1.00137 0.0672154
-0.962963 0.0760216
-1.05075 0.058951
-1.10014 0.077542
-1.01783 0.0630155
-1.01783 0.0576263
-1.1166 0.080628
-1.16049 0.0745163
-1.14952 0.0602908
-1.09465 0.0384784
-1.17147 0.0512286
-1.14952 0.073026
-1.01783 0.0257583
-0.91358 0.0169821
-0.864198 0.0207455
-0.875171 0.0100275
-0.902606 0.0111565
-1.01783 0.00569207
-0.946502 0.00415662
-0.935528 0.0149048
-0.891632 0.00844685
-0.924554 0.00230505
-0.957476 0.000423377
-0.902606 0.000829819
-0.973937 0.00948553
-0.875171 0.000318003
-0.814815 0.000318003
-0.880658 0.00451791
-0.908093 0.0117435
-0.935528 0.0162746
-0.995885 0.0207455
-0.941015 0.0123457
-0.864198 0.0223562
-1.01783 0.0257583
-0.990398 0.0440482
-1.07819 0.073026
-1.12209 0.105692
-1.09465 0.120444
-1.02881 0.126225
-1.03978 0.0952599
-1.07819 0.0853698
-1.0727 0.091903
-1.10562 0.100408
-1.1166 0.080628
-1.02881 0.0499943
-1.06173 0.0886063
-1.08916 0.0602908
-1.02332 0.033285
-0.973937 0.0487749
-0.853224 0.0576263
-0.930041 0.0284679
-1.00137 0.0374096
-0.930041 0.0417751
-0.886145 0.0199627
-0.941015 0.0169821
-1.01783 0.0429041
-1.0727 0.0440482
-1.10562 0.0223562
-1.08368 0.0248852
-1.05075 0.0199627
-1.11111 0.0440482
-1.10562 0.0499943
-1.06722 0.0395622
-1.09465 0.0563167
-1.07819 0.0248852
-0.951989 0.0162746
-0.957476 0.0142424
-0.897119 0.0184423
-0.924554 0.00528563
-1.00686 0.0135951
-0.979424 0.00528563
-0.924554 0.0135951
-1.10014 0.031313
-1.13855 0.058951
-1.14952 0.103916
-1.02332 0.0935739
-1.15501 0.120444
-1.08368 0.105692
-1.01235 0.0576263
-1.05075 0.0790775
-0.935528 0.0440482
-1.09465 0.0487749
-1.14403 0.0475707
-1.10014 0.0602908
-1.13306 0.0374096
-1.08916 0.0322914
-1.11111 0.0384784
-1.08368 0.033285
-1.05075 0.0374096
-1.03429 0.0499943
-1.01783 0.0240271
-0.990398 0.0177047
-0.875171 0.0100275
-0.886145 0.0374096
-0.864198 0.0342936
-0.886145 0.00948553
-0.875171 0.00655012
-0.930041 0.00180829
-0.891632 1.88168e-06
-0.891632 0.00230505
-0.864198 0.0123457
-0.973937 0.00844685
-0.864198 0.0184423
-0.951989 0.0374096
-1.01235 0.0342936
-0.946502 0.0223562
-1.01235 0.0463814
-1.06722 0.0374096
-0.96845 0.0644004
-0.902606 0.0440482
-0.962963 0.033285
-0.995885 0.0342936
-0.957476 0.0322914
-0.957476 0.0231841
-0.897119 0.0231841
-0.973937 0.0284679
-0.935528 0.0512286
-0.957476 0.0284679
-0.973937 0.0275496
-1.04527 0.0248852
-0.995885 0.0294012
-1.00137 0.0342936
-0.979424 0.0149048
-0.908093 0.0452073
-0.91358 0.0231841
-0.935528 0.0374096
-0.935528 0.0207455
-1.03429 0.0223562
-0.990398 0.0129629
-1.00137 0.0155822
-0.979424 0.0111565
-0.951989 0.0248852
-0.919067 0.0499943
-0.973937 0.0658003
-0.96845 0.0499943
-0.995885 0.0240271
-1.05075 0.0111565
-0.919067 0.0162746
-0.973937 0.0129629
-1.05624 0.0353172
-0.990398 0.031313
-1.04527 0.0440482
-1.01783 0.0672154
-1.00686 0.0440482
-1.05624 0.031313
-1.06173 0.033285
-0.995885 0.0207455
-1.01783 0.00895866
-1.01235 0.0162746
-1.06722 0.00117605
-1.02881 0.000995407
-1.05624 0.000995407
-1.05075 0.0111565
-1.10014 0.0031631
-0.951989 0.00158249
-1.10562 0.000318003
-1.16049 0.00158249
-1.1166 0.00611357
-0.990398 0.00158249
-0.957476 0.000318003
-0.864198 0.00286203
-0.858711 0.0123457
-0.995885 0.000543804
-0.990398 0.000423377
-0.869684 0.000423377
-0.951989 0.00347922
-0.951989 0.000227683
-1.01783 1.88168e-06
-1.00686 0.00700172
-1.00686 0.0117435
-1.01783 0.000679285
-1.03978 0.00230505
-0.919067 0.00180829
-0.902606 0.00117605
-0.875171 0.00528563
-0.96845 0.00415662
-1.06722 0.000679285
-0.962963 0.00117605
-1.02332 0.0162746
-0.995885 0.0207455
-1.04527 0.0322914
-1.08368 0.019195
-1.06173 0.0248852
-1.04527 0.0240271
-0.990398 0.0303496
-0.995885 0.0406611
-0.941015 0.0658003
-1.06173 0.0602908
-1.03978 0.0902471
-1.00137 0.0686454
-1.07819 0.0760216
-1.03429 0.033285
-1.03429 0.0524781
-1.00137 0.0475707
-0.957476 0.0790775
-1.01783 0.0853698
-0.957476 0.0616456
-1.03429 0.033285
-1.02881 0.0616456
-0.957476 0.0745163
-1.04527 0.103916
-0.951989 0.0790775
-1.00686 0.0452073
-0.875171 0.0475707
-0.908093 0.0199627
-1.01783 0.0223562
-0.91358 0.0123457
-0.962963 4.70419e-05
-0.946502 0.000152416
-0.973937 0.00528563
-0.858711 0.00204915
-0.96845 0.00700172
-1.01783 0.0215433
-1.06173 0.0616456
-0.995885 0.0886063
-1.11111 0.073026
-1.02332 0.0429041
-1.05624 0.0463814
-1.03429 0.0487749
-1.12209 0.0745163
-1.03978 0.0869805
-0.951989 0.103916
-1.05624 0.0672154
-1.00686 0.0563167
-1.01783 0.0790775
-0.979424 0.107483
-1.07819 0.105692
-1.01783 0.0853698
-1.01235 0.0952599
-1.02332 0.100408
-1.04527 0.0715507
-0.924554 0.112948
-1.02332 0.146472
-1.06722 0.2137
-1.08368 0.250686
-1.10562 0.218803
-0.957476 0.140239
-1.00686 0.13616
-1.03429 0.116666
-0.869684 0.0658003
-0.973937 0.091903
-1.00686 0.103916
-1.01235 0.0869805
-0.990398 0.0686454
-0.962963 0.0576263
-0.979424 0.0452073
-0.935528 0.0602908
-0.91358 0.080628
-0.930041 0.0886063
-0.886145 0.0452073
-0.84225 0.0207455
-0.984911 0.0105844
-0.973937 0.0162746
-0.946502 0.00230505
-0.957476 1.88168e-06
-0.941015 0.000318003
-0.995885 0.000679285
-0.979424 0.00655012
-0.946502 0.00655012
-0.891632 0.00611357
-0.96845 0.00415662
-0.935528 0.00611357
-0.941015 0.0162746
-1.02881 0.00528563
-1.04527 0.000423377
-0.951989 9.22021e-05
-1.01783 0.00286203
-1.01235 0.000318003
-1.01783 0.00137174
-1.03429 0.0100275
-1.10562 0.0135951
-1.16049 0.0105844
-1.02332 0.00611357
-0.995885 0.00655012
-0.941015 0.000423377
-0.946502 0.00180829
-0.995885 0.000318003
-1.01235 1.88168e-06
-0.946502 4.70419e-05
-0.957476 1.69351e-05
-0.935528 0.00137174
-0.951989 0.00257602
-0.930041 1.88168e-06
-0.962963 0.00700172
-0.984911 9.22021e-05
-1.10562 0.000995407
-1.0727 0.00257602
-1.06722 0.00655012
-1.05624 0.000318003
-0.957476 0.00204915
-0.930041 0.00286203
-1.00137 0.00528563
-0.990398 9.22021e-05
-1.06722 0.00489424
-1.06722 0.0135951
-1.06173 0.000995407
-1.10014 0.00117605
-1.15501 0.00204915
-1.11111 0.00844685
-1.0727 0.00844685
-1.09465 0.00528563
-1.03978 0.00746837
-1.10562 0.0257583
-1.08916 0.0105844
-1.06173 0.00415662
-1.05624 0.0135951
-1.02881 0.0117435
-1.06173 0.0129629
-1.03429 0.0100275
-0.869684 0.00655012
-0.908093 1.69351e-05
-0.853224 0.0031631
-0.809328 9.22021e-05
-0.792867 0.0117435
-0.803841 0.0155822
-1.00686 0.0207455
-1.00686 0.0223562
-1.00686 0.0417751
-0.990398 0.0429041
-0.941015 0.0169821
-0.891632 0.0303496
-0.957476 0.019195
-1.02881 0.0240271
-1.12757 0.0353172
-1.0727 0.0284679
-1.06173 0.0142424
-1.13855 0.00204915
-1.15501 4.70419e-05
-1.08916 0.000152416
-1.12209 0.00230505
-1.13855 0.00528563
-1.02332 0.00158249
-0.957476 0.00137174
-1.01235 0.00347922
-1.02881 0.00611357
-1.05075 0.00415662
-0.979424 0.00700172
-1.05624 0.00451791
-1.06722 0.00415662
-1.03429 0.0117435
-1.05624 0.0177047
-1.15501 0.033285
-1.02881 0.019195
-1.04527 0.0155822
-1.00686 0.0240271
-0.984911 0.0231841
-1.00686 0.0257583
-1.03978 0.0342936
-0.973937 0.0322914
-1.02332 0.0240271
-1.06722 0.019195
-1.08368 0.0123457
-1.08368 0.0231841
-1.10014 0.0215433
-1.06173 0.0177047
-0.995885 0.0240271
-1.03978 0.0240271
-1.05624 0.0207455
-1.05624 0.031313
-1.10014 0.0576263
-0.96845 0.0576263
-0.984911 0.0248852
-0.946502 0.0111565
-0.96845 0.0105844
-1.01783 0.0248852
-1.03429 0.0240271
-1.03978 0.00795008
-0.96845 0.0105844
-0.990398 0.00700172
-1.02881 0.0406611
-0.984911 0.0303496
-0.96845 0.0266464
-1.02881 0.0275496
-0.995885 0.033285
-0.995885 0.033285
-1.00137 0.0231841
-1.01783 0.073026
-1.05075 0.0658003
-1.05075 0.0630155
-1.00686 0.0395622
-1.05075 0.031313
-0.957476 0.0284679
-0.96845 0.0257583
-1.00686 0.0169821
-1.05075 0.00137174
-1.12209 0.00569207
-1.12757 0.0149048
-1.02881 0.0294012
-1.04527 0.0275496
-1.00686 0.0231841
-0.930041 0.0266464
-0.930041 0.0248852
-0.951989 0.00347922
-0.930041 0.00158249
-0.935528 0.00795008
-0.891632 0.00700172
-0.836763 0.000995407
-0.995885 0.00180829
-0.84225 1.88168e-06
-0.930041 0.000543804
-0.902606 0.00381039
-0.84225 0.0111565
-0.946502 0.00347922
-1.07819 0.000423377
-0.995885 0.000227683
-0.951989 0.00137174
-1.02881 0.00158249
-0.897119 0.000543804
-0.864198 0.00347922
-0.930041 1.69351e-05
-0.908093 0.000829819
-0.853224 0.00347922
-0.973937 1.69351e-05
-1.03429 0.000679285
-1.04527 4.70419e-05
-1.06722 0.0117435
-1.08368 0.00746837
-1.09465 0.000995407
-0.995885 0.00257602
-0.941015 0.000227683
-0.979424 0.00528563
-0.995885 0.00569207
-1.03429 0.00415662
-1.02332 0.00415662
-0.946502 1.88168e-06
-0.957476 0.0142424
-0.973937 0.00451791
-1.08368 0.00528563
-0.979424 0.00117605
-1.02881 0.000543804
-1.00137 0.00204915
-0.979424 0.00230505
-0.96845 0.00381039
-1.05075 4.70419e-05
-0.96845 0.0031631
-0.995885 0.0142424
-1.08368 0.0374096
-0.990398 0.0374096
-0.973937 0.0240271
-1.00137 0.0223562
-0.875171 0.0275496
-0.897119 0.0342936
-0.924554 0.0248852
-0.919067 0.0487749
-0.930041 0.0417751
-0.951989 0.0550221
-1.05624 0.0686454
-1.01235 0.0745163
-0.957476 0.0760216
-0.990398 0.098677
-1.08368 0.148579
-1.06722 0.140239
-1.04527 0.128182
-1.01235 0.107483
-1.03429 0.102154
-0.962963 0.0760216
-1.07819 0.10929
-1.04527 0.100408
-0.973937 0.0969609
-1.00137 0.080628
-0.995885 0.058951
-1.03429 0.0821935
-1.06173 0.0935739
-1.13855 0.144379
-1.10014 0.118547
-1.06722 0.0837741
-1.1166 0.0550221
-1.03978 0.0406611
-1.06173 0.0616456
-1.04527 0.033285
-1.00686 0.0322914
-1.05624 0.00204915
-1.08916 0.00347922
-0.96845 0.00347922
-0.897119 0.00746837
-0.853224 0.0142424
-0.853224 0.0184423
-0.78738 0.0149048
-0.853224 0.00415662
-0.897119 0.00347922
-0.984911 0.0169821
-0.930041 0.0231841
-1.01783 0.080628
-1.02332 0.0886063
-0.96845 0.0935739
-1.03978 0.122356
-0.96845 0.077542
-1.10014 0.0658003
-1.02332 0.0576263
-1.04527 0.0658003
-1.00137 0.0499943
-0.979424 0.0199627
-0.990398 0.0266464
-1.02881 0.0284679
-1.01235 0.0550221
-1.06722 0.0853698
-1.01235 0.100408
-1.01783 0.128182
-1.01783 0.150702
-1.08368 0.118547
-1.05624 0.122356
-0.984911 0.098677
-0.973937 0.0935739
-0.96845 0.0630155
-0.96845 0.0760216
-1.02332 0.0969609
-1.06173 0.0658003
-1.22085 0.0686454
-1.17695 0.0384784
-1.19342 0.0616456
-1.13306 0.0760216
-1.12757 0.0658003
-1.02881 0.0452073
-0.990398 0.0155822
-1.06722 0.0177047
-0.957476 0.0215433
-0.935528 0.00844685
-1.08368 0.00948553
-1.08916 0.000318003
-1.0727 0.000829819
-1.04527 0.000152416
-1.03429 0.000423377
-1.08368 9.22021e-05
-0.973937 0.00137174
-0.941015 0.000227683
-1.01783 0.00528563
-0.957476 0.00746837
-0.91358 0.00795008
-0.96845 0.00257602
-0.984911 0.00117605
-1.02881 0.0117435
-0.946502 0.0303496
-0.886145 0.0266464
-0.973937 0.0630155
-0.91358 0.0440482
-0.919067 0.0644004
-0.935528 0.100408
-0.91358 0.105692
-0.941015 0.124283
-0.902606 0.112948
-0.924554 0.0760216
-0.935528 0.105692
-0.941015 0.140239
-0.973937 0.144379
-1.06722 0.184346
-1.11111 0.154992
-0.990398 0.140239
-1.04527 0.124283
-0.941015 0.0463814
-0.908093 0.0294012
-0.946502 0.0417751
-0.902606 0.0294012
-0.792867 0.0142424
-0.831276 0.0207455
-0.858711 0.0100275
-0.908093 0.00844685
-0.973937 0.0231841
-0.924554 0.0303496
-0.902606 0.0111565
-0.880658 0.00286203
-0.973937 0.000318003
-1.04527 9.22021e-05
-1.05624 0.000829819
-0.96845 0.00204915
-0.935528 0.000318003
-0.891632 9.22021e-05
-0.951989 0.0031631
-0.941015 0.000227683
-0.836763 0.0111565
-0.919067 0.0257583
-1.01235 0.0429041
-0.957476 0.00700172
-0.924554 0.00746837
-0.919067 0.0129629
-0.973937 0.0275496
-1.01235 0.0406611
-1.0727 0.0248852
-1.0727 0.00844685
-0.995885 0.00528563
-0.962963 0.000995407
-1.02332 0.000423377
-0.990398 0.00528563
-1.00137 0.000679285
-0.979424 0.00257602
-0.995885 0.000543804
-0.995885 0.000995407
-0.979424 0.000829819
-1.03978 0.00569207
-1.06722 0.00844685
-0.96845 0.00415662
-0.924554 0.00655012
-0.96845 0.00895866
-0.902606 0.0223562
-0.880658 0.00700172
-0.836763 0.00795008
-0.875171 0.019195
-0.924554 0.00569207
-0.924554 0.00204915
-0.951989 0.00489424
-0.935528 0.0105844
-0.908093 0.0117435
-0.990398 0.00655012
-0.951989 1.88168e-06
-0.941015 0.00137174
-0.880658 0.000995407
-0.973937 9.22021e-05
-0.853224 0.00286203
-0.962963 0.0111565
-0.924554 0.00117605
-0.984911 0.000679285
-0.935528 0.000423377
-0.836763 1.88168e-06
-0.902606 0.00158249
-0.908093 0.000995407
-0.869684 0.00204915
-0.990398 0.00158249
-0.957476 4.70419e-05
-0.924554 1.88168e-06
-0.864198 0.000227683
-0.919067 0.000829819
-0.886145 0.00180829
-0.941015 0.000829819
-0.853224 0.000227683
-0.984911 0.00795008
-1.02332 0.0105844
-0.979424 0.0240271
-1.00137 0.0440482
-0.886145 0.0342936
-0.941015 0.0395622
-0.941015 0.0686454
-1.01783 0.0563167
-1.09465 0.0602908
-1.07819 0.0658003
-0.990398 0.0658003
-1.12757 0.0672154
-1.10562 0.080628
-1.08368 0.0602908
-0.984911 0.031313
-0.957476 0.0363559
-1.01235 0.0440482
-0.984911 0.0363559
-1.01783 0.0257583
-0.930041 0.0123457
-0.798354 0.00180829
-0.886145 1.69351e-05
-0.951989 0.000152416
-1.03978 0.00895866
-0.91358 0.00528563
-0.891632 0.00286203
-1.03978 0.0149048
-0.990398 0.0199627
-1.06722 0.0284679
-1.01235 0.0207455
-0.924554 0.0199627
-0.924554 0.0406611
-0.930041 0.0207455
-0.91358 0.00158249
-0.875171 0.00611357
-0.924554 0.0149048
-0.979424 0.00180829
-0.869684 0.00230505
-0.91358 0.0100275
-0.897119 0.0123457
-0.875171 0.0162746
-0.91358 0.0257583
-0.935528 0.0602908
-0.984911 0.107483
-0.990398 0.0869805
-0.930041 0.0700906
-0.781893 0.0512286
-0.946502 0.031313
-0.886145 0.0440482
-0.897119 0.0417751
-0.924554 0.0142424
-1.01235 0.00795008
-0.990398 0.0105844
-0.924554 0.00347922
-0.941015 0.00746837
-0.979424 0.0031631
-1.01235 0.0257583
-1.02881 0.0231841
-0.897119 0.0248852
-0.908093 0.00844685
-0.935528 0.00948553
-0.962963 0.00655012
-0.96845 0.00230505
-0.924554 0.000543804
-0.957476 1.88168e-06
-0.919067 0.00137174
-0.869684 0.00489424
-1.01235 0.00795008
-1.02881 0.0353172
-1.04527 0.0342936
-1.03978 0.0284679
-1.02332 0.0322914
-0.946502 0.0215433
-1.02332 0.0353172
-1.0727 0.0512286
-1.02332 0.0616456
-0.897119 0.0429041
-0.930041 0.0353172
-1.04527 0.0257583
-0.951989 0.0135951
-0.924554 0.0111565
-0.891632 0.00381039
-0.908093 0.00528563
-1.05075 0.00137174
-0.930041 0.000829819
-0.979424 0.0031631
-0.990398 0.0155822
-1.00686 0.0162746
-0.951989 0.0294012
-1.09465 0.0475707
-1.04527 0.0169821
-1.05624 0.0199627
-0.973937 0.0100275
-0.951989 0.00611357
-0.930041 0.00700172
-0.924554 0.0129629
-0.919067 0.0248852
-0.930041 0.00415662
-0.902606 0.00415662
-0.930041 0.00528563
-1.00137 0.00528563
-0.941015 0.0031631
-1.06722 0.0111565
-0.984911 0.0162746
-1.06722 0.0155822
-1.07819 0.0266464
-1.05624 0.0322914
-0.951989 0.0155822
-0.984911 0.00204915
-0.891632 0.00700172
-0.919067 0.00611357
-0.990398 0.00528563
-0.984911 0.00611357
-1.00137 0.0111565
-0.96845 0.00347922
-0.864198 0.00569207
-0.979424 0.00204915
-0.919067 0.00895866
-0.941015 0.00257602
-1.03978 0.00117605
-1.02881 0.000318003
-1.00686 0.0031631
-0.946502 0.00180829
-0.946502 0.00204915
-0.924554 0.00180829
-0.941015 0.00230505
-0.902606 0.00158249
-0.908093 0.00381039
-0.809328 0.0031631
-0.886145 0.00180829
-1.03978 0.00204915
-0.973937 0.00158249
-0.96845 0.00569207
-0.919067 0.00180829
-0.924554 0.0129629
-0.924554 0.0374096
-0.919067 0.0512286
-0.984911 0.0440482
-0.96845 0.0149048
-0.946502 0.00415662
-0.984911 0.00948553
-1.02881 0.0031631
-1.02881 0.019195
-0.951989 0.0257583
-1.02332 0.0384784
-1.09465 0.0363559
-0.979424 0.0223562
-1.04527 0.0184423
-1.05075 0.00844685
-1.04527 0.00700172
-0.886145 0.0129629
-0.875171 0.0117435
-0.91358 0.00700172
-0.990398 1.69351e-05
-0.941015 0.00230505
-0.831276 0.00204915
-0.919067 9.22021e-05
-0.809328 1.69351e-05
-0.886145 0.000152416
-0.908093 1.69351e-05
-0.935528 0.000227683
-0.941015 0.000227683
-0.924554 0.00158249
-0.831276 0.000423377
-0.941015 0.000995407
-0.924554 0.00137174
-0.897119 0.00746837
-0.91358 0.0111565
-0.886145 0.0169821
-0.946502 0.0199627
-1.00137 0.0223562
-0.924554 0.0177047
-0.990398 0.0576263
-0.946502 0.0395622
-0.902606 0.0322914
-0.973937 0.0440482
-0.990398 0.0715507
-0.984911 0.0715507
-0.984911 0.0395622
-1.05624 0.0452073
-1.03978 0.0463814
-1.14952 0.0550221
-0.924554 0.019195
-0.96845 0.00415662
-1.05624 0.000227683
-1.03978 0.00117605
-0.990398 0.00286203
-1.01235 0.00180829
-0.836763 0.000679285
-0.930041 0.000829819
-0.864198 4.70419e-05
-0.902606 0.00204915
-0.908093 0.00415662
-0.886145 0.00347922
-0.946502 0.00746837
-0.979424 0.00844685
-1.02881 0.000227683
-1.00686 1.69351e-05
-0.973937 0.00611357
-0.930041 0.00451791
-0.84225 4.70419e-05
-0.957476 0.0129629
-0.984911 0.00257602
-0.930041 0.00204915
-0.96845 4.70419e-05
-0.891632 9.22021e-05
-0.897119 0.00117605
-0.847737 4.70419e-05
-0.902606 1.88168e-06
-0.84225 0.00117605
-0.891632 0.00347922
-0.91358 0.0215433
-1.01783 0.0266464
-1.10014 0.0169821
-0.979424 0.00948553
-0.957476 0.00489424
-0.91358 1.69351e-05
-0.951989 0.00230505
-1.00137 0.00895866
-1.01235 0.00528563
-1.04527 0.00746837
-0.908093 0.00117605
-1.08368 0.0031631
-0.995885 0.0031631
-1.05624 0.00137174
-1.05624 0.00117605
-0.924554 0.000318003
-0.957476 0.000423377
-0.946502 0.00347922
-1.14952 4.70419e-05
-1.12757 0.00204915
-1.10014 0.00844685
-1.09465 0.0123457
-0.995885 0.0215433
-1.03978 0.031313
-1.02881 0.0616456
-1.02332 0.0550221
-0.875171 0.0303496
-1.00686 0.0294012
-0.973937 0.0322914
-1.02881 0.0240271
-0.891632 0.0406611
-0.847737 0.0207455
-0.935528 0.0100275
-0.946502 0.0199627
-0.96845 0.031313
-0.902606 0.0100275
-0.979424 0.0231841
-1.02332 0.0395622
-1.11111 0.0475707
-0.990398 0.0524781
-0.984911 0.0184423
-0.919067 0.00700172
-0.930041 0.0117435
-1.00137 0.0135951
-0.946502 0.00117605
-1.0727 4.70419e-05
-1.04527 0.000995407
-1.11111 0.00528563
-1.08916 0.00117605
-1.00137 0.000829819
-1.01235 0.00286203
-1.06722 1.69351e-05
-1.12757 0.00381039
-1.09465 0.00117605
-0.962963 0.000423377
-0.990398 4.70419e-05
-1.02881 0.00137174
-1.02332 9.22021e-05
-0.984911 0.0129629
-1.00137 0.0199627
-1.00137 0.0374096
-0.951989 0.0322914
-0.869684 0.0353172
-0.891632 0.0395622
-0.919067 0.033285
-0.951989 0.0275496
-0.990398 0.0342936
-1.07819 0.0177047
-1.04527 0.00528563
-1.06173 0.00117605
-1.04527 0.000543804
-0.930041 0.000227683
-0.908093 0.000543804
-0.979424 0.00415662
-1.09465 0.00137174
-0.962963 0.00948553
-0.946502 0.00611357
-0.919067 0.0177047
-0.853224 0.0440482
-0.891632 0.033285
-0.908093 0.033285
-0.875171 0.0248852
-0.836763 0.0155822
-0.825789 0.00746837
-0.91358 0.0184423
-0.908093 0.0129629
-0.924554 0.0100275
-0.957476 0.0142424
-0.836763 0.0105844
-0.973937 0.000829819
-0.973937 0.000679285
-0.962963 0.000679285
-1.02332 0.000679285
-1.03429 0.00117605
-0.869684 0.00347922
-0.886145 0.00230505
-0.957476 0.00347922
-1.02332 0.0162746
-0.941015 0.0303496
-0.973937 0.0463814
-0.962963 0.0417751
-1.05624 0.0537426
-1.00686 0.0417751
-1.01783 0.0303496
-1.08916 0.0303496
-1.08368 0.0215433
-1.01235 0.0384784
-1.06173 0.0266464
-1.00686 0.0142424
-0.979424 0.0223562
-0.908093 0.0294012
-0.924554 0.0266464
-0.897119 0.0207455
-1.03978 0.0184423
-1.03978 0.0275496
-1.02881 0.0231841
-1.02881 0.0248852
-1.10014 0.0117435
-1.01783 0.0240271
-0.946502 0.0184423
-0.962963 0.0111565
-0.924554 0.00844685
-1.01235 0.00489424
-0.886145 0.00286203
-0.951989 0.000995407
-1.00686 0.00230505
-0.935528 0.00158249
-1.00137 0.00415662
-1.02881 0.00795008
-0.995885 0.00844685
-0.951989 0.0129629
-1.00686 0.0135951
-1.01235 0.0417751
-1.03429 0.0452073
-0.995885 0.0303496
-0.946502 0.0284679
-0.91358 0.000423377
-0.880658 1.69351e-05
-0.875171 1.88168e-06
-0.91358 0.000543804
-0.858711 0.000227683
-0.869684 0.000829819
-0.973937 0.000995407
-0.930041 0.00948553
-0.902606 0.000227683
-0.880658 0.00655012
-0.979424 0.00137174
-0.984911 0.00795008
-0.96845 0.0149048
-0.957476 0.000995407
-1.02881 9.22021e-05
-0.973937 0.000543804
-0.924554 0.00286203
-0.908093 0.00381039
-0.847737 0.00451791
-0.875171 0.0215433
-0.891632 0.000227683
-0.919067 0.000679285
-0.880658 1.69351e-05
-0.930041 0.00230505
-0.91358 1.69351e-05
-0.935528 0.000829819
-0.962963 1.88168e-06
-0.995885 0.00180829
-0.96845 0.00489424
-0.995885 0.00180829
-1.02332 0.00489424
-0.995885 0.00611357
-0.962963 0.000543804
-0.96845 0.000543804
-0.995885 0.000423377
-1.00686 4.70419e-05
-1.05075 0.00451791
-0.979424 0.00286203
-0.979424 0.0135951
-0.869684 0.00347922
-0.836763 0.000543804
-0.886145 9.22021e-05
-0.908093 9.22021e-05
-0.924554 0.00204915
-0.869684 0.000995407
-0.935528 0.000152416
-0.979424 0.000423377
-1.01783 0.00451791
-1.05624 0.00347922
-0.946502 0.00230505
-0.935528 0.0142424
-0.919067 0.000679285
-0.886145 0.00137174
-0.930041 0.000679285
-0.979424 4.70419e-05
-1.05075 9.22021e-05
-0.984911 9.22021e-05
-1.02881 0.000318003
-1.01783 0.00347922
-1.01783 0.00257602
-0.951989 0.000543804
-1.02881 1.88168e-06
-0.973937 0.00381039
-0.984911 0.00180829
-0.957476 0.00158249
-1.01783 0.00381039
-0.973937 0.00230505
-0.935528 0.00286203
-0.995885 0.00230505
-0.919067 0.0149048
-1.00137 0.00489424
-1.00686 0.00895866
-1.02881 0.0117435
-0.973937 0.00415662
-1.06173 1.88168e-06
-1.02881 0.000152416
-0.984911 0.00230505
-1.0727 0.00347922
-1.06173 0.000995407
-1.06173 0.00257602
-1.03978 0.00381039
-1.02881 1.88168e-06
-0.990398 0.000152416
-1.00137 0.000995407
-1.0727 0.0142424
-0.951989 0.0105844
-0.995885 0.00844685
-0.96845 0.0149048
-0.908093 0.0184423
-0.858711 0.00381039
-1.03429 9.22021e-05
-0.995885 0.0031631
-0.946502 4.70419e-05
-0.930041 4.70419e-05
-0.984911 0.00158249
-0.957476 0.00257602
-0.919067 0.0111565
-0.951989 0.00489424
-0.880658 0.0135951
-0.84225 0.0135951
-0.847737 0.0475707
-0.814815 0.0123457
-0.858711 0.00700172
-0.935528 0.0294012
-0.875171 0.0149048
-0.924554 0.0303496
-0.951989 0.0223562
-0.984911 0.0322914
-0.946502 0.0303496
-0.935528 0.0374096
-1.02332 0.0303496
-1.02881 0.0463814
-1.05624 0.0429041
-1.09465 0.0429041
-0.962963 0.0374096
-0.941015 0.0248852
-1.03429 0.0303496
-0.957476 0.0199627
-0.935528 0.0266464
-1.00137 0.0240271
-0.935528 0.00611357
-1.02332 0.0384784
-0.995885 0.0284679
-0.84225 0.0248852
-0.935528 0.0322914
-0.869684 0.00948553
-0.886145 0.0199627
-1.02881 0.0395622
-1.0727 0.0266464
-0.979424 0.0342936
-1.08916 0.0169821
-1.04527 0.019195
-1.00686 0.0117435
-0.957476 0.00844685
-1.00686 0.0031631
-0.96845 0.0248852
-0.941015 0.0162746
-0.96845 0.00611357
-0.957476 0.000829819
-0.962963 0.00611357
-0.930041 0.0135951
-0.935528 0.00844685
-0.935528 0.0374096
-0.91358 0.0853698
-1.0727 0.080628
-1.06722 0.0902471
-1.00686 0.0745163
-0.984911 0.0902471
-0.995885 0.10929
-0.930041 0.152839
-1.02332 0.16154
-1.09465 0.223967
-1.14952 0.231824
-1.12757 0.2137
-1.01783 0.144379
-0.891632 0.0837741
-0.995885 0.103916
-1.01235 0.0902471
-1.03978 0.0837741
-0.979424 0.0790775
-1.03978 0.0284679
-0.941015 0.0162746
-0.946502 0.0374096
-0.891632 0.0363559
-0.91358 0.00948553
-0.875171 0.00569207
-0.84225 0.0111565
-0.836763 0.0105844
-0.776406 0.000318003
-0.831276 0.000679285
-0.803841 0.00117605
-0.891632 0.00415662
-0.973937 0.0100275
-0.897119 0.0031631
-0.930041 0.00158249
-0.935528 0.00451791
-1.06722 0.0123457
-1.12757 0.0135951
-1.07819 0.0105844
-1.09465 0.00746837
-1.13855 0.00451791
-1.08368 4.70419e-05
-1.14952 1.88168e-06
-1.21536 0.000829819
-1.17147 0.00257602
-1.06173 1.88168e-06
-1.08368 0.000829819
-1.10014 0.000995407
-1.08368 0.00381039
-1.12757 0.00257602
-1.0727 0.00489424
-1.01783 0.000318003
-0.973937 0.000829819
-1.10562 0.00528563
-1.12757 0.00611357
-1.03978 0.0117435
-0.891632 0.00180829
-0.946502 0.00137174
-1.02881 0.0149048
-0.946502 0.00489424
-0.935528 0.00347922
-0.908093 0.000318003
-0.941015 0.0100275
-0.979424 0.00611357
-0.990398 0.0111565
-1.04527 0.00489424
-1.04527 0.00137174
-1.01235 0.00700172
-1.02332 0.00746837
-1.01235 0.0117435
-1.00686 0.00700172
-1.00686 0.0149048
-1.05075 0.0184423
-0.919067 0.0117435
-0.941015 0.00489424
-1.03978 0.00381039
-0.919067 9.22021e-05
-0.858711 0.000227683
-0.853224 9.22021e-05
-0.858711 0.000995407
-0.869684 0.00451791
-0.924554 0.00347922
-0.990398 0.00117605
-0.962963 0.00257602
-0.973937 1.69351e-05
-0.831276 9.22021e-05
-0.891632 0.000679285
-0.864198 0.000318003
-0.897119 0.00180829
-0.891632 0.00451791
-0.897119 0.00286203
-0.979424 0.00204915
-0.962963 0.00180829
-0.908093 0.00137174
-0.908093 0.000152416
-0.941015 0.000679285
-1.00137 0.000829819
-0.995885 0.00180829
-0.962963 0.00611357
-1.05624 1.88168e-06
-1.02881 0.000152416
-1.03978 0.0149048
-0.984911 0.0363559
-1.02332 0.0284679
-0.962963 0.0257583
-0.984911 0.00895866
-0.984911 0.0240271
-0.902606 0.0155822
-0.96845 0.00844685
-0.979424 0.00895866
-0.957476 0.000543804
-0.91358 0.00415662
-0.924554 0.00347922
-0.962963 0.0149048
-0.990398 0.0142424
-0.984911 0.0199627
-0.91358 0.0294012
-0.962963 0.0177047
-0.979424 0.0374096
-1.00137 0.0658003
-1.08368 0.140239
-1.04527 0.140239
-1.06722 0.100408
-1.05075 0.112948
-1.08916 0.103916
-1.04527 0.0821935
-0.973937 0.0686454
-1.10014 0.0512286
-1.10014 0.0644004
-1.02332 0.077542
-1.11111 0.0902471
-1.05624 0.0760216
-1.06173 0.0745163
-1.00686 0.0760216
-1.05624 0.0745163
-0.973937 0.0658003
-0.951989 0.0452073
-0.941015 0.0537426
-0.891632 0.0630155
-0.957476 0.0700906
-0.886145 0.0440482
-0.962963 0.0374096
-0.919067 0.033285
-0.924554 0.0155822
-0.957476 0.0248852
-0.924554 0.00844685
-0.941015 0.000423377
-0.864198 1.69351e-05
-0.869684 0.00230505
-0.84225 0.00415662
-0.880658 0.0111565
-0.946502 0.0231841
-0.930041 0.00611357
-0.973937 0.00257602
-0.924554 0.0117435
-0.908093 0.0417751
-0.935528 0.0257583
-0.919067 0.0177047
-1.04527 0.0135951
-0.91358 0.00746837
-0.930041 0.0162746
-0.973937 0.031313
-1.00137 0.0207455
-1.00686 0.0303496
-1.05075 0.0463814
-0.946502 0.0240271
-0.930041 0.00489424
-1.00686 0.0199627
-0.853224 0.0155822
-0.875171 0.0177047
-0.809328 0.0105844
-0.957476 0.00381039
-1.02332 0.0105844
-1.09465 0.0169821
-1.00686 0.00655012
-1.00686 0.0117435
-0.962963 0.019195
-0.930041 0.0602908
-0.96845 0.0550221
-0.995885 0.0395622
-0.908093 0.00948553
-0.836763 0.0215433
-0.990398 0.00795008
-0.990398 0.00451791
-1.01235 0.00655012
-1.06173 0.00655012
-1.03978 0.0231841
-1.04527 0.0207455
-1.00137 0.0284679
-1.08916 0.0223562
-1.07819 0.0129629
-1.05075 0.00895866
-1.03978 1.88168e-06
-1.01783 0.00204915
-1.12209 0.00415662
-1.03429 0.000829819
-1.03978 0.00451791
-0.96845 0.00655012
-0.825789 0.00137174
-0.990398 0.000543804
-0.962963 0.000318003
-0.869684 0.00746837
-0.875171 0.000152416
-0.962963 0.00158249
-0.973937 0.00204915
-0.919067 0.000995407
-0.924554 1.88168e-06
-1.02881 0.00158249
-0.941015 0.000318003
-1.05624 0.00117605
-1.00137 0.00895866
-0.96845 0.00895866
-1.06173 0.00611357
-1.03978 0.00180829
-0.962963 1.69351e-05
-0.957476 9.22021e-05
-0.946502 0.00230505
-1.00686 0.00117605
-1.01235 1.69351e-05
-0.96845 0.00204915
-0.919067 4.70419e-05
-0.891632 4.70419e-05
-0.962963 0.00158249
-1.13306 0.00158249
-1.13855 0.0162746
-1.03978 0.0257583
-1.10562 0.0576263
-1.06722 0.031313
-0.897119 0.0100275
-0.957476 0.0184423
-0.891632 0.031313
-0.935528 0.0429041
-1.05075 0.0257583
-0.96845 0.033285
-0.973937 0.0303496
-0.902606 0.033285
-0.995885 0.0353172
-0.984911 0.0284679
-0.902606 0.0266464
-1.01783 0.0248852
-1.0727 0.0284679
-1.02332 0.0440482
-1.03978 0.0231841
-1.12209 0.0452073
-1.17147 0.077542
-1.12757 0.0550221
-0.951989 0.0303496
-0.984911 0.0440482
-0.946502 0.0602908
-0.891632 0.0790775
-0.962963 0.073026
-0.941015 0.0602908
-0.995885 0.0374096
-1.01783 0.0223562
-1.09465 0.0149048
-1.12757 0.00746837
-1.13855 0.000152416
-1.06722 0.000679285
-0.995885 1.69351e-05
-1.02881 0.00204915
-0.902606 1.69351e-05
-1.03978 0.00611357
-1.05624 0.00655012
-1.07819 0.00158249
-1.12209 0.00204915
-1.05075 0.00895866
-0.995885 0.00257602
-0.979424 0.00381039
-0.935528 0.00230505
-0.962963 0.00569207
-0.995885 0.00700172
-1.00137 0.0031631
-0.984911 0.0135951
-0.962963 0.0266464
-0.979424 0.0100275
-1.03429 0.00948553
-1.08916 0.00795008
-1.05624 0.0177047
-1.10014 0.0117435
-1.05624 0.00180829
-0.990398 0.00451791
-0.990398 0.00948553
-0.924554 0.0100275
-0.930041 0.0111565
-1.05075 0.0240271
-1.00686 0.0363559
-1.0727 0.0353172
-1.14952 0.0487749
-1.07819 0.0499943
-0.979424 0.0487749
-1.01783 0.0537426
-1.01783 0.0266464
-1.07819 0.0142424
-1.05075 0.0199627
-0.995885 0.0149048
-1.08368 0.0257583
-1.08916 0.0184423
-1.08368 0.019195
-1.05075 0.0199627
-1.00686 0.0353172
-1.12757 0.0563167
-1.08368 0.0231841
-1.16598 0.0303496
-1.18793 0.0475707
-1.17147 0.0342936
-1.06722 0.0353172
-1.1166 0.0284679
-1.02881 0.0207455
-0.995885 0.0406611
-1.05624 0.0384784
-1.15501 0.0512286
-1.03978 0.0616456
-1.20439 0.077542
-1.12209 0.0576263
-1.15501 0.114799
-1.16598 0.100408
-1.06173 0.077542
-1.04527 0.102154
-1.00686 0.0869805
-0.96845 0.112948
-1.08368 0.0853698
-1.06722 0.0869805
-1.14403 0.0686454
-1.1166 0.0821935
-1.09465 0.130154
-1.13855 0.148579
-1.21536 0.181998
-1.25926 0.256211
-1.30864 0.299565
-1.14952 0.247947
-1.12209 0.264611
-1.19342 0.256211
-1.05624 0.22919
-0.979424 0.150702
-1.13855 0.150702
-1.06173 0.163753
-1.0727 0.191481
-1.05624 0.196313
-1.0727 0.239818
-1.14952 0.245222
-1.17695 0.216244
-1.16049 0.206158
-1.06722 0.189088
-1.13855 0.2137
-1.17695 0.218803
-1.12209 0.218803
-1.16049 0.208657
-1.14952 0.218803
-0.984911 0.138192
-1.04527 0.116666
-1.05075 0.0902471
-0.979424 0.16154
-1.08368 0.163753
-1.02881 0.165981
-1.06722 0.223967
-1.05075 0.2137
-1.15501 0.237138
-1.06722 0.201206
-1.06173 0.175043
-1.12757 0.231824
-1.1166 0.270286
-0.979424 0.211171
-0.935528 0.206158
-0.91358 0.0853698
-0.930041 0.124283
-0.962963 0.126225
-0.984911 0.0952599
-0.957476 0.091903
-0.995885 0.118547
-0.902606 0.122356
-0.984911 0.126225
-0.96845 0.163753
-1.0727 0.098677
-1.02881 0.100408
-1.05624 0.0576263
-1.05624 0.0644004
-1.10014 0.058951
-0.984911 0.0303496
-1.00686 0.0512286
-0.957476 0.0294012
-1.00137 0.0303496
-1.02332 0.0169821
-0.91358 0.0100275
-0.91358 0.00948553
-0.84225 0.0184423
-0.858711 0.0429041
-1.03429 0.0487749
-1.00686 0.0429041
-1.05075 0.0537426
-0.990398 0.0248852
-1.01235 0.0162746
-0.984911 0.0215433
-1.03429 0.0266464
-1.00137 0.0363559
-0.880658 0.0135951
-0.902606 0.00895866
-0.919067 0.0169821
-0.880658 0.00844685
-0.902606 0.00257602
-0.984911 0.00286203
-0.984911 0.0135951
-0.984911 0.00611357
-0.990398 0.00137174
-1.10562 1.88168e-06
-1.05075 0.00117605
-1.07819 1.69351e-05
-1.11111 0.00257602
-1.09465 0.00415662
-1.07819 0.00795008
-0.930041 0.0142424
-0.897119 0.0215433
-0.995885 0.0395622
-1.01235 0.0294012
-0.946502 0.0395622
-0.984911 0.0322914
-0.995885 0.019195
-0.930041 0.00451791
-0.886145 0.000679285
-0.979424 0.0100275
-1.02332 0.0123457
-0.984911 0.033285
-0.946502 0.0322914
-0.96845 0.0275496
-0.957476 0.031313
-0.935528 0.0231841
-0.930041 0.0406611
-0.984911 0.0275496
-0.902606 0.0199627
-0.995885 0.00895866
-1.04527 0.0117435
-1.07819 0.0199627
-1.01783 0.00948553
-0.973937 0.0199627
-1.01235 0.0169821
-1.08916 0.0184423
-1.1989 0.0487749
-1.08368 0.0248852
-1.05075 0.0284679
-1.06722 0.0487749
-1.02332 0.0463814
-0.919067 0.0524781
-1.12757 0.0969609
-1.05624 0.107483
-1.07819 0.152839
-1.0727 0.142302
-1.14403 0.128182
-1.16049 0.154992
-1.06722 0.118547
-0.946502 0.120444
-1.06173 0.142302
-1.20439 0.157159
-1.16049 0.19389
-1.16049 0.203675
-1.12757 0.218803
-1.1989 0.317855
-1.16598 0.270286
-1.20439 0.299565
-1.19342 0.261796
-1.02332 0.218803
-1.02332 0.179664
-1.06173 0.168224
-1.01235 0.10929
-0.973937 0.114799
-0.946502 0.080628
-1.03429 0.102154
-1.08916 0.0499943
-1.05624 0.0406611
-0.973937 0.0322914
-0.951989 0.0248852
-0.946502 0.00137174
-0.962963 0.00204915
-0.990398 0.000829819
-1.03429 0.000152416
-0.941015 0.000227683
-1.01783 0.00347922
-1.11111 4.70419e-05
-0.957476 0.000679285
-0.930041 0.0031631
-0.864198 0.000829819
-0.935528 9.22021e-05
-1.00686 0.000227683
-0.935528 0.000543804
-0.995885 0.000829819
-1.01783 0.00204915
-1.00137 0.00528563
-0.908093 0.0149048
-0.919067 0.0240271
-1.00686 0.00655012
-1.03978 0.00700172
-1.03978 0.0117435
-0.990398 0.00137174
-1.06722 0.00895866
-1.1166 0.0105844
-1.17147 0.0257583
-1.08916 0.0240271
-1.04527 0.0111565
-1.08368 0.0155822
-1.10014 0.00895866
-1.06722 0.0135951
-0.995885 0.0275496
-0.995885 0.033285
-0.979424 0.0363559
-0.91358 0.0155822
-0.951989 0.0105844
-0.930041 0.00895866
-0.951989 0.00795008
-1.03978 0.00700172
-1.09465 0.0240271
-0.990398 0.0342936
-1.02881 0.0303496
-1.02881 0.0207455
-1.03978 0.0215433
-1.05624 0.0117435
-0.979424 0.00257602
-0.951989 4.70419e-05
-1.00686 0.000543804
-1.00137 0.00700172
-0.957476 0.0275496
-0.924554 0.0111565
-0.924554 0.0266464
-0.908093 0.0142424
-0.962963 0.00528563
-1.00137 0.0135951
-0.946502 0.000829819
-0.995885 0.000227683
-1.06722 0.000152416
-1.08916 0.000543804
-1.09465 0.000227683
-1.1166 9.22021e-05
-1.19342 0.00489424
-1.17695 0.00489424
-1.12209 0.00204915
-1.16049 0.000679285
-1.08916 0.00569207
-1.08916 0.00895866
-1.11111 0.0162746
-1.02881 0.0353172
-1.00686 0.019195
-1.06173 0.0322914
-0.946502 0.0395622
-0.957476 0.0342936
-1.00137 0.0353172
-0.941015 0.0303496
-0.897119 0.033285
-0.930041 0.0105844
-1.02332 0.00137174
-0.984911 0.000152416
-0.869684 0.000995407
-0.84225 0.000679285
-0.897119 0.00117605
-0.814815 4.70419e-05
-0.836763 0.00415662
-0.847737 0.00415662
-0.973937 0.000318003
-0.930041 0.00180829
-0.979424 1.69351e-05
-1.10014 0.00180829
-1.08368 1.88168e-06
-0.995885 0.00257602
-0.946502 0.000829819
-1.01235 0.000995407
-1.05624 0.000423377
-1.02881 0.000318003
-1.06722 0.0031631
-1.08916 0.00451791
-1.06722 0.000829819
-0.946502 0.000995407
-0.930041 0.00655012
-0.935528 0.0177047
-1.00137 0.00844685
-0.973937 1.69351e-05
-0.995885 4.70419e-05
-0.941015 0.00415662
-0.973937 0.0031631
-0.930041 9.22021e-05
-0.919067 1.69351e-05
-0.946502 0.00137174
-1.00137 0.00700172
-0.935528 0.00230505
-0.919067 1.69351e-05
-0.930041 0.000152416
-0.803841 0.00257602
-0.864198 0.0231841
-0.781893 0.0363559
-1.01783 0.0395622
-1.09465 0.0853698
-0.979424 0.0790775
-0.897119 0.0760216
-0.984911 0.0902471
-0.979424 0.0512286
-0.880658 0.0142424
-1.01783 0.0353172
-1.11111 0.073026
-1.05624 0.10929
-1.02881 0.107483
-1.05075 0.0935739
-1.07819 0.0869805
-1.08368 0.0644004
-1.05075 0.0745163
-1.02881 0.0700906
-1.03978 0.073026
-1.03978 0.103916
-1.01783 0.0837741
-1.10562 0.0563167
-0.957476 0.0576263
-0.962963 0.077542
-0.935528 0.0700906
-0.858711 0.0463814
-0.924554 0.0284679
-1.05075 0.0440482
-1.10562 0.0576263
-1.07819 0.0700906
-1.05624 0.033285
-0.984911 0.0303496
-1.03978 0.0452073
-1.03429 0.0342936
-0.941015 0.0644004
-1.02332 0.0363559
-1.00686 0.031313
-0.973937 0.0374096
-1.00137 0.0142424
-0.935528 0.0149048
-0.776406 0.0100275
-0.891632 0.00746837
-0.880658 0.00117605
-0.831276 0.00844685
-0.78738 0.00655012
-0.847737 0.00611357
-0.880658 0.00451791
-0.962963 0.00230505
-0.935528 0.000423377
-0.91358 9.22021e-05
-0.891632 1.88168e-06
-0.930041 0.00257602
-0.946502 0.00204915
-0.973937 0.00158249
-0.941015 0.00948553
-0.858711 0.00569207
-0.825789 0.000152416
-0.864198 1.88168e-06
-0.875171 0.000423377
-0.935528 0.00137174
-0.962963 0.00204915
-1.00137 0.0105844
-0.864198 0.000152416
-0.962963 0.00569207
-1.04527 0.00895866
-1.00137 0.00700172
-0.941015 0.00286203
-0.886145 0.00158249
-0.973937 0.000995407
-0.946502 4.70419e-05
-1.00137 0.00158249
-0.941015 0.000679285
-0.962963 0.00700172
-0.995885 0.00158249
-0.897119 1.88168e-06
-0.930041 0.000318003
-0.875171 0.000829819
-0.946502 0.00117605
-0.984911 0.00204915
-0.941015 0.00655012
-0.951989 0.00117605
-0.995885 0.00180829
-1.01783 0.00569207
-1.0727 0.00746837
-1.03429 0.00230505
-1.00686 0.00569207
-0.935528 0.0184423
-0.995885 0.00700172
-1.03429 9.22021e-05
-0.990398 0.00415662
-0.973937 0.000227683
-1.06722 1.88168e-06
-1.10014 1.88168e-06
-1.10014 0.00700172
-0.973937 0.00528563
-0.984911 0.00528563
-1.00137 0.000423377
-0.957476 0.000829819
-0.951989 0.0117435
-0.946502 0.0149048
-0.897119 9.22021e-05
-1.01783 0.000152416
-0.941015 0.00347922
-1.01235 0.000152416
-0.962963 9.22021e-05
-0.990398 0.00230505
-1.1166 0.000227683
-1.06173 0.000227683
-1.05624 0.00257602
-0.935528 0.000829819
-1.00686 0.000318003
-1.06173 0.000152416
-1.1166 0.00347922
-1.05075 0.000543804
-0.880658 0.000318003
-0.891632 0.00117605
-0.84225 0.00655012
-0.765432 0.0117435
-0.941015 0.0105844
-0.995885 0.00895866
-0.930041 0.0155822
-0.930041 0.000995407
-0.979424 1.69351e-05
-0.869684 0.00381039
-0.891632 0.00381039
-0.776406 0.0169821
-0.864198 0.0162746
-1.01235 0.0149048
-1.04527 0.0123457
-1.17695 0.0294012
-1.10014 0.033285
-1.10014 0.0406611
-1.12757 0.077542
-1.06722 0.0700906
-1.03978 0.0745163
-0.973937 0.0322914
-1.03429 0.0117435
-0.990398 0.0105844
-1.11111 0.0129629
-1.01783 0.0149048
-0.984911 0.0135951
-1.00137 0.0142424
-0.919067 0.0100275
-0.858711 0.0353172
-0.847737 0.0199627
-0.935528 0.0129629
-0.891632 0.031313
-0.995885 0.033285
-1.02332 0.0658003
-1.13855 0.112948
-1.16049 0.0745163
-1.14403 0.0658003
-1.09465 0.0463814
-0.984911 0.0524781
-1.03978 0.0384784
-0.962963 0.0155822
-0.902606 0.0142424
-0.919067 0.0284679
-0.995885 0.0129629
-0.941015 0.0123457
-0.941015 0.0149048
-0.897119 0.0231841
-0.84225 0.0169821
-0.96845 0.0576263
-0.886145 0.0207455
-0.825789 0.0353172
-0.919067 0.0207455
-1.01235 0.0142424
-0.935528 0.0303496
-0.941015 0.0374096
-1.02881 0.0537426
-0.984911 0.0452073
-0.96845 0.0417751
-1.03429 0.0700906
-1.00686 0.0790775
-0.941015 0.058951
-0.990398 0.10929
-1.01783 0.0853698
-1.09465 0.0886063
-0.990398 0.122356
-1.06173 0.13616
-1.12757 0.100408
-1.02332 0.124283
-1.12209 0.13616
-1.16598 0.114799
-1.20439 0.152839
-1.12757 0.168224
-1.10014 0.186709
-1.1166 0.208657
-1.13855 0.247947
-1.06722 0.237138
-1.16049 0.253441
-1.08916 0.290623
-1.11111 0.293589
-1.01783 0.290623
-1.07819 0.311698
-1.03429 0.273146
-1.11111 0.33351
-1.13306 0.379348
-1.14952 0.250686
-1.12757 0.256211
-1.12209 0.237138
-1.08368 0.270286
-1.1166 0.317855
-1.14952 0.33351
-1.01235 0.256211
-0.902606 0.198752
-1.01235 0.234474
-1.16049 0.327203
-1.14952 0.389554
-1.20439 0.399896
-1.3251 0.446275
-1.25926 0.435347
-1.27023 0.410373
-1.15501 0.314769
-1.17147 0.290623
-1.10562 0.284737
-1.08916 0.281817
-1.06173 0.211171
-1.13855 0.203675
-1.17147 0.299565
-1.21536 0.239818
-1.22085 0.201206
-1.17147 0.165981
-1.08916 0.107483
-1.14952 0.118547
-1.14403 0.0700906
-1.05624 0.0284679
-1.07819 0.000423377
-1.03978 0.00137174
-1.02881 1.69351e-05
-0.946502 0.00230505
-1.06173 0.00415662
-0.962963 0.00257602
-0.979424 0.00204915
-0.941015 0.00569207
-0.880658 0.00204915
-0.825789 0.00844685
-0.869684 0.00528563
-1.03429 0.0177047
-1.04527 0.033285
-1.03978 0.0266464
-1.00686 0.0363559
-0.973937 0.0248852
-0.995885 0.0257583
-1.10014 0.0384784
-1.16049 0.0429041
-1.02881 0.0322914
-1.03978 0.0440482
-1.03978 0.0576263
-1.05624 0.0644004
-1.04527 0.0837741
-1.10562 0.0969609
-1.01235 0.0644004
-1.01783 0.0630155
-1.02332 0.0512286
-0.908093 0.0630155
-0.930041 0.0524781
-0.886145 0.0155822
-0.798354 0.00257602
-0.836763 0.00158249
-0.919067 0.00117605
-0.803841 0.0111565
-0.858711 0.0184423
-0.886145 0.0294012
-0.864198 0.0284679
-0.825789 0.031313
-0.957476 0.0100275
-0.962963 0.00895866
-0.869684 0.0135951
-0.897119 0.0215433
-0.995885 0.00948553
-0.957476 0.0100275
-0.91358 0.00415662
-0.902606 0.00611357
-0.930041 0.000227683
-0.924554 0.00286203
-0.962963 0.00569207
-1.06173 0.00381039
-1.01235 0.00347922
-1.04527 0.00948553
-1.01235 0.00415662
-1.00686 0.0100275
-0.924554 0.0111565
-0.924554 0.0117435
-1.05075 0.0215433
-1.08368 0.0215433
-1.05075 0.0215433
-1.01783 0.0207455
-1.06722 0.0162746
-1.0727 0.0155822
-1.10014 0.0169821
-1.14952 0.0111565
-1.11111 0.00844685
-1.03978 0.00844685
-0.951989 0.0207455
-0.957476 0.00746837
-0.973937 0.000318003
-1.03429 1.69351e-05
-0.941015 0.00204915
-0.869684 0.000679285
-0.847737 0.00257602
-0.930041 1.88168e-06
-0.990398 1.88168e-06
-1.08916 1.69351e-05
-1.04527 0.000543804
-1.07819 0.00257602
-0.973937 0.00746837
-0.973937 0.00257602
-0.935528 0.00700172
-0.831276 0.00257602
-0.880658 0.00489424
-0.984911 0.000829819
-0.924554 0.00204915
-0.91358 0.00451791
-0.930041 0.0199627
-0.875171 0.0135951
-0.979424 0.00844685
-1.04527 0.0135951
-1.03429 0.0231841
-0.902606 0.00700172
-0.924554 0.0162746
-0.962963 0.0395622
-1.02881 0.0487749
-1.05075 0.0184423
-1.0727 0.00489424
-1.18244 0.00286203
-1.16598 4.70419e-05
-1.19342 0.00381039
-1.22085 0.00286203
-1.18244 0.0169821
-1.05624 0.0275496
-1.00137 0.0142424
-0.973937 0.0100275
-0.946502 0.00489424
-0.880658 0.00451791
-0.935528 0.00569207
-0.973937 0.000227683
-0.897119 0.00347922
-0.864198 0.00415662
-0.875171 0.00117605
-0.962963 0.00415662
-1.01235 0.0223562
-0.990398 0.0342936
-0.962963 0.0303496
-1.00686 0.0363559
-1.02332 0.0475707
-1.04527 0.0429041
-1.00686 0.0177047
-1.03978 0.0169821
-0.869684 0.00700172
-0.962963 0.00117605
-0.924554 1.69351e-05
-0.924554 0.000227683
-0.897119 4.70419e-05
-0.935528 0.000227683
-0.930041 0.00117605
-0.946502 0.00158249
-0.962963 0.0031631
-1.01783 0.000423377
-1.00686 0.00230505
-1.01235 0.00489424
-0.96845 0.00286203
-0.973937 4.70419e-05
-0.957476 9.22021e-05
-1.02881 0.000423377
-0.979424 0.00569207
-1.09465 0.0169821
-0.930041 0.019195
-1.00137 0.0294012
-1.05075 0.0487749
-0.941015 0.0512286
-0.96845 0.0821935
-0.96845 0.0395622
-0.946502 0.0240271
-1.05075 0.0294012
-1.16598 0.0537426
-1.11111 0.0969609
-1.09465 0.112948
-1.10562 0.10929
-1.12209 0.0935739
-1.0727 0.0686454
-1.06722 0.0853698
-1.06173 0.0658003
-1.17695 0.0935739
-1.18793 0.111111
-1.15501 0.0715507
-1.14403 0.0715507
-1.01235 0.0886063
-1.00137 0.073026
-1.1989 0.0487749
-1.16049 0.0231841
-1.12757 0.0155822
-1.13306 0.0257583
-1.13306 0.0199627
-1.20988 0.0537426
-1.14403 0.0248852
-1.07819 0.00895866
-1.02881 0.00569207
-1.04527 0.00451791
-0.984911 0.00844685
-1.00686 0.0284679
-0.973937 0.0142424
-0.96845 0.00844685
-1.05075 0.0215433
-1.00137 0.0406611
-1.00137 0.0602908
-1.13306 0.0417751
-1.04527 0.0417751
-1.08916 0.0550221
-1.19342 0.077542
-1.08368 0.0672154
-1.05075 0.0935739
-0.984911 0.0869805
-0.990398 0.13616
-0.957476 0.114799
-1.02881 0.0886063
-1.05624 0.0969609
-1.01783 0.0902471
-1.04527 0.0837741
-1.04527 0.10929
-1.06173 0.114799
-1.08368 0.111111
-1.00137 0.114799
-0.973937 0.0790775
-0.984911 0.102154
-1.01235 0.103916
-1.01783 0.103916
-1.01235 0.0524781
-0.973937 0.0524781
-0.930041 0.0475707
-1.0727 0.0686454
-1.00686 0.058951
-1.01783 0.0602908
-1.03429 0.112948
-1.04527 0.170482
-0.995885 0.146472
-1.12209 0.163753
-1.16049 0.201206
-1.06722 0.196313
-1.14403 0.170482
-1.08368 0.154992
-1.16598 0.146472
-1.0727 0.124283
-1.05075 0.098677
-1.03978 0.111111
-1.02332 0.112948
-1.0727 0.134143
-1.06722 0.0952599
-1.06173 0.112948
-0.957476 0.098677
-0.946502 0.0760216
-0.995885 0.098677
-1.03978 0.10929
-1.1166 0.196313
-1.08916 0.206158
-1.06722 0.191481
-1.1166 0.218803
-1.04527 0.211171
-1.03429 0.206158
-0.990398 0.201206
-1.01235 0.218803
-1.1166 0.276021
-1.12209 0.278911
-1.08916 0.237138
-1.09465 0.22919
-1.04527 0.2137
-1.10562 0.206158
-1.15501 0.19389
-0.973937 0.2137
-0.990398 0.253441
-1.04527 0.218803
-0.984911 0.216244
-1.08368 0.261796
-1.04527 0.256211
-0.96845 0.234474
-1.00137 0.216244
-1.07819 0.22919
-0.979424 0.159342
-1.04527 0.128182
-0.984911 0.168224
-1.06173 0.148579
-0.995885 0.132141
-0.962963 0.0902471
-1.01783 0.124283
-1.00686 0.111111
-1.01783 0.10929
-0.990398 0.120444
-1.03978 0.0715507
-1.00137 0.0869805
-1.09465 0.0821935
-1.1166 0.100408
-1.06173 0.091903
-1.09465 0.098677
-1.05624 0.0969609
-1.14403 0.0715507
-1.12209 0.0353172
-1.18244 0.0475707
-1.18244 0.0452073
-1.17695 0.033285
-1.09465 0.0342936
-1.06722 0.0248852
-1.02332 0.0257583
-0.990398 0.0240271
-1.08916 0.0284679
-1.01235 0.0406611
-1.14952 0.0406611
-1.11111 0.0294012
-1.10562 0.0162746
-1.10014 0.00655012
-1.15501 0.0031631
-1.22085 0.0117435
-1.15501 0.00347922
-1.04527 0.000679285
-1.09465 0.000152416
-1.20988 0.000679285
-1.13306 0.000423377
-1.01235 0.00117605
-0.946502 0.000152416
-0.973937 0.00257602
-1.0727 0.0117435
-1.1166 0.00451791
-1.05624 0.00489424
-1.04527 0.00451791
-1.00686 0.00117605
-0.962963 0.000543804
-1.03978 0.000543804
-0.957476 0.000995407
-0.869684 0.00415662
-1.02332 0.00489424
-0.979424 0.00347922
-0.957476 0.000152416
-0.902606 4.70419e-05
-1.00686 0.000423377
-0.979424 0.000227683
-1.00137 0.00451791
-1.04527 0.00611357
-0.962963 0.0105844
-0.919067 0.0142424
-1.03978 0.00286203
-0.924554 0.00180829
-0.897119 0.00180829
-0.957476 0.00158249
-0.935528 0.00655012
-0.973937 1.69351e-05
-0.935528 0.00137174
-0.864198 0.0248852
-0.897119 0.0342936
-1.01783 0.0499943
-1.06173 0.111111
-1.01783 0.111111
-0.875171 0.073026
-0.908093 0.077542
-0.891632 0.0886063
-0.979424 0.150702
-1.05075 0.163753
-1.08916 0.189088
-1.05075 0.138192
-1.00686 0.102154
-0.930041 0.0672154
-0.973937 0.0550221
-0.990398 0.0199627
-0.897119 0.0149048
-0.995885 0.00347922
-1.00137 0.00700172
-0.935528 0.00204915
-0.995885 0.000679285
-1.11111 0.00204915
-1.08916 0.00204915
-1.06722 0.00286203
-1.05624 0.00286203
-0.951989 0.00381039
-0.891632 0.00286203
-0.875171 0.00746837
-0.891632 0.0142424
-1.02881 0.0240271
-0.984911 0.00257602
-1.04527 0.00257602
-0.924554 0.00137174
-0.935528 0.000318003
-0.957476 0.000423377
-0.891632 0.00415662
-0.941015 0.00415662
-0.951989 0.000679285
-0.951989 0.000423377
-0.924554 0.0231841
-0.880658 0.0184423
-1.06722 0.0353172
-1.08916 0.0257583
-1.05075 0.0142424
-1.10014 0.0322914
-1.15501 0.0342936
-1.06173 0.0499943
-1.05624 0.0700906
-1.05624 0.080628
-1.00686 0.0700906
-1.02881 0.0902471
-1.10014 0.0322914
-1.10014 0.0155822
-1.00686 0.0240271
-1.02881 0.0406611
-0.946502 0.0275496
-0.990398 0.0322914
-1.05075 0.0452073
-0.984911 0.0440482
-0.973937 0.0440482
-1.03978 0.0223562
-0.984911 0.0223562
-1.00137 0.0537426
-1.03978 0.0602908
-1.00137 0.0429041
-1.01783 0.0248852
-1.13306 0.0257583
-1.07819 0.0294012
-1.04527 0.0284679
-1.03429 0.0257583
-1.12757 0.0123457
-1.07819 0.00158249
-0.979424 9.22021e-05
-0.941015 1.88168e-06
-0.990398 0.00655012
-1.02881 0.000679285
-1.03429 0.000318003
-1.06173 0.00415662
-1.06173 0.00415662
-1.12209 0.00158249
-1.06722 4.70419e-05
-1.03978 9.22021e-05
-1.00137 1.88168e-06
-1.08916 0.00117605
-1.02332 0.0031631
-1.06722 0.0031631
-1.18793 0.0223562
-1.11111 0.0142424
-1.08916 0.00746837
-1.12757 0.00700172
-1.09465 1.69351e-05
-1.17147 9.22021e-05
-1.19342 0.00158249
-1.0727 0.00137174
-1.1166 0.0031631
-1.01235 0.000995407
-1.01783 0.000543804
-1.02332 0.000152416
-1.02881 0.00451791
-1.10562 0.0100275
-1.03978 0.0100275
-0.990398 0.0207455
-1.05075 0.019195
-0.984911 0.00489424
-1.01235 0.00746837
-1.03429 0.0395622
-1.04527 0.0231841
-1.02881 0.00655012
-0.91358 0.00204915
-0.946502 0.0135951
-0.990398 0.00257602
-0.935528 0.00569207
-0.919067 0.0123457
-1.00686 0.00451791
-1.01235 0.00158249
-0.96845 0.00204915
-0.979424 0.00257602
-0.973937 0.000152416
-1.00137 0.00117605
-0.973937 0.00569207
-1.00137 0.0031631
-0.990398 0.000227683
-0.957476 1.88168e-06
-1.00686 0.00381039
-0.858711 0.00948553
-0.792867 0.00137174
-0.847737 0.00137174
-0.886145 0.00746837
-0.919067 0.0223562
-0.924554 0.0429041
-0.935528 0.0353172
-0.930041 0.0207455
-0.941015 0.00415662
-0.979424 0.000423377
-0.902606 0.000318003
-0.924554 0.00230505
-1.02881 0.00257602
-1.02881 0.00180829
-0.924554 0.000423377
-0.908093 0.00795008
-0.990398 0.000543804
-0.886145 0.000318003
-0.891632 0.0105844
-0.96845 0.00230505
-1.09465 0.000318003
-1.08916 0.00137174
-1.05624 1.69351e-05
-1.06173 0.000152416
-0.990398 0.000318003
-1.05624 1.69351e-05
-0.96845 0.00230505
-1.01235 0.000995407
-0.957476 0.00204915
-1.00686 0.00700172
-0.935528 0.000829819
-0.930041 0.000829819
-0.897119 0.0155822
-1.02881 0.00746837
-0.990398 0.0169821
