-2 1
-1.78601 0.847208
-1.5775 0.711697
-1.55007 0.688741
-1.51715 0.684194
-1.55556 0.725652
-1.52263 0.648367
-1.37449 0.587988
-1.33608 0.52657
-1.28669 0.491345
-1.29218 0.464791
-1.30316 0.468539
-1.29767 0.438974
-1.30864 0.424553
-1.369 0.438974
-1.30864 0.399896
-1.3251 0.417433
-1.31413 0.396433
-1.36351 0.438974
-1.38546 0.413895
-1.43484 0.487507
-1.39643 0.567139
-1.27572 0.50685
-1.39095 0.530559
-1.34705 0.487507
-1.33608 0.479875
-1.31962 0.52657
-1.38546 0.571279
-1.40741 0.567139
-1.40192 0.571279
-1.31413 0.534564
-1.35802 0.534564
-1.37449 0.472303
-1.36351 0.499068
-1.44582 0.514693
-1.40741 0.453636
-1.34705 0.420986
-1.2428 0.314769
-1.34705 0.382735
-1.31413 0.343084
-1.34156 0.35606
-1.43484 0.442617
-1.3251 0.372619
-1.29767 0.410373
-1.27572 0.375976
-1.29767 0.36595
-1.30864 0.308642
-1.24829 0.302575
-1.23182 0.305601
-1.29218 0.317855
-1.26475 0.302575
-1.23731 0.284737
-1.2428 0.296569
-1.24829 0.35606
-1.33059 0.359342
-1.35802 0.35606
-1.51166 0.417433
-1.50069 0.45734
-1.39643 0.403373
-1.30864 0.343084
-1.22634 0.273146
-1.25926 0.264611
-1.23731 0.258996
-1.2428 0.284737
-1.25926 0.362639
-1.16049 0.278911
-1.18793 0.296569
-1.17147 0.281817
-1.18244 0.311698
-1.14403 0.320956
-1.29218 0.417433
-1.37449 0.428136
-1.35254 0.389554
-1.29218 0.382735
-1.33608 0.472303
-1.31413 0.435347
-1.37997 0.518637
-1.39095 0.583788
-1.369 0.522596
-1.42936 0.630815
-1.40192 0.579603
-1.35254 0.542617
-1.24829 0.487507
-1.20439 0.453636
-1.41838 0.579603
-1.27572 0.472303
-1.31962 0.435347
-1.30316 0.339878
-1.29218 0.33351
-1.26475 0.317855
-1.24829 0.290623
-1.22634 0.305601
-1.23182 0.287673
-1.17147 0.290623
-1.15501 0.234474
-1.17147 0.250686
-1.12209 0.203675
-1.08916 0.191481
-1.10562 0.216244
-1.09465 0.19389
-1.03978 0.163753
-1.08916 0.223967
-1.20439 0.261796
-1.17695 0.287673
-1.10014 0.264611
-1.10014 0.305601
-1.17147 0.324072
-1.29767 0.392986
-1.29218 0.375976
-1.25926 0.290623
-1.22085 0.264611
-1.15501 0.258996
-1.09465 0.247947
-1.02881 0.221377
-1.12209 0.256211
-1.06173 0.234474
-1.16598 0.296569
-1.1989 0.290623
-1.23182 0.198752
-1.18244 0.216244
-1.16598 0.293589
-1.13306 0.258996
-1.21536 0.346306
-1.33608 0.410373
-1.25377 0.442617
-1.29767 0.428136
-1.29218 0.428136
-1.36351 0.483683
-1.13855 0.352794
-1.29218 0.372619
-1.27023 0.386137
-1.3251 0.413895
-1.23731 0.396433
-1.36351 0.472303
-1.39643 0.45734
-1.30864 0.435347
-1.29767 0.379348
-1.29218 0.299565
-1.28121 0.237138
-1.22085 0.221377
-1.21536 0.211171
-1.27023 0.206158
-1.31413 0.223967
-1.19342 0.196313
-1.20439 0.203675
-1.25377 0.221377
-1.33608 0.302575
-1.31413 0.287673
-1.28121 0.317855
-1.20439 0.245222
-1.22634 0.203675
-1.16049 0.168224
-1.18244 0.175043
-1.13855 0.2137
-1.15501 0.22919
-1.1989 0.223967
-1.13306 0.237138
-1.15501 0.208657
-1.20988 0.247947
-1.19342 0.208657
-1.17147 0.179664
-1.21536 0.189088
-1.23182 0.221377
-1.1989 0.242512
-1.16598 0.186709
-1.14952 0.19389
-1.0727 0.189088
-1.13855 0.152839
-1.12209 0.142302
-1.08916 0.148579
-1.12209 0.13616
-1.08916 0.122356
-1.12209 0.0700906
-1.19342 0.098677
-1.20988 0.0837741
-1.23182 0.0869805
-1.18244 0.0952599
-1.17147 0.146472
-1.18793 0.134143
-1.17147 0.186709
-1.09465 0.154992
-1.17695 0.226571
-1.21536 0.256211
-1.16049 0.231824
-1.08916 0.172755
-1.20988 0.221377
-1.28669 0.253441
-1.23731 0.186709
-1.27023 0.175043
-1.25926 0.140239
-1.22634 0.107483
-1.27572 0.140239
-1.28121 0.165981
-1.369 0.177346
-1.30864 0.16154
-1.23182 0.157159
-1.25377 0.211171
-1.29218 0.201206
-1.24829 0.170482
-1.34705 0.170482
-1.29218 0.157159
-1.25926 0.134143
-1.20988 0.175043
-1.20439 0.142302
-1.1989 0.111111
-1.13855 0.152839
-1.14952 0.177346
-1.16049 0.234474
-1.23182 0.231824
-1.17695 0.226571
-1.21536 0.343084
-1.24829 0.399896
-1.29218 0.372619
-1.31413 0.403373
-1.30316 0.379348
-1.2428 0.293589
-1.21536 0.250686
-1.19342 0.234474
-1.14952 0.2137
-1.22634 0.250686
-1.30316 0.287673
-1.22085 0.267441
-1.27023 0.261796
-1.25926 0.270286
-1.22085 0.281817
-1.23731 0.253441
-1.28121 0.320956
-1.23731 0.293589
-1.14403 0.293589
-1.25926 0.35606
-1.25926 0.352794
-1.30864 0.320956
-1.23731 0.314769
-1.14403 0.2137
-1.1989 0.247947
-1.20439 0.305601
-1.26475 0.293589
-1.36351 0.287673
-1.25926 0.293589
-1.27572 0.293589
-1.33608 0.302575
-1.34705 0.320956
-1.35802 0.336686
-1.39643 0.382735
-1.30316 0.346306
-1.31413 0.359342
-1.29218 0.352794
-1.3251 0.413895
-1.37449 0.446275
-1.36351 0.428136
-1.31413 0.392986
-1.3251 0.352794
-1.3251 0.372619
-1.31962 0.359342
-1.29218 0.327203
-1.17695 0.211171
-1.3251 0.253441
-1.35802 0.211171
-1.23182 0.186709
-1.26475 0.2137
-1.26475 0.223967
-1.3251 0.258996
-1.39095 0.258996
-1.39643 0.273146
-1.43484 0.276021
-1.3251 0.231824
-1.27023 0.211171
-1.30864 0.154992
-1.2428 0.126225
-1.16598 0.105692
-1.16049 0.140239
-1.10014 0.157159
-1.10014 0.126225
-1.10014 0.10929
-1.10014 0.10929
-1.12209 0.142302
-1.10562 0.132141
-1.1989 0.132141
-1.27023 0.134143
-1.22085 0.112948
-1.14403 0.0715507
-1.10014 0.107483
-1.17695 0.170482
-1.10014 0.124283
-1.00137 0.098677
-1.05075 0.0686454
-1.11111 0.0672154
-1.22634 0.100408
-1.28121 0.120444
-1.18793 0.132141
-1.24829 0.150702
-1.23182 0.177346
-1.16049 0.170482
-1.0727 0.177346
-1.20439 0.203675
-1.12209 0.157159
-1.02332 0.146472
-1.10014 0.154992
-1.16598 0.181998
-1.16049 0.2137
-1.20439 0.237138
-1.18244 0.267441
-1.21536 0.284737
-1.21536 0.317855
-1.23731 0.305601
-1.28121 0.36595
-1.24829 0.396433
-1.34705 0.461058
-1.28121 0.438974
-1.35802 0.45734
-1.41289 0.50685
-1.34156 0.435347
-1.23731 0.372619
-1.30316 0.406865
-1.29767 0.403373
-1.22085 0.317855
-1.1989 0.287673
-1.23731 0.299565
-1.23182 0.296569
-1.22634 0.216244
-1.15501 0.177346
-1.22634 0.234474
-1.20988 0.179664
-1.2428 0.132141
-1.13306 0.0969609
-1.14952 0.103916
-1.1989 0.172755
-1.16598 0.216244
-1.26475 0.296569
-1.26475 0.242512
-1.25377 0.284737
-1.24829 0.273146
-1.1989 0.226571
-1.15501 0.165981
-1.20439 0.179664
-1.12209 0.201206
-1.0727 0.13616
-1.00137 0.103916
-1.12757 0.118547
-1.08916 0.0869805
-1.12209 0.124283
-1.20439 0.165981
-1.03978 0.132141
-1.03429 0.19389
-1.05624 0.168224
-1.05624 0.163753
-1.02332 0.175043
-1.05624 0.124283
-1.05624 0.0658003
-1.07819 0.0821935
-1.06722 0.0700906
-1.06173 0.0602908
-1.17695 0.080628
-1.22085 0.0700906
-1.27572 0.0602908
-1.18793 0.102154
-1.19342 0.102154
-1.1989 0.0935739
-1.17147 0.107483
-1.17147 0.124283
-1.2428 0.111111
-1.14952 0.103916
-1.01235 0.0715507
-0.941015 0.0177047
-1.00686 0.031313
-1.11111 0.0537426
-1.11111 0.0658003
-1.13306 0.0499943
-1.06173 0.0524781
-1.08916 0.0550221
-1.15501 0.0745163
-1.10562 0.0537426
-1.19342 0.0790775
-1.20988 0.0869805
-1.23731 0.0902471
-1.23182 0.116666
-1.27023 0.116666
-1.30864 0.124283
-1.31962 0.10929
-1.29218 0.0686454
-1.18244 0.0886063
-1.15501 0.077542
-1.05624 0.0672154
-1.17695 0.0576263
-1.17695 0.0869805
-1.21536 0.0869805
-1.16049 0.0790775
-1.1166 0.0576263
-1.19342 0.0512286
-1.22634 0.0363559
-1.20439 0.0184423
-1.18244 0.00569207
-1.15501 0.00700172
-1.0727 0.00286203
-1.13855 9.22021e-05
-1.18793 0.000995407
-1.12757 0.00230505
-1.20988 4.70419e-05
-1.10014 0.000829819
-1.12757 4.70419e-05
-1.17147 0.00204915
-1.13855 0.000227683
-1.1989 0.00158249
-1.1989 0.0169821
-1.18244 0.0303496
-1.12209 0.0284679
-1.1166 0.00844685
-1.14403 0.00451791
-1.12209 0.000152416
-1.1166 0.000829819
-1.09465 9.22021e-05
-1.09465 1.69351e-05
-1.08368 0.00347922
-1.07819 0.00528563
-0.973937 0.0149048
-1.10014 0.0223562
-0.962963 0.0162746
-1.02332 0.0294012
-1.10562 0.0284679
-1.08916 0.0406611
-1.17695 0.0686454
-1.18244 0.0952599
-1.15501 0.111111
-1.13306 0.0658003
-1.14952 0.080628
-1.15501 0.0853698
-1.10014 0.107483
-1.11111 0.132141
-1.22634 0.140239
-1.17695 0.0952599
-1.06722 0.0630155
-1.16049 0.0952599
-1.09465 0.0715507
-1.09465 0.103916
-1.10562 0.120444
-1.01235 0.0935739
-1.05624 0.0576263
-1.14403 0.0363559
-1.07819 0.0429041
-1.1166 0.0700906
-1.18244 0.0644004
-1.2428 0.114799
-1.29218 0.163753
-1.34156 0.168224
-1.25377 0.144379
-1.19342 0.126225
-1.23182 0.122356
-1.1989 0.120444
-1.23731 0.146472
-1.18793 0.132141
-1.17695 0.140239
-1.12209 0.10929
-1.17147 0.102154
-1.16598 0.098677
-1.10014 0.0952599
-1.0727 0.0524781
-1.21536 0.0630155
-1.09465 0.0616456
-1.1166 0.0745163
-1.08916 0.077542
-1.12757 0.120444
-1.03978 0.102154
-1.02881 0.114799
-1.14403 0.118547
-1.18793 0.098677
-1.16598 0.0902471
-1.10014 0.0452073
-1.12209 0.031313
-1.1166 0.0342936
-1.18793 0.0162746
-1.10562 0.0155822
-0.973937 0.00257602
-0.995885 0.00137174
-1.00137 1.69351e-05
-0.919067 0.00948553
-1.06173 0.00655012
-1.05624 0.000543804
-1.14403 0.00180829
-1.20439 0.00655012
-1.3251 0.00528563
-1.21536 1.88168e-06
-1.16049 4.70419e-05
-1.25377 0.000423377
-1.15501 9.22021e-05
-1.19342 9.22021e-05
-1.12757 0.000227683
-1.08368 0.00158249
-1.14403 0.000995407
-1.18793 0.000423377
-1.18793 4.70419e-05
-1.10562 0.00347922
-1.0727 0.000318003
-1.08368 0.00117605
-1.18793 0.00451791
-1.25377 0.000423377
-1.14403 0.0123457
-1.11111 0.00528563
-1.08368 0.0199627
-1.09465 0.0215433
-1.12209 0.0207455
-1.23182 0.0199627
-1.17147 0.0149048
-1.16598 0.00381039
-1.17695 0.00137174
-1.23731 0.00895866
-1.18793 0.00844685
-1.21536 0.0100275
-1.20988 0.0342936
-1.20988 0.033285
-1.14403 0.0395622
-1.17695 0.0322914
-1.22634 0.0322914
-1.30864 0.0602908
-1.26475 0.058951
-1.28669 0.0417751
-1.31413 0.0284679
-1.33059 0.0475707
-1.34156 0.0563167
-1.18793 0.0353172
-1.27023 0.0463814
-1.21536 0.0406611
-1.19342 0.0384784
-1.22634 0.0374096
-1.19342 0.0284679
-1.16049 0.0395622
-1.22085 0.0630155
-1.12209 0.0512286
-1.10014 0.0284679
-1.08916 0.0487749
-1.08916 0.0487749
-1.13306 0.0452073
-1.12757 0.0342936
-1.00137 0.0240271
-1.05624 0.0231841
-1.11111 0.0207455
-1.11111 0.0231841
-1.07819 0.00528563
-1.11111 0.0162746
-1.09465 0.0322914
-1.10014 0.033285
-1.05075 0.0384784
-1.06173 0.073026
-1.0727 0.0672154
-1.13855 0.0576263
-1.13306 0.103916
-1.23182 0.10929
-1.31962 0.13616
-1.16049 0.130154
-1.21536 0.0869805
-1.22085 0.0853698
-1.14403 0.0853698
-1.14403 0.098677
-1.10014 0.0576263
-1.14403 0.0853698
-1.13306 0.0869805
-1.09465 0.0715507
-1.12209 0.0374096
-1.13855 0.0417751
-1.20439 0.0537426
-1.13855 0.0374096
-1.08916 0.0353172
-1.12757 0.0512286
-1.13855 0.0499943
-1.14403 0.0322914
-1.15501 0.033285
-1.14952 0.0129629
-1.20439 0.0342936
-1.17147 0.0231841
-1.12757 0.0257583
-1.11111 0.0294012
-1.10014 0.0475707
-1.01783 0.0550221
-1.03429 0.0395622
-1.03429 0.0658003
-1.05075 0.0475707
-1.06722 0.0353172
-1.09465 0.0512286
-1.12757 0.0821935
-1.08368 0.0745163
-1.01235 0.0537426
-1.06173 0.0524781
-1.12757 0.0644004
-1.08916 0.080628
-1.15501 0.0700906
-1.22085 0.0821935
-1.11111 0.0686454
-1.22634 0.0563167
-1.25377 0.0969609
-1.20439 0.157159
-1.1989 0.163753
-1.13855 0.181998
-1.13855 0.165981
-1.03429 0.152839
-1.0727 0.138192
-1.05624 0.144379
-1.0727 0.19389
-1.10014 0.165981
-1.07819 0.140239
-1.1166 0.144379
-1.15501 0.154992
-1.17147 0.102154
-1.20439 0.148579
-1.22634 0.118547
-1.28121 0.159342
-1.14403 0.142302
-1.2428 0.201206
-1.29767 0.296569
-1.31413 0.276021
-1.29218 0.276021
-1.31962 0.276021
-1.27572 0.346306
-1.27023 0.281817
-1.19342 0.290623
-1.2428 0.308642
-1.22085 0.339878
-1.2428 0.339878
-1.23182 0.317855
-1.25377 0.33351
-1.20988 0.302575
-1.2428 0.245222
-1.29218 0.278911
-1.47325 0.346306
-1.41838 0.33351
-1.42936 0.330349
-1.41838 0.359342
-1.39643 0.346306
-1.33059 0.324072
-1.33608 0.293589
-1.369 0.339878
-1.40741 0.339878
-1.39095 0.336686
-1.41838 0.396433
-1.36351 0.352794
-1.25926 0.256211
-1.22085 0.278911
-1.22634 0.250686
-1.16049 0.250686
-1.15501 0.179664
-1.07819 0.168224
-1.13306 0.177346
-1.05624 0.22919
-1.06722 0.203675
-1.10562 0.186709
-1.06173 0.163753
-1.17147 0.203675
-1.19342 0.148579
-1.14952 0.116666
-1.13306 0.103916
-1.06173 0.10929
-1.10014 0.10929
-1.02332 0.0902471
-1.02332 0.0524781
-1.06722 0.0384784
-1.10562 0.0162746
-1.10562 0.0322914
-1.01235 0.0463814
-1.12209 0.0475707
-1.04527 0.0417751
-1.12757 0.0363559
-1.17147 0.0576263
-1.1166 0.0644004
-1.10014 0.0537426
-1.11111 0.031313
-1.16049 0.0117435
-1.10562 0.00137174
-1.03429 0.000995407
-1.00137 1.69351e-05
-1.0727 9.22021e-05
-1.09465 0.00569207
-1.16049 0.0031631
-1.16598 0.00655012
-1.1166 0.000679285
-1.08916 0.00286203
-1.1166 1.69351e-05
-1.13306 1.69351e-05
-1.15501 0.00158249
-1.1166 0.00489424
-1.07819 0.00844685
-1.06722 0.0117435
-1.10014 0.0169821
-1.01783 0.0177047
-1.07819 0.0184423
-1.06173 0.0395622
-1.06722 0.0184423
-0.979424 0.00569207
-1.03978 0.0105844
-1.01235 0.00795008
-0.973937 0.00611357
-0.951989 0.00415662
-1.03978 0.00611357
-1.10562 0.000995407
-1.09465 0.0169821
-1.05624 0.00655012
-1.08368 0.0105844
-1.06173 0.00286203
-1.04527 0.00528563
-1.14952 0.00204915
-1.14403 0.00286203
-1.24829 0.00569207
-1.27023 0.0111565
-1.20439 0.0142424
-1.13306 0.00700172
-1.13306 0.00286203
-1.03978 0.000829819
-1.05075 0.00257602
-1.07819 0.00451791
-1.08916 0.0123457
-1.14403 0.0100275
-1.10562 0.00528563
-1.1166 0.00489424
-1.19342 0.0248852
-1.18793 0.0499943
-1.28669 0.0853698
-1.369 0.114799
-1.41838 0.0935739
-1.37997 0.0886063
-1.30316 0.091903
-1.39095 0.0686454
-1.30864 0.080628
-1.2428 0.077542
-1.31413 0.0869805
-1.37997 0.0700906
-1.34156 0.0602908
-1.20439 0.058951
-1.16598 0.0440482
-1.19342 0.058951
-1.18244 0.0616456
-1.19342 0.0630155
-1.08916 0.0342936
-1.22634 0.0266464
-1.25926 0.033285
-1.27572 0.0257583
-1.20988 0.0395622
-1.17147 0.031313
-1.15501 0.0184423
-1.16049 0.0117435
-1.17147 0.0123457
-1.20988 0.0374096
-1.10014 0.0231841
-1.03978 0.0524781
-1.00686 0.0463814
-1.10014 0.0223562
-1.03429 0.0353172
-1.11111 0.0294012
-1.13306 0.0374096
-1.10014 0.0463814
-1.11111 0.0452073
-1.19342 0.0512286
-1.15501 0.0284679
-1.16049 0.0223562
-1.26475 0.0303496
-1.23731 0.0440482
-1.22634 0.0550221
-1.21536 0.0616456
-1.24829 0.0602908
-1.19342 0.0672154
-1.23731 0.0745163
-1.14952 0.0463814
-1.25926 0.0353172
-1.18793 0.0475707
-1.12757 0.080628
-1.16598 0.116666
-1.1166 0.102154
-1.17147 0.098677
-1.17695 0.105692
-1.30864 0.112948
-1.25926 0.0869805
-1.1166 0.0837741
-1.27572 0.098677
-1.2428 0.122356
-1.15501 0.0952599
-1.0727 0.0952599
-1.14403 0.0715507
-1.07819 0.0550221
-1.10562 0.033285
-1.06173 0.0686454
-1.1166 0.0760216
-1.13855 0.0745163
-0.984911 0.0886063
-1.02332 0.114799
-1.07819 0.103916
-1.12757 0.0886063
-1.11111 0.0524781
-1.07819 0.0215433
-1.02881 0.0162746
-1.11111 0.0284679
-1.03978 0.0117435
-1.06722 0.0177047
-1.03978 0.0266464
-1.10014 0.0184423
-1.15501 0.0162746
-1.12757 0.0177047
-1.22634 0.0105844
-1.12209 0.000995407
-1.17147 0.00415662
-1.03978 0.000995407
-1.05075 0.0031631
-1.01783 0.00415662
-1.12209 0.0142424
-1.09465 0.0215433
-1.11111 0.0117435
-1.05075 0.0111565
-1.0727 0.00489424
-1.08368 0.00230505
-0.973937 0.0117435
-0.962963 0.000679285
-1.03978 0.000318003
-1.06722 0.000543804
-1.06173 0.00158249
-1.05624 0.00528563
-1.28121 0.000152416
-1.18793 0.00137174
-1.24829 0.000318003
-1.1166 0.000318003
-1.11111 0.000995407
-1.04527 0.00451791
-1.04527 0.00347922
-1.05075 0.00286203
-1.06722 0.000152416
-1.01783 0.000152416
-1.06722 0.00117605
-1.02332 0.00180829
-1.07819 0.00117605
-1.09465 0.0031631
-1.04527 0.00230505
-1.05075 0.00381039
-1.11111 0.0100275
-1.15501 0.000423377
-1.14403 0.00117605
-1.13306 0.00895866
-1.08368 0.0142424
-1.15501 0.0257583
-1.16049 0.0322914
-1.10562 0.0342936
-1.10562 0.0162746
-1.12209 0.0117435
-1.14952 0.0207455
-1.1989 0.0142424
-1.20439 0.0169821
-1.21536 0.00795008
-1.18244 0.00611357
-1.14403 0.00117605
-1.17147 1.88168e-06
-1.07819 1.88168e-06
-1.13855 0.000995407
-1.16049 0.00569207
-1.20439 0.00489424
-1.20988 9.22021e-05
-1.0727 0.000318003
-1.09465 0.00381039
-1.1166 0.00569207
-1.08916 0.00795008
-1.06173 0.00158249
-1.14403 0.000995407
-1.00137 4.70419e-05
-1.01783 0.0031631
-1.06722 1.88168e-06
-1.13855 0.000423377
-1.05075 9.22021e-05
-1.07819 1.69351e-05
-1.07819 9.22021e-05
-1.02332 0.00286203
-1.01235 0.00158249
-1.06173 0.0031631
-1.05624 1.88168e-06
-1.0727 0.00569207
-1.01235 0.00948553
-1.02332 0.00347922
-1.00686 0.00180829
-1.06173 1.88168e-06
-1.07819 0.00180829
-1.08368 0.0231841
-1.01783 0.0342936
-1.08916 0.0162746
-0.924554 0.0105844
-1.05075 0.0395622
-1.06722 0.0537426
-1.10014 0.0576263
-1.21536 0.0700906
-1.14403 0.0524781
-1.12209 0.0275496
-1.13306 0.0363559
-1.13855 0.0257583
-1.06722 0.0231841
-0.995885 0.0275496
-1.08368 0.0169821
-1.02332 0.0257583
-1.15501 0.0184423
-1.08916 0.0162746
-1.06722 0.00746837
-1.08916 0.0231841
-1.14952 0.0177047
-1.02881 0.0135951
-1.08916 0.0440482
-1.0727 0.0284679
-1.13306 0.0303496
-1.19342 0.0524781
-1.26475 0.0672154
-1.14403 0.0512286
-1.16049 0.0294012
-1.12757 0.0353172
-1.20988 0.0537426
-1.16598 0.0284679
-1.13855 0.0284679
-1.20988 0.0240271
-1.14403 0.0162746
-1.18793 0.00655012
-1.06722 9.22021e-05
-1.16049 0.00528563
-1.13855 0.0111565
-1.17695 0.00528563
-1.17147 0.00611357
-1.08916 0.00895866
-1.10014 0.00844685
-1.03978 0.0149048
-1.06722 0.0111565
-1.1166 0.0155822
-1.06722 0.0452073
-1.03978 0.0417751
-1.05075 0.0406611
-1.02332 0.0322914
-1.14403 0.0322914
-1.05624 0.031313
-1.07819 0.0284679
-1.03429 0.0353172
-1.08368 0.0184423
-1.13306 0.0322914
-1.13855 0.0155822
-1.15501 0.00948553
-1.1166 0.00257602
-1.12757 0.000152416
-1.1989 0.00700172
-1.1989 0.0169821
-1.12757 0.0123457
-1.1166 0.0129629
-1.06722 0.0199627
-1.17147 0.00655012
-1.03429 0.019195
-1.03978 0.0223562
-1.06173 0.00611357
-1.12757 0.00844685
-1.10014 1.69351e-05
-1.20439 0.00137174
-1.17695 0.000152416
-1.10562 1.88168e-06
-1.22085 0.00347922
-1.23731 0.0031631
-1.14952 0.000995407
-1.08368 0.00528563
-1.02332 0.00948553
-1.12209 0.00844685
-1.16598 0.0231841
-1.23731 0.0353172
-1.23182 0.0452073
-1.23731 0.0550221
-1.24829 0.0294012
-1.23731 0.0169821
-1.26475 0.0177047
-1.24829 0.0294012
-1.20439 0.0169821
-1.10014 0.0223562
-1.09465 0.0275496
-1.16049 0.0177047
-1.13306 0.0284679
-1.18793 0.033285
-1.10562 0.033285
-1.10014 0.0240271
-1.11111 0.0155822
-1.10562 0.00347922
-1.04527 0.0111565
-1.06173 0.033285
-1.10562 0.0207455
-1.06722 0.0184423
-1.07819 0.0215433
-1.1166 0.0240271
-1.08368 0.0111565
-1.10562 0.00895866
-1.17695 0.0149048
-1.14952 0.0117435
-1.15501 0.0266464
-1.06173 0.033285
-1.05624 0.0429041
-1.11111 0.0342936
-1.15501 0.0475707
-1.13855 0.0616456
-1.12209 0.0303496
-1.08916 0.0284679
-1.15501 0.0374096
-1.13855 0.0550221
-0.979424 0.0487749
-0.979424 0.0837741
-1.03978 0.080628
-1.08916 0.0821935
-1.02332 0.0563167
-1.03429 0.0700906
-1.10562 0.122356
-1.16049 0.144379
-1.12209 0.118547
-1.17147 0.114799
-1.18793 0.116666
-1.13306 0.13616
-1.10014 0.126225
-1.16049 0.148579
-1.13306 0.124283
-1.13855 0.157159
-1.19342 0.170482
-1.18793 0.114799
-1.10562 0.10929
-1.06173 0.132141
-1.01783 0.128182
-1.12209 0.168224
-1.22085 0.172755
-1.13855 0.144379
-1.23731 0.231824
-1.2428 0.267441
-1.18793 0.168224
-1.1166 0.208657
-1.14952 0.198752
-1.14952 0.2137
-1.06722 0.221377
-1.17147 0.352794
-1.23731 0.314769
-1.20439 0.379348
-1.34705 0.495199
-1.369 0.491345
-1.30316 0.522596
-1.25926 0.522596
-1.34705 0.546667
-1.39095 0.575434
-1.41289 0.617809
-1.41838 0.579603
-1.40192 0.550731
-1.39095 0.518637
-1.35254 0.45734
-1.35254 0.424553
-1.369 0.442617
-1.35254 0.406865
-1.27023 0.33351
-1.29218 0.372619
-1.31413 0.379348
-1.22085 0.382735
-1.29767 0.428136
-1.44033 0.558905
-1.41838 0.50685
-1.27023 0.396433
-1.14403 0.273146
-1.18244 0.239818
-1.18793 0.278911
-1.16049 0.281817
-1.18793 0.299565
-1.1989 0.284737
-1.23182 0.234474
-1.35254 0.247947
-1.34156 0.256211
-1.25926 0.201206
-1.28121 0.256211
-1.23182 0.270286
-1.15501 0.281817
-1.27023 0.314769
-1.33059 0.320956
-1.2428 0.296569
-1.30864 0.396433
-1.28669 0.324072
-1.29218 0.324072
-1.25377 0.330349
-1.2428 0.339878
-1.16598 0.324072
-1.0727 0.293589
-1.21536 0.386137
-1.29218 0.386137
-1.34156 0.36595
-1.28121 0.359342
-1.35254 0.420986
-1.21536 0.359342
-1.23731 0.296569
-1.20988 0.302575
-1.3251 0.33351
-1.21536 0.221377
-1.16598 0.198752
-1.22634 0.181998
-1.27572 0.165981
-1.12757 0.148579
-1.18244 0.165981
-1.1989 0.170482
-1.03978 0.107483
-1.07819 0.10929
-1.14952 0.098677
-1.11111 0.118547
-1.09465 0.0952599
-1.18244 0.111111
-1.17695 0.107483
-1.20439 0.130154
-1.12757 0.126225
-1.17147 0.118547
-1.08368 0.0790775
-1.19342 0.0902471
-1.16049 0.126225
-1.18793 0.138192
-1.13855 0.128182
-1.26475 0.103916
-1.18793 0.0969609
-1.22085 0.0745163
-1.17695 0.0658003
-1.1166 0.058951
-1.05075 0.0745163
-1.02332 0.0524781
-1.13306 0.0550221
-1.12209 0.0463814
-1.18244 0.0452073
-1.16598 0.0616456
-1.27023 0.080628
-1.24829 0.077542
-1.15501 0.0602908
-1.16598 0.0363559
-1.13855 0.0363559
-1.22634 0.0374096
-1.3251 0.0487749
-1.30864 0.0223562
-1.21536 0.019195
-1.25926 0.0184423
-1.23182 0.0149048
-1.0727 0.0240271
-1.00137 0.0111565
-1.12209 0.0142424
-1.11111 0.0117435
-1.06173 0.0031631
-1.05075 0.00158249
-1.05075 0.000543804
-1.16598 1.69351e-05
-1.15501 9.22021e-05
-1.18244 0.00137174
-1.06722 0.00489424
-1.10562 0.0129629
-1.17147 0.0248852
-1.1166 0.000543804
-1.03429 0.0177047
-1.02332 0.0231841
-1.05075 0.0231841
-1.08368 0.0169821
-1.17695 0.00451791
-1.08916 0.0100275
-1.05624 0.0100275
-1.01783 0.0105844
-1.07819 0.0111565
-0.96845 0.000679285
-1.02881 4.70419e-05
-1.0727 0.000227683
-1.13306 0.000679285
-1.14403 1.69351e-05
-1.0727 1.88168e-06
-1.12209 0.000423377
-1.19342 0.000679285
-1.15501 1.88168e-06
-1.30316 4.70419e-05
-1.22634 0.000423377
-1.18793 0.000543804
-1.13855 0.000543804
-1.21536 0.00230505
-1.15501 0.000829819
-1.13855 9.22021e-05
-1.17695 0.000227683
-1.15501 1.69351e-05
-1.14952 0.00158249
-1.13306 0.00286203
-1.16598 0.00381039
-1.18793 0.00948553
-1.20439 0.0123457
-1.1989 0.00489424
-1.23182 0.0215433
-1.22634 0.0207455
-1.2428 0.0240271
-1.18244 0.0374096
-1.20988 0.0231841
-1.18244 0.0322914
-1.11111 0.0342936
-1.16598 0.0487749
-1.11111 0.0322914
-1.10562 0.0384784
-0.995885 0.0406611
-1.10562 0.0417751
-0.990398 0.0207455
-0.995885 0.0223562
-1.06722 0.0248852
-1.13306 0.0563167
-1.11111 0.0715507
-1.21536 0.112948
-1.19342 0.118547
-1.1166 0.077542
-1.12757 0.077542
-1.1989 0.0790775
-1.18244 0.0715507
-1.08916 0.0700906
-1.10562 0.0760216
-1.08916 0.0353172
-1.13306 0.0294012
-1.25926 0.0537426
-1.33059 0.0715507
-1.29218 0.0440482
-1.36351 0.0384784
-1.25926 0.0284679
-1.15501 0.031313
-1.09465 0.0499943
-1.15501 0.0686454
-1.17695 0.0537426
-1.07819 0.0602908
-1.08916 0.0672154
-1.13306 0.0853698
-1.20439 0.0935739
-1.22634 0.116666
-1.26475 0.114799
-1.22634 0.126225
-1.27572 0.170482
-1.22085 0.2137
-1.27023 0.196313
-1.1166 0.184346
-1.14403 0.184346
-1.16049 0.226571
-1.01235 0.223967
-1.14403 0.242512
-1.16049 0.154992
-1.14952 0.142302
-1.18793 0.170482
-1.23182 0.146472
-1.2428 0.189088
-1.26475 0.211171
-1.2428 0.175043
-1.30864 0.19389
-1.27023 0.203675
-1.23731 0.191481
-1.28121 0.19389
-1.20988 0.16154
-1.31962 0.142302
-1.2428 0.150702
-1.27023 0.172755
-1.18793 0.163753
-1.16598 0.159342
-1.16049 0.120444
-1.17147 0.150702
-1.10014 0.159342
-1.17147 0.111111
-1.19342 0.120444
-1.16598 0.13616
-1.16049 0.118547
-1.28669 0.134143
-1.22634 0.13616
-1.24829 0.138192
-1.15501 0.124283
-1.15501 0.0745163
-1.20988 0.134143
-1.18793 0.114799
-1.18244 0.080628
-1.20439 0.091903
-1.22634 0.103916
-1.18793 0.0886063
-1.16049 0.0658003
-1.25377 0.0550221
-1.23182 0.0853698
-1.30864 0.126225
-1.20988 0.152839
-1.29218 0.239818
-1.27572 0.250686
-1.30316 0.221377
-1.24829 0.253441
-1.27023 0.276021
-1.25377 0.281817
-1.28669 0.201206
-1.17695 0.159342
-1.23731 0.132141
-1.17147 0.103916
-1.14952 0.140239
-1.18793 0.177346
-1.1166 0.148579
-1.14952 0.177346
-1.23182 0.181998
-1.25926 0.184346
-1.28121 0.186709
-1.39095 0.189088
-1.29767 0.186709
-1.21536 0.144379
-1.27023 0.19389
-1.19342 0.175043
-1.22634 0.175043
-1.28669 0.250686
-1.28121 0.216244
-1.22634 0.203675
-1.26475 0.239818
-1.24829 0.226571
-1.18793 0.208657
-1.23182 0.22919
-1.09465 0.175043
-1.20439 0.234474
-1.2428 0.206158
-1.25377 0.191481
-1.08916 0.181998
-1.13306 0.218803
-1.16049 0.196313
-1.17695 0.159342
-1.15501 0.128182
-1.18793 0.154992
-1.18244 0.130154
-1.10014 0.100408
-1.19342 0.152839
-1.08368 0.124283
-1.12757 0.0853698
-1.14952 0.0790775
-1.09465 0.148579
-1.18793 0.196313
-1.19342 0.206158
-1.28669 0.22919
-1.3251 0.258996
-1.25377 0.186709
-1.35254 0.256211
-1.33059 0.250686
-1.23731 0.211171
-1.20988 0.128182
-1.17147 0.128182
-1.16049 0.077542
-1.25926 0.111111
-1.12209 0.0790775
-1.09465 0.0902471
-1.23731 0.159342
-1.17147 0.159342
-1.12209 0.189088
-1.12209 0.165981
-1.13306 0.168224
-1.11111 0.189088
-1.16049 0.201206
-1.14403 0.196313
-1.15501 0.201206
-1.13306 0.165981
-1.22085 0.221377
-1.21536 0.191481
-1.25377 0.19389
-1.28669 0.189088
-1.21536 0.146472
-1.23182 0.186709
-1.2428 0.179664
-1.23182 0.2137
-1.21536 0.223967
-1.14403 0.181998
-1.14403 0.184346
-1.15501 0.218803
-1.23182 0.19389
-1.14952 0.165981
-1.09465 0.148579
-1.05624 0.150702
-1.09465 0.134143
-1.04527 0.118547
-1.03978 0.0969609
-1.12757 0.102154
-1.01235 0.0602908
-1.12209 0.0602908
-1.14403 0.0417751
-1.22085 0.0294012
-1.22634 0.0429041
-1.19342 0.033285
-1.14952 0.0342936
-1.12209 0.0294012
-1.07819 0.0149048
-0.908093 0.0129629
-0.935528 0.0149048
-1.03429 0.0149048
-1.03429 0.00746837
-1.00686 0.00611357
-1.05075 0.00700172
-1.03429 0.0177047
-1.12209 0.00158249
-1.00686 0.00230505
-1.01235 0.0215433
-1.00137 0.0266464
-1.03978 0.0406611
-0.951989 0.0322914
-0.990398 0.0184423
-0.935528 0.0199627
-1.03978 0.0266464
-0.979424 0.0257583
-1.03978 0.0177047
-1.02881 0.00895866
-1.00137 0.0155822
-1.04527 0.00415662
-1.00686 0.000152416
-1.07819 4.70419e-05
-1.06173 0.00347922
-1.09465 0.00117605
-1.1166 0.00347922
-1.11111 0.0135951
-1.12757 0.00137174
-1.12209 0.000679285
-1.13306 0.000152416
-1.05075 0.00158249
-1.05624 0.000152416
-1.02881 0.000995407
-1.06722 0.00795008
-1.14403 0.00257602
-1.11111 0.00844685
-1.19342 0.0231841
-1.13855 0.00895866
-1.18244 0.0294012
-1.13306 0.0374096
-1.14403 0.0223562
-1.16049 0.0184423
-1.16049 0.0199627
-1.21536 0.0123457
-1.17147 0.00611357
-1.15501 0.0117435
-1.13855 0.0240271
-1.15501 0.0199627
-1.09465 0.0135951
-1.10014 0.00844685
-1.03429 0.0162746
-0.995885 0.00746837
-1.02332 0.000423377
-0.984911 9.22021e-05
-0.995885 0.000423377
-0.951989 0.00257602
-0.96845 0.000152416
-0.957476 0.00180829
-1.04527 0.00569207
-0.919067 0.00611357
-1.02881 0.00137174
-1.03978 0.0031631
-1.10562 0.000995407
-1.07819 0.000227683
-1.06722 9.22021e-05
-1.07819 0.00117605
-0.957476 0.00381039
-1.02881 0.0111565
-1.0727 0.0142424
-1.02332 0.000543804
-1.03429 0.00158249
-1.13306 0.000423377
-1.1166 0.000543804
-1.11111 0.00158249
-1.05075 0.000995407
-1.10562 1.69351e-05
-1.08916 0.00286203
-1.17147 0.00204915
-1.24829 0.00286203
-1.25926 0.000829819
-1.18244 0.00611357
-1.21536 0.000152416
-1.13306 4.70419e-05
-1.17147 0.000227683
-1.18244 1.69351e-05
-1.13855 0.00286203
-1.18793 0.00286203
-1.17147 0.00611357
-1.16598 0.0100275
-1.06173 0.00844685
-1.1989 0.00347922
-1.21536 0.00117605
-1.1989 0.000543804
-1.24829 0.000227683
-1.2428 0.000679285
-1.08916 0.00257602
-1.15501 0.00895866
-1.16598 0.00180829
-1.16049 1.69351e-05
-1.23182 0.000227683
-1.20439 0.000995407
-1.21536 0.00700172
-1.09465 0.0223562
-1.10014 0.0524781
-1.13306 0.0440482
-1.17147 0.0902471
-1.21536 0.0853698
-1.1166 0.0760216
-1.16049 0.0672154
-1.22634 0.0672154
-1.23182 0.0715507
-1.16598 0.0886063
-1.10562 0.0760216
-1.14403 0.0760216
-1.16598 0.0550221
-1.16598 0.0537426
-1.12757 0.0602908
-1.18793 0.0853698
-1.17147 0.091903
-1.1166 0.0463814
-1.06722 0.0384784
-1.06722 0.0487749
-1.07819 0.0475707
-1.08368 0.0353172
-1.1166 0.033285
-1.16598 0.0248852
-1.16049 0.0231841
-1.18793 0.033285
-1.18244 0.0223562
-1.16049 0.0199627
-1.11111 0.0207455
-1.15501 0.0284679
-1.10014 0.0266464
-1.0727 0.0142424
-1.1166 0.0417751
-1.06722 0.0790775
-1.10562 0.0821935
-1.10562 0.098677
-1.21536 0.134143
-1.23731 0.142302
-1.22085 0.102154
-1.25377 0.0853698
-1.20988 0.103916
-1.20988 0.10929
-1.18244 0.130154
-1.29218 0.134143
-1.23182 0.134143
-1.30864 0.142302
-1.2428 0.13616
-1.18244 0.148579
-1.1989 0.216244
-1.12209 0.196313
-1.08916 0.148579
-1.0727 0.146472
-1.08916 0.177346
-1.1166 0.130154
-1.08916 0.157159
-1.17695 0.226571
-1.10562 0.237138
-1.16598 0.267441
-1.1166 0.258996
-1.10014 0.2137
-0.995885 0.198752
-1.11111 0.184346
-1.18244 0.206158
-1.25377 0.198752
-1.25926 0.211171
-1.26475 0.237138
-1.23182 0.267441
-1.20439 0.2137
-1.18244 0.247947
-1.19342 0.250686
-1.21536 0.256211
-1.14952 0.203675
-1.18244 0.245222
-1.26475 0.281817
-1.23731 0.264611
-1.1989 0.250686
-1.12209 0.256211
-1.17147 0.264611
-1.14952 0.177346
-1.17695 0.247947
-1.16598 0.201206
-1.21536 0.216244
-1.15501 0.184346
-1.16598 0.159342
-1.17147 0.146472
-1.24829 0.111111
-1.23182 0.150702
-1.1989 0.159342
-1.1989 0.16154
-1.20439 0.152839
-1.23182 0.206158
-1.29218 0.221377
-1.17695 0.150702
-1.19342 0.122356
-1.1989 0.122356
-1.20439 0.142302
-1.35802 0.181998
-1.28669 0.114799
-1.20988 0.100408
-1.12209 0.103916
-1.10562 0.080628
-1.11111 0.0700906
-1.1166 0.148579
-1.27023 0.186709
-1.30316 0.203675
-1.17147 0.211171
-1.28121 0.296569
-1.26475 0.330349
-1.35254 0.36595
-1.30864 0.413895
-1.28669 0.369277
-1.28121 0.399896
-1.25377 0.386137
-1.22634 0.392986
-1.30864 0.435347
-1.29767 0.431734
-1.22085 0.386137
-1.26475 0.461058
-1.35802 0.491345
-1.31962 0.420986
-1.28669 0.403373
-1.30864 0.424553
-1.33059 0.392986
-1.22634 0.33351
-1.35254 0.428136
-1.33059 0.438974
-1.33608 0.428136
-1.44582 0.431734
-1.45679 0.403373
-1.33608 0.35606
-1.26475 0.336686
-1.17147 0.302575
-1.18793 0.330349
-1.23731 0.346306
-1.28121 0.314769
-1.28669 0.314769
-1.23731 0.327203
-1.33059 0.413895
-1.43484 0.435347
-1.36351 0.403373
-1.39095 0.479875
-1.43484 0.550731
-1.45679 0.613504
-1.56653 0.697878
-1.52263 0.693302
-1.59396 0.74921
-1.52812 0.702469
-1.41289 0.609213
-1.47874 0.648367
-1.4513 0.648367
-1.47874 0.66169
-1.52263 0.670646
-1.43484 0.648367
-1.41289 0.587988
-1.45679 0.652793
-1.39095 0.546667
-1.39095 0.55481
-1.33059 0.487507
-1.35254 0.534564
-1.27572 0.483683
-1.3251 0.399896
-1.30864 0.417433
-1.35802 0.362639
-1.30864 0.379348
-1.28121 0.320956
-1.19342 0.308642
-1.21536 0.299565
-1.1166 0.343084
-1.29218 0.435347
-1.24829 0.352794
-1.2428 0.372619
-1.27023 0.389554
-1.26475 0.362639
-1.19342 0.302575
-1.12757 0.239818
-1.16049 0.216244
-1.16049 0.276021
-1.12209 0.226571
-1.17147 0.216244
-1.23182 0.299565
-1.1989 0.293589
-1.13855 0.258996
-1.11111 0.239818
-1.13855 0.177346
-1.13855 0.177346
-1.23182 0.191481
-1.21536 0.201206
-1.35802 0.221377
-1.35254 0.247947
-1.26475 0.22919
-1.12757 0.168224
-1.08368 0.103916
-1.05075 0.0969609
-1.16598 0.128182
-1.13855 0.168224
-1.18244 0.132141
-1.1989 0.128182
-1.3251 0.144379
-1.33608 0.150702
-1.26475 0.134143
-1.36351 0.118547
-1.34156 0.124283
-1.23182 0.118547
-1.25377 0.132141
-1.2428 0.165981
-1.24829 0.201206
-1.2428 0.203675
-1.33608 0.203675
-1.34705 0.184346
-1.28121 0.184346
-1.369 0.2137
-1.30316 0.175043
-1.38546 0.165981
-1.25377 0.148579
-1.29767 0.157159
-1.34156 0.239818
-1.27572 0.211171
-1.31413 0.163753
-1.28669 0.168224
-1.28669 0.142302
-1.20988 0.120444
-1.18244 0.144379
-1.21536 0.201206
-1.22634 0.179664
-1.17695 0.177346
-1.06173 0.170482
-1.15501 0.181998
-1.28669 0.231824
-1.21536 0.177346
-1.25377 0.19389
-1.23182 0.163753
-1.15501 0.16154
-1.21536 0.150702
-1.2428 0.159342
-1.2428 0.168224
-1.14403 0.198752
-1.16049 0.177346
-1.11111 0.148579
-1.2428 0.203675
-1.20988 0.226571
-1.34156 0.267441
-1.369 0.305601
-1.37997 0.278911
-1.30316 0.250686
-1.30864 0.223967
-1.26475 0.234474
-1.31962 0.250686
-1.35802 0.258996
-1.30864 0.247947
-1.23731 0.258996
-1.22085 0.216244
-1.22634 0.223967
-1.20988 0.250686
-1.34705 0.327203
-1.22085 0.281817
-1.28121 0.2137
-1.24829 0.216244
-1.22085 0.16154
-1.20988 0.118547
-1.17695 0.077542
-1.18793 0.0715507
-1.18793 0.0853698
-1.17695 0.112948
-1.18793 0.0790775
-1.10562 0.107483
-1.12757 0.10929
-1.0727 0.100408
-1.0727 0.112948
-1.13306 0.122356
-1.12209 0.142302
-1.05624 0.105692
-1.09465 0.122356
-1.15501 0.138192
-1.22634 0.181998
-1.17147 0.168224
-1.20988 0.168224
-1.13306 0.201206
-1.17695 0.234474
-1.14403 0.231824
-1.25377 0.258996
-1.20439 0.234474
-1.26475 0.287673
-1.18793 0.270286
-1.22085 0.330349
-1.18244 0.284737
-1.16049 0.273146
-1.08368 0.258996
-1.26475 0.278911
-1.24829 0.261796
-1.26475 0.276021
-1.27572 0.296569
-1.20439 0.261796
-1.18793 0.250686
-1.20439 0.239818
-1.26475 0.273146
-1.1989 0.264611
-1.20439 0.264611
-1.21536 0.234474
-1.30316 0.276021
-1.27023 0.317855
-1.29767 0.290623
-1.26475 0.287673
-1.30864 0.35606
-1.33059 0.336686
-1.24829 0.33351
-1.25377 0.330349
-1.12757 0.284737
-1.07819 0.290623
-1.18244 0.346306
-1.22085 0.349542
-1.16598 0.299565
-1.18793 0.320956
-1.20439 0.305601
-1.09465 0.290623
-1.13306 0.226571
-1.12757 0.218803
-1.12209 0.172755
-1.06173 0.157159
-1.05075 0.157159
-1.03429 0.177346
-1.09465 0.226571
-1.19342 0.239818
-1.20988 0.22919
-1.20439 0.231824
-1.25926 0.287673
-1.23182 0.198752
-1.35254 0.261796
-1.37997 0.226571
-1.45679 0.261796
-1.30316 0.216244
-1.30316 0.223967
-1.27572 0.245222
-1.28669 0.221377
-1.30864 0.196313
-1.29218 0.201206
-1.29218 0.163753
-1.25377 0.2137
-1.27572 0.201206
-1.23182 0.198752
-1.16049 0.208657
-1.1989 0.216244
-1.2428 0.226571
-1.22634 0.237138
-1.23731 0.221377
-1.27023 0.242512
-1.13306 0.206158
-1.19342 0.201206
-1.20988 0.250686
-1.12757 0.256211
-1.23731 0.327203
-1.23731 0.308642
-1.23182 0.317855
-1.11111 0.273146
-1.21536 0.324072
-1.29218 0.314769
-1.26475 0.284737
-1.29218 0.231824
-1.35254 0.223967
-1.33608 0.216244
-1.38546 0.221377
-1.29218 0.181998
-1.22085 0.267441
-1.16598 0.186709
-1.22085 0.177346
-1.20439 0.16154
-1.13306 0.154992
-1.10014 0.0952599
-1.0727 0.0853698
-1.16598 0.0715507
-1.00686 0.0499943
-1.02881 0.0463814
-1.01235 0.0658003
-1.10562 0.0616456
-1.07819 0.0463814
-1.10014 0.0452073
-1.1166 0.0487749
-1.13306 0.0429041
-1.14403 0.0303496
-1.14403 0.0111565
-1.12209 0.0031631
-1.17147 0.0111565
-1.20988 0.0135951
-1.20988 0.00844685
-1.13306 0.00611357
-1.05624 0.0177047
-1.07819 0.0223562
-1.17147 0.00895866
-1.09465 0.00795008
-1.02881 0.00746837
-1.08916 0.0031631
-1.02332 0.00655012
-1.05624 0.00611357
-1.0727 0.00286203
-1.05075 0.000679285
-0.941015 0.00528563
-1.05624 0.00895866
-1.05075 0.0031631
-1.07819 0.00489424
-1.06722 0.00286203
-1.05075 1.88168e-06
-1.06173 0.00230505
-1.09465 0.00844685
-1.0727 0.0117435
-0.984911 0.0207455
-1.06722 0.0105844
-1.06173 0.0100275
-1.05624 0.00895866
-1.13855 0.00844685
-1.23731 0.00700172
-1.20988 0.0223562
-1.20439 0.0284679
-1.16598 0.0162746
-1.13306 0.0266464
-1.02881 0.0207455
-1.1166 0.0284679
-1.13855 0.0417751
-1.06722 0.033285
-1.12757 0.0162746
-1.1166 0.0207455
-1.12209 0.0129629
-1.18793 0.0162746
-1.21536 0.0215433
-1.28669 0.0429041
-1.23182 0.058951
-1.33059 0.0475707
-1.28121 0.0550221
-1.3251 0.0869805
-1.24829 0.0644004
-1.18793 0.107483
-1.31413 0.130154
-1.22085 0.148579
-1.17695 0.154992
-1.20439 0.128182
-1.14403 0.144379
-1.16049 0.132141
-1.14952 0.0853698
-1.08916 0.0452073
-1.13855 0.0406611
-1.14403 0.0429041
-1.14403 0.0266464
-1.08916 0.0374096
-1.0727 0.031313
-0.962963 0.0284679
-0.990398 0.0177047
-0.930041 0.0177047
-0.946502 0.0117435
-0.990398 0.0135951
-0.951989 0.00844685
-0.979424 0.00204915
-1.00686 0.00381039
-1.03978 0.00569207
-1.06173 0.00381039
-0.984911 0.00451791
-1.06173 0.00948553
-1.05075 0.0111565
-1.01235 0.0155822
-1.03978 0.0342936
-1.03978 0.0463814
-1.01783 0.0429041
-1.03978 0.10929
-1.06173 0.0886063
-1.16598 0.124283
-1.19342 0.132141
-1.29218 0.105692
-1.19342 0.0952599
-1.1989 0.111111
-1.15501 0.111111
-1.16598 0.134143
-1.13306 0.10929
-1.06173 0.100408
-1.09465 0.111111
-1.18244 0.124283
-1.20988 0.114799
-1.1989 0.140239
-1.1989 0.172755
-1.27023 0.177346
-1.33059 0.198752
-1.35254 0.237138
-1.31962 0.203675
-1.18793 0.177346
-1.14403 0.177346
-1.16049 0.226571
-1.24829 0.287673
-1.19342 0.261796
-1.27572 0.296569
-1.28121 0.242512
-1.21536 0.208657
-1.10562 0.163753
-1.07819 0.107483
-1.17147 0.0821935
-1.17695 0.0935739
-1.13306 0.0616456
-1.10562 0.0902471
-1.14403 0.103916
-1.07819 0.098677
-1.17147 0.0853698
-1.1989 0.111111
-1.20439 0.122356
-1.23731 0.126225
-1.25377 0.142302
-1.28121 0.172755
-1.25377 0.157159
-1.27023 0.175043
-1.28121 0.165981
-1.1989 0.177346
-1.17695 0.191481
-1.22634 0.221377
-1.20439 0.198752
-1.24829 0.206158
-1.25377 0.231824
-1.16598 0.278911
-1.24829 0.256211
-1.29767 0.267441
-1.20988 0.253441
-1.26475 0.287673
-1.20988 0.237138
-1.00686 0.168224
-1.14952 0.184346
-1.16598 0.189088
-1.20439 0.273146
-1.15501 0.278911
-1.17147 0.305601
-1.25926 0.375976
-1.31413 0.382735
-1.36351 0.428136
-1.3251 0.33351
-1.25926 0.278911
-1.24829 0.239818
-1.17147 0.2137
-1.17695 0.198752
-1.12209 0.201206
-1.13306 0.170482
-1.18244 0.142302
-1.20439 0.218803
-1.22634 0.146472
-1.22085 0.150702
-1.12757 0.130154
-1.14403 0.098677
-1.14952 0.077542
-1.04527 0.0952599
-0.96845 0.0686454
-1.0727 0.105692
-1.04527 0.0672154
-1.0727 0.0658003
-1.08916 0.077542
-1.10562 0.073026
-1.08916 0.0616456
-1.12757 0.031313
-1.20439 0.031313
-1.05624 0.00795008
-1.01783 0.00895866
-1.03429 0.0162746
-1.00686 0.019195
-1.14403 0.00795008
-1.16598 0.00117605
-1.16598 0.00230505
-1.25926 0.00257602
-1.13306 0.00257602
-1.15501 0.00117605
-1.17695 0.000318003
-1.16049 0.00611357
-1.1989 0.00347922
-1.24829 0.0031631
-1.1989 0.00257602
-1.17147 0.0123457
-1.13855 0.000543804
-1.06173 0.000995407
-1.04527 0.00381039
-1.08916 0.00257602
-1.06173 9.22021e-05
-1.14403 0.000995407
-1.14952 0.000227683
-1.08916 0.000227683
-0.946502 0.00286203
-0.979424 0.00895866
-0.897119 0.0177047
-0.935528 0.0463814
-1.02881 0.0440482
-1.06173 0.0602908
-1.11111 0.077542
-1.12209 0.100408
-1.16598 0.105692
-1.17147 0.107483
-1.17147 0.128182
-1.13855 0.091903
-1.18793 0.120444
-1.15501 0.100408
-1.10562 0.0837741
-1.22634 0.0672154
-1.26475 0.0745163
-1.25377 0.0902471
-1.14952 0.091903
-1.12757 0.0760216
-1.14403 0.0658003
-1.08368 0.0837741
-1.12757 0.0672154
-1.13855 0.0644004
-1.13855 0.0700906
-1.22085 0.103916
-1.37997 0.132141
-1.28121 0.118547
-1.35802 0.172755
-1.34156 0.154992
-1.31962 0.128182
-1.30864 0.132141
-1.35802 0.132141
-1.27023 0.107483
-1.2428 0.0902471
-1.14403 0.0658003
-1.12757 0.073026
-1.18793 0.058951
-1.17695 0.0935739
-1.20988 0.0745163
-1.12757 0.0790775
-1.13855 0.0672154
-1.14952 0.100408
-1.13306 0.102154
-1.27572 0.120444
-1.18793 0.098677
-1.16049 0.0902471
-1.10014 0.122356
-1.09465 0.170482
-1.10014 0.211171
-1.13306 0.148579
-1.16049 0.130154
-1.23182 0.107483
-1.21536 0.116666
-1.23182 0.140239
-1.29767 0.120444
-1.22085 0.146472
-1.16598 0.150702
-1.07819 0.122356
-1.18793 0.142302
-1.19342 0.168224
-1.26475 0.112948
-1.21536 0.142302
-1.1989 0.142302
-1.25926 0.098677
-1.25926 0.0886063
-1.16049 0.0837741
-1.02881 0.0715507
-1.20439 0.0715507
-1.12209 0.0602908
-1.10014 0.0644004
-1.06722 0.0616456
-1.09465 0.0563167
-1.12209 0.0686454
-1.08368 0.0760216
-1.18793 0.091903
-1.18793 0.091903
-1.22634 0.0715507
-1.16049 0.0715507
-1.13855 0.102154
-1.21536 0.111111
-1.17147 0.0969609
-1.25926 0.118547
-1.16049 0.0686454
-1.19342 0.0363559
-1.1989 0.0231841
-1.24829 0.0266464
-1.24829 0.0303496
-1.29218 0.0417751
-1.17695 0.0207455
-1.0727 0.0363559
-1.18244 0.0475707
-1.22085 0.0644004
-1.18793 0.0440482
-1.13855 0.0384784
-1.03978 0.0248852
-1.11111 0.0215433
-1.14952 0.0463814
-1.30316 0.0406611
-1.30864 0.0499943
-1.34156 0.0658003
-1.24829 0.0790775
-1.20988 0.0700906
-1.10014 0.0524781
-1.1166 0.0524781
-1.18244 0.0550221
-1.21536 0.0452073
-1.11111 0.0429041
-1.05624 0.0257583
-1.08916 0.0177047
-1.11111 0.0129629
-1.09465 0.0142424
-1.11111 0.00844685
-1.10562 0.00655012
-1.09465 0.000995407
-1.14403 0.000679285
-1.08368 0.00204915
-1.10562 1.69351e-05
-1.13306 0.0105844
-1.01235 0.0135951
-1.10014 0.0294012
-1.11111 0.0266464
-1.03429 0.0142424
-1.12757 0.033285
-1.13855 0.0374096
-1.19342 0.0294012
-1.19342 0.0294012
-1.17695 0.0240271
-1.10562 0.0231841
-1.14952 0.0184423
-1.15501 0.0223562
-1.13855 0.0215433
-1.0727 0.0275496
-1.10014 0.0240271
-1.18244 0.0129629
-1.22634 0.00746837
-1.23182 0.0142424
-1.13855 0.00948553
-1.06722 1.88168e-06
-1.06173 9.22021e-05
-1.0727 0.00451791
-1.08368 0.00451791
-1.05624 0.000227683
-1.11111 0.00451791
-1.1166 0.00611357
-1.03978 9.22021e-05
-1.13306 0.000152416
-1.06173 0.000543804
-1.0727 0.00257602
-1.12209 4.70419e-05
-1.14952 1.88168e-06
-1.1166 0.00158249
-1.16598 0.000829819
-1.06173 0.000995407
-0.995885 0.000423377
-1.15501 1.88168e-06
-1.14952 0.00286203
-1.01235 0.00347922
-1.01235 0.000543804
-1.10014 0.00158249
-1.05075 0.000152416
-1.04527 0.000829819
-1.03429 0.00700172
-1.03429 0.0123457
-1.00137 0.0199627
-0.995885 0.0452073
-1.00686 0.0672154
-0.979424 0.0700906
-1.02332 0.0821935
-1.01235 0.0700906
-1.06722 0.0537426
-1.08916 0.0384784
-1.02881 0.0223562
-1.05075 0.0240271
-1.15501 0.0406611
-1.05624 0.0353172
-1.1166 0.0440482
-1.14403 0.077542
-1.12757 0.058951
-1.10562 0.0969609
-1.08368 0.077542
-1.01783 0.0563167
-1.11111 0.0790775
-1.06722 0.0715507
-1.03429 0.0658003
-1.0727 0.0576263
-1.14952 0.0644004
-1.14403 0.0429041
-1.14403 0.0487749
-1.06173 0.0686454
-1.15501 0.0644004
-1.17147 0.080628
-1.23182 0.0886063
-1.23182 0.0790775
-1.12757 0.102154
-1.20439 0.144379
-1.14952 0.142302
-1.19342 0.146472
-1.23731 0.179664
-1.26475 0.191481
-1.10562 0.132141
-1.2428 0.157159
-1.28669 0.203675
-1.22085 0.186709
-1.11111 0.159342
-1.16049 0.170482
-1.13855 0.112948
-1.20439 0.126225
-1.30316 0.10929
-1.24829 0.098677
-1.17695 0.0821935
-1.37449 0.0935739
-1.24829 0.0935739
-1.25926 0.0869805
-1.24829 0.0630155
-1.16598 0.0452073
-1.14403 0.031313
-1.08916 0.0257583
-1.11111 0.0384784
-1.15501 0.0602908
-1.14403 0.0524781
-1.17147 0.0616456
-1.22634 0.077542
-1.16598 0.0658003
-1.01783 0.0886063
-1.14403 0.080628
-1.17695 0.10929
-1.17695 0.073026
-1.22085 0.0760216
-1.23182 0.0790775
-1.27023 0.100408
-1.30316 0.111111
-1.19342 0.120444
-1.27023 0.122356
-1.35254 0.134143
-1.33059 0.132141
-1.35802 0.175043
-1.33059 0.170482
-1.24829 0.218803
-1.19342 0.172755
-1.20439 0.170482
-1.15501 0.159342
-1.13855 0.128182
-1.21536 0.122356
-1.18793 0.132141
-1.14952 0.134143
-1.17147 0.144379
-1.11111 0.168224
-1.16598 0.181998
-1.16049 0.142302
-1.09465 0.122356
-1.18244 0.120444
-1.16598 0.103916
-1.18244 0.124283
-1.18244 0.116666
-1.13855 0.0837741
-1.23182 0.0395622
-1.21536 0.0275496
-1.19342 0.0537426
-1.20439 0.0563167
-1.30316 0.0576263
-1.34705 0.0524781
-1.31413 0.0537426
-1.18793 0.033285
-1.1989 0.0342936
-1.22085 0.0257583
-1.18244 0.0257583
-1.24829 0.0169821
-1.25377 0.0223562
-1.18793 0.0342936
-1.24829 0.0184423
-1.03978 0.0199627
-1.10014 0.0363559
-1.09465 0.0524781
-1.16049 0.0429041
-1.18244 0.0537426
-1.17695 0.0576263
-1.17695 0.0616456
-1.22085 0.0853698
-1.20988 0.091903
-1.19342 0.0969609
-1.1989 0.098677
-1.1166 0.077542
-1.09465 0.0524781
-1.05075 0.0429041
-1.10014 0.0374096
-1.01235 0.033285
-0.96845 0.0374096
-0.973937 0.0463814
-0.935528 0.0440482
-0.957476 0.0658003
-0.908093 0.0602908
-0.962963 0.0550221
-0.995885 0.0342936
-1.12757 0.0672154
-1.1166 0.10929
-1.14952 0.116666
-1.16598 0.122356
-1.12757 0.116666
-1.14952 0.0700906
-1.08368 0.073026
-1.06722 0.0602908
-1.0727 0.0821935
-1.07819 0.10929
-1.14952 0.0821935
-1.12209 0.0616456
-1.05624 0.031313
-1.14403 0.0499943
-1.06722 0.0602908
-0.91358 0.0395622
-1.02332 0.033285
-1.10014 0.0248852
-1.01783 0.0177047
-1.05624 0.0162746
-0.990398 0.0123457
-1.03429 0.0257583
-1.0727 0.0207455
-1.10562 0.0135951
-1.09465 0.00746837
-1.06173 0.00257602
-1.06722 0.000995407
-1.09465 0.00611357
-1.16598 0.00257602
-1.17695 0.0123457
-1.23182 0.00611357
-1.20988 0.00948553
-1.17147 0.0129629
-1.20439 0.0100275
-1.20439 0.00795008
-1.20988 0.0169821
-1.17695 0.0223562
-1.07819 0.00746837
-1.13306 0.00180829
-1.08916 1.88168e-06
-1.20439 0.00948553
-1.17695 0.00611357
-1.16598 0.0207455
-1.29218 0.0374096
-1.20988 0.0322914
-1.2428 0.0322914
-1.14952 0.0322914
-1.16049 0.0440482
-1.09465 0.0463814
-0.979424 0.0215433
-1.04527 0.0395622
-1.03978 0.0240271
-0.979424 0.0257583
-1.04527 0.00655012
-1.16598 0.0117435
-1.12757 0.00286203
-1.16049 0.00415662
-1.12757 0.000679285
-1.00137 1.88168e-06
-1.07819 0.000152416
-1.12757 0.00844685
-1.0727 0.00230505
-1.02332 0.00746837
-1.16598 0.00611357
-1.18244 0.00204915
-1.1989 0.0031631
-1.25926 0.000679285
-1.15501 1.88168e-06
-1.15501 0.000995407
-1.23182 0.0215433
-1.25926 0.0129629
-1.1989 0.019195
-1.12757 0.00180829
-1.24829 9.22021e-05
-1.13855 0.000543804
-1.13855 4.70419e-05
-1.08368 0.000227683
-1.11111 1.69351e-05
-1.19342 0.000679285
-1.18793 0.00415662
-1.03429 0.0149048
-1.00137 0.0223562
-1.11111 0.0284679
-1.08368 0.031313
-1.03978 0.0100275
-1.05075 0.00137174
-1.10014 0.000227683
-1.05075 9.22021e-05
-1.09465 1.69351e-05
-1.03978 1.69351e-05
-1.13855 0.00158249
-1.06722 0.00257602
-1.06173 0.00611357
-1.12757 0.0100275
-1.14403 0.00746837
-1.17695 0.00844685
-1.19342 0.0184423
-1.07819 0.0266464
-1.1166 0.0248852
-1.06173 0.0169821
-1.06173 0.00611357
-1.05624 0.0031631
-1.16049 0.00451791
-1.12757 0.0031631
-1.09465 0.00381039
-1.04527 0.00451791
-1.13855 0.0135951
-1.0727 0.000152416
-1.07819 9.22021e-05
-1.10014 0.00117605
-1.03978 0.000829819
-0.995885 4.70419e-05
-1.03978 0.00257602
-1.08916 0.000318003
-1.16049 0.000829819
-1.12757 0.0100275
-1.10014 0.0149048
-1.13855 0.0135951
-1.14952 0.00117605
-1.05075 0.00180829
-1.10562 0.00204915
-1.10562 0.00137174
-1.13306 1.88168e-06
-1.22634 1.69351e-05
-1.22634 1.69351e-05
-1.22085 0.00117605
-1.19342 0.000679285
-1.13855 0.00230505
-1.14403 0.0169821
-1.10014 0.00655012
-1.1166 0.00655012
-1.12757 0.0294012
-1.16049 0.0475707
-1.18244 0.0576263
-1.12757 0.0512286
-1.1166 0.0475707
-1.01235 0.0616456
-1.06173 0.107483
-1.17695 0.102154
-1.16598 0.103916
-1.17695 0.111111
-1.15501 0.112948
-1.20988 0.146472
-1.17147 0.116666
-1.17147 0.16154
-1.20988 0.208657
-1.29767 0.234474
-1.16598 0.2137
-1.16598 0.223967
-1.17695 0.237138
-1.14952 0.184346
-1.22634 0.170482
-1.20439 0.154992
-1.20439 0.152839
-1.25377 0.16154
-1.17695 0.175043
-1.16049 0.165981
-1.1989 0.165981
-1.22634 0.19389
-1.23731 0.163753
-1.28121 0.191481
-1.16598 0.138192
-1.1166 0.0745163
-1.08916 0.128182
-1.16049 0.16154
-1.18244 0.165981
-1.18793 0.186709
-1.17147 0.239818
-1.07819 0.181998
-1.12209 0.201206
-1.17695 0.250686
-1.14403 0.278911
-1.22085 0.261796
-1.21536 0.253441
-1.22085 0.198752
-1.20988 0.208657
-1.23731 0.211171
-1.1989 0.196313
-1.1989 0.19389
-1.2428 0.208657
-1.16598 0.19389
-1.17147 0.218803
-1.23182 0.247947
-1.25926 0.281817
-1.25377 0.290623
-1.12757 0.208657
-1.07819 0.165981
-1.04527 0.134143
-1.1166 0.163753
-1.17147 0.239818
-1.22085 0.273146
-1.25926 0.305601
-1.33059 0.302575
-1.35802 0.305601
-1.33608 0.296569
-1.21536 0.308642
-1.37997 0.386137
-1.37449 0.403373
-1.34705 0.442617
-1.36351 0.476081
-1.40192 0.52657
-1.35254 0.491345
-1.31962 0.50685
-1.50069 0.546667
-1.44033 0.530559
-1.38546 0.502951
-1.35802 0.50685
-1.39643 0.472303
-1.38546 0.479875
-1.33059 0.442617
-1.3251 0.442617
-1.30316 0.45734
-1.31413 0.461058
-1.20439 0.438974
-1.15501 0.446275
-1.20988 0.428136
-1.17695 0.369277
-1.1989 0.349542
-1.23182 0.406865
-1.1989 0.403373
-1.20439 0.424553
-1.26475 0.406865
-1.30316 0.420986
-1.24829 0.453636
-1.26475 0.442617
-1.37449 0.542617
-1.39095 0.502951
-1.51166 0.622129
-1.4513 0.534564
-1.41289 0.50685
-1.37449 0.530559
-1.38546 0.483683
-1.24829 0.472303
-1.26475 0.472303
-1.36351 0.464791
-1.34705 0.435347
-1.29218 0.330349
-1.30316 0.403373
-1.37449 0.442617
-1.3251 0.417433
-1.30864 0.35606
-1.25377 0.320956
-1.22634 0.284737
-1.17695 0.237138
-1.16049 0.22919
-1.1989 0.273146
-1.16598 0.273146
-1.18244 0.242512
-1.27572 0.253441
-1.24829 0.302575
-1.20988 0.250686
-1.21536 0.258996
-1.27572 0.281817
-1.25377 0.218803
-1.27572 0.245222
-1.30864 0.22919
-1.33059 0.247947
-1.36351 0.245222
-1.27023 0.223967
-1.30864 0.287673
-1.33059 0.305601
-1.19342 0.231824
-1.22634 0.242512
-1.22085 0.278911
-1.31413 0.290623
-1.38546 0.22919
-1.36351 0.226571
-1.24829 0.177346
-1.36351 0.201206
-1.31962 0.179664
-1.369 0.152839
-1.41289 0.159342
-1.34156 0.13616
-1.34156 0.138192
-1.33059 0.172755
-1.27572 0.191481
-1.30316 0.2137
-1.40741 0.270286
-1.35802 0.305601
-1.40741 0.308642
-1.36351 0.299565
-1.27023 0.273146
-1.26475 0.231824
-1.27572 0.163753
-1.21536 0.118547
-1.27572 0.103916
-1.21536 0.111111
-1.24829 0.0886063
-1.1989 0.0672154
-1.14403 0.0853698
-1.14952 0.114799
-1.20439 0.0821935
-1.20988 0.073026
-1.18793 0.0616456
-1.20439 0.0417751
-1.14403 0.033285
-1.05075 0.0537426
-1.06722 0.0406611
-1.03429 0.0487749
-1.18793 0.0463814
-1.10014 0.0440482
-1.20439 0.0384784
-1.23182 0.0417751
-1.22634 0.0463814
-1.14403 0.0384784
-1.09465 0.0384784
-1.12757 0.102154
-1.11111 0.10929
-0.96845 0.112948
-0.984911 0.0760216
-1.06173 0.0616456
-1.05624 0.080628
-0.984911 0.0550221
-1.06722 0.132141
-1.11111 0.132141
-1.15501 0.163753
-1.14952 0.165981
-1.17147 0.198752
-1.17147 0.231824
-1.17695 0.223967
-1.20439 0.189088
-1.13306 0.172755
-1.11111 0.152839
-1.20988 0.150702
-1.13306 0.144379
-1.10562 0.0969609
-1.08368 0.100408
-1.06173 0.0935739
-1.08916 0.0686454
-1.10562 0.0760216
-1.09465 0.0672154
-1.05624 0.0952599
-0.962963 0.103916
-1.10014 0.0837741
-1.13306 0.124283
-1.04527 0.134143
-1.02881 0.142302
-1.15501 0.157159
-1.07819 0.111111
-1.01783 0.0869805
-1.06173 0.0630155
-1.06722 0.073026
-1.08368 0.0715507
-1.12757 0.0821935
-1.1166 0.100408
-1.05624 0.0902471
-1.13306 0.105692
-1.16049 0.0886063
-1.16598 0.102154
-1.14952 0.0886063
-1.28121 0.0886063
-1.14403 0.0821935
-1.14952 0.0902471
-1.2428 0.0837741
-1.19342 0.0616456
-1.19342 0.0821935
-1.16049 0.080628
-1.15501 0.0686454
-1.23731 0.0869805
-1.25377 0.102154
-1.31413 0.118547
-1.28669 0.098677
-1.23731 0.112948
-1.23731 0.124283
-1.18244 0.157159
-1.19342 0.128182
-1.19342 0.140239
-1.25377 0.186709
-1.22085 0.150702
-1.24829 0.186709
-1.18244 0.19389
-1.2428 0.189088
-1.12757 0.172755
-1.18793 0.189088
-1.20439 0.203675
-1.14403 0.138192
-1.19342 0.221377
-1.05624 0.206158
-1.05624 0.165981
-1.14952 0.245222
-1.12209 0.221377
-1.15501 0.247947
-1.22634 0.330349
-1.2428 0.339878
-1.28669 0.386137
-1.25926 0.375976
-1.1989 0.389554
-1.25377 0.375976
-1.22634 0.339878
-1.33608 0.346306
-1.25377 0.324072
-1.28121 0.343084
-1.21536 0.317855
-1.19342 0.346306
-1.21536 0.379348
-1.23731 0.392986
-1.18793 0.369277
-1.31962 0.406865
-1.23182 0.327203
-1.24829 0.36595
-1.30864 0.379348
-1.25377 0.386137
-1.28669 0.392986
-1.30864 0.428136
-1.28121 0.410373
-1.31413 0.389554
-1.28121 0.349542
-1.25926 0.336686
-1.26475 0.372619
-1.27572 0.278911
-1.16049 0.237138
-1.2428 0.305601
-1.28121 0.339878
-1.30864 0.386137
-1.34705 0.413895
-1.30864 0.320956
-1.20988 0.270286
-1.24829 0.237138
-1.27023 0.258996
-1.20439 0.218803
-1.28121 0.231824
-1.31962 0.253441
-1.25926 0.264611
-1.23182 0.250686
-1.23182 0.231824
-1.21536 0.267441
-1.17695 0.305601
-1.28121 0.369277
-1.34705 0.399896
-1.33608 0.449948
-1.3251 0.413895
-1.30864 0.446275
-1.29767 0.428136
-1.20439 0.330349
-1.10014 0.231824
-1.19342 0.223967
-1.17695 0.264611
-1.11111 0.201206
-1.14952 0.239818
-1.25377 0.273146
-1.20439 0.221377
-1.31413 0.270286
-1.33059 0.305601
-1.34705 0.284737
-1.369 0.305601
-1.31413 0.264611
-1.34705 0.247947
-1.37997 0.218803
-1.38546 0.16154
-1.40741 0.144379
-1.40192 0.170482
-1.28669 0.140239
-1.35254 0.13616
-1.30864 0.13616
-1.3251 0.126225
-1.33608 0.130154
-1.29218 0.130154
-1.2428 0.107483
-1.30316 0.0952599
-1.25926 0.0837741
-1.23182 0.0512286
-1.21536 0.0463814
-1.11111 0.0223562
-1.20439 0.0512286
-1.14952 0.0374096
-1.1989 0.0463814
-1.10562 0.0463814
-1.18793 0.107483
-1.18793 0.0969609
-1.17695 0.100408
-1.19342 0.0602908
-1.24829 0.0512286
-1.12757 0.0644004
-1.08368 0.0935739
-1.20439 0.0745163
-1.17695 0.0869805
-1.2428 0.073026
-1.19342 0.118547
-1.16049 0.116666
-1.14952 0.140239
-1.17695 0.107483
-1.29767 0.13616
-1.31413 0.142302
-1.27572 0.122356
-1.38546 0.138192
-1.29218 0.13616
-1.35802 0.168224
-1.35802 0.112948
-1.21536 0.107483
-1.18244 0.105692
-1.1989 0.124283
-1.10562 0.16154
-1.20988 0.165981
-1.1166 0.126225
-1.10014 0.111111
-1.08368 0.0837741
-1.13306 0.0616456
-1.16598 0.0550221
-1.17147 0.0524781
-1.1166 0.0487749
-1.1989 0.0524781
-1.17695 0.031313
-1.25377 0.0162746
-1.17147 0.019195
-1.18244 0.0576263
-1.26475 0.0715507
-1.14403 0.0644004
-1.20439 0.0406611
-1.13306 0.0576263
-1.18793 0.0672154
-1.20439 0.0644004
-1.23731 0.0550221
-1.18793 0.0406611
-1.23731 0.0463814
-1.17695 0.0417751
-1.23182 0.058951
-1.21536 0.0686454
-1.17695 0.0969609
-1.12209 0.100408
-1.16598 0.0952599
-1.18244 0.124283
-1.12209 0.128182
-1.19342 0.134143
-1.15501 0.103916
-1.23731 0.0935739
-1.27572 0.0821935
-1.18244 0.0837741
-1.1989 0.0745163
-1.1166 0.0837741
-1.10014 0.0790775
-1.20988 0.091903
-1.22085 0.0902471
-1.14952 0.0869805
-1.08916 0.0576263
-1.10562 0.0475707
-1.16049 0.0869805
-1.17147 0.073026
-1.14403 0.100408
-1.16049 0.114799
-1.11111 0.148579
-1.06722 0.146472
-1.05075 0.16154
-1.06173 0.186709
-1.13306 0.196313
-1.14403 0.184346
-1.09465 0.189088
-0.990398 0.130154
-1.04527 0.111111
-1.13306 0.152839
-1.11111 0.203675
-1.14403 0.201206
-1.10014 0.196313
-1.0727 0.184346
-1.1989 0.184346
-1.26475 0.198752
-1.23731 0.189088
-1.1989 0.211171
-1.13306 0.221377
-1.17695 0.293589
-1.30316 0.336686
-1.19342 0.314769
-1.30864 0.308642
-1.13855 0.273146
-1.16049 0.281817
-1.27572 0.305601
-1.20988 0.256211
-1.2428 0.242512
-1.27572 0.314769
-1.23731 0.296569
-1.20988 0.250686
-1.18244 0.216244
-1.18793 0.218803
-1.15501 0.168224
-1.0727 0.184346
-1.04527 0.179664
-1.07819 0.16154
-1.03429 0.152839
-1.17695 0.112948
-1.08916 0.13616
-1.12209 0.134143
-1.10562 0.122356
-1.17695 0.118547
-1.17147 0.128182
-1.15501 0.132141
-1.14952 0.118547
-1.12209 0.138192
-1.18244 0.159342
-1.23731 0.130154
-1.1989 0.122356
-1.22085 0.130154
-1.21536 0.105692
-1.18244 0.080628
-1.19342 0.103916
-1.23731 0.102154
-1.1989 0.102154
-1.22085 0.080628
-1.13855 0.077542
-1.17695 0.0745163
-1.16049 0.0672154
-1.13306 0.0886063
-1.16598 0.138192
-1.1989 0.116666
-1.12757 0.142302
-1.13855 0.118547
-1.07819 0.107483
-1.12757 0.0837741
-1.16049 0.0672154
-1.17695 0.0837741
-1.13306 0.107483
-1.23731 0.111111
-1.13306 0.080628
-1.09465 0.0644004
-1.13306 0.0602908
-1.08368 0.0658003
-0.984911 0.0487749
-1.12757 0.0616456
-1.15501 0.077542
-1.14403 0.098677
-1.18244 0.138192
-1.11111 0.112948
-1.14952 0.0686454
-1.13855 0.132141
-1.23731 0.13616
-1.11111 0.105692
-1.17147 0.142302
-1.14952 0.132141
-1.18244 0.0886063
-1.16598 0.0512286
-1.10014 0.0760216
-1.11111 0.0363559
-1.16049 0.0374096
-1.14403 0.0284679
-1.24829 0.0155822
-1.14952 0.0105844
-1.14403 0.00700172
-1.11111 0.000543804
-1.14403 0.00489424
-1.13306 0.00180829
-1.13306 0.000543804
-1.08916 0.000152416
-1.08368 0.00180829
-1.01783 0.0223562
-1.00137 0.0111565
-1.01783 0.00489424
-1.05075 0.000543804
-1.06173 0.00569207
-1.13855 0.00347922
-1.16049 0.00180829
-1.10014 0.00528563
-1.11111 0.00948553
-1.12757 0.0123457
-1.12209 0.0142424
-1.02881 0.0135951
-0.984911 0.0294012
-1.02881 0.0117435
-0.984911 0.0199627
-1.08916 0.0257583
-1.06173 0.0363559
-1.02881 0.0342936
-0.962963 0.0117435
-1.02332 0.00451791
-0.984911 0.00117605
-1.03978 4.70419e-05
-0.979424 0.00489424
-1.05624 0.033285
-1.12757 0.0294012
-1.14952 0.0406611
-1.13306 0.0207455
-1.18244 0.0105844
-1.0727 0.0294012
-1.10014 0.0322914
-1.15501 0.0240271
-1.13306 0.0223562
-1.21536 0.0294012
-1.11111 0.0374096
-1.12209 0.0294012
-1.18793 0.033285
-1.22634 0.0266464
-1.23182 0.033285
-1.20988 0.0322914
-1.17695 0.0322914
-1.16049 0.0266464
-1.10014 0.0363559
-1.20988 0.0499943
-1.21536 0.0700906
-1.22634 0.0672154
-1.15501 0.0353172
-1.11111 0.0248852
-1.10562 0.0123457
-1.11111 0.0123457
-1.14952 0.0303496
-1.10562 0.0184423
-1.05624 0.0135951
-1.08368 0.0105844
-1.05624 0.00451791
-1.03429 0.00895866
-1.1166 0.0100275
-1.14952 0.0117435
-1.24829 0.0123457
-1.21536 0.0162746
-1.20439 0.00795008
-1.14952 0.0105844
-1.13306 0.00347922
-1.12757 0.00257602
-1.13855 0.000829819
-1.01235 0.000152416
-1.08368 0.000318003
-1.1166 0.000227683
-1.06722 0.00489424
-1.06173 0.00844685
-1.03978 0.0100275
-1.02332 0.0123457
-1.15501 0.0100275
-1.10562 0.0257583
-1.13855 0.0240271
-1.14952 0.0440482
-1.03978 0.0257583
-1.12209 0.0149048
-1.08368 0.00844685
-0.973937 0.0162746
-1.02881 0.0105844
-0.962963 0.00257602
-1.07819 0.000152416
-1.10014 0.000152416
-1.05075 0.000679285
-1.10014 0.00117605
-1.17147 0.00180829
-1.14952 0.00137174
-1.09465 9.22021e-05
-1.13306 0.000318003
-1.08916 0.00158249
-1.06173 0.00746837
-1.21536 0.00569207
-1.20439 0.000318003
-1.18244 9.22021e-05
-1.12209 0.000423377
-1.20439 0.00347922
-1.04527 0.0169821
-1.06173 0.0294012
-1.10014 0.0162746
-0.979424 0.0215433
-1.00137 0.0231841
-1.00137 0.0284679
-1.02332 0.0248852
-1.01783 0.0231841
-1.01783 0.0177047
-1.00686 0.0266464
-1.05624 0.058951
-1.06722 0.0715507
-1.09465 0.0715507
-1.10014 0.0374096
-1.13306 0.0384784
-1.15501 0.0406611
-1.08916 0.0100275
-0.973937 0.00948553
-0.941015 0.0105844
-1.14403 0.00230505
-1.18244 0.00117605
-1.02332 0.000543804
-1.12209 0.00415662
-1.17147 0.000423377
-1.11111 1.69351e-05
-1.05075 0.00569207
-0.990398 0.0111565
-1.10014 0.0215433
-1.06722 0.0184423
-1.01783 0.0215433
-1.04527 0.0452073
-1.08368 0.0537426
-1.08368 0.0745163
-1.11111 0.098677
-1.13306 0.114799
-1.08368 0.102154
-1.06173 0.0715507
-1.05075 0.0602908
-1.08368 0.0563167
-1.02881 0.0745163
-1.12757 0.120444
-1.13855 0.130154
-1.14952 0.0672154
-1.23182 0.10929
-1.18244 0.100408
-1.15501 0.0853698
-1.09465 0.0902471
-1.11111 0.091903
-1.05075 0.0886063
-1.18793 0.122356
-1.31413 0.134143
-1.27572 0.122356
-1.15501 0.138192
-1.08368 0.138192
-1.14952 0.152839
-1.17147 0.0969609
-1.11111 0.105692
-1.12757 0.0630155
-1.0727 0.0630155
-1.14952 0.0760216
-1.14952 0.091903
-1.11111 0.132141
-1.12757 0.0745163
-1.13855 0.080628
-1.29767 0.107483
-1.19342 0.0745163
-1.26475 0.0869805
-1.12209 0.098677
-1.14952 0.098677
-1.16049 0.0853698
-1.16049 0.0935739
-1.20439 0.0700906
-1.19342 0.0700906
-1.1989 0.098677
-1.16598 0.102154
-1.12209 0.120444
-1.17695 0.107483
-1.14952 0.112948
-1.16049 0.114799
-1.18244 0.10929
-1.17695 0.0853698
-1.21536 0.077542
-1.23182 0.105692
-1.12209 0.0790775
-1.17695 0.0886063
-1.16049 0.10929
-1.20439 0.10929
-1.04527 0.0630155
-0.96845 0.0275496
-0.973937 0.0223562
-1.05075 0.0199627
-1.06173 0.0342936
-1.0727 0.0406611
-0.979424 0.0275496
-1.12209 0.0440482
-1.15501 0.0499943
-1.15501 0.0417751
-1.08368 0.019195
-1.06722 0.0240271
-1.15501 0.0384784
-1.19342 0.0602908
-1.23182 0.0902471
-1.10562 0.0902471
-1.00686 0.0672154
-1.06173 0.0487749
-1.04527 0.0563167
-1.16598 0.0672154
-1.14403 0.107483
-1.10562 0.0745163
-1.16598 0.0952599
-1.27572 0.175043
-1.17147 0.112948
-1.16049 0.0952599
-1.15501 0.0935739
-1.13306 0.0837741
-1.1166 0.0935739
-1.14403 0.0745163
-1.13855 0.077542
-1.17695 0.0524781
-1.18793 0.0417751
-1.22634 0.0353172
-1.13855 0.0129629
-1.11111 0.0149048
-1.04527 0.0142424
-1.1166 0.0322914
-1.14403 0.0266464
-1.13306 0.0155822
-1.03429 0.00415662
-1.06722 0.00700172
-1.05624 0.00257602
-1.17147 4.70419e-05
-1.06722 0.00117605
-1.0727 9.22021e-05
-1.05624 0.00347922
-1.13306 0.00117605
-1.21536 0.00381039
-1.21536 0.00844685
-1.22634 0.00700172
-1.16598 0.0199627
-1.23731 0.0117435
-1.23731 0.0215433
-1.17695 0.00795008
-1.06722 0.0162746
-1.10014 0.0135951
-1.11111 0.00700172
-1.11111 0.00528563
-1.00137 0.00230505
-1.00137 4.70419e-05
-0.957476 0.00611357
-1.06722 0.00451791
-1.08916 0.0199627
-1.10014 0.0463814
-1.05075 0.0463814
-1.06173 0.0384784
-1.02881 0.0184423
-1.08368 0.00451791
-1.10562 0.00180829
-1.05075 0.000227683
-1.11111 4.70419e-05
-1.16049 4.70419e-05
-1.08916 0.000152416
-1.1166 0.00795008
-1.1166 0.00451791
-1.16049 0.00948553
-1.15501 0.000318003
-1.1989 0.00158249
-1.27023 9.22021e-05
-1.22085 0.000318003
-1.22634 0.000227683
-1.10014 0.00204915
-1.08916 0.000829819
-1.03978 0.00230505
-0.973937 0.00347922
-1.08916 0.00347922
-1.02332 0.000318003
-0.962963 0.00137174
-1.03978 0.000227683
-1.20439 0.000995407
-1.17695 0.000995407
-1.13855 0.000423377
-1.18244 0.000679285
-1.16049 0.00381039
-1.13306 0.00257602
-1.09465 1.88168e-06
-1.09465 0.000423377
-1.12209 0.00286203
-1.09465 0.00844685
-1.07819 0.00347922
-1.10014 0.00451791
-1.09465 0.0031631
-1.07819 0.00700172
-1.08916 0.00257602
-1.03978 0.0248852
-1.12209 0.0452073
-1.06722 0.0275496
-1.12209 0.0363559
-1.0727 0.0215433
-0.979424 0.031313
-1.09465 0.0223562
-0.990398 0.0406611
-1.04527 0.0576263
-1.05624 0.0524781
-1.05624 0.0563167
-1.15501 0.0672154
-1.0727 0.0686454
-1.23731 0.0837741
-1.27572 0.0821935
-1.17147 0.0745163
-1.1166 0.0658003
-1.17147 0.0760216
-1.21536 0.118547
-1.19342 0.105692
-1.17695 0.077542
-1.23731 0.091903
-1.09465 0.122356
-1.14403 0.140239
-1.13306 0.165981
-1.08368 0.198752
-1.22634 0.226571
-1.15501 0.198752
-1.08916 0.168224
-1.12757 0.170482
-1.08368 0.154992
-1.13306 0.231824
-1.18244 0.157159
-1.26475 0.134143
-1.23731 0.122356
-1.17695 0.111111
-1.22634 0.0869805
-1.20439 0.0630155
-1.16598 0.0869805
-1.09465 0.0886063
-1.23182 0.073026
-1.22634 0.0790775
-1.20439 0.10929
-1.17147 0.0902471
-1.12757 0.080628
-1.10562 0.0902471
-1.17695 0.107483
-1.10014 0.105692
-1.17695 0.134143
-1.22085 0.10929
-1.28669 0.196313
-1.27572 0.221377
-1.27023 0.159342
-1.22085 0.142302
-1.15501 0.103916
-1.17147 0.0886063
-1.20439 0.0886063
-1.33059 0.105692
-1.28121 0.118547
-1.28121 0.165981
-1.27572 0.163753
-1.34156 0.16154
-1.1989 0.159342
-1.18244 0.179664
-1.18244 0.152839
-1.10562 0.124283
-1.08916 0.0853698
-1.11111 0.154992
-1.10562 0.146472
-1.15501 0.142302
-1.24829 0.152839
-1.17147 0.128182
-1.09465 0.154992
-1.06173 0.148579
-1.12209 0.13616
-1.21536 0.142302
-1.21536 0.126225
-1.19342 0.120444
-1.02881 0.077542
-1.10562 0.0821935
-1.1166 0.0869805
-1.09465 0.100408
-1.05624 0.0869805
-1.07819 0.0550221
-1.06722 0.0406611
-1.17147 0.0576263
-1.10562 0.0537426
-1.1989 0.0715507
-1.14952 0.0790775
-1.08368 0.10929
-1.14952 0.111111
-1.14403 0.0790775
-1.18244 0.0550221
-1.25926 0.0837741
-1.21536 0.0602908
-1.1989 0.0524781
-1.08368 0.0223562
-0.935528 0.00655012
-1.04527 0.0155822
-1.04527 0.019195
-1.07819 0.00700172
-1.08368 0.00655012
-1.10562 0.0123457
-1.13855 0.0257583
-1.02332 0.031313
-1.18793 0.0275496
-1.10014 0.019195
-1.15501 0.019195
-1.10014 0.0142424
-1.06722 0.0177047
-1.08916 0.0240271
-1.11111 0.0169821
-1.12209 0.00948553
-1.07819 1.69351e-05
-1.03429 0.000829819
-1.10562 0.000152416
-1.1166 0.00700172
-1.07819 0.00948553
-1.0727 0.00451791
-1.12757 0.00655012
-1.0727 0.00489424
-1.0727 0.00415662
-1.0727 0.00347922
-0.995885 0.00117605
-1.05624 0.00117605
-1.10014 1.69351e-05
-1.10562 1.69351e-05
-1.10014 4.70419e-05
-1.04527 0.00230505
-1.10562 0.00948553
-1.06722 0.0177047
-1.13306 0.0135951
-1.08916 0.0223562
-1.19342 0.0184423
-1.0727 0.0303496
-1.14403 0.0215433
-1.08916 0.0207455
-1.00137 0.0257583
-1.03429 0.0499943
-1.04527 0.0658003
-1.07819 0.0760216
-1.08368 0.0790775
-1.23182 0.0886063
-1.28121 0.134143
-1.25926 0.154992
-1.39643 0.203675
-1.34705 0.206158
-1.28121 0.154992
-1.16598 0.120444
-1.16598 0.111111
-1.27572 0.146472
-1.1989 0.124283
-1.21536 0.122356
-1.3251 0.157159
-1.20439 0.118547
-1.20988 0.13616
-1.26475 0.111111
-1.24829 0.0902471
-1.23731 0.126225
-1.14403 0.157159
-1.22085 0.159342
-1.16598 0.152839
-1.13855 0.152839
-1.17147 0.170482
-1.0727 0.140239
-1.05075 0.140239
-1.16598 0.208657
-1.06173 0.184346
-1.07819 0.186709
-1.14403 0.177346
-1.21536 0.184346
-1.16598 0.203675
-1.14403 0.152839
-1.18244 0.163753
-1.18244 0.148579
-1.14403 0.159342
-1.1166 0.191481
-1.17695 0.184346
-1.16598 0.134143
-1.09465 0.0837741
-1.11111 0.058951
-1.04527 0.0199627
-1.0727 0.0129629
-0.990398 0.00381039
-0.979424 0.000995407
-1.08368 0.00381039
-1.13306 0.00415662
-1.11111 4.70419e-05
-1.0727 1.69351e-05
-1.11111 0.00230505
-1.08368 9.22021e-05
-1.14403 0.00137174
-1.1166 1.69351e-05
-1.18793 0.00230505
-1.18244 0.000152416
-1.13855 0.00347922
-1.14952 0.00347922
-1.0727 0.00795008
-1.05624 0.00489424
-0.990398 0.00451791
-0.979424 0.000152416
-0.957476 0.000829819
-1.02881 0.00257602
-1.04527 1.69351e-05
-1.05075 0.000679285
-1.07819 0.000318003
-1.08368 0.000227683
-1.08916 0.00489424
-1.17147 0.0117435
-1.11111 0.0199627
-1.12757 0.0199627
-1.06173 0.00655012
-1.08916 0.00381039
-1.02332 0.000423377
-1.15501 0.00230505
-1.17147 0.00204915
-1.01783 1.69351e-05
-0.979424 0.000829819
-1.05075 0.000423377
-1.05624 0.00230505
-1.05624 0.00655012
-1.16049 0.0123457
-1.09465 0.00117605
-1.16598 0.00381039
-1.14952 0.0031631
-1.17695 0.0207455
-1.16049 0.0231841
-1.17695 0.0215433
-1.1989 0.00895866
-1.14403 0.000995407
-1.10014 0.000423377
-1.05075 0.00204915
-1.01783 0.00286203
-1.02881 9.22021e-05
-1.09465 1.88168e-06
-1.10014 0.000227683
-1.12209 9.22021e-05
-1.08916 0.000318003
-1.07819 0.00137174
-1.02881 0.00137174
-1.00686 0.00948553
-1.02332 0.0215433
-1.1166 0.0223562
-1.16049 0.0142424
-1.08916 0.0123457
-1.0727 0.00948553
-1.09465 0.00180829
-1.14403 0.00117605
-1.16598 0.00158249
-1.0727 0.000679285
-1.10562 0.00137174
-1.14403 0.000152416
-1.16049 0.00569207
-1.26475 0.00655012
-1.27572 0.00655012
-1.23182 0.0155822
-1.23731 0.0215433
-1.24829 0.0294012
-1.17695 0.0384784
-1.13855 0.0463814
-1.0727 0.0363559
-1.09465 0.0417751
-1.05624 0.0452073
-1.15501 0.0303496
-1.19342 0.0429041
-1.18244 0.0537426
-1.14403 0.0537426
-1.06173 0.0231841
-1.08368 0.0162746
-1.17147 0.0123457
-1.13855 0.0111565
-1.12209 0.0111565
-1.17147 0.0177047
-1.18793 0.0155822
-1.20439 0.019195
-1.22085 0.0135951
-1.23731 0.0215433
-1.18793 0.0184423
-1.3251 0.0231841
-1.36351 0.0266464
-1.31962 0.0184423
-1.31962 0.0162746
-1.30316 0.0231841
-1.35802 0.0353172
-1.33608 0.0384784
-1.29218 0.0257583
-1.33059 0.0363559
-1.24829 0.0353172
-1.23182 0.0294012
-1.09465 0.00746837
-1.13306 0.00611357
-1.14952 0.00347922
-1.14952 0.0123457
-1.10014 0.0169821
-1.13855 0.00700172
-1.14952 0.00948553
-1.0727 0.0111565
-1.12209 0.0111565
-1.1989 0.0550221
-1.1989 0.0886063
-1.16598 0.0886063
-1.17147 0.0902471
-1.13306 0.0790775
-1.18793 0.0630155
-1.14952 0.0644004
-1.08916 0.107483
-1.06173 0.116666
-1.1166 0.077542
-1.15501 0.0672154
-1.12757 0.0869805
-1.08916 0.165981
-1.17147 0.186709
-1.29767 0.22919
-1.35254 0.237138
-1.20439 0.218803
-1.24829 0.2137
-1.34156 0.317855
-1.31962 0.317855
-1.34705 0.362639
-1.22085 0.389554
-1.25377 0.417433
-1.24829 0.346306
-1.35254 0.417433
-1.46776 0.487507
-1.45679 0.502951
-1.38546 0.453636
-1.40192 0.464791
-1.34705 0.464791
-1.3251 0.428136
-1.30316 0.392986
-1.25926 0.362639
-1.20439 0.278911
-1.19342 0.276021
-1.28121 0.305601
-1.26475 0.314769
-1.1989 0.287673
-1.24829 0.293589
-1.23731 0.293589
-1.09465 0.276021
-1.14952 0.239818
-1.1989 0.22919
-1.17695 0.203675
-1.23731 0.261796
-1.14403 0.201206
-1.12209 0.196313
-1.25926 0.208657
-1.21536 0.181998
-1.24829 0.186709
-1.27023 0.218803
-1.27023 0.216244
-1.27023 0.170482
-1.36351 0.198752
-1.33608 0.226571
-1.37449 0.208657
-1.33059 0.172755
-1.18793 0.189088
-1.20988 0.175043
-1.19342 0.157159
-1.22085 0.168224
-1.17147 0.159342
-1.16049 0.168224
-1.20439 0.168224
-1.18244 0.165981
-1.06173 0.138192
-1.19342 0.122356
-1.13855 0.13616
-1.11111 0.116666
-1.05075 0.120444
-1.06173 0.120444
-1.13855 0.128182
-1.12209 0.144379
-1.20439 0.138192
-1.18793 0.154992
-1.10562 0.130154
-1.20439 0.111111
-1.20439 0.196313
-1.21536 0.198752
-1.11111 0.130154
-1.0727 0.13616
-1.10562 0.150702
-1.20988 0.16154
-1.2428 0.186709
-1.20988 0.2137
-1.1989 0.19389
-1.13306 0.19389
-1.23731 0.196313
-1.22634 0.208657
-1.2428 0.226571
-1.20988 0.239818
-1.20988 0.198752
-1.19342 0.237138
-1.20988 0.270286
-1.16598 0.245222
-1.2428 0.253441
-1.20439 0.314769
-1.1989 0.267441
-1.25926 0.302575
-1.16049 0.305601
-1.17695 0.308642
-1.16049 0.305601
-1.16598 0.293589
-1.20439 0.293589
-1.13306 0.273146
-1.16598 0.311698
-1.1166 0.305601
-1.22634 0.339878
-1.24829 0.382735
-1.31413 0.36595
-1.20439 0.327203
-1.16049 0.273146
-1.2428 0.290623
-1.17695 0.261796
-1.16598 0.258996
-1.21536 0.314769
-1.23182 0.343084
-1.15501 0.314769
-1.16598 0.278911
-1.16598 0.22919
-1.16598 0.226571
-1.16598 0.242512
-1.18244 0.281817
-1.21536 0.317855
-1.23182 0.276021
-1.17695 0.278911
-1.13306 0.221377
-1.1166 0.234474
-1.13855 0.223967
-1.07819 0.208657
-1.08916 0.2137
-1.18244 0.264611
-1.10562 0.253441
-1.10014 0.223967
-1.18793 0.221377
-1.15501 0.206158
-1.24829 0.231824
-1.19342 0.242512
-1.23182 0.287673
-1.19342 0.261796
-1.22085 0.256211
-1.24829 0.330349
-1.20988 0.33351
-1.14952 0.247947
-1.18244 0.218803
-1.20439 0.276021
-1.24829 0.299565
-1.22085 0.281817
-1.20439 0.293589
-1.2428 0.339878
-1.23182 0.296569
-1.17147 0.231824
-1.06173 0.154992
-1.07819 0.172755
-1.17695 0.253441
-1.23182 0.287673
-1.39643 0.287673
-1.23182 0.270286
-1.22085 0.196313
-1.31413 0.198752
-1.25926 0.242512
-1.2428 0.237138
-1.1989 0.177346
-1.27023 0.19389
-1.25377 0.168224
-1.23182 0.2137
-1.17695 0.175043
-1.18793 0.170482
-1.1989 0.152839
-1.17695 0.19389
-1.22085 0.179664
-1.15501 0.159342
-1.09465 0.134143
-1.11111 0.0886063
-1.10014 0.033285
-1.19342 0.0215433
-1.1989 0.0162746
-1.09465 0.0169821
-1.16049 0.0275496
-1.16598 0.0223562
-1.17695 0.0215433
-1.18793 0.0248852
-1.14952 0.0374096
-1.08916 0.033285
-1.10562 0.0248852
-0.995885 0.00948553
-1.05075 0.0149048
-0.984911 0.0135951
-0.984911 0.0031631
-1.10562 0.000227683
-1.09465 4.70419e-05
-0.990398 0.000995407
-0.930041 0.000995407
-1.08916 0.00528563
-1.07819 0.00347922
-1.10014 0.0117435
-1.02881 0.00286203
-1.06722 0.00451791
-1.10562 0.00230505
-1.15501 0.00948553
-1.14952 0.00611357
-1.08368 0.00204915
-1.15501 0.00844685
-1.13306 0.00347922
-1.1166 0.00655012
-1.14403 0.00286203
-1.11111 0.00286203
-1.14952 0.000829819
-1.20988 4.70419e-05
-1.17147 0.000152416
-1.16598 1.69351e-05
-1.13855 0.000995407
-1.17147 0.000423377
-1.23182 0.00230505
-1.2428 0.00180829
-1.16049 0.00137174
-1.22085 0.000543804
-1.1989 0.00895866
-1.24829 0.0123457
-1.25377 0.00569207
-1.17147 0.0105844
-1.1989 0.00844685
-1.16049 0.00795008
-1.20439 0.0129629
-1.18793 0.0240271
-1.20988 0.0406611
-1.18793 0.0512286
-1.22085 0.0616456
-1.14952 0.0853698
-1.18244 0.10929
-1.24829 0.102154
-1.25926 0.112948
-1.30864 0.098677
-1.06173 0.140239
-1.06722 0.130154
-1.09465 0.126225
-1.13855 0.150702
-1.2428 0.175043
-1.25926 0.208657
-1.23731 0.250686
-1.27572 0.290623
-1.19342 0.314769
-1.23731 0.320956
-1.27572 0.296569
-1.16598 0.296569
-1.30316 0.35606
-1.3251 0.311698
-1.3251 0.314769
-1.31962 0.287673
-1.25377 0.302575
-1.16598 0.237138
-1.23731 0.253441
-1.23731 0.234474
-1.17147 0.19389
-1.17695 0.172755
-1.22634 0.184346
-1.18244 0.179664
-1.13306 0.16154
-1.18793 0.172755
-1.14952 0.170482
-1.08916 0.120444
-1.09465 0.146472
-1.17695 0.211171
-1.20439 0.242512
-1.1989 0.237138
-1.25377 0.221377
-1.26475 0.231824
-1.369 0.270286
-1.37449 0.270286
-1.38546 0.343084
-1.39643 0.33351
-1.42387 0.369277
-1.40741 0.375976
-1.40192 0.406865
-1.25926 0.273146
-1.30316 0.296569
-1.26475 0.314769
-1.21536 0.284737
-1.22085 0.311698
-1.30864 0.36595
-1.23182 0.302575
-1.27023 0.330349
-1.30864 0.330349
-1.26475 0.287673
-1.3251 0.276021
-1.34156 0.276021
-1.28669 0.208657
-1.33059 0.270286
-1.29767 0.287673
-1.30864 0.267441
-1.29218 0.250686
-1.37997 0.317855
-1.24829 0.261796
-1.22634 0.250686
-1.20439 0.191481
-1.15501 0.198752
-1.22085 0.239818
-1.19342 0.261796
-1.20988 0.258996
-1.13306 0.221377
-1.13855 0.226571
-1.16598 0.231824
-1.20439 0.206158
-1.12757 0.216244
-1.16598 0.250686
-1.16049 0.216244
-1.20439 0.226571
-1.21536 0.223967
-1.33059 0.2137
-1.37449 0.276021
-1.35254 0.308642
-1.37997 0.327203
-1.35802 0.392986
-1.29218 0.327203
-1.34156 0.339878
-1.23182 0.237138
-1.24829 0.203675
-1.17695 0.16154
-1.30864 0.237138
-1.28121 0.299565
-1.27023 0.311698
-1.26475 0.317855
-1.36351 0.339878
-1.28121 0.327203
-1.27023 0.327203
-1.21536 0.320956
-1.18244 0.237138
-1.23731 0.226571
-1.28121 0.281817
-1.27572 0.330349
-1.27023 0.296569
-1.25926 0.296569
-1.1989 0.261796
-1.23182 0.320956
-1.27572 0.320956
-1.30864 0.359342
-1.27572 0.346306
-1.20439 0.343084
-1.20988 0.293589
-1.13306 0.234474
-1.18244 0.261796
-1.17147 0.242512
-1.1166 0.250686
-1.07819 0.237138
-1.17147 0.258996
-1.1989 0.336686
-1.12757 0.302575
-1.16049 0.256211
-1.17695 0.264611
-1.2428 0.281817
-1.27572 0.245222
-1.18244 0.245222
-1.13855 0.186709
-1.14403 0.181998
-1.16049 0.221377
-1.20988 0.22919
-1.16049 0.218803
-1.1166 0.168224
-1.14403 0.181998
-1.17147 0.234474
-1.16598 0.237138
-1.1166 0.247947
-1.1166 0.234474
-1.10562 0.261796
-1.14403 0.299565
-1.21536 0.308642
-1.27023 0.302575
-1.25377 0.293589
-1.17695 0.19389
-1.18793 0.22919
-1.27023 0.253441
-1.1989 0.231824
-1.27023 0.305601
-1.25926 0.281817
-1.25377 0.256211
-1.29218 0.231824
-1.29767 0.270286
-1.29767 0.256211
-1.37997 0.247947
-1.35254 0.201206
-1.28669 0.152839
-1.23731 0.177346
-1.29218 0.144379
-1.27023 0.146472
-1.23731 0.13616
-1.30316 0.126225
-1.27023 0.112948
-1.24829 0.10929
-1.23182 0.148579
-1.25926 0.122356
-1.31962 0.112948
-1.34705 0.165981
-1.37997 0.122356
-1.40741 0.120444
-1.34705 0.134143
-1.31413 0.138192
-1.27572 0.0869805
-1.31962 0.0853698
-1.27023 0.080628
-1.2428 0.0700906
-1.18244 0.0715507
-1.20439 0.0902471
-1.23182 0.0935739
-1.1166 0.0969609
-1.09465 0.0512286
-1.23731 0.0821935
-1.22634 0.0869805
-1.27023 0.152839
-1.25377 0.16154
-1.29767 0.278911
-1.34156 0.317855
-1.15501 0.216244
-1.1166 0.22919
-1.17147 0.223967
-1.22634 0.191481
-1.25377 0.150702
-1.25926 0.175043
-1.27023 0.140239
-1.1989 0.196313
-1.27023 0.159342
-1.26475 0.206158
-1.2428 0.177346
-1.25926 0.216244
-1.23182 0.22919
-1.24829 0.234474
-1.31413 0.276021
-1.30316 0.281817
-1.23731 0.216244
-1.16049 0.179664
-1.13306 0.170482
-1.14952 0.157159
-1.10014 0.152839
-1.06722 0.105692
-1.17147 0.112948
-1.27023 0.124283
-1.30316 0.122356
-1.23182 0.122356
-1.27023 0.126225
-1.28669 0.163753
-1.3251 0.16154
-1.20439 0.114799
-1.20439 0.128182
-1.16049 0.13616
-1.14952 0.122356
-1.17695 0.196313
-1.20988 0.181998
-1.23731 0.218803
-1.18793 0.226571
-1.14952 0.177346
-1.13855 0.19389
-1.10562 0.112948
-1.07819 0.111111
-1.05075 0.118547
-1.08916 0.0969609
-0.995885 0.0550221
-0.957476 0.0499943
-1.05075 0.0616456
-1.0727 0.0602908
-1.04527 0.0406611
-1.00137 0.0363559
-1.02332 0.0266464
-1.1166 0.0463814
-1.05075 0.0199627
-1.06722 0.031313
-1.02332 0.0353172
-1.01235 0.0384784
-0.979424 0.0215433
-0.984911 0.0223562
-0.973937 0.0248852
-1.05624 0.0240271
-1.10562 0.0207455
-1.13855 0.0129629
-1.16049 0.00528563
-1.14952 0.00381039
-1.00137 0.0169821
-1.03429 0.000423377
-1.13306 4.70419e-05
-1.09465 0.00180829
-1.08368 0.000318003
-0.962963 0.000318003
-0.864198 1.88168e-06
-0.858711 0.000423377
-0.924554 0.0169821
-0.946502 0.0475707
-0.984911 0.0550221
-0.951989 0.0487749
-0.908093 0.0440482
-0.962963 0.0821935
-1.05624 0.0616456
-1.09465 0.0512286
-1.06722 0.0524781
-1.12757 0.0790775
-1.10562 0.0837741
-1.02881 0.0760216
-0.962963 0.0745163
-1.06173 0.0524781
-1.02881 0.0303496
-1.0727 0.0616456
-1.11111 0.0869805
-1.05624 0.0969609
-1.1166 0.0576263
-1.12757 0.0686454
-1.17695 0.0487749
-1.20988 0.0550221
-1.22085 0.0790775
-1.30864 0.102154
-1.29218 0.132141
-1.21536 0.144379
-1.33608 0.242512
-1.29767 0.203675
-1.27572 0.2137
-1.39643 0.270286
-1.39095 0.278911
-1.37997 0.293589
-1.3251 0.330349
-1.36351 0.343084
-1.3251 0.362639
-1.37449 0.296569
-1.31413 0.287673
-1.29767 0.258996
-1.29218 0.320956
-1.30316 0.314769
-1.26475 0.343084
-1.28121 0.36595
-1.3251 0.410373
-1.3251 0.379348
-1.31962 0.396433
-1.21536 0.311698
-1.23731 0.311698
-1.28669 0.284737
-1.27572 0.278911
-1.18793 0.290623
-1.30864 0.359342
-1.39643 0.424553
-1.3251 0.431734
-1.34705 0.431734
-1.33608 0.424553
-1.34156 0.406865
-1.33059 0.399896
-1.30316 0.468539
-1.28121 0.449948
-1.38546 0.518637
-1.26475 0.461058
-1.30864 0.428136
-1.33608 0.472303
-1.30316 0.464791
-1.22085 0.369277
-1.23182 0.386137
-1.24829 0.343084
-1.31413 0.372619
-1.31962 0.352794
-1.24829 0.264611
-1.17147 0.250686
-1.19342 0.208657
-1.11111 0.154992
-1.1166 0.144379
-1.12209 0.132141
-1.12209 0.165981
-1.16598 0.189088
-1.15501 0.179664
-1.20439 0.184346
-1.18793 0.239818
-1.22085 0.305601
-1.26475 0.258996
-1.23182 0.296569
-1.23731 0.330349
-1.16598 0.336686
-1.18793 0.308642
-1.23182 0.343084
-1.25926 0.339878
-1.1989 0.379348
-1.33608 0.461058
-1.33059 0.431734
-1.42387 0.413895
-1.38546 0.491345
-1.369 0.410373
-1.38546 0.453636
-1.24829 0.420986
-1.23731 0.438974
-1.35254 0.464791
-1.23731 0.428136
-1.22085 0.428136
-1.20988 0.36595
-1.20988 0.406865
-1.3251 0.386137
-1.29767 0.431734
-1.31962 0.472303
-1.20988 0.403373
-1.24829 0.413895
-1.12209 0.362639
-1.16049 0.396433
-1.1989 0.438974
-1.23182 0.386137
-1.23182 0.327203
-1.18244 0.299565
-1.23731 0.369277
-1.20439 0.352794
-1.31962 0.403373
-1.2428 0.410373
-1.16049 0.349542
-1.27023 0.399896
-1.22085 0.359342
-1.18793 0.349542
-1.27572 0.359342
-1.26475 0.386137
-1.28669 0.446275
-1.2428 0.420986
-1.22634 0.428136
-1.40741 0.538583
-1.31413 0.468539
-1.29218 0.487507
-1.31413 0.491345
-1.37997 0.514693
-1.40192 0.483683
-1.38546 0.502951
-1.41838 0.542617
-1.27572 0.446275
-1.27572 0.406865
-1.24829 0.420986
-1.39643 0.510764
-1.38546 0.558905
-1.39095 0.558905
-1.38546 0.563015
-1.37449 0.518637
-1.4513 0.518637
-1.4513 0.495199
-1.38546 0.491345
-1.30864 0.476081
-1.35802 0.50685
-1.3251 0.461058
-1.33059 0.502951
-1.29767 0.510764
-1.33608 0.55481
-1.43484 0.609213
-1.369 0.538583
-1.35254 0.50685
-1.39643 0.534564
-1.40192 0.542617
-1.39095 0.563015
-1.33608 0.476081
-1.36351 0.487507
-1.37997 0.464791
-1.27572 0.413895
-1.21536 0.413895
-1.37997 0.479875
-1.39095 0.518637
-1.47874 0.546667
-1.39643 0.476081
-1.30864 0.424553
-1.29218 0.487507
-1.31413 0.502951
-1.24829 0.453636
-1.29218 0.479875
-1.25926 0.435347
-1.34156 0.45734
-1.28669 0.428136
-1.20439 0.420986
-1.1989 0.424553
-1.22634 0.499068
-1.31962 0.461058
-1.30864 0.396433
-1.2428 0.296569
-1.28121 0.296569
-1.1166 0.270286
-1.12757 0.256211
-1.11111 0.258996
-1.1989 0.256211
-1.2428 0.256211
-1.31413 0.284737
-1.30864 0.239818
-1.3251 0.234474
-1.30316 0.221377
-1.28121 0.231824
-1.23731 0.290623
-1.1989 0.270286
-1.24829 0.320956
-1.28121 0.281817
-1.22085 0.308642
-1.39643 0.33351
-1.33059 0.343084
-1.31962 0.349542
-1.28669 0.36595
-1.2428 0.362639
-1.23731 0.336686
-1.25926 0.317855
-1.29767 0.296569
-1.18244 0.242512
-1.13855 0.281817
-1.13306 0.245222
-1.16049 0.253441
-1.18244 0.276021
-1.22634 0.2137
-1.31413 0.218803
-1.2428 0.201206
-1.18244 0.148579
-1.23731 0.152839
-1.26475 0.165981
-1.25926 0.177346
-1.25377 0.184346
-1.33059 0.122356
-1.20988 0.100408
-1.26475 0.118547
-1.22634 0.103916
-1.12209 0.138192
-1.12209 0.130154
-1.09465 0.105692
-0.96845 0.0630155
-1.01235 0.0686454
-1.04527 0.103916
-1.13855 0.122356
-1.08916 0.134143
-1.1166 0.0952599
-1.10562 0.148579
-1.13306 0.146472
-1.19342 0.144379
-1.17695 0.154992
-1.15501 0.130154
-1.15501 0.16154
-1.12757 0.168224
-1.03429 0.138192
-0.96845 0.157159
-1.05075 0.16154
-1.14952 0.138192
-1.12757 0.150702
-1.16598 0.170482
-1.0727 0.146472
-1.02881 0.142302
-1.10014 0.175043
-1.17147 0.154992
-1.13306 0.150702
-1.13306 0.13616
-1.06722 0.165981
-1.17147 0.216244
-1.16049 0.19389
-1.25926 0.234474
-1.25377 0.284737
-1.30864 0.267441
-1.31413 0.206158
-1.27572 0.206158
-1.18244 0.223967
-1.20988 0.208657
-1.20988 0.218803
-1.20988 0.247947
-1.22085 0.287673
-1.1989 0.336686
-1.17695 0.281817
-1.28669 0.343084
-1.23731 0.276021
-1.19342 0.296569
-1.30316 0.299565
-1.35802 0.327203
-1.31962 0.281817
-1.35802 0.317855
-1.25377 0.211171
-1.22085 0.261796
-1.31962 0.256211
-1.18244 0.172755
-1.17147 0.186709
-1.17147 0.189088
-1.25377 0.175043
-1.2428 0.179664
-1.20439 0.172755
-1.1989 0.19389
-1.27023 0.198752
-1.22085 0.196313
-1.16049 0.184346
-1.18793 0.203675
-1.18793 0.172755
-1.1166 0.150702
-1.12209 0.179664
-1.11111 0.140239
-1.20988 0.154992
-1.20439 0.154992
-1.28669 0.189088
-1.24829 0.191481
-1.28669 0.201206
-1.3251 0.218803
-1.31413 0.239818
-1.26475 0.196313
-1.28669 0.150702
-1.26475 0.091903
-1.27572 0.080628
-1.35802 0.0672154
-1.37449 0.0760216
-1.33608 0.0616456
-1.29767 0.0563167
-1.33059 0.0417751
-1.27023 0.0537426
-1.25377 0.0353172
-1.22634 0.0417751
-1.22085 0.0294012
-1.20439 0.0429041
-1.21536 0.0644004
-1.27572 0.0576263
-1.23182 0.0322914
-1.20439 0.00948553
-1.27023 0.0129629
-1.33059 0.0231841
-1.16598 0.0123457
-1.24829 0.00948553
-1.21536 0.00347922
-1.18244 0.00528563
-1.22085 0.00611357
-1.05624 0.00381039
-0.990398 0.00286203
-1.03429 0.00655012
-1.13306 0.0231841
-1.17695 0.0248852
-1.13855 0.031313
-1.08368 0.0215433
-1.09465 0.0142424
-1.17147 0.0123457
-1.09465 0.0162746
-1.10014 0.00700172
-1.17147 0.0155822
-1.09465 0.0149048
-1.23731 0.0215433
-1.25926 0.0257583
-1.23182 0.0184423
-1.27572 0.0162746
-1.2428 0.0135951
-1.13306 0.00347922
-1.14952 0.00230505
-1.13306 0.00347922
-1.09465 0.00844685
-1.12209 0.0169821
-1.10014 0.0142424
-1.09465 0.0231841
-1.16049 0.0440482
-1.16049 0.0563167
-1.08368 0.0363559
-1.17147 0.0257583
-1.15501 0.0417751
-1.0727 0.0475707
-1.07819 0.0686454
-1.14403 0.0630155
-1.1166 0.0266464
-1.09465 0.0303496
-1.20988 0.0266464
-1.2428 0.0363559
-1.20439 0.0294012
-1.13855 0.0207455
-1.16049 0.0135951
-1.22085 0.00655012
-1.19342 0.00528563
-1.17147 0.0275496
-1.18244 0.0129629
-1.16598 0.00528563
-1.07819 0.00347922
-1.17147 0.000152416
-1.24829 0.0031631
-1.20439 0.000543804
-1.12209 0.000152416
-1.1166 0.000995407
-1.14952 0.00451791
-1.10562 0.00655012
-1.16598 1.69351e-05
-1.16049 0.000543804
-1.1166 0.00137174
-1.08916 4.70419e-05
-1.09465 0.00117605
-1.06173 0.000543804
-1.16598 0.00117605
-1.13306 0.00204915
-1.12757 0.000318003
-1.08368 0.000543804
-1.03429 0.000227683
-1.14403 9.22021e-05
-1.02881 0.000829819
-1.15501 0.000423377
-1.16049 0.00117605
-1.15501 0.0142424
-1.10014 0.00528563
-1.01783 0.000318003
-1.14952 0.00257602
-1.1166 0.00230505
-1.18244 0.00180829
-1.15501 0.00137174
-1.19342 0.000543804
-1.22085 4.70419e-05
-1.12757 0.00117605
-1.18793 0.00844685
-1.13306 0.0215433
-1.17147 0.0184423
-1.16598 0.0266464
-1.12757 0.0512286
-1.06173 0.0275496
-0.995885 0.0184423
-0.984911 0.0322914
-1.03429 0.0294012
-0.984911 0.0353172
-1.01783 0.0184423
-0.995885 0.0177047
-1.04527 0.0231841
-1.0727 0.00611357
-1.06722 0.0177047
-1.0727 0.0294012
-1.13855 0.0406611
-1.09465 0.0452073
-1.14403 0.0363559
-1.17147 0.0429041
-1.14952 0.0294012
-1.18244 0.0303496
-1.19342 0.0162746
-1.13306 0.00204915
-1.17147 0.00257602
-1.20439 0.00257602
-1.27023 0.00204915
-1.11111 0.000227683
-1.21536 0.0105844
-1.369 0.000227683
-1.24829 1.69351e-05
-1.16598 4.70419e-05
-1.09465 0.000423377
-1.13306 1.69351e-05
-1.07819 0.00655012
-1.1166 0.00381039
-1.11111 0.00286203
-1.14403 1.88168e-06
-1.23731 9.22021e-05
-1.18244 0.000995407
-1.21536 0.00230505
-1.23182 4.70419e-05
-1.13306 0.00569207
-1.14403 0.00257602
-1.16049 0.000227683
-1.14403 0.00117605
-1.13855 0.000152416
-1.2428 0.00257602
-1.2428 0.000318003
-1.20439 0.00137174
-1.18244 0.000679285
-1.13855 0.000423377
-1.16049 0.000152416
-1.1166 0.000423377
-1.12757 9.22021e-05
-1.03429 0.00204915
-1.05075 9.22021e-05
-1.0727 0.000829819
-1.15501 1.69351e-05
-1.19342 0.000152416
-1.23182 0.00180829
-1.18793 0.00451791
-1.19342 0.00204915
-1.21536 0.000543804
-1.17147 0.00158249
-1.17147 0.00117605
-1.10014 0.00795008
-1.12757 0.0184423
-1.05075 0.0162746
-1.04527 0.0177047
-1.10014 0.0223562
-1.15501 0.00895866
-1.09465 0.00528563
-1.16049 0.00528563
-1.18793 0.00415662
-1.12209 0.0100275
-1.17695 0.0117435
-1.13855 0.00655012
-1.18793 0.0142424
-1.20988 0.00844685
-1.13855 0.0129629
-1.20439 0.0215433
-1.23182 0.0257583
-1.18244 0.0199627
-1.17695 0.0294012
-1.14403 0.0266464
-1.22634 0.0353172
-1.24829 0.091903
-1.17695 0.0644004
-1.2428 0.0602908
-1.30316 0.0616456
-1.27572 0.077542
-1.25377 0.0452073
-1.25926 0.0303496
-1.12757 0.0363559
-1.12757 0.0429041
-1.02332 0.0499943
-1.12209 0.0745163
-1.12757 0.073026
-1.11111 0.0745163
-1.09465 0.0869805
-1.1166 0.0745163
-1.13306 0.0563167
-1.11111 0.0760216
-1.07819 0.0715507
-1.15501 0.105692
-1.15501 0.0760216
-1.22085 0.0672154
-1.12757 0.0384784
-1.16049 0.0550221
-1.14403 0.0630155
-1.20988 0.058951
-1.17147 0.0644004
-1.1989 0.0602908
-1.13306 0.0821935
-1.12757 0.073026
-1.12757 0.114799
-1.12209 0.098677
-1.01235 0.077542
-0.990398 0.080628
-1.11111 0.112948
-1.06173 0.144379
-1.04527 0.134143
-1.16049 0.175043
-1.19342 0.203675
-1.1166 0.206158
-1.1989 0.287673
-1.23731 0.273146
-1.18793 0.22919
-1.14403 0.189088
-1.0727 0.16154
-1.17695 0.126225
-1.12209 0.0952599
-1.08916 0.098677
-1.13855 0.077542
-1.13855 0.0658003
-1.07819 0.0700906
-1.02332 0.0969609
-1.01235 0.0869805
-1.03978 0.0537426
-1.11111 0.0715507
-1.07819 0.0790775
-1.10562 0.0790775
-1.08916 0.0499943
-1.10562 0.0440482
-1.07819 0.031313
-0.973937 0.0169821
-1.2428 0.0169821
-1.19342 0.0231841
-1.18793 0.0123457
-1.24829 0.00569207
-1.12209 0.0111565
-1.08368 0.00895866
-1.11111 0.00844685
-1.06173 0.00655012
-1.12209 1.69351e-05
-1.02881 1.88168e-06
-0.984911 0.0100275
-0.908093 0.00257602
-1.05624 0.000829819
-0.935528 0.000995407
-1.06173 4.70419e-05
-1.07819 0.00204915
-1.20439 0.000829819
-1.1166 0.000995407
-1.11111 9.22021e-05
-1.1166 4.70419e-05
-1.10562 1.69351e-05
-1.03429 0.000227683
-1.08916 0.00230505
-1.14403 0.00204915
-1.11111 0.000543804
-1.15501 0.00286203
-1.1989 0.00158249
-1.06173 0.00230505
-1.09465 0.0199627
-0.990398 0.0215433
-1.06173 0.0257583
-1.13306 0.0257583
-1.11111 0.0294012
-1.16049 0.0475707
-1.09465 0.033285
-1.1166 0.0303496
-1.15501 0.0231841
-1.16049 0.0215433
-1.13306 0.019195
-1.14952 0.0284679
-1.11111 0.0135951
-1.15501 0.0240271
-1.14952 0.0487749
-1.11111 0.0475707
-1.16049 0.058951
-1.19342 0.0563167
-1.07819 0.0353172
-1.11111 0.0155822
-1.17147 0.0199627
-1.20988 0.0440482
-1.22085 0.0745163
-1.1989 0.0902471
-1.20439 0.102154
-1.13306 0.130154
-1.17147 0.111111
-1.21536 0.100408
-1.15501 0.126225
-1.13306 0.124283
-1.17147 0.175043
-1.22085 0.13616
-1.25377 0.080628
-1.20439 0.0869805
-1.19342 0.103916
-1.22634 0.148579
-1.31962 0.146472
-1.17695 0.126225
-1.1989 0.122356
-1.21536 0.126225
-1.15501 0.138192
-1.13855 0.103916
-1.13855 0.0969609
-1.15501 0.103916
-1.1166 0.0700906
-1.14952 0.0616456
-1.22085 0.0837741
-1.22634 0.0821935
-1.16049 0.0715507
-1.23731 0.0658003
-1.16598 0.0821935
-1.2428 0.098677
-1.27572 0.112948
-1.25377 0.0745163
-1.20439 0.0658003
-1.30864 0.112948
-1.28669 0.0952599
-1.27572 0.10929
-1.19342 0.126225
-1.17695 0.150702
-1.18244 0.148579
-1.18793 0.154992
-1.16598 0.170482
-1.28669 0.177346
-1.23731 0.206158
-1.14403 0.13616
-1.09465 0.120444
-1.10562 0.146472
-1.11111 0.144379
-1.13306 0.134143
-1.15501 0.0969609
-1.13306 0.111111
-1.08916 0.0886063
-1.05624 0.102154
-1.17147 0.098677
-1.23182 0.134143
-1.16049 0.138192
-1.12757 0.148579
-1.11111 0.120444
-1.12757 0.0837741
-1.08368 0.0452073
-1.06173 0.0563167
-1.04527 0.0630155
-1.18244 0.114799
-1.18244 0.179664
-1.12209 0.130154
-1.11111 0.146472
-1.13306 0.148579
-1.10562 0.0902471
-0.979424 0.0837741
-1.0727 0.0869805
-1.04527 0.098677
-1.02881 0.0658003
-1.06173 0.0257583
-1.09465 0.0342936
-1.03978 0.0322914
-1.08368 0.0417751
-1.00686 0.0563167
-1.13306 0.0512286
-1.07819 0.0169821
-1.07819 0.0135951
-1.17695 0.0129629
-1.16049 0.0353172
-1.09465 0.058951
-1.08368 0.0616456
-1.07819 0.0745163
-1.05075 0.0644004
-1.1166 0.0452073
-1.09465 0.0463814
-1.17147 0.0563167
-1.13306 0.0602908
-1.08916 0.0524781
-1.13855 0.0563167
-1.15501 0.0644004
-1.16049 0.0644004
-1.12757 0.0935739
-1.07819 0.091903
-1.12209 0.103916
-1.13306 0.098677
-1.16049 0.124283
-1.17147 0.181998
-1.13306 0.208657
-1.15501 0.211171
-1.20988 0.218803
-1.17147 0.218803
-1.23731 0.165981
-1.22085 0.163753
-1.30864 0.146472
-1.1989 0.157159
-1.16049 0.150702
-1.15501 0.16154
-1.1166 0.175043
-1.12757 0.203675
-1.22634 0.314769
-1.25926 0.267441
-1.21536 0.293589
-1.1989 0.284737
-1.07819 0.226571
-1.15501 0.237138
-1.26475 0.226571
-1.30316 0.261796
-1.25926 0.264611
-1.29218 0.203675
-1.22634 0.177346
-1.27572 0.150702
-1.40192 0.16154
-1.41838 0.206158
-1.37997 0.191481
-1.26475 0.186709
-1.26475 0.206158
-1.20439 0.2137
-1.22085 0.234474
-1.23182 0.231824
-1.15501 0.239818
-1.27023 0.290623
-1.34156 0.287673
-1.3251 0.256211
-1.36351 0.273146
-1.28121 0.22919
-1.31413 0.221377
-1.28121 0.206158
-1.21536 0.184346
-1.18793 0.175043
-1.29218 0.245222
-1.18793 0.203675
-1.13855 0.186709
-1.24829 0.208657
-1.25377 0.168224
-1.30316 0.16154
-1.25926 0.170482
-1.2428 0.130154
-1.21536 0.16154
-1.2428 0.211171
-1.1989 0.245222
-1.17147 0.22919
-1.16598 0.223967
-1.20988 0.247947
-1.28669 0.253441
-1.3251 0.314769
-1.33059 0.256211
-1.3251 0.281817
-1.3251 0.287673
-1.21536 0.223967
-1.33608 0.250686
-1.35254 0.19389
-1.37449 0.208657
-1.34705 0.206158
-1.27572 0.154992
-1.18793 0.130154
-1.19342 0.146472
-1.17147 0.157159
-1.29218 0.105692
-1.31413 0.118547
-1.30316 0.152839
-1.30316 0.201206
-1.20988 0.19389
-1.17147 0.211171
-1.13306 0.196313
-1.10562 0.2137
-1.14952 0.203675
-1.20439 0.181998
-1.15501 0.186709
-1.12757 0.159342
-1.1166 0.150702
-1.18793 0.157159
-1.14403 0.159342
-1.19342 0.130154
-1.16049 0.118547
-1.05624 0.116666
-1.18793 0.168224
-1.23182 0.132141
-1.2428 0.13616
-1.19342 0.154992
-1.06173 0.10929
-1.07819 0.0886063
-1.03429 0.0952599
-1.06173 0.0869805
-1.08368 0.0969609
-1.14403 0.0429041
-1.21536 0.0550221
-1.08916 0.0644004
-1.12209 0.100408
-1.10562 0.0672154
-1.20988 0.0715507
-1.20439 0.116666
-1.17147 0.102154
-1.15501 0.073026
-1.14403 0.0602908
-1.14952 0.073026
-1.16598 0.0853698
-1.18244 0.0760216
-1.23731 0.080628
-1.16049 0.0886063
-1.15501 0.0790775
-1.21536 0.0563167
-1.14403 0.0487749
-1.18244 0.0512286
-1.16598 0.058951
-1.28669 0.0790775
-1.31962 0.0886063
-1.20988 0.0869805
-1.15501 0.10929
-1.17695 0.159342
-1.20439 0.16154
-1.18793 0.157159
-1.22634 0.0935739
-1.02881 0.077542
-1.04527 0.0760216
-1.10562 0.0658003
-1.08916 0.091903
-1.14952 0.0672154
-1.06722 0.0363559
-1.0727 0.0524781
-1.07819 0.0576263
-1.14403 0.0499943
-1.02881 0.0257583
-1.03429 0.0275496
-1.08916 0.0248852
-1.07819 0.0284679
-1.16598 0.0169821
-1.06173 0.00655012
-1.12757 0.0266464
-1.10014 0.019195
-1.20439 0.0257583
-1.18244 0.0395622
-1.16598 0.0576263
-1.25377 0.0869805
-1.34156 0.100408
-1.27572 0.0715507
-1.34705 0.0686454
-1.2428 0.0630155
-1.25926 0.0630155
-1.37997 0.0837741
-1.33059 0.0616456
-1.28669 0.0837741
-1.29767 0.0935739
-1.20988 0.0886063
-1.25926 0.0715507
-1.24829 0.105692
-1.25377 0.150702
-1.26475 0.13616
-1.27572 0.112948
-1.20988 0.10929
-1.18793 0.140239
-1.11111 0.159342
-1.1989 0.184346
-1.06173 0.152839
-1.02881 0.132141
-1.14952 0.184346
-1.16598 0.148579
-1.17695 0.144379
-1.18793 0.19389
-1.20988 0.203675
-1.20988 0.226571
-1.18793 0.231824
-1.2428 0.2137
-1.2428 0.203675
-1.20988 0.201206
-1.16049 0.206158
-1.19342 0.242512
-1.22634 0.201206
-1.17147 0.2137
-1.1166 0.206158
-1.15501 0.201206
-1.18244 0.177346
-1.20988 0.211171
-1.20988 0.170482
-1.29767 0.281817
-1.31413 0.245222
-1.33608 0.278911
-1.21536 0.284737
-1.1989 0.267441
-1.25926 0.245222
-1.12757 0.186709
-1.16598 0.168224
-1.27023 0.189088
-1.12757 0.157159
-1.13306 0.208657
-1.12209 0.19389
-1.25377 0.163753
-1.31962 0.154992
-1.18793 0.150702
-1.27572 0.163753
-1.3251 0.191481
-1.33608 0.196313
-1.20988 0.175043
-1.2428 0.144379
-1.16598 0.107483
-1.18244 0.0902471
-1.27572 0.118547
-1.25377 0.126225
-1.28121 0.142302
-1.25377 0.124283
-1.1989 0.144379
-1.27572 0.208657
-1.23182 0.201206
-1.15501 0.165981
-1.17695 0.152839
-1.23731 0.179664
-1.17695 0.177346
-1.16598 0.201206
-1.23182 0.226571
-1.20439 0.206158
-1.18244 0.256211
-1.16598 0.239818
-1.25926 0.186709
-1.37997 0.247947
-1.34705 0.234474
-1.30864 0.242512
-1.30864 0.198752
-1.27023 0.19389
-1.28121 0.191481
-1.33059 0.242512
-1.25926 0.267441
-1.31413 0.273146
-1.30316 0.250686
-1.3251 0.223967
-1.39643 0.226571
-1.41838 0.267441
-1.34156 0.203675
-1.39643 0.186709
-1.34156 0.175043
-1.24829 0.132141
-1.35802 0.122356
-1.24829 0.0821935
-1.25377 0.0644004
-1.24829 0.0630155
-1.1989 0.0524781
-1.23731 0.073026
-1.26475 0.0760216
-1.22085 0.0395622
-1.18793 0.0658003
-1.22085 0.138192
-1.16598 0.10929
-1.14952 0.124283
-1.22085 0.138192
-1.1989 0.186709
-1.22085 0.186709
-1.22085 0.208657
-1.13855 0.196313
-1.16598 0.159342
-1.1989 0.120444
-1.20988 0.154992
-1.28121 0.154992
-1.22634 0.148579
-1.19342 0.13616
-1.23182 0.140239
-1.26475 0.148579
-1.20988 0.172755
