-2 1
-1.9561 0.978173
-1.88477 0.93524
-1.80796 0.888093
-1.80796 0.893271
-1.78601 0.888093
-1.81344 0.898465
-1.73663 0.837137
-1.75857 0.847208
-1.76955 0.852266
-1.75309 0.857339
-1.81893 0.908897
-1.82442 0.903673
-1.86831 0.908897
-1.83539 0.893271
-1.81893 0.893271
-1.7476 0.857339
-1.72016 0.827127
-1.68176 0.797456
-1.7037 0.832124
-1.76406 0.852266
-1.81893 0.893271
-1.75857 0.842165
-1.72565 0.822144
-1.73663 0.837137
-1.77503 0.862427
-1.69273 0.822144
-1.69273 0.817176
-1.72016 0.847208
-1.80796 0.888093
-1.68724 0.807286
-1.74211 0.842165
-1.79698 0.86753
-1.68724 0.807286
-1.68176 0.797456
-1.63237 0.777977
-1.61591 0.739742
-1.53909 0.702469
-1.59945 0.697878
-1.67627 0.707076
-1.68724 0.753967
-1.63786 0.702469
-1.62689 0.66169
-1.65981 0.688741
-1.71468 0.73503
-1.63237 0.702469
-1.64883 0.720985
-1.66529 0.787687
-1.76955 0.857339
-1.75857 0.837137
-1.76406 0.857339
-1.78601 0.852266
-1.76406 0.862427
-1.69822 0.817176
-1.7915 0.88293
-1.81344 0.898465
-1.75857 0.857339
-1.73663 0.827127
-1.73663 0.827127
-1.80796 0.893271
-1.79698 0.88293
-1.82442 0.893271
-1.72565 0.837137
-1.74211 0.832124
-1.73114 0.822144
-1.75857 0.832124
-1.78052 0.847208
-1.75857 0.857339
-1.78052 0.852266
-1.79698 0.847208
-1.8299 0.898465
-1.79698 0.872648
-1.78601 0.877781
-1.80796 0.898465
-1.81893 0.898465
-1.85734 0.919389
-1.78052 0.877781
-1.78601 0.862427
-1.70919 0.812224
-1.63237 0.768328
-1.64335 0.763526
-1.67627 0.74921
-1.7037 0.797456
-1.67078 0.768328
-1.63237 0.74921
-1.59945 0.720985
-1.72565 0.792564
-1.68176 0.739742
-1.5775 0.707076
-1.56653 0.684194
-1.56653 0.639561
-1.59396 0.66169
-1.64335 0.716334
-1.68176 0.74921
-1.6214 0.707076
-1.64335 0.697878
-1.70919 0.758739
-1.7037 0.792564
-1.73663 0.782824
-1.7037 0.792564
-1.65432 0.782824
-1.7037 0.807286
-1.65432 0.711697
-1.60494 0.688741
-1.61591 0.675147
-1.65981 0.725652
-1.67627 0.720985
-1.65432 0.720985
-1.70919 0.753967
-1.72565 0.74921
-1.72565 0.74921
-1.69822 0.720985
-1.67627 0.684194
-1.69273 0.716334
-1.66529 0.702469
-1.64883 0.707076
-1.67078 0.675147
-1.65432 0.688741
-1.68724 0.697878
-1.67627 0.688741
-1.63786 0.643957
-1.64335 0.657234
-1.65432 0.66169
-1.62689 0.684194
-1.67078 0.693302
-1.72565 0.758739
-1.74211 0.768328
-1.75857 0.792564
-1.7915 0.792564
-1.73663 0.807286
-1.7037 0.777977
-1.69273 0.792564
-1.73663 0.797456
-1.75857 0.852266
-1.75857 0.877781
-1.73114 0.832124
-1.80796 0.88293
-1.7915 0.86753
-1.83539 0.888093
-1.79698 0.852266
-1.69822 0.827127
-1.73663 0.847208
-1.78052 0.847208
-1.78601 0.877781
-1.70919 0.827127
-1.6214 0.758739
-1.69273 0.807286
-1.75857 0.827127
-1.7915 0.862427
-1.81344 0.893271
-1.76406 0.847208
-1.77503 0.842165
-1.70919 0.797456
-1.73663 0.837137
-1.68724 0.807286
-1.65432 0.787687
-1.72016 0.807286
-1.71468 0.822144
-1.78601 0.86753
-1.75857 0.847208
-1.76406 0.862427
-1.75309 0.857339
-1.70919 0.837137
-1.65432 0.782824
-1.69273 0.787687
-1.65981 0.768328
-1.64883 0.753967
-1.69273 0.753967
-1.68724 0.744468
-1.69273 0.716334
-1.62689 0.66616
-1.67078 0.720985
-1.74211 0.773145
-1.7037 0.758739
-1.69822 0.763526
-1.66529 0.758739
-1.65432 0.777977
-1.63237 0.787687
-1.70919 0.807286
-1.71468 0.832124
-1.73663 0.842165
-1.77503 0.857339
-1.77503 0.852266
-1.7476 0.847208
-1.78052 0.86753
-1.75857 0.832124
-1.73663 0.837137
-1.77503 0.872648
-1.74211 0.822144
-1.75857 0.822144
-1.69822 0.773145
-1.69822 0.787687
-1.72565 0.802364
-1.72565 0.847208
-1.75857 0.842165
-1.76955 0.872648
-1.76406 0.847208
-1.85185 0.908897
-1.80247 0.877781
-1.75309 0.842165
-1.8299 0.888093
-1.7915 0.872648
-1.76955 0.86753
-1.76955 0.857339
-1.78601 0.888093
-1.72016 0.822144
-1.69822 0.807286
-1.7915 0.872648
-1.79698 0.877781
-1.7037 0.822144
-1.69822 0.777977
-1.65432 0.74921
-1.68176 0.787687
-1.67078 0.782824
-1.56653 0.725652
-1.7037 0.822144
-1.68724 0.782824
-1.72016 0.827127
-1.68724 0.802364
-1.71468 0.822144
-1.72565 0.832124
-1.78052 0.862427
-1.80247 0.877781
-1.80796 0.872648
-1.7476 0.847208
-1.69273 0.782824
-1.67627 0.744468
-1.70919 0.792564
-1.74211 0.832124
-1.88477 0.940554
-1.8738 0.924658
-1.76406 0.862427
-1.82442 0.888093
-1.79698 0.88293
-1.83539 0.898465
-1.71468 0.832124
-1.72565 0.832124
-1.78601 0.857339
-1.74211 0.842165
-1.75857 0.827127
-1.75857 0.817176
-1.78601 0.847208
-1.77503 0.842165
-1.73114 0.837137
-1.74211 0.812224
-1.80796 0.877781
-1.8299 0.898465
-1.79698 0.872648
-1.82442 0.877781
-1.77503 0.86753
-1.76406 0.86753
-1.8299 0.893271
-1.7476 0.832124
-1.70919 0.792564
-1.72016 0.827127
-1.64883 0.768328
-1.67627 0.74921
-1.6214 0.730333
-1.67627 0.744468
-1.71468 0.802364
-1.74211 0.777977
-1.74211 0.842165
-1.71468 0.827127
-1.75309 0.852266
-1.68724 0.817176
-1.69822 0.827127
-1.68724 0.827127
-1.7915 0.888093
-1.7476 0.847208
-1.80247 0.877781
-1.77503 0.872648
-1.7476 0.857339
-1.62689 0.768328
-1.72016 0.758739
-1.65432 0.697878
-1.60494 0.702469
-1.65432 0.73503
-1.67078 0.768328
-1.59396 0.693302
-1.60494 0.73503
-1.75857 0.837137
-1.73663 0.817176
-1.77503 0.837137
-1.67078 0.758739
-1.7476 0.827127
-1.7476 0.852266
-1.78052 0.872648
-1.73114 0.852266
-1.75309 0.852266
-1.61043 0.777977
-1.69273 0.822144
-1.68176 0.817176
-1.64335 0.787687
-1.7037 0.802364
-1.72565 0.822144
-1.64335 0.773145
-1.6214 0.763526
-1.72565 0.817176
-1.73663 0.817176
-1.81893 0.898465
-1.75857 0.837137
-1.78601 0.86753
-1.80796 0.888093
-1.78052 0.857339
-1.70919 0.827127
-1.73663 0.822144
-1.73114 0.797456
-1.69822 0.792564
-1.64883 0.758739
-1.59396 0.693302
-1.72016 0.74921
-1.72016 0.763526
-1.7476 0.782824
-1.72565 0.787687
-1.75857 0.847208
-1.72565 0.827127
-1.64883 0.768328
-1.79698 0.837137
-1.8299 0.877781
-1.78052 0.847208
-1.78601 0.837137
-1.68176 0.758739
-1.75309 0.837137
-1.80247 0.857339
-1.73114 0.832124
-1.65432 0.797456
-1.7037 0.832124
-1.7476 0.857339
-1.69822 0.827127
-1.63786 0.763526
-1.6214 0.777977
-1.67078 0.802364
-1.69273 0.812224
-1.75857 0.847208
-1.7915 0.877781
-1.73663 0.812224
-1.71468 0.797456
-1.69822 0.822144
-1.64883 0.787687
-1.67078 0.797456
-1.67627 0.802364
-1.73663 0.847208
-1.81893 0.908897
-1.72016 0.847208
-1.76406 0.862427
-1.69822 0.807286
-1.66529 0.797456
-1.75309 0.822144
-1.72016 0.827127
-1.80247 0.88293
-1.8299 0.908897
-1.85185 0.919389
-1.77503 0.86753
-1.86283 0.914135
-1.8299 0.893271
-1.81344 0.898465
-1.80796 0.903673
-1.7915 0.872648
-1.7915 0.893271
-1.79698 0.888093
-1.79698 0.898465
-1.74211 0.847208
-1.74211 0.852266
-1.75857 0.852266
-1.75857 0.842165
-1.80247 0.88293
-1.76406 0.857339
-1.77503 0.857339
-1.72565 0.847208
-1.74211 0.857339
-1.66529 0.807286
-1.80247 0.872648
-1.7476 0.857339
-1.80247 0.877781
-1.8299 0.903673
-1.85734 0.903673
-1.7915 0.862427
-1.81893 0.88293
-1.82442 0.88293
-1.7476 0.837137
-1.74211 0.827127
-1.67627 0.753967
-1.73114 0.832124
-1.7476 0.832124
-1.76406 0.86753
-1.74211 0.847208
-1.69273 0.807286
-1.7037 0.777977
-1.69273 0.773145
-1.68724 0.782824
-1.71468 0.797456
-1.72016 0.847208
-1.75857 0.872648
-1.81893 0.908897
-1.85185 0.919389
-1.73114 0.842165
-1.73663 0.852266
-1.76955 0.86753
-1.75309 0.862427
-1.75857 0.847208
-1.68176 0.797456
-1.64335 0.777977
-1.61591 0.744468
-1.55556 0.688741
-1.58299 0.679663
-1.66529 0.711697
-1.64335 0.716334
-1.5775 0.697878
-1.68176 0.773145
-1.69273 0.802364
-1.80247 0.872648
-1.77503 0.88293
-1.67627 0.812224
-1.73114 0.832124
-1.83539 0.903673
-1.75857 0.852266
-1.74211 0.842165
-1.72565 0.842165
-1.74211 0.857339
-1.72016 0.842165
-1.72016 0.847208
-1.79698 0.862427
-1.71468 0.817176
-1.75857 0.857339
-1.71468 0.797456
-1.69273 0.792564
-1.68176 0.782824
-1.68176 0.777977
-1.66529 0.777977
-1.64335 0.744468
-1.67627 0.744468
-1.66529 0.74921
-1.61591 0.73503
-1.68176 0.74921
-1.67627 0.744468
-1.67627 0.777977
-1.7037 0.787687
-1.72565 0.787687
-1.75857 0.832124
-1.76406 0.862427
-1.8299 0.877781
-1.87929 0.929941
-1.81893 0.898465
-1.85185 0.903673
-1.81344 0.88293
-1.75309 0.847208
-1.68176 0.792564
-1.7037 0.807286
-1.72016 0.787687
-1.75309 0.832124
-1.7037 0.797456
-1.75309 0.822144
-1.7476 0.827127
-1.7476 0.812224
-1.74211 0.812224
-1.72565 0.787687
-1.76406 0.817176
-1.74211 0.842165
-1.72016 0.837137
-1.65981 0.74921
-1.72016 0.802364
-1.73114 0.847208
-1.78052 0.862427
-1.78052 0.877781
-1.88477 0.93524
-1.78601 0.893271
-1.77503 0.852266
-1.72016 0.817176
-1.71468 0.837137
-1.69822 0.812224
-1.78601 0.852266
-1.78052 0.842165
-1.76955 0.872648
-1.86831 0.924658
-1.83539 0.888093
-1.76955 0.86753
-1.71468 0.827127
-1.7037 0.822144
-1.64335 0.753967
-1.7476 0.817176
-1.73663 0.822144
-1.67627 0.753967
-1.67078 0.74921
-1.65981 0.73503
-1.7037 0.817176
-1.69822 0.797456
-1.66529 0.768328
-1.67627 0.782824
-1.74211 0.812224
-1.68176 0.744468
-1.69273 0.763526
-1.65981 0.716334
-1.73663 0.763526
-1.70919 0.73503
-1.69822 0.711697
-1.66529 0.716334
-1.67627 0.768328
-1.65981 0.773145
-1.66529 0.797456
-1.70919 0.817176
-1.76955 0.852266
-1.74211 0.842165
-1.74211 0.842165
-1.70919 0.817176
-1.67627 0.787687
-1.68724 0.792564
-1.72565 0.802364
-1.75309 0.847208
-1.8299 0.877781
-1.73114 0.817176
-1.75309 0.847208
-1.78052 0.862427
-1.68724 0.837137
-1.63786 0.758739
-1.68176 0.792564
-1.71468 0.827127
-1.73114 0.852266
-1.78601 0.86753
-1.78601 0.872648
-1.76955 0.852266
-1.7915 0.88293
-1.75309 0.862427
-1.76955 0.862427
-1.85185 0.919389
-1.79698 0.88293
-1.82442 0.888093
-1.76955 0.872648
-1.78601 0.888093
-1.76406 0.857339
-1.78601 0.86753
-1.78052 0.837137
-1.7037 0.812224
-1.73663 0.832124
-1.72016 0.832124
-1.75857 0.857339
-1.76406 0.872648
-1.71468 0.832124
-1.71468 0.817176
-1.76955 0.837137
-1.72016 0.792564
-1.67627 0.758739
-1.67627 0.74921
-1.69273 0.802364
-1.68176 0.807286
-1.73663 0.832124
-1.78052 0.877781
-1.72565 0.842165
-1.7915 0.86753
-1.71468 0.807286
-1.69822 0.787687
-1.72565 0.812224
-1.72016 0.797456
-1.65432 0.768328
-1.67078 0.768328
-1.66529 0.777977
-1.7037 0.817176
-1.69822 0.817176
-1.61043 0.739742
-1.59945 0.730333
-1.7037 0.792564
-1.71468 0.792564
-1.67078 0.782824
-1.64883 0.763526
-1.67078 0.787687
-1.57202 0.702469
-1.67078 0.782824
-1.6214 0.744468
-1.58848 0.739742
-1.7476 0.837137
-1.7915 0.862427
-1.76955 0.852266
-1.78052 0.86753
-1.77503 0.86753
-1.7476 0.857339
-1.81344 0.893271
-1.7915 0.888093
-1.78601 0.852266
-1.82442 0.898465
-1.84088 0.888093
-1.75857 0.86753
-1.68176 0.802364
-1.64335 0.777977
-1.69822 0.817176
-1.7476 0.822144
-1.7476 0.832124
-1.73663 0.832124
-1.7915 0.872648
-1.77503 0.872648
-1.7915 0.88293
-1.81893 0.893271
-1.87929 0.93524
-1.81893 0.88293
-1.74211 0.847208
-1.79698 0.872648
-1.78052 0.862427
-1.84636 0.919389
-1.8738 0.93524
-1.80796 0.898465
-1.7915 0.88293
-1.81893 0.903673
-1.8299 0.903673
-1.85185 0.903673
-1.8299 0.888093
-1.80247 0.888093
-1.76406 0.852266
-1.73114 0.822144
-1.7037 0.787687
-1.75309 0.812224
-1.74211 0.842165
-1.75857 0.857339
-1.72565 0.847208
-1.75309 0.877781
-1.76406 0.852266
-1.78052 0.862427
-1.71468 0.832124
-1.72016 0.812224
-1.69822 0.817176
-1.72565 0.842165
-1.72565 0.827127
-1.74211 0.852266
-1.82442 0.903673
-1.83539 0.903673
-1.80796 0.872648
-1.83539 0.888093
-1.76955 0.872648
-1.76955 0.852266
-1.77503 0.852266
-1.68176 0.792564
-1.81893 0.847208
-1.72016 0.812224
-1.67627 0.739742
-1.72565 0.787687
-1.70919 0.744468
-1.72565 0.763526
-1.65981 0.744468
-1.76955 0.847208
-1.73663 0.837137
-1.72016 0.827127
-1.74211 0.817176
-1.72565 0.797456
-1.78601 0.862427
-1.80247 0.86753
-1.78052 0.847208
-1.78601 0.857339
-1.68724 0.768328
-1.70919 0.782824
-1.71468 0.792564
-1.74211 0.782824
-1.75857 0.807286
-1.76406 0.807286
-1.79698 0.862427
-1.75309 0.837137
-1.75857 0.847208
-1.80247 0.86753
-1.81344 0.888093
-1.8299 0.888093
-1.77503 0.857339
-1.7476 0.847208
-1.76406 0.877781
-1.78052 0.877781
-1.73663 0.827127
-1.7476 0.827127
-1.67078 0.787687
-1.65981 0.773145
-1.67078 0.758739
-1.7037 0.802364
-1.68724 0.782824
-1.72565 0.822144
-1.84636 0.898465
-1.7915 0.872648
-1.80247 0.888093
-1.84636 0.919389
-1.84088 0.914135
-1.83539 0.914135
-1.76406 0.86753
-1.73663 0.832124
-1.71468 0.827127
-1.72565 0.827127
-1.76406 0.86753
-1.74211 0.842165
-1.67078 0.797456
-1.69822 0.827127
-1.7476 0.857339
-1.82442 0.893271
-1.79698 0.88293
-1.78601 0.888093
-1.76406 0.877781
-1.75309 0.852266
-1.66529 0.812224
-1.66529 0.787687
-1.75309 0.817176
-1.8299 0.877781
-1.80796 0.852266
-1.79698 0.852266
-1.76955 0.842165
-1.69822 0.792564
-1.7037 0.787687
-1.69273 0.777977
-1.65981 0.744468
-1.63786 0.720985
-1.60494 0.688741
-1.61043 0.697878
-1.70919 0.763526
-1.71468 0.74921
-1.76955 0.812224
-1.78601 0.822144
-1.69273 0.753967
-1.66529 0.725652
-1.68724 0.716334
-1.67078 0.758739
-1.65432 0.730333
-1.74211 0.787687
-1.7037 0.797456
-1.75309 0.842165
-1.74211 0.832124
-1.84088 0.888093
-1.8299 0.898465
-1.8738 0.929941
-1.81893 0.898465
-1.84636 0.898465
-1.79698 0.86753
-1.75857 0.857339
-1.69273 0.792564
-1.75309 0.832124
-1.72565 0.837137
-1.78601 0.86753
-1.73663 0.832124
-1.68724 0.807286
-1.72565 0.822144
-1.72016 0.817176
-1.71468 0.832124
-1.74211 0.832124
-1.72565 0.817176
-1.73663 0.837137
-1.66529 0.777977
-1.67078 0.782824
-1.69822 0.792564
-1.7476 0.837137
-1.78052 0.832124
-1.75309 0.837137
-1.74211 0.837137
-1.73114 0.827127
-1.69822 0.807286
-1.69273 0.797456
-1.68176 0.807286
-1.74211 0.842165
-1.77503 0.872648
-1.76955 0.872648
-1.77503 0.857339
-1.80247 0.877781
-1.78052 0.877781
-1.77503 0.852266
-1.67078 0.812224
-1.67078 0.792564
-1.63237 0.782824
-1.64335 0.758739
-1.6214 0.753967
-1.67078 0.768328
-1.75309 0.832124
-1.69273 0.812224
-1.74211 0.822144
-1.77503 0.86753
-1.7915 0.862427
-1.69273 0.802364
-1.7476 0.852266
-1.72565 0.862427
-1.75857 0.872648
-1.75857 0.832124
-1.75857 0.847208
-1.80247 0.88293
-1.80796 0.888093
-1.76406 0.86753
-1.84088 0.908897
-1.86831 0.929941
-1.89026 0.945883
-1.7915 0.86753
-1.72016 0.842165
-1.78052 0.872648
-1.8299 0.903673
-1.81893 0.898465
-1.78052 0.88293
-1.80247 0.893271
-1.72016 0.807286
-1.68724 0.782824
-1.63237 0.744468
-1.65432 0.753967
-1.64883 0.739742
-1.64335 0.744468
-1.65981 0.753967
-1.63786 0.725652
-1.55007 0.688741
-1.59945 0.711697
-1.5775 0.720985
-1.63237 0.753967
-1.64883 0.787687
-1.64335 0.797456
-1.68724 0.822144
-1.71468 0.827127
-1.7915 0.857339
-1.81893 0.872648
-1.75309 0.827127
-1.72016 0.812224
-1.7037 0.787687
-1.69822 0.797456
-1.72565 0.812224
-1.75857 0.817176
-1.69822 0.797456
-1.72565 0.827127
-1.68176 0.822144
-1.64883 0.753967
-1.73114 0.827127
-1.72565 0.827127
-1.78601 0.877781
-1.81893 0.903673
-1.8299 0.908897
-1.80796 0.898465
-1.89575 0.945883
-1.91221 0.951227
-1.81893 0.888093
-1.81893 0.888093
-1.69822 0.812224
-1.68724 0.827127
-1.69273 0.827127
-1.68724 0.802364
-1.68176 0.792564
-1.65981 0.782824
-1.67078 0.763526
-1.72016 0.812224
-1.78601 0.832124
-1.79698 0.842165
-1.78052 0.847208
-1.76955 0.852266
-1.7476 0.852266
-1.79698 0.842165
-1.8299 0.847208
-1.80247 0.832124
-1.80247 0.862427
-1.80247 0.862427
-1.75309 0.837137
-1.7037 0.832124
-1.71468 0.822144
-1.69273 0.797456
-1.64335 0.773145
-1.64883 0.782824
-1.67078 0.792564
-1.72016 0.807286
-1.63237 0.74921
-1.67078 0.768328
-1.6214 0.744468
-1.69273 0.787687
-1.7037 0.797456
-1.75309 0.837137
-1.75857 0.86753
-1.87929 0.93524
-1.84088 0.903673
-1.7915 0.88293
-1.73663 0.842165
-1.76955 0.86753
-1.76406 0.857339
-1.72016 0.812224
-1.72016 0.812224
-1.71468 0.802364
-1.67627 0.753967
-1.76955 0.857339
-1.70919 0.812224
-1.75309 0.802364
-1.71468 0.792564
-1.68724 0.773145
-1.64335 0.739742
-1.64883 0.730333
-1.66529 0.730333
-1.64335 0.720985
-1.67078 0.720985
-1.7037 0.758739
-1.65981 0.716334
-1.67078 0.744468
-1.56104 0.675147
-1.58848 0.758739
-1.56104 0.716334
-1.64883 0.768328
-1.5775 0.670646
-1.5775 0.648367
-1.61591 0.679663
-1.53361 0.648367
-1.6214 0.702469
-1.60494 0.725652
-1.56653 0.684194
-1.62689 0.725652
-1.65981 0.753967
-1.68724 0.74921
-1.65981 0.702469
-1.64335 0.716334
-1.67078 0.730333
-1.72565 0.739742
-1.7037 0.730333
-1.73663 0.782824
-1.68176 0.777977
-1.70919 0.782824
-1.69273 0.782824
-1.7476 0.792564
-1.77503 0.782824
-1.73114 0.812224
-1.7037 0.777977
-1.73114 0.822144
-1.81344 0.872648
-1.68724 0.817176
-1.72565 0.837137
-1.74211 0.852266
-1.81344 0.88293
-1.7915 0.88293
-1.82442 0.893271
-1.73114 0.822144
-1.73663 0.857339
-1.76955 0.872648
-1.81344 0.877781
-1.81344 0.847208
-1.83539 0.852266
-1.82442 0.832124
-1.78601 0.797456
-1.7476 0.773145
-1.73114 0.792564
-1.69822 0.763526
-1.65981 0.725652
-1.75857 0.782824
-1.70919 0.730333
-1.73663 0.768328
-1.67078 0.711697
-1.65432 0.670646
-1.67078 0.675147
-1.64335 0.684194
-1.59945 0.679663
-1.60494 0.725652
-1.65981 0.74921
-1.72016 0.797456
-1.80247 0.862427
-1.76406 0.827127
-1.72016 0.802364
-1.61043 0.763526
-1.73114 0.822144
-1.68176 0.792564
-1.65432 0.807286
-1.69822 0.807286
-1.69273 0.797456
-1.7476 0.832124
-1.76406 0.822144
-1.73114 0.817176
-1.73114 0.817176
-1.68176 0.792564
-1.63237 0.787687
-1.67627 0.792564
-1.6214 0.739742
-1.61043 0.730333
-1.67078 0.768328
-1.69822 0.782824
-1.70919 0.817176
-1.76955 0.86753
-1.80247 0.888093
-1.69822 0.817176
-1.70919 0.837137
-1.6214 0.763526
-1.68724 0.792564
-1.73663 0.847208
-1.72565 0.812224
-1.78052 0.852266
-1.76406 0.847208
-1.78052 0.847208
-1.70919 0.802364
-1.67627 0.768328
-1.73663 0.787687
-1.69822 0.777977
-1.62689 0.753967
-1.67627 0.768328
-1.74211 0.782824
-1.77503 0.802364
-1.79698 0.862427
-1.80796 0.872648
-1.72565 0.817176
-1.72565 0.817176
-1.75857 0.86753
-1.78601 0.88293
-1.83539 0.903673
-1.84636 0.919389
-1.82442 0.898465
-1.8738 0.93524
-1.86283 0.908897
-1.77503 0.86753
-1.82442 0.903673
-1.78052 0.842165
-1.78601 0.88293
-1.74211 0.86753
-1.75857 0.852266
-1.78601 0.847208
-1.7476 0.822144
-1.76406 0.807286
-1.76406 0.842165
-1.73663 0.827127
-1.72565 0.822144
-1.7476 0.862427
-1.76955 0.862427
-1.75857 0.847208
-1.73114 0.802364
-1.69822 0.773145
-1.73663 0.807286
-1.72016 0.812224
-1.67078 0.773145
-1.72565 0.792564
-1.73663 0.802364
-1.65432 0.739742
-1.66529 0.753967
-1.66529 0.758739
-1.63237 0.773145
-1.75857 0.822144
-1.76406 0.842165
-1.73663 0.817176
-1.72565 0.827127
-1.68176 0.802364
-1.67627 0.807286
-1.66529 0.797456
-1.67627 0.817176
-1.67078 0.792564
-1.65981 0.777977
-1.71468 0.822144
-1.75857 0.847208
-1.73114 0.857339
-1.7915 0.88293
-1.81893 0.888093
-1.79698 0.888093
-1.84088 0.914135
-1.81893 0.893271
-1.85734 0.908897
-1.83539 0.898465
-1.84636 0.908897
-1.80247 0.86753
-1.79698 0.847208
-1.78601 0.877781
-1.7915 0.872648
-1.74211 0.857339
-1.75309 0.847208
-1.76955 0.857339
-1.70919 0.842165
-1.78052 0.877781
-1.82442 0.903673
-1.85185 0.914135
-1.7915 0.877781
-1.72565 0.827127
-1.64883 0.782824
-1.72016 0.822144
-1.7915 0.88293
-1.84088 0.914135
-1.92318 0.96196
-1.81893 0.903673
-1.86283 0.929941
-1.87929 0.924658
-1.77503 0.847208
-1.74211 0.837137
-1.79698 0.893271
-1.78052 0.862427
-1.81893 0.903673
-1.84088 0.903673
-1.85185 0.924658
-1.86283 0.924658
-1.84636 0.908897
-1.77503 0.872648
-1.84636 0.924658
-1.87929 0.93524
-1.84088 0.908897
-1.8299 0.903673
-1.76955 0.862427
-1.73663 0.857339
-1.81344 0.893271
-1.73663 0.832124
-1.84088 0.898465
-1.79698 0.877781
-1.86283 0.924658
-1.79698 0.888093
-1.80247 0.888093
-1.76955 0.872648
-1.76955 0.86753
-1.73114 0.832124
-1.73114 0.837137
-1.76955 0.857339
-1.73663 0.837137
-1.76955 0.847208
-1.80796 0.877781
-1.81344 0.888093
-1.84088 0.898465
-1.84636 0.908897
-1.80796 0.888093
-1.75857 0.852266
-1.71468 0.827127
-1.74211 0.847208
-1.78052 0.872648
-1.80796 0.893271
-1.84088 0.919389
-1.69822 0.832124
-1.80247 0.877781
-1.76955 0.842165
-1.80796 0.877781
-1.72016 0.842165
-1.72016 0.852266
-1.7915 0.888093
-1.76406 0.877781
-1.75857 0.862427
-1.80247 0.893271
-1.80796 0.86753
-1.7915 0.872648
-1.78601 0.88293
-1.75857 0.877781
-1.80796 0.893271
-1.77503 0.877781
-1.78601 0.877781
-1.77503 0.857339
-1.73114 0.852266
-1.74211 0.852266
-1.77503 0.862427
-1.82442 0.898465
-1.7476 0.842165
-1.73114 0.842165
-1.75309 0.837137
-1.71468 0.812224
-1.74211 0.817176
-1.75857 0.842165
-1.76955 0.852266
-1.74211 0.842165
-1.80796 0.862427
-1.77503 0.857339
-1.78052 0.862427
-1.77503 0.86753
-1.68724 0.782824
-1.66529 0.812224
-1.71468 0.842165
-1.71468 0.827127
-1.73663 0.817176
-1.7037 0.787687
-1.65981 0.744468
-1.65981 0.73503
-1.59396 0.688741
-1.60494 0.725652
-1.68176 0.773145
-1.65981 0.753967
-1.69273 0.725652
-1.68176 0.730333
-1.75857 0.777977
-1.73114 0.777977
-1.67078 0.730333
-1.67078 0.73503
-1.67078 0.753967
-1.71468 0.807286
-1.70919 0.787687
-1.72016 0.797456
-1.70919 0.792564
-1.74211 0.812224
-1.76955 0.832124
-1.75857 0.817176
-1.72565 0.802364
-1.73663 0.822144
-1.73114 0.837137
-1.68724 0.797456
-1.78601 0.862427
-1.85185 0.914135
-1.8299 0.898465
-1.76406 0.852266
-1.73114 0.837137
-1.8299 0.888093
-1.8299 0.888093
-1.7915 0.893271
-1.75857 0.862427
-1.73663 0.847208
-1.79698 0.888093
-1.81893 0.893271
-1.78052 0.862427
-1.7915 0.88293
-1.75309 0.852266
-1.70919 0.822144
-1.76406 0.862427
-1.7476 0.857339
-1.78601 0.872648
-1.74211 0.842165
-1.84636 0.903673
-1.81344 0.88293
-1.71468 0.817176
-1.79698 0.872648
-1.77503 0.847208
-1.81893 0.893271
-1.84088 0.914135
-1.80796 0.88293
-1.77503 0.852266
-1.79698 0.852266
-1.76955 0.832124
-1.73663 0.842165
-1.73663 0.832124
-1.72565 0.817176
-1.74211 0.847208
-1.7037 0.802364
-1.77503 0.842165
-1.7915 0.852266
-1.78052 0.862427
-1.75857 0.847208
-1.7037 0.807286
-1.75857 0.827127
-1.79698 0.842165
-1.87929 0.914135
-1.81893 0.888093
-1.7476 0.827127
-1.73114 0.827127
-1.74211 0.842165
-1.72016 0.837137
-1.7476 0.862427
-1.81344 0.893271
-1.83539 0.893271
-1.78601 0.862427
-1.67078 0.802364
-1.68724 0.827127
-1.67078 0.802364
-1.65981 0.797456
-1.67627 0.802364
-1.72565 0.832124
-1.7037 0.797456
-1.81344 0.857339
-1.72016 0.842165
-1.7915 0.872648
-1.80796 0.898465
-1.77503 0.852266
-1.71468 0.827127
-1.76955 0.837137
-1.70919 0.753967
-1.65432 0.763526
-1.69273 0.807286
-1.71468 0.812224
-1.71468 0.817176
-1.75309 0.862427
-1.67627 0.807286
-1.7037 0.817176
-1.67078 0.758739
-1.68176 0.782824
-1.71468 0.773145
-1.74211 0.777977
-1.68176 0.758739
-1.64335 0.725652
-1.74211 0.787687
-1.69273 0.763526
-1.63237 0.744468
-1.69273 0.777977
-1.68724 0.812224
-1.73114 0.842165
-1.68724 0.807286
-1.61591 0.720985
-1.70919 0.782824
-1.7476 0.802364
-1.7037 0.787687
-1.73663 0.802364
-1.75857 0.842165
-1.76406 0.837137
-1.73114 0.827127
-1.76406 0.842165
-1.79698 0.88293
-1.78052 0.877781
-1.78052 0.872648
-1.72016 0.787687
-1.75857 0.817176
-1.77503 0.842165
-1.76406 0.817176
-1.73663 0.807286
-1.7476 0.832124
-1.61591 0.758739
-1.65432 0.782824
-1.67627 0.744468
-1.75309 0.792564
-1.78601 0.817176
-1.72565 0.822144
-1.76955 0.852266
-1.78052 0.862427
-1.82442 0.893271
-1.80247 0.872648
-1.80247 0.893271
-1.70919 0.822144
-1.72016 0.832124
-1.75857 0.857339
-1.7037 0.807286
-1.73114 0.817176
-1.75309 0.837137
-1.75857 0.857339
-1.71468 0.837137
-1.73663 0.847208
-1.78601 0.862427
-1.76955 0.862427
-1.84088 0.908897
-1.82442 0.903673
-1.85734 0.919389
-1.75857 0.852266
-1.69822 0.802364
-1.73114 0.812224
-1.72565 0.822144
-1.78601 0.86753
-1.81893 0.88293
-1.8738 0.929941
-1.76955 0.852266
-1.74211 0.802364
-1.75309 0.817176
-1.74211 0.812224
-1.75857 0.852266
-1.80796 0.86753
-1.8738 0.908897
-1.84088 0.877781
-1.76955 0.812224
-1.75857 0.802364
-1.65432 0.744468
-1.71468 0.792564
-1.7037 0.827127
-1.77503 0.872648
-1.75309 0.852266
-1.79698 0.88293
-1.81344 0.893271
-1.81344 0.893271
-1.83539 0.903673
-1.74211 0.832124
-1.78052 0.862427
-1.82442 0.898465
-1.8299 0.908897
-1.82442 0.903673
-1.76955 0.862427
-1.7476 0.852266
-1.73114 0.847208
-1.80247 0.88293
-1.80796 0.88293
-1.81893 0.898465
-1.8299 0.888093
-1.80247 0.852266
-1.71468 0.832124
-1.7476 0.847208
-1.75309 0.847208
-1.7915 0.872648
-1.80796 0.893271
-1.78601 0.877781
-1.73663 0.842165
-1.74211 0.847208
-1.76955 0.862427
-1.7915 0.88293
-1.82442 0.908897
-1.7915 0.88293
-1.80247 0.88293
-1.78052 0.86753
-1.78052 0.88293
-1.80247 0.893271
-1.80247 0.877781
-1.78601 0.86753
-1.72565 0.822144
-1.74211 0.812224
-1.78601 0.877781
-1.74211 0.837137
-1.73114 0.847208
-1.76406 0.847208
-1.77503 0.852266
-1.75857 0.857339
-1.76406 0.872648
-1.76406 0.872648
-1.80796 0.893271
-1.77503 0.888093
-1.77503 0.88293
-1.76955 0.852266
-1.78052 0.852266
-1.73114 0.822144
-1.73663 0.817176
-1.7476 0.822144
-1.75309 0.792564
-1.66529 0.758739
-1.74211 0.777977
-1.68176 0.739742
-1.7476 0.73503
-1.79698 0.768328
-1.72565 0.707076
-1.76406 0.74921
-1.76955 0.782824
-1.70919 0.730333
-1.70919 0.730333
-1.73663 0.74921
-1.7037 0.730333
-1.76955 0.787687
-1.74211 0.74921
-1.72016 0.758739
-1.72565 0.758739
-1.71468 0.782824
-1.68176 0.768328
-1.6214 0.74921
-1.69822 0.787687
-1.66529 0.720985
-1.67627 0.730333
-1.59945 0.716334
-1.67078 0.753967
-1.67627 0.74921
-1.74211 0.763526
-1.67078 0.758739
-1.6214 0.782824
-1.78052 0.872648
-1.80796 0.872648
-1.76406 0.857339
-1.75309 0.837137
-1.81344 0.86753
-1.72016 0.817176
-1.68176 0.782824
-1.71468 0.792564
-1.72016 0.782824
-1.64335 0.753967
-1.69273 0.777977
-1.72016 0.792564
-1.65432 0.753967
-1.60494 0.707076
-1.66529 0.73503
-1.69822 0.744468
-1.7037 0.758739
-1.72565 0.837137
-1.75857 0.857339
-1.75857 0.857339
-1.84088 0.903673
-1.79698 0.872648
-1.84088 0.903673
-1.81344 0.898465
-1.8299 0.908897
-1.77503 0.862427
-1.76955 0.862427
-1.77503 0.857339
-1.86283 0.919389
-1.81344 0.898465
-1.77503 0.88293
-1.78052 0.88293
-1.70919 0.847208
-1.7037 0.832124
-1.80796 0.893271
-1.84636 0.903673
-1.83539 0.903673
-1.86283 0.924658
-1.86283 0.919389
-1.81344 0.872648
-1.79698 0.852266
-1.73663 0.822144
-1.80247 0.88293
-1.7915 0.877781
-1.7915 0.888093
-1.78601 0.88293
-1.81344 0.877781
-1.68176 0.787687
-1.74211 0.812224
-1.68724 0.807286
-1.69273 0.812224
-1.72565 0.792564
-1.68176 0.744468
-1.67627 0.773145
-1.67078 0.74921
-1.67627 0.739742
-1.65432 0.753967
-1.68724 0.773145
-1.7037 0.787687
-1.75309 0.852266
-1.7476 0.862427
-1.8299 0.898465
-1.73663 0.832124
-1.77503 0.857339
-1.71468 0.832124
-1.78052 0.862427
-1.76406 0.852266
-1.74211 0.857339
-1.7476 0.852266
-1.72016 0.832124
-1.80247 0.872648
-1.75857 0.857339
-1.75857 0.847208
-1.72016 0.832124
-1.77503 0.877781
-1.82442 0.903673
-1.73114 0.847208
-1.7915 0.88293
-1.85734 0.914135
-1.84636 0.914135
-1.78601 0.842165
-1.76406 0.837137
-1.84088 0.893271
-1.7915 0.86753
-1.76955 0.862427
-1.76955 0.857339
-1.75309 0.847208
-1.81893 0.872648
-1.7037 0.777977
-1.67627 0.763526
-1.74211 0.802364
-1.71468 0.777977
-1.67627 0.792564
-1.63237 0.716334
-1.68724 0.797456
-1.73663 0.852266
-1.8299 0.898465
-1.73663 0.847208
-1.7037 0.812224
-1.70919 0.817176
-1.67078 0.782824
-1.77503 0.86753
-1.76406 0.827127
-1.74211 0.837137
-1.77503 0.827127
-1.73663 0.842165
-1.72565 0.832124
-1.75309 0.832124
-1.73663 0.807286
-1.65432 0.725652
-1.73114 0.753967
-1.7476 0.797456
-1.67078 0.753967
-1.6214 0.711697
-1.65432 0.711697
-1.69822 0.716334
-1.75857 0.812224
-1.67627 0.773145
-1.69822 0.773145
-1.75309 0.797456
-1.75857 0.812224
-1.78601 0.847208
-1.76955 0.857339
-1.73114 0.837137
-1.67627 0.797456
-1.68724 0.807286
-1.75857 0.842165
-1.70919 0.817176
-1.75857 0.857339
-1.72565 0.842165
-1.7037 0.832124
-1.68724 0.792564
-1.6214 0.739742
-1.62689 0.773145
-1.64883 0.787687
-1.74211 0.822144
-1.76406 0.837137
-1.7476 0.852266
-1.71468 0.827127
-1.78052 0.86753
-1.79698 0.872648
-1.77503 0.86753
-1.76406 0.872648
-1.76955 0.872648
-1.85185 0.903673
-1.81344 0.888093
-1.90672 0.945883
-1.88477 0.924658
-1.86831 0.924658
-1.78601 0.872648
-1.81893 0.893271
-1.78601 0.86753
-1.78601 0.872648
-1.75309 0.86753
-1.78052 0.872648
-1.83539 0.903673
-1.8299 0.903673
-1.68176 0.797456
-1.66529 0.782824
-1.74211 0.847208
-1.75309 0.832124
-1.83539 0.888093
-1.78601 0.857339
-1.72016 0.837137
-1.66529 0.802364
-1.75857 0.852266
-1.81893 0.88293
-1.73663 0.837137
-1.75857 0.872648
-1.87929 0.924658
-1.86831 0.914135
-1.76406 0.862427
-1.78052 0.86753
-1.83539 0.893271
-1.79698 0.862427
-1.81344 0.847208
-1.74211 0.802364
-1.80796 0.862427
-1.78052 0.857339
-1.80247 0.893271
-1.78052 0.86753
-1.82442 0.903673
-1.7037 0.807286
-1.7476 0.837137
-1.77503 0.847208
-1.81344 0.86753
-1.80796 0.877781
-1.78601 0.872648
-1.78601 0.862427
-1.78601 0.872648
-1.7476 0.832124
-1.68724 0.797456
-1.72565 0.792564
-1.77503 0.822144
-1.76955 0.822144
-1.70919 0.807286
-1.73114 0.842165
-1.68724 0.827127
-1.75857 0.842165
-1.75309 0.857339
-1.79698 0.88293
-1.70919 0.827127
-1.64883 0.773145
-1.69273 0.822144
-1.7476 0.847208
-1.79698 0.857339
-1.83539 0.898465
-1.83539 0.903673
-1.8299 0.877781
-1.78052 0.857339
-1.84088 0.898465
-1.81344 0.88293
-1.82442 0.903673
-1.78601 0.857339
-1.76406 0.86753
-1.76955 0.852266
-1.8299 0.903673
-1.76955 0.857339
-1.79698 0.877781
-1.71468 0.792564
-1.70919 0.797456
-1.76955 0.842165
-1.87929 0.924658
-1.77503 0.872648
-1.78052 0.862427
-1.72565 0.837137
-1.79698 0.872648
-1.77503 0.847208
-1.78601 0.862427
-1.7476 0.817176
-1.69273 0.768328
-1.66529 0.758739
-1.76955 0.832124
-1.68724 0.792564
-1.80247 0.872648
-1.70919 0.812224
-1.68176 0.812224
-1.73114 0.837137
-1.73663 0.822144
-1.74211 0.852266
-1.72016 0.822144
-1.68176 0.817176
-1.72016 0.827127
-1.69822 0.802364
-1.72565 0.842165
-1.81893 0.88293
-1.78601 0.88293
-1.7476 0.852266
-1.74211 0.832124
-1.7037 0.837137
-1.69273 0.827127
-1.72016 0.837137
-1.80796 0.88293
-1.82442 0.877781
-1.8299 0.914135
-1.80247 0.893271
-1.82442 0.903673
-1.83539 0.908897
-1.81893 0.893271
-1.7037 0.827127
-1.73114 0.837137
-1.74211 0.842165
-1.78601 0.872648
-1.78601 0.847208
-1.76406 0.852266
-1.79698 0.877781
-1.7915 0.857339
-1.78052 0.852266
-1.68724 0.817176
-1.75857 0.847208
-1.74211 0.812224
-1.61043 0.711697
-1.68176 0.758739
-1.76406 0.837137
-1.72565 0.817176
-1.77503 0.847208
-1.82442 0.903673
-1.84088 0.919389
-1.84636 0.914135
-1.80247 0.888093
-1.80247 0.877781
-1.80796 0.893271
-1.78601 0.877781
-1.80247 0.877781
-1.84088 0.908897
-1.84088 0.903673
-1.7915 0.872648
-1.78601 0.86753
-1.78052 0.877781
-1.75857 0.862427
-1.75857 0.857339
-1.68176 0.792564
-1.69273 0.782824
-1.7037 0.787687
-1.76955 0.862427
-1.75857 0.857339
-1.7037 0.832124
-1.75309 0.842165
-1.84088 0.903673
-1.86283 0.929941
-1.80247 0.898465
-1.7915 0.862427
-1.79698 0.842165
-1.7915 0.857339
-1.8299 0.888093
-1.80796 0.893271
-1.78052 0.872648
-1.78601 0.877781
-1.68724 0.787687
-1.68176 0.768328
-1.63237 0.763526
-1.74211 0.787687
-1.7476 0.817176
-1.81893 0.842165
-1.72565 0.763526
-1.75309 0.817176
-1.75309 0.827127
-1.83539 0.827127
-1.78052 0.807286
-1.73663 0.797456
-1.63786 0.744468
-1.68176 0.768328
-1.72565 0.802364
-1.72016 0.797456
-1.67078 0.74921
-1.65432 0.753967
-1.67627 0.758739
-1.68176 0.792564
-1.69822 0.797456
-1.7476 0.842165
-1.7915 0.877781
-1.85734 0.919389
-1.78052 0.872648
-1.80796 0.88293
-1.78601 0.852266
-1.7476 0.832124
-1.68724 0.763526
-1.74211 0.802364
-1.73114 0.807286
-1.67627 0.802364
-1.71468 0.837137
-1.74211 0.827127
-1.82442 0.88293
-1.80796 0.877781
-1.7915 0.862427
-1.76406 0.86753
-1.73114 0.827127
-1.72016 0.832124
-1.78052 0.857339
-1.80796 0.872648
-1.75857 0.832124
-1.76406 0.86753
-1.76406 0.857339
-1.76955 0.842165
-1.8299 0.88293
-1.80796 0.847208
-1.70919 0.822144
-1.8299 0.893271
-1.85734 0.914135
-1.85734 0.908897
-1.84088 0.888093
-1.81344 0.86753
-1.76406 0.857339
-1.7476 0.852266
-1.78052 0.857339
-1.80796 0.877781
-1.76955 0.86753
-1.69822 0.812224
-1.72016 0.797456
-1.72565 0.797456
-1.7037 0.787687
-1.61043 0.739742
-1.54458 0.697878
-1.56104 0.684194
-1.6214 0.730333
-1.67078 0.773145
-1.63786 0.777977
-1.64883 0.777977
-1.70919 0.832124
-1.7037 0.822144
-1.75309 0.852266
-1.72016 0.817176
-1.65432 0.797456
-1.73114 0.832124
-1.79698 0.888093
-1.76955 0.862427
-1.85185 0.914135
-1.80796 0.893271
-1.7915 0.877781
-1.80796 0.888093
-1.7476 0.842165
-1.74211 0.857339
-1.81893 0.888093
-1.78052 0.852266
-1.75857 0.837137
-1.73114 0.832124
-1.75857 0.847208
-1.78052 0.852266
-1.70919 0.837137
-1.76955 0.862427
-1.78052 0.862427
-1.69822 0.832124
-1.80247 0.888093
-1.81893 0.903673
-1.86283 0.924658
-1.81344 0.893271
-1.80247 0.893271
-1.80796 0.898465
-1.85185 0.919389
-1.8299 0.908897
-1.80247 0.898465
-1.81893 0.898465
-1.78601 0.888093
-1.76955 0.86753
-1.7476 0.872648
-1.86283 0.924658
-1.85734 0.924658
-1.89026 0.908897
-1.85734 0.908897
-1.84636 0.903673
-1.87929 0.940554
-1.89575 0.940554
-1.80796 0.893271
-1.82442 0.893271
-1.83539 0.888093
-1.81344 0.893271
-1.80247 0.893271
-1.84636 0.908897
-1.78601 0.888093
-1.69273 0.802364
-1.72016 0.822144
-1.81893 0.903673
-1.81344 0.872648
-1.80796 0.877781
-1.81344 0.898465
-1.84088 0.919389
-1.85185 0.919389
-1.76406 0.857339
-1.7915 0.852266
-1.73663 0.812224
-1.67078 0.787687
-1.68724 0.792564
-1.72565 0.822144
-1.68724 0.787687
-1.63786 0.744468
-1.64335 0.74921
-1.65981 0.725652
-1.69822 0.782824
-1.71468 0.797456
-1.76406 0.842165
-1.76406 0.872648
-1.75857 0.862427
-1.71468 0.842165
-1.73114 0.817176
-1.7915 0.872648
-1.76955 0.872648
-1.8299 0.898465
-1.8738 0.929941
-1.86283 0.929941
-1.8299 0.908897
-1.80796 0.88293
-1.81893 0.893271
-1.81344 0.872648
-1.80247 0.872648
-1.81893 0.872648
-1.80247 0.88293
-1.73114 0.812224
-1.71468 0.817176
-1.76406 0.837137
-1.73114 0.832124
-1.76406 0.847208
-1.7476 0.847208
-1.7476 0.842165
-1.71468 0.827127
-1.7915 0.877781
-1.76406 0.852266
-1.77503 0.847208
-1.76406 0.862427
-1.7037 0.812224
-1.7037 0.792564
-1.70919 0.787687
-1.78052 0.837137
-1.72016 0.802364
-1.70919 0.787687
-1.71468 0.768328
-1.65981 0.753967
-1.68176 0.763526
-1.74211 0.842165
-1.76955 0.827127
-1.76406 0.852266
-1.78052 0.872648
-1.74211 0.857339
-1.79698 0.872648
-1.80796 0.888093
-1.85734 0.908897
-1.78601 0.872648
-1.8299 0.893271
-1.72565 0.832124
-1.75309 0.862427
-1.81893 0.893271
-1.7915 0.862427
-1.75857 0.847208
-1.79698 0.86753
-1.74211 0.842165
-1.65432 0.812224
-1.80247 0.86753
-1.7476 0.832124
-1.72565 0.847208
-1.80796 0.898465
-1.70919 0.842165
-1.72016 0.812224
-1.76955 0.86753
-1.81344 0.877781
-1.84088 0.898465
-1.81893 0.88293
-1.81344 0.893271
-1.81893 0.872648
-1.76406 0.842165
-1.81344 0.877781
-1.86283 0.929941
-1.8299 0.903673
-1.8299 0.888093
-1.77503 0.86753
-1.84088 0.903673
-1.81893 0.888093
-1.81344 0.86753
-1.7476 0.832124
-1.64883 0.753967
-1.68176 0.753967
-1.62689 0.707076
-1.63786 0.711697
-1.59396 0.670646
-1.57202 0.684194
-1.58848 0.693302
-1.62689 0.688741
-1.67078 0.73503
-1.63786 0.763526
-1.64335 0.753967
-1.65432 0.753967
-1.7037 0.792564
-1.72016 0.827127
-1.7915 0.877781
-1.78052 0.872648
-1.69273 0.807286
-1.72016 0.822144
-1.75309 0.862427
-1.7476 0.857339
-1.7037 0.822144
-1.73114 0.817176
-1.72565 0.842165
-1.63786 0.782824
-1.73663 0.847208
-1.84088 0.903673
-1.78601 0.877781
-1.75309 0.86753
-1.76406 0.877781
-1.84088 0.908897
-1.79698 0.862427
-1.79698 0.842165
-1.80247 0.862427
-1.69273 0.782824
-1.67078 0.787687
-1.66529 0.802364
-1.69822 0.822144
-1.7915 0.88293
-1.78052 0.862427
-1.7476 0.862427
-1.72016 0.832124
-1.76406 0.872648
-1.75857 0.862427
-1.76406 0.862427
-1.7915 0.877781
-1.81344 0.877781
-1.77503 0.842165
-1.68724 0.787687
-1.67078 0.763526
-1.63786 0.773145
-1.64335 0.768328
-1.73114 0.787687
-1.7037 0.782824
-1.75309 0.827127
-1.69822 0.812224
-1.7476 0.832124
-1.73663 0.807286
-1.79698 0.852266
-1.72565 0.817176
-1.73114 0.782824
-1.7476 0.832124
-1.71468 0.797456
-1.66529 0.787687
-1.69822 0.802364
-1.7476 0.847208
-1.68724 0.832124
-1.70919 0.837137
-1.73114 0.837137
-1.78601 0.862427
-1.67078 0.797456
-1.63786 0.753967
-1.67078 0.792564
-1.64335 0.763526
-1.68176 0.787687
-1.70919 0.807286
-1.72016 0.837137
-1.7476 0.822144
-1.62689 0.753967
-1.64335 0.730333
-1.68724 0.758739
-1.56104 0.66616
-1.59945 0.697878
-1.6214 0.716334
-1.59396 0.66169
-1.61591 0.684194
-1.63237 0.716334
-1.62689 0.725652
-1.68176 0.725652
-1.6214 0.66616
-1.67627 0.758739
-1.72565 0.782824
-1.69822 0.787687
-1.71468 0.797456
-1.63237 0.744468
-1.61043 0.73503
-1.70919 0.802364
-1.66529 0.777977
-1.73114 0.802364
-1.7476 0.847208
-1.72565 0.822144
-1.79698 0.88293
-1.80796 0.877781
-1.81893 0.877781
-1.85734 0.929941
-1.84636 0.908897
-1.78601 0.862427
-1.76955 0.857339
-1.75309 0.842165
-1.78601 0.88293
-1.75857 0.86753
-1.66529 0.787687
-1.70919 0.773145
-1.72016 0.827127
-1.78601 0.872648
-1.73663 0.852266
-1.7037 0.827127
-1.68724 0.807286
-1.68724 0.807286
-1.7037 0.822144
-1.72565 0.852266
-1.7476 0.817176
-1.74211 0.847208
-1.80796 0.862427
-1.75309 0.842165
-1.73663 0.832124
-1.79698 0.872648
-1.74211 0.837137
-1.65432 0.773145
-1.69273 0.792564
-1.73114 0.812224
-1.76406 0.797456
-1.72565 0.792564
-1.68724 0.773145
-1.64883 0.73503
-1.63786 0.753967
-1.65981 0.768328
-1.67627 0.782824
-1.68176 0.807286
-1.78601 0.86753
-1.76406 0.857339
-1.78052 0.852266
-1.7915 0.877781
-1.78601 0.872648
-1.78601 0.888093
-1.72016 0.852266
-1.72565 0.842165
-1.78601 0.852266
-1.78601 0.857339
-1.76955 0.852266
-1.70919 0.837137
-1.72565 0.837137
-1.72016 0.827127
-1.76955 0.862427
-1.73114 0.827127
-1.76955 0.852266
-1.79698 0.877781
-1.73114 0.837137
-1.73663 0.807286
-1.72565 0.812224
-1.74211 0.842165
-1.72565 0.852266
-1.7476 0.852266
-1.77503 0.872648
-1.7476 0.842165
-1.73114 0.837137
-1.80796 0.893271
-1.80796 0.88293
-1.78601 0.847208
-1.89575 0.93524
-1.87929 0.924658
-1.84088 0.908897
-1.84088 0.914135
-1.74211 0.847208
-1.73663 0.837137
-1.7037 0.812224
-1.73114 0.852266
-1.76955 0.86753
-1.80796 0.88293
-1.7915 0.857339
-1.76406 0.827127
-1.78052 0.827127
-1.75857 0.807286
-1.65981 0.758739
-1.69273 0.768328
-1.67078 0.758739
-1.68176 0.753967
-1.67078 0.744468
-1.72565 0.763526
-1.71468 0.758739
-1.70919 0.773145
-1.65432 0.73503
-1.74211 0.807286
-1.73663 0.812224
-1.77503 0.872648
-1.73663 0.857339
-1.73114 0.847208
-1.69273 0.807286
-1.68724 0.797456
-1.74211 0.842165
-1.69273 0.812224
-1.68176 0.777977
-1.69273 0.773145
-1.68176 0.787687
-1.76406 0.852266
-1.70919 0.827127
-1.68724 0.832124
-1.78052 0.872648
-1.79698 0.888093
-1.69822 0.812224
-1.7037 0.797456
-1.74211 0.852266
-1.72016 0.837137
-1.77503 0.86753
-1.7037 0.832124
-1.84088 0.914135
-1.81344 0.893271
-1.80247 0.877781
-1.75309 0.857339
-1.65981 0.807286
-1.7476 0.852266
-1.76406 0.877781
-1.62689 0.787687
-1.69273 0.792564
-1.68724 0.817176
-1.72016 0.842165
-1.74211 0.852266
-1.75857 0.862427
-1.84088 0.908897
-1.76406 0.862427
-1.72565 0.822144
-1.67627 0.792564
-1.72565 0.812224
-1.67627 0.802364
-1.69273 0.758739
-1.69822 0.782824
-1.70919 0.787687
-1.66529 0.792564
-1.72565 0.812224
-1.78601 0.862427
-1.75857 0.852266
-1.69273 0.827127
-1.70919 0.822144
-1.78601 0.877781
-1.78601 0.888093
-1.84088 0.914135
-1.86283 0.919389
-1.80247 0.893271
-1.85734 0.908897
-1.83539 0.903673
-1.78052 0.86753
-1.73114 0.832124
-1.69822 0.797456
-1.70919 0.817176
-1.7037 0.822144
-1.75309 0.842165
-1.73663 0.852266
-1.71468 0.832124
-1.74211 0.857339
-1.8299 0.88293
-1.70919 0.822144
-1.79698 0.86753
-1.81344 0.872648
-1.75309 0.837137
-1.72016 0.842165
-1.79698 0.88293
-1.78052 0.862427
-1.7476 0.862427
-1.75857 0.872648
-1.67627 0.802364
-1.75309 0.847208
-1.76406 0.832124
-1.74211 0.827127
-1.75857 0.832124
-1.7476 0.822144
-1.73663 0.847208
-1.81893 0.903673
-1.8299 0.903673
-1.73114 0.847208
-1.69273 0.773145
-1.78052 0.817176
-1.69273 0.773145
-1.69273 0.744468
-1.75309 0.753967
-1.63786 0.73503
-1.6214 0.739742
-1.57202 0.670646
-1.65432 0.739742
-1.74211 0.837137
-1.79698 0.857339
-1.8738 0.929941
-1.86283 0.929941
-1.8299 0.898465
-1.84088 0.914135
-1.80796 0.872648
-1.7915 0.862427
-1.75857 0.86753
-1.78601 0.86753
-1.82442 0.893271
-1.75309 0.862427
-1.70919 0.822144
-1.64335 0.777977
-1.5775 0.73503
-1.63237 0.773145
-1.73114 0.822144
-1.68724 0.782824
-1.68176 0.730333
-1.70919 0.777977
-1.68176 0.787687
-1.76955 0.842165
-1.66529 0.768328
-1.59945 0.725652
-1.67627 0.792564
-1.72565 0.792564
-1.70919 0.773145
-1.64883 0.73503
-1.5775 0.693302
-1.52263 0.66169
-1.58848 0.66169
-1.73114 0.73503
-1.63786 0.725652
-1.6214 0.684194
-1.65981 0.720985
-1.64335 0.720985
-1.7037 0.787687
-1.72565 0.807286
-1.69273 0.773145
-1.65432 0.739742
-1.70919 0.782824
-1.69273 0.812224
-1.72016 0.787687
-1.60494 0.688741
-1.72565 0.792564
-1.7476 0.832124
-1.78052 0.847208
-1.7476 0.837137
-1.69822 0.797456
-1.65981 0.787687
-1.6214 0.711697
-1.69273 0.792564
-1.67078 0.792564
-1.74211 0.812224
-1.66529 0.802364
-1.72016 0.812224
-1.67627 0.777977
-1.68176 0.768328
-1.7037 0.807286
-1.75857 0.827127
-1.69273 0.802364
-1.67627 0.802364
-1.67078 0.807286
-1.66529 0.753967
-1.65981 0.768328
-1.66529 0.753967
-1.65981 0.758739
-1.73114 0.782824
-1.84636 0.898465
-1.77503 0.877781
-1.79698 0.872648
-1.81893 0.872648
-1.82442 0.862427
-1.69822 0.812224
-1.74211 0.822144
-1.66529 0.753967
-1.63786 0.73503
-1.67078 0.753967
-1.69822 0.753967
-1.72565 0.787687
-1.71468 0.782824
-1.75857 0.787687
-1.65981 0.744468
-1.67078 0.758739
-1.65981 0.773145
-1.73114 0.797456
-1.7037 0.797456
-1.75309 0.822144
-1.74211 0.812224
-1.65432 0.787687
-1.66529 0.792564
-1.68176 0.782824
-1.78052 0.852266
-1.7915 0.842165
-1.72565 0.797456
-1.75309 0.827127
-1.80247 0.847208
-1.82442 0.898465
-1.75857 0.862427
-1.78052 0.872648
-1.78601 0.877781
-1.81344 0.898465
-1.76406 0.862427
-1.65981 0.792564
-1.69822 0.807286
-1.73663 0.827127
-1.76955 0.852266
-1.67078 0.777977
-1.66529 0.787687
-1.64335 0.787687
-1.65981 0.777977
-1.65432 0.763526
-1.73663 0.832124
-1.75857 0.852266
-1.76955 0.857339
-1.85185 0.898465
-1.81344 0.877781
-1.80796 0.872648
-1.79698 0.88293
-1.78601 0.888093
-1.79698 0.88293
-1.7915 0.86753
-1.7476 0.857339
-1.73663 0.847208
-1.69822 0.817176
-1.76955 0.842165
-1.74211 0.807286
-1.7476 0.827127
-1.72565 0.827127
-1.67627 0.787687
-1.70919 0.802364
-1.70919 0.807286
-1.67078 0.763526
-1.67078 0.744468
-1.61043 0.725652
-1.62689 0.744468
-1.65981 0.753967
-1.68176 0.758739
-1.69273 0.763526
-1.67078 0.74921
-1.67078 0.74921
-1.65432 0.744468
-1.73663 0.817176
-1.67627 0.802364
-1.76406 0.847208
-1.83539 0.893271
-1.81893 0.898465
-1.80247 0.893271
-1.86283 0.924658
-1.80247 0.893271
-1.74211 0.852266
-1.75309 0.852266
-1.7037 0.802364
-1.65432 0.758739
-1.65432 0.744468
-1.64883 0.716334
-1.67078 0.730333
-1.68724 0.768328
-1.68724 0.773145
-1.66529 0.768328
-1.73663 0.822144
-1.69273 0.792564
-1.73663 0.807286
-1.76955 0.852266
-1.79698 0.86753
-1.85734 0.903673
-1.78052 0.872648
-1.79698 0.86753
-1.78052 0.88293
-1.69822 0.802364
-1.63786 0.74921
-1.75309 0.817176
-1.69822 0.797456
-1.69822 0.792564
-1.70919 0.802364
-1.75857 0.847208
-1.69273 0.782824
-1.74211 0.847208
-1.76406 0.847208
-1.7476 0.822144
-1.69822 0.812224
-1.64883 0.773145
-1.7037 0.812224
-1.78601 0.852266
-1.68176 0.807286
-1.6214 0.744468
-1.59945 0.768328
-1.69822 0.802364
-1.69822 0.802364
-1.73114 0.862427
-1.78601 0.862427
-1.81893 0.893271
-1.82442 0.888093
-1.7915 0.86753
-1.81344 0.88293
-1.84088 0.898465
-1.8299 0.898465
-1.84636 0.919389
-1.84636 0.908897
-1.76955 0.86753
-1.76955 0.86753
-1.78601 0.862427
-1.80796 0.872648
-1.73114 0.842165
-1.63786 0.777977
-1.69822 0.797456
-1.7476 0.842165
-1.68176 0.787687
-1.68176 0.807286
-1.74211 0.827127
-1.80247 0.86753
-1.7476 0.812224
-1.72016 0.797456
-1.76406 0.842165
-1.73114 0.837137
-1.73663 0.807286
-1.82442 0.837137
-1.73663 0.817176
-1.7037 0.797456
-1.75857 0.832124
-1.86283 0.898465
-1.7476 0.842165
-1.7476 0.827127
-1.73663 0.832124
-1.70919 0.812224
-1.7476 0.807286
-1.76955 0.827127
-1.78601 0.877781
-1.77503 0.86753
-1.78601 0.88293
-1.74211 0.852266
-1.68176 0.797456
-1.61043 0.739742
-1.66529 0.787687
-1.70919 0.832124
-1.69822 0.822144
-1.7476 0.852266
-1.7915 0.877781
-1.74211 0.837137
-1.7915 0.88293
-1.7476 0.852266
-1.76955 0.86753
-1.70919 0.817176
-1.73114 0.832124
-1.77503 0.852266
-1.7915 0.872648
-1.75857 0.847208
-1.77503 0.857339
-1.73663 0.832124
-1.73663 0.832124
-1.69273 0.802364
-1.64883 0.739742
-1.65432 0.753967
-1.61043 0.720985
-1.60494 0.73503
-1.65981 0.782824
-1.76955 0.837137
-1.76955 0.842165
-1.71468 0.827127
-1.72565 0.837137
-1.70919 0.837137
-1.73663 0.857339
-1.79698 0.888093
-1.81344 0.888093
-1.81344 0.898465
-1.81893 0.877781
-1.81893 0.893271
-1.87929 0.940554
-1.7915 0.877781
-1.8299 0.888093
-1.78052 0.86753
-1.78052 0.847208
-1.80796 0.893271
-1.73663 0.842165
-1.76955 0.847208
-1.76406 0.857339
-1.76955 0.862427
-1.81344 0.893271
-1.7915 0.88293
-1.85185 0.914135
-1.82442 0.903673
-1.84636 0.914135
-1.80796 0.888093
-1.69273 0.822144
-1.68724 0.773145
-1.7037 0.777977
-1.72016 0.822144
-1.79698 0.872648
-1.7476 0.847208
-1.78601 0.88293
-1.7037 0.797456
-1.73663 0.787687
-1.66529 0.782824
-1.75309 0.822144
-1.71468 0.822144
-1.71468 0.787687
-1.68724 0.768328
-1.71468 0.817176
-1.69273 0.792564
-1.72565 0.812224
-1.70919 0.802364
-1.76955 0.862427
-1.80247 0.88293
-1.77503 0.872648
-1.8299 0.898465
-1.77503 0.857339
-1.69273 0.782824
-1.77503 0.86753
-1.69822 0.812224
-1.73114 0.807286
-1.78052 0.827127
-1.76955 0.857339
-1.86283 0.914135
-1.81893 0.888093
-1.7915 0.877781
-1.80796 0.872648
-1.77503 0.852266
-1.74211 0.827127
-1.73663 0.817176
-1.67627 0.792564
-1.73663 0.847208
-1.75309 0.862427
-1.82442 0.903673
-1.8738 0.929941
-1.81344 0.898465
-1.80796 0.888093
-1.79698 0.847208
-1.7476 0.812224
-1.63237 0.73503
-1.67627 0.74921
-1.70919 0.763526
-1.67078 0.773145
-1.73114 0.807286
-1.78052 0.842165
-1.79698 0.88293
-1.81344 0.898465
-1.8738 0.929941
-1.80247 0.877781
-1.84088 0.908897
-1.83539 0.908897
-1.79698 0.888093
-1.73114 0.852266
-1.69822 0.822144
-1.69273 0.807286
-1.6214 0.716334
-1.64883 0.725652
-1.67078 0.773145
-1.59396 0.739742
-1.67078 0.817176
-1.72016 0.832124
-1.69273 0.827127
-1.75309 0.862427
-1.76406 0.852266
-1.81893 0.842165
-1.66529 0.773145
-1.73114 0.797456
-1.77503 0.857339
-1.77503 0.837137
-1.76955 0.822144
-1.74211 0.768328
-1.68724 0.744468
-1.71468 0.797456
-1.73663 0.832124
-1.70919 0.797456
-1.7037 0.812224
-1.60494 0.753967
-1.7037 0.777977
-1.69273 0.758739
-1.64335 0.702469
-1.64883 0.725652
-1.64335 0.753967
-1.67627 0.763526
-1.64883 0.763526
-1.70919 0.802364
-1.71468 0.763526
-1.73114 0.782824
-1.72565 0.782824
-1.71468 0.837137
-1.67627 0.797456
-1.71468 0.827127
-1.68176 0.817176
-1.7476 0.857339
-1.76406 0.852266
-1.82442 0.888093
-1.80247 0.893271
-1.81344 0.888093
-1.81893 0.88293
-1.8299 0.872648
-1.7915 0.88293
-1.69273 0.812224
-1.76955 0.86753
-1.73114 0.852266
-1.7915 0.877781
-1.78052 0.872648
-1.82442 0.908897
-1.78601 0.88293
-1.66529 0.817176
-1.7476 0.852266
-1.75857 0.847208
-1.78052 0.86753
-1.75309 0.857339
-1.84088 0.903673
-1.81344 0.893271
-1.76955 0.842165
-1.76955 0.857339
-1.79698 0.847208
-1.71468 0.792564
-1.73663 0.807286
-1.73663 0.842165
-1.76406 0.832124
-1.69273 0.812224
-1.73114 0.832124
-1.73114 0.847208
-1.82442 0.898465
-1.8299 0.903673
-1.79698 0.872648
-1.79698 0.888093
-1.81344 0.898465
-1.89575 0.940554
-1.80247 0.888093
-1.85185 0.908897
-1.81344 0.888093
-1.65432 0.787687
-1.71468 0.822144
-1.82442 0.903673
-1.7915 0.898465
-1.7476 0.862427
-1.72565 0.822144
-1.79698 0.888093
-1.69273 0.832124
-1.67627 0.812224
-1.78601 0.857339
-1.78601 0.888093
-1.88477 0.940554
-1.7915 0.888093
-1.78601 0.888093
-1.72016 0.842165
-1.86283 0.919389
-1.8299 0.903673
-1.79698 0.888093
-1.84636 0.908897
-1.75857 0.857339
-1.81344 0.888093
-1.85185 0.914135
-1.84636 0.914135
-1.82442 0.893271
-1.7476 0.857339
-1.76955 0.862427
-1.86283 0.914135
-1.79698 0.888093
-1.7476 0.862427
-1.76955 0.86753
-1.76955 0.86753
-1.76406 0.86753
-1.72565 0.842165
-1.65432 0.802364
-1.64883 0.797456
-1.7476 0.817176
-1.74211 0.832124
-1.76406 0.86753
-1.77503 0.862427
-1.76955 0.857339
-1.81893 0.908897
-1.8738 0.924658
-1.79698 0.86753
-1.78052 0.862427
-1.66529 0.773145
-1.72016 0.817176
-1.74211 0.837137
-1.74211 0.847208
-1.75857 0.852266
-1.76955 0.852266
-1.76955 0.857339
-1.73663 0.847208
-1.69822 0.812224
-1.7037 0.797456
-1.80247 0.842165
-1.7476 0.817176
-1.80247 0.837137
-1.76406 0.842165
-1.7915 0.872648
-1.8299 0.88293
-1.79698 0.852266
-1.78052 0.862427
-1.72565 0.817176
-1.71468 0.832124
-1.69822 0.807286
-1.73663 0.847208
-1.76406 0.862427
-1.7037 0.817176
-1.74211 0.807286
-1.75857 0.797456
-1.63786 0.753967
-1.62689 0.725652
-1.62689 0.739742
-1.65981 0.74921
-1.68176 0.758739
-1.75309 0.817176
-1.70919 0.787687
-1.68176 0.782824
-1.78052 0.88293
-1.77503 0.86753
-1.78601 0.888093
-1.69273 0.822144
-1.74211 0.832124
-1.75309 0.832124
-1.64335 0.763526
-1.6214 0.720985
-1.67078 0.773145
-1.69822 0.822144
-1.7476 0.837137
-1.70919 0.822144
-1.78601 0.88293
-1.79698 0.893271
-1.76955 0.86753
-1.77503 0.86753
-1.73114 0.837137
-1.73114 0.842165
-1.73114 0.832124
-1.72016 0.837137
-1.67078 0.797456
-1.75309 0.857339
-1.73663 0.827127
-1.82442 0.88293
-1.83539 0.898465
-1.86283 0.919389
-1.86283 0.908897
-1.85185 0.924658
-1.81893 0.888093
-1.8299 0.908897
-1.78601 0.872648
-1.77503 0.872648
-1.80247 0.88293
-1.81893 0.903673
-1.73114 0.837137
-1.64883 0.753967
-1.65981 0.763526
-1.7476 0.817176
-1.76406 0.852266
-1.79698 0.877781
-1.80796 0.88293
-1.80796 0.877781
-1.76955 0.872648
-1.81893 0.877781
-1.80796 0.862427
-1.76955 0.842165
-1.70919 0.807286
-1.68724 0.763526
-1.66529 0.787687
-1.67078 0.768328
-1.66529 0.74921
-1.59396 0.725652
-1.61043 0.688741
-1.5775 0.66169
-1.57202 0.609213
-1.53361 0.563015
-1.56104 0.596433
-1.50069 0.575434
-1.64335 0.600678
-1.69822 0.670646
-1.64335 0.652793
-1.65432 0.66169
-1.6214 0.657234
-1.62689 0.675147
-1.70919 0.763526
-1.63786 0.725652
-1.69822 0.792564
-1.71468 0.807286
-1.78052 0.862427
-1.77503 0.862427
-1.76406 0.847208
-1.71468 0.827127
-1.73663 0.822144
-1.73114 0.797456
-1.65432 0.792564
-1.67627 0.802364
-1.62689 0.768328
-1.63786 0.744468
-1.68176 0.792564
-1.72016 0.842165
-1.7476 0.852266
-1.6214 0.763526
-1.72016 0.817176
-1.70919 0.817176
-1.68176 0.797456
-1.72565 0.812224
-1.67078 0.802364
-1.62689 0.702469
-1.65432 0.730333
-1.68176 0.744468
-1.71468 0.807286
-1.67627 0.792564
-1.77503 0.842165
-1.73663 0.832124
-1.69273 0.792564
-1.61043 0.758739
-1.68176 0.812224
-1.76406 0.862427
-1.71468 0.807286
-1.78052 0.832124
-1.67078 0.797456
-1.73663 0.842165
-1.7476 0.852266
-1.83539 0.898465
-1.80247 0.877781
-1.71468 0.832124
-1.79698 0.88293
-1.68176 0.797456
-1.7037 0.768328
-1.76406 0.837137
-1.67078 0.792564
-1.56653 0.716334
-1.63237 0.720985
-1.69822 0.73503
-1.7037 0.782824
-1.68176 0.787687
-1.68176 0.792564
-1.61043 0.739742
-1.72016 0.753967
-1.67627 0.720985
-1.64335 0.702469
-1.66529 0.679663
-1.62689 0.707076
-1.6214 0.720985
-1.54458 0.652793
-1.65981 0.74921
-1.69273 0.763526
-1.72565 0.787687
-1.7476 0.822144
-1.77503 0.817176
-1.82442 0.898465
-1.85185 0.919389
-1.84088 0.919389
-1.77503 0.877781
-1.70919 0.827127
-1.75857 0.847208
-1.75857 0.842165
-1.85185 0.908897
-1.80247 0.88293
-1.76955 0.872648
-1.75309 0.857339
-1.63237 0.777977
-1.6214 0.777977
-1.7037 0.817176
-1.73114 0.817176
-1.67078 0.792564
-1.76955 0.862427
-1.85185 0.908897
-1.85185 0.908897
-1.79698 0.877781
-1.78601 0.877781
-1.78052 0.877781
-1.80796 0.88293
-1.8299 0.908897
-1.81893 0.898465
-1.80247 0.898465
-1.77503 0.88293
-1.73114 0.847208
-1.77503 0.857339
-1.73663 0.837137
-1.75857 0.862427
-1.68724 0.802364
-1.64883 0.787687
-1.75857 0.86753
-1.85734 0.924658
-1.88477 0.93524
-1.85185 0.919389
-1.85734 0.924658
-1.8299 0.903673
-1.76955 0.852266
-1.79698 0.88293
-1.76955 0.86753
-1.75309 0.86753
-1.78601 0.877781
-1.75309 0.862427
-1.76406 0.857339
-1.81344 0.888093
-1.82442 0.903673
-1.7915 0.877781
-1.75309 0.842165
-1.80796 0.88293
-1.85734 0.929941
-1.83539 0.908897
-1.85734 0.903673
-1.78052 0.852266
-1.78601 0.872648
-1.79698 0.872648
-1.75309 0.852266
-1.83539 0.898465
-1.75857 0.857339
-1.79698 0.872648
-1.76406 0.837137
-1.78601 0.88293
-1.69822 0.812224
-1.63237 0.758739
-1.7037 0.812224
-1.75309 0.822144
-1.75857 0.837137
-1.70919 0.817176
-1.71468 0.832124
-1.71468 0.832124
-1.7476 0.827127
-1.7476 0.842165
-1.73663 0.802364
-1.65432 0.702469
-1.68724 0.758739
-1.72016 0.822144
-1.72016 0.792564
-1.65981 0.73503
-1.64883 0.707076
-1.72016 0.744468
-1.68176 0.711697
-1.67627 0.720985
-1.7037 0.758739
-1.65432 0.739742
-1.69822 0.773145
-1.66529 0.744468
-1.63237 0.758739
-1.60494 0.758739
-1.67627 0.817176
-1.71468 0.807286
-1.70919 0.792564
-1.65981 0.782824
-1.57202 0.739742
-1.67078 0.787687
-1.76955 0.857339
-1.81344 0.88293
-1.79698 0.88293
-1.8299 0.908897
-1.78601 0.88293
-1.80796 0.898465
-1.82442 0.908897
-1.85185 0.914135
-1.86283 0.919389
-1.80247 0.877781
-1.69822 0.817176
-1.75309 0.847208
-1.84088 0.893271
-1.89026 0.93524
-1.90123 0.93524
-1.85185 0.924658
-1.85734 0.919389
-1.88477 0.940554
-1.83539 0.908897
-1.78052 0.888093
-1.70919 0.832124
-1.58299 0.758739
-1.70919 0.812224
-1.73114 0.817176
-1.75857 0.822144
-1.7915 0.877781
-1.83539 0.888093
-1.76406 0.827127
-1.70919 0.792564
-1.69822 0.792564
-1.65981 0.773145
-1.65981 0.768328
-1.71468 0.822144
-1.75309 0.862427
-1.83539 0.893271
-1.76955 0.86753
-1.69273 0.817176
-1.73663 0.832124
-1.7915 0.86753
-1.78052 0.872648
-1.72016 0.832124
-1.81893 0.893271
-1.79698 0.877781
-1.81344 0.888093
-1.84636 0.908897
-1.80247 0.88293
-1.76406 0.872648
-1.80796 0.898465
-1.7037 0.832124
-1.76406 0.852266
-1.73663 0.837137
-1.73663 0.817176
-1.70919 0.787687
-1.7037 0.787687
-1.71468 0.787687
-1.70919 0.802364
-1.72016 0.807286
-1.68724 0.777977
-1.66529 0.777977
-1.7476 0.822144
-1.76406 0.837137
-1.76406 0.842165
-1.80796 0.857339
-1.7915 0.827127
-1.73663 0.782824
-1.67627 0.711697
-1.70919 0.763526
-1.78052 0.852266
-1.74211 0.832124
-1.81893 0.872648
-1.75857 0.847208
-1.69273 0.812224
-1.75857 0.852266
-1.78601 0.862427
-1.78052 0.847208
-1.78601 0.852266
-1.78601 0.857339
-1.7476 0.837137
-1.82442 0.893271
-1.75857 0.862427
-1.83539 0.898465
-1.82442 0.903673
-1.83539 0.903673
-1.83539 0.914135
-1.84636 0.914135
-1.86283 0.919389
-1.76406 0.842165
-1.75309 0.86753
-1.77503 0.877781
-1.78601 0.862427
-1.78052 0.88293
-1.7915 0.877781
-1.78052 0.877781
-1.70919 0.822144
-1.79698 0.872648
-1.74211 0.832124
-1.78052 0.857339
-1.75309 0.842165
-1.68176 0.802364
-1.76955 0.872648
-1.83539 0.893271
-1.76955 0.852266
-1.78052 0.86753
-1.77503 0.857339
-1.76955 0.86753
-1.75309 0.832124
-1.75309 0.837137
-1.78052 0.862427
-1.70919 0.822144
-1.82442 0.877781
-1.83539 0.903673
-1.77503 0.877781
-1.78052 0.872648
-1.81344 0.872648
-1.78052 0.842165
-1.69822 0.782824
-1.67627 0.739742
-1.67627 0.725652
-1.59945 0.697878
-1.56104 0.635181
-1.53361 0.617809
-1.56653 0.596433
-1.55556 0.600678
-1.53909 0.600678
-1.52263 0.604938
-1.48971 0.626465
-1.52812 0.670646
-1.67627 0.782824
-1.68176 0.782824
-1.71468 0.797456
-1.70919 0.797456
-1.66529 0.773145
-1.68724 0.768328
-1.64883 0.730333
-1.61591 0.716334
-1.68176 0.777977
-1.69822 0.807286
-1.67627 0.812224
-1.7476 0.842165
-1.7037 0.827127
-1.68724 0.822144
-1.70919 0.802364
-1.73114 0.822144
-1.73114 0.822144
-1.70919 0.832124
-1.71468 0.837137
-1.67078 0.807286
-1.7037 0.812224
-1.66529 0.792564
-1.72565 0.827127
-1.75857 0.837137
-1.71468 0.802364
-1.79698 0.857339
-1.81893 0.898465
-1.85734 0.908897
-1.8299 0.903673
-1.85185 0.903673
-1.76406 0.862427
-1.80247 0.888093
-1.78052 0.877781
-1.77503 0.862427
-1.81344 0.888093
-1.7915 0.86753
-1.80247 0.888093
-1.78601 0.888093
-1.77503 0.872648
-1.80247 0.893271
-1.77503 0.872648
-1.72565 0.827127
-1.76406 0.842165
-1.71468 0.812224
-1.72016 0.812224
-1.81893 0.898465
-1.8299 0.914135
-1.79698 0.893271
-1.75857 0.857339
-1.76955 0.872648
-1.80247 0.88293
-1.81344 0.893271
-1.82442 0.914135
-1.81893 0.893271
-1.78601 0.888093
-1.72565 0.842165
-1.78601 0.86753
-1.81893 0.898465
-1.75309 0.862427
-1.75309 0.852266
-1.80796 0.893271
-1.77503 0.842165
-1.67627 0.792564
-1.66529 0.797456
-1.75309 0.852266
-1.77503 0.88293
-1.79698 0.888093
-1.84088 0.903673
-1.81893 0.877781
-1.73663 0.812224
-1.7915 0.86753
-1.75857 0.827127
-1.72565 0.812224
-1.67627 0.812224
-1.70919 0.807286
-1.65432 0.739742
-1.65981 0.758739
-1.69273 0.753967
-1.68724 0.777977
-1.7037 0.792564
-1.80247 0.827127
-1.7915 0.847208
-1.75857 0.807286
-1.79698 0.862427
-1.7037 0.827127
-1.74211 0.847208
-1.75309 0.857339
-1.80796 0.86753
-1.72565 0.822144
-1.76406 0.857339
-1.84088 0.893271
-1.78601 0.857339
-1.74211 0.837137
-1.63237 0.768328
-1.63237 0.73503
-1.71468 0.807286
-1.78601 0.832124
-1.7915 0.847208
-1.8299 0.908897
-1.8299 0.898465
-1.81893 0.898465
-1.7915 0.872648
-1.77503 0.847208
-1.67078 0.768328
-1.74211 0.847208
-1.74211 0.832124
-1.7037 0.837137
-1.7476 0.832124
-1.7037 0.817176
-1.72565 0.802364
-1.67627 0.807286
-1.7476 0.792564
-1.75857 0.812224
-1.75857 0.847208
-1.76955 0.832124
-1.75309 0.832124
-1.68176 0.782824
-1.62689 0.773145
-1.69822 0.827127
-1.70919 0.822144
-1.67627 0.802364
-1.73114 0.852266
-1.78052 0.877781
-1.78601 0.877781
-1.80247 0.893271
-1.81893 0.898465
-1.81893 0.88293
-1.82442 0.893271
-1.77503 0.827127
-1.8299 0.872648
-1.72565 0.807286
-1.72565 0.827127
-1.72016 0.827127
-1.73114 0.832124
-1.79698 0.872648
-1.72565 0.837137
-1.73663 0.837137
-1.79698 0.893271
-1.75857 0.862427
-1.72565 0.837137
-1.69822 0.807286
-1.7476 0.847208
-1.78601 0.872648
-1.80247 0.888093
-1.78052 0.86753
-1.72016 0.787687
-1.6214 0.730333
-1.69273 0.768328
-1.7037 0.74921
-1.73663 0.763526
-1.66529 0.739742
-1.60494 0.711697
-1.6214 0.707076
-1.64335 0.730333
-1.6214 0.74921
-1.65981 0.730333
-1.6214 0.711697
-1.63786 0.725652
-1.63786 0.716334
-1.71468 0.777977
-1.69273 0.807286
-1.69822 0.792564
-1.65432 0.744468
-1.59396 0.66169
-1.63237 0.679663
-1.70919 0.744468
-1.62689 0.725652
-1.67627 0.739742
-1.65432 0.693302
-1.68176 0.730333
-1.68176 0.74921
-1.60494 0.73503
-1.70919 0.782824
-1.76406 0.842165
-1.72565 0.827127
-1.72016 0.847208
-1.72016 0.827127
-1.60494 0.773145
-1.74211 0.837137
-1.7476 0.842165
-1.78601 0.872648
-1.82442 0.893271
-1.77503 0.862427
-1.82442 0.872648
-1.8299 0.88293
-1.85185 0.893271
-1.86831 0.929941
-1.80247 0.888093
-1.75857 0.86753
-1.78601 0.872648
-1.88477 0.93524
-1.86283 0.924658
-1.80796 0.893271
-1.79698 0.872648
-1.78052 0.862427
-1.8738 0.919389
-1.80796 0.888093
-1.77503 0.86753
-1.84088 0.908897
-1.78052 0.88293
-1.76406 0.857339
-1.79698 0.893271
-1.81344 0.898465
-1.81344 0.893271
-1.78601 0.88293
-1.74211 0.837137
-1.75309 0.847208
-1.72016 0.832124
-1.7476 0.857339
-1.89026 0.93524
-1.8738 0.93524
-1.79698 0.888093
-1.83539 0.914135
-1.90672 0.951227
-1.84636 0.898465
-1.79698 0.888093
-1.78052 0.86753
-1.75857 0.857339
-1.75309 0.857339
-1.76406 0.862427
-1.7915 0.857339
-1.84636 0.898465
-1.82442 0.888093
-1.7915 0.893271
-1.8299 0.908897
-1.85734 0.919389
-1.86283 0.924658
-1.85185 0.919389
-1.82442 0.88293
-1.70919 0.817176
-1.72016 0.837137
-1.7476 0.847208
-1.80247 0.872648
-1.81893 0.898465
-1.81344 0.898465
-1.7915 0.872648
-1.71468 0.832124
-1.69273 0.827127
-1.78052 0.88293
-1.76406 0.852266
-1.71468 0.812224
-1.68724 0.812224
-1.63237 0.773145
-1.72016 0.822144
-1.70919 0.787687
-1.67078 0.74921
-1.67078 0.782824
-1.72565 0.807286
-1.71468 0.817176
-1.72016 0.827127
-1.68176 0.744468
-1.67078 0.73503
-1.73114 0.773145
-1.68176 0.763526
-1.72565 0.837137
-1.67627 0.777977
-1.72565 0.822144
-1.62689 0.753967
-1.64335 0.782824
-1.67627 0.807286
-1.63786 0.758739
-1.77503 0.827127
-1.72016 0.773145
-1.65432 0.725652
-1.63237 0.758739
-1.80247 0.872648
-1.73114 0.817176
-1.7037 0.773145
-1.69273 0.768328
-1.65981 0.73503
-1.7037 0.763526
-1.67078 0.716334
-1.72016 0.777977
-1.73663 0.777977
-1.68724 0.768328
-1.72565 0.773145
-1.64883 0.74921
-1.67627 0.763526
-1.64335 0.716334
-1.66529 0.702469
-1.68724 0.744468
-1.67078 0.720985
-1.75309 0.807286
-1.73663 0.777977
-1.80796 0.782824
-1.80796 0.787687
-1.69822 0.707076
-1.68724 0.702469
-1.69273 0.697878
-1.69273 0.753967
-1.62689 0.725652
-1.59945 0.697878
-1.56653 0.652793
-1.61043 0.684194
-1.60494 0.707076
-1.61043 0.73503
-1.63786 0.744468
-1.68724 0.777977
-1.76955 0.807286
-1.74211 0.797456
-1.78601 0.827127
-1.72565 0.827127
-1.73114 0.812224
-1.81344 0.877781
-1.76406 0.86753
-1.74211 0.847208
-1.78601 0.88293
-1.74211 0.852266
-1.75309 0.852266
-1.72565 0.817176
-1.75309 0.852266
-1.75857 0.827127
-1.77503 0.807286
-1.72565 0.807286
-1.80796 0.888093
-1.81893 0.903673
-1.84088 0.919389
-1.87929 0.93524
-1.87929 0.93524
-1.84636 0.908897
-1.82442 0.893271
-1.80247 0.877781
-1.80247 0.872648
-1.80796 0.898465
-1.84636 0.924658
-1.83539 0.908897
-1.82442 0.898465
-1.85734 0.924658
-1.8299 0.903673
-1.7915 0.877781
-1.80796 0.872648
-1.80796 0.88293
-1.73114 0.822144
-1.67627 0.792564
-1.68176 0.792564
-1.73663 0.817176
-1.67627 0.763526
-1.70919 0.797456
-1.7037 0.822144
-1.75309 0.857339
-1.75857 0.847208
-1.77503 0.852266
-1.79698 0.877781
-1.79698 0.893271
-1.80247 0.888093
-1.78052 0.86753
-1.64335 0.787687
-1.67627 0.773145
-1.65432 0.763526
-1.68176 0.777977
-1.65432 0.802364
-1.75309 0.857339
-1.78601 0.88293
-1.75309 0.837137
-1.75857 0.842165
-1.8299 0.898465
-1.8738 0.924658
-1.78601 0.872648
-1.84088 0.914135
-1.80247 0.888093
-1.80796 0.893271
-1.82442 0.898465
-1.77503 0.872648
-1.7915 0.877781
-1.83539 0.908897
-1.80247 0.893271
-1.8299 0.914135
-1.8299 0.908897
-1.77503 0.877781
-1.76406 0.872648
-1.75309 0.857339
-1.68724 0.807286
-1.73114 0.842165
-1.73114 0.852266
-1.75309 0.837137
-1.70919 0.822144
-1.73114 0.827127
-1.77503 0.857339
-1.7037 0.797456
-1.76955 0.872648
-1.78052 0.877781
-1.72565 0.822144
-1.72016 0.842165
-1.73114 0.847208
-1.72565 0.817176
-1.68724 0.777977
-1.63237 0.744468
-1.64883 0.758739
-1.71468 0.797456
-1.76406 0.822144
-1.67627 0.768328
-1.69273 0.787687
-1.71468 0.787687
-1.72565 0.758739
-1.72565 0.802364
-1.65432 0.792564
-1.66529 0.797456
-1.73114 0.832124
-1.70919 0.807286
-1.73114 0.827127
-1.73663 0.827127
-1.69822 0.802364
-1.76955 0.857339
-1.79698 0.852266
-1.72565 0.797456
-1.76955 0.787687
-1.74211 0.782824
-1.75309 0.807286
-1.79698 0.797456
-1.78052 0.744468
-1.78052 0.744468
-1.71468 0.66169
-1.66529 0.652793
-1.7037 0.702469
-1.72016 0.730333
-1.68724 0.707076
-1.69273 0.720985
-1.61591 0.679663
-1.65432 0.739742
-1.6214 0.730333
-1.67078 0.758739
-1.59945 0.744468
-1.62689 0.753967
-1.64883 0.73503
-1.63237 0.763526
-1.65432 0.787687
-1.7037 0.822144
-1.68176 0.797456
-1.7037 0.817176
-1.76406 0.837137
-1.76955 0.862427
-1.80796 0.888093
-1.73114 0.837137
-1.76406 0.852266
-1.73663 0.837137
-1.71468 0.812224
-1.7915 0.857339
-1.68724 0.797456
-1.75309 0.847208
-1.75309 0.852266
-1.69273 0.837137
-1.75309 0.847208
-1.71468 0.817176
-1.7915 0.877781
-1.72565 0.847208
-1.68724 0.812224
-1.69273 0.802364
-1.74211 0.827127
-1.69822 0.797456
-1.68724 0.773145
-1.73663 0.817176
-1.72016 0.842165
-1.73114 0.857339
-1.75309 0.872648
-1.77503 0.88293
-1.7915 0.877781
-1.69273 0.812224
-1.68724 0.817176
-1.69273 0.822144
-1.67627 0.787687
-1.73114 0.842165
-1.78601 0.862427
-1.79698 0.86753
-1.73114 0.847208
-1.72016 0.832124
-1.78601 0.862427
-1.76406 0.852266
-1.81893 0.862427
-1.81893 0.872648
-1.80247 0.877781
-1.85185 0.898465
-1.77503 0.872648
-1.77503 0.88293
-1.80796 0.888093
-1.7915 0.893271
-1.8299 0.898465
-1.86283 0.929941
-1.8738 0.93524
-1.84088 0.908897
-1.80247 0.888093
-1.77503 0.872648
-1.76406 0.857339
-1.76955 0.86753
-1.73663 0.837137
-1.71468 0.827127
-1.69822 0.807286
-1.73663 0.822144
-1.73114 0.802364
-1.71468 0.777977
-1.75857 0.773145
-1.7476 0.842165
-1.75857 0.86753
-1.74211 0.822144
-1.75309 0.862427
-1.76955 0.877781
-1.83539 0.914135
-1.82442 0.903673
-1.7915 0.88293
-1.81893 0.893271
-1.75309 0.852266
-1.69822 0.822144
-1.75857 0.852266
-1.73114 0.837137
-1.72016 0.832124
-1.80247 0.86753
-1.82442 0.888093
-1.84636 0.908897
-1.8299 0.88293
-1.74211 0.822144
-1.71468 0.827127
-1.76955 0.852266
-1.76406 0.862427
-1.73663 0.842165
-1.68724 0.812224
-1.75309 0.852266
-1.7476 0.862427
-1.68724 0.817176
-1.65432 0.782824
-1.73114 0.837137
-1.7476 0.832124
-1.76406 0.837137
-1.8299 0.877781
-1.75309 0.857339
-1.68176 0.817176
-1.71468 0.827127
-1.76406 0.872648
-1.73114 0.842165
-1.68724 0.807286
-1.70919 0.827127
-1.76406 0.842165
-1.74211 0.842165
-1.76955 0.86753
-1.78052 0.88293
-1.79698 0.88293
-1.7476 0.847208
-1.69822 0.812224
-1.68176 0.768328
-1.73663 0.763526
-1.71468 0.758739
-1.66529 0.744468
-1.64883 0.753967
-1.68176 0.792564
-1.78052 0.842165
-1.73663 0.842165
-1.74211 0.847208
-1.70919 0.822144
-1.7476 0.802364
-1.72565 0.777977
-1.73114 0.782824
-1.65432 0.744468
-1.73663 0.807286
-1.65981 0.807286
-1.65432 0.763526
-1.69273 0.812224
-1.89026 0.93524
-1.78052 0.86753
-1.80796 0.888093
-1.81893 0.888093
-1.78601 0.872648
-1.90123 0.951227
-1.89575 0.945883
-1.87929 0.929941
-1.85185 0.914135
-1.81893 0.88293
-1.75857 0.86753
-1.75309 0.842165
-1.76955 0.872648
-1.85734 0.929941
-1.83539 0.914135
-1.83539 0.898465
-1.82442 0.893271
-1.7476 0.847208
-1.86831 0.924658
-1.7915 0.872648
-1.79698 0.877781
-1.8299 0.898465
-1.88477 0.93524
-1.78601 0.877781
-1.77503 0.847208
-1.75857 0.852266
-1.80796 0.88293
-1.78052 0.842165
-1.77503 0.877781
-1.69273 0.812224
-1.69822 0.812224
-1.69273 0.827127
-1.7037 0.837137
-1.70919 0.837137
-1.73663 0.842165
-1.67627 0.787687
-1.80796 0.877781
-1.73663 0.837137
-1.70919 0.822144
-1.73663 0.812224
-1.70919 0.777977
-1.70919 0.812224
-1.74211 0.832124
-1.71468 0.832124
-1.64335 0.782824
-1.68176 0.802364
-1.73114 0.827127
-1.75309 0.847208
-1.74211 0.847208
-1.72016 0.832124
-1.7476 0.847208
-1.74211 0.842165
-1.7037 0.832124
-1.79698 0.862427
-1.74211 0.827127
-1.74211 0.837137
-1.74211 0.847208
-1.80247 0.888093
-1.80247 0.893271
-1.72016 0.827127
-1.76406 0.837137
-1.73663 0.822144
-1.76406 0.847208
-1.79698 0.852266
-1.78052 0.86753
-1.7915 0.877781
-1.79698 0.893271
-1.78601 0.888093
-1.72016 0.837137
-1.66529 0.802364
-1.73663 0.837137
-1.75309 0.852266
-1.79698 0.86753
-1.80796 0.88293
-1.84088 0.908897
-1.81344 0.88293
-1.76955 0.86753
-1.83539 0.877781
-1.83539 0.893271
-1.78052 0.857339
-1.81344 0.893271
-1.77503 0.857339
-1.77503 0.862427
-1.71468 0.802364
-1.7476 0.812224
-1.81344 0.888093
-1.75309 0.852266
-1.77503 0.872648
-1.7476 0.857339
-1.76406 0.862427
-1.77503 0.872648
-1.82442 0.893271
-1.79698 0.862427
-1.80247 0.86753
-1.7476 0.857339
-1.78601 0.872648
-1.81893 0.88293
-1.80247 0.893271
-1.72565 0.842165
-1.73663 0.832124
-1.68176 0.763526
-1.71468 0.807286
-1.71468 0.807286
-1.78601 0.86753
-1.71468 0.807286
-1.66529 0.802364
-1.69822 0.802364
-1.65981 0.773145
-1.67078 0.797456
-1.72016 0.827127
-1.73114 0.832124
-1.74211 0.857339
-1.78052 0.88293
-1.8738 0.93524
-1.76406 0.86753
-1.68176 0.797456
-1.68176 0.817176
-1.71468 0.812224
-1.73663 0.832124
-1.76955 0.847208
-1.76406 0.847208
-1.7476 0.837137
-1.76955 0.842165
-1.73114 0.827127
-1.71468 0.817176
-1.68176 0.792564
-1.72565 0.842165
-1.70919 0.817176
-1.65981 0.777977
-1.72565 0.807286
-1.7476 0.822144
-1.72565 0.802364
-1.64335 0.758739
-1.7037 0.807286
-1.65981 0.792564
-1.75857 0.857339
-1.80796 0.893271
-1.85185 0.919389
-1.84088 0.888093
-1.84636 0.908897
-1.83539 0.914135
-1.78601 0.86753
-1.70919 0.807286
-1.7915 0.872648
-1.69273 0.802364
-1.61591 0.782824
-1.70919 0.812224
-1.77503 0.862427
-1.69822 0.827127
-1.78601 0.86753
-1.7476 0.802364
-1.68724 0.782824
-1.64883 0.763526
-1.71468 0.797456
-1.68724 0.758739
-1.67078 0.753967
-1.63237 0.763526
-1.68176 0.773145
-1.72565 0.812224
-1.76406 0.832124
-1.74211 0.822144
-1.80247 0.857339
-1.73663 0.812224
-1.7037 0.807286
-1.70919 0.812224
-1.73663 0.827127
-1.63237 0.773145
-1.69273 0.832124
-1.7476 0.837137
-1.72565 0.847208
-1.71468 0.807286
-1.74211 0.837137
-1.79698 0.857339
-1.73663 0.837137
-1.79698 0.86753
-1.73114 0.797456
-1.76406 0.837137
-1.76955 0.86753
-1.71468 0.827127
-1.75857 0.862427
-1.72565 0.817176
-1.70919 0.817176
-1.79698 0.877781
-1.82442 0.903673
-1.7915 0.872648
-1.77503 0.872648
-1.75309 0.857339
-1.80247 0.893271
-1.75309 0.86753
-1.7476 0.857339
-1.70919 0.832124
-1.7476 0.862427
-1.68724 0.822144
-1.72016 0.852266
-1.67627 0.812224
-1.7037 0.817176
-1.59945 0.758739
-1.74211 0.827127
-1.78601 0.862427
-1.66529 0.777977
-1.7037 0.787687
-1.69822 0.807286
-1.64883 0.773145
-1.67627 0.797456
-1.63237 0.773145
-1.68724 0.792564
-1.66529 0.744468
-1.73114 0.802364
-1.72565 0.787687
-1.71468 0.773145
-1.7476 0.812224
-1.72565 0.832124
-1.78052 0.852266
-1.79698 0.88293
-1.72565 0.832124
-1.73114 0.852266
-1.83539 0.903673
-1.7915 0.888093
-1.72565 0.837137
-1.68724 0.812224
-1.75857 0.857339
-1.73663 0.847208
-1.77503 0.872648
-1.71468 0.842165
-1.78052 0.877781
-1.77503 0.862427
-1.8299 0.893271
-1.81344 0.893271
-1.7915 0.888093
-1.78601 0.88293
-1.73114 0.837137
-1.77503 0.872648
-1.84088 0.908897
-1.85185 0.898465
-1.76406 0.857339
-1.77503 0.862427
-1.82442 0.903673
-1.84088 0.908897
-1.89575 0.945883
-1.8738 0.93524
-1.89026 0.93524
-1.84088 0.908897
-1.8299 0.898465
-1.86283 0.924658
-1.82442 0.903673
-1.86831 0.919389
-1.86831 0.929941
-1.90123 0.951227
-1.84088 0.908897
-1.79698 0.86753
-1.80247 0.852266
-1.81893 0.852266
-1.73663 0.802364
-1.72016 0.797456
-1.72565 0.837137
-1.72016 0.782824
-1.7037 0.792564
-1.64883 0.787687
-1.76955 0.852266
-1.8299 0.893271
-1.76955 0.857339
-1.81344 0.88293
-1.80796 0.893271
-1.81344 0.898465
-1.85185 0.898465
-1.81344 0.898465
-1.84636 0.914135
-1.75309 0.852266
-1.69822 0.827127
-1.72016 0.827127
-1.73114 0.852266
-1.83539 0.903673
-1.8299 0.898465
-1.88477 0.929941
-1.78052 0.877781
-1.80247 0.888093
-1.82442 0.893271
-1.82442 0.893271
-1.75857 0.847208
-1.77503 0.86753
-1.89575 0.940554
-1.92318 0.956586
-1.83539 0.908897
-1.7476 0.832124
-1.7915 0.877781
-1.86283 0.929941
-1.80247 0.888093
-1.80247 0.893271
-1.78601 0.88293
-1.7915 0.88293
-1.71468 0.832124
-1.70919 0.842165
-1.7476 0.847208
-1.7037 0.797456
-1.68176 0.817176
-1.72565 0.832124
-1.75857 0.852266
-1.69273 0.797456
-1.78052 0.852266
-1.8299 0.872648
-1.78601 0.832124
-1.72565 0.817176
-1.69273 0.777977
-1.66529 0.782824
-1.75857 0.842165
-1.75857 0.827127
-1.73663 0.812224
-1.81893 0.872648
-1.74211 0.837137
-1.76406 0.842165
-1.74211 0.852266
-1.7915 0.888093
-1.76406 0.872648
-1.77503 0.872648
-1.8299 0.893271
-1.80796 0.898465
-1.82442 0.903673
-1.81344 0.893271
-1.78052 0.857339
-1.72016 0.812224
-1.61043 0.739742
-1.69273 0.768328
-1.73114 0.822144
-1.76955 0.862427
-1.69822 0.822144
-1.74211 0.857339
-1.7476 0.852266
-1.68724 0.807286
-1.71468 0.792564
-1.70919 0.807286
-1.70919 0.812224
-1.65432 0.753967
-1.6214 0.73503
-1.73114 0.842165
-1.69822 0.827127
-1.80247 0.888093
-1.80796 0.893271
-1.73663 0.862427
-1.78601 0.872648
-1.8299 0.893271
-1.88477 0.93524
-1.83539 0.908897
-1.82442 0.903673
-1.80796 0.898465
-1.84088 0.908897
-1.70919 0.817176
-1.77503 0.832124
-1.66529 0.763526
-1.65981 0.782824
-1.66529 0.773145
-1.7037 0.802364
-1.71468 0.812224
-1.72565 0.792564
-1.72565 0.807286
-1.7037 0.782824
-1.70919 0.792564
-1.71468 0.777977
-1.68724 0.768328
-1.67078 0.768328
-1.73114 0.817176
-1.75857 0.842165
-1.65432 0.768328
-1.72565 0.792564
-1.68724 0.787687
-1.67078 0.777977
-1.75309 0.847208
-1.77503 0.877781
-1.75309 0.877781
-1.7476 0.86753
-1.80796 0.888093
-1.78601 0.86753
-1.83539 0.903673
-1.86831 0.929941
-1.89026 0.945883
-1.81893 0.88293
-1.81344 0.898465
-1.80796 0.88293
-1.76406 0.852266
-1.77503 0.857339
-1.77503 0.857339
-1.79698 0.872648
-1.81893 0.888093
-1.76406 0.852266
-1.78601 0.888093
-1.75857 0.857339
-1.69822 0.817176
-1.66529 0.797456
-1.65981 0.777977
-1.68176 0.758739
-1.57202 0.702469
-1.68176 0.763526
-1.7476 0.822144
-1.69273 0.802364
-1.7476 0.797456
-1.74211 0.802364
-1.64335 0.74921
-1.63786 0.725652
-1.69822 0.768328
-1.62689 0.730333
-1.59396 0.720985
-1.65432 0.792564
-1.70919 0.802364
-1.69822 0.787687
-1.75309 0.812224
-1.7037 0.787687
-1.60494 0.74921
-1.67078 0.782824
-1.59945 0.702469
-1.59945 0.684194
-1.6214 0.730333
-1.6214 0.777977
-1.62689 0.753967
-1.65981 0.797456
-1.67627 0.812224
-1.68724 0.812224
-1.74211 0.837137
-1.73114 0.827127
-1.77503 0.852266
-1.74211 0.857339
-1.73663 0.827127
-1.8299 0.893271
-1.76955 0.872648
-1.76406 0.862427
-1.76955 0.857339
-1.74211 0.852266
-1.69273 0.812224
-1.58848 0.73503
-1.69822 0.802364
-1.71468 0.807286
-1.7476 0.842165
-1.71468 0.832124
-1.67078 0.797456
-1.73114 0.817176
-1.66529 0.758739
-1.64335 0.768328
-1.66529 0.787687
-1.64335 0.753967
-1.66529 0.777977
-1.7037 0.792564
-1.66529 0.773145
-1.75857 0.822144
-1.72565 0.822144
-1.76955 0.847208
-1.65432 0.807286
-1.69273 0.812224
-1.69822 0.812224
-1.8299 0.872648
-1.84088 0.872648
-1.82442 0.877781
-1.68176 0.782824
-1.67078 0.753967
-1.69822 0.777977
-1.75857 0.802364
-1.75857 0.822144
-1.84636 0.857339
-1.80247 0.842165
-1.76955 0.832124
-1.7476 0.852266
-1.79698 0.862427
-1.71468 0.827127
-1.74211 0.837137
-1.81893 0.872648
-1.8299 0.903673
-1.82442 0.893271
-1.81893 0.893271
-1.7915 0.888093
-1.85185 0.903673
-1.85185 0.919389
-1.87929 0.93524
-1.87929 0.93524
-1.79698 0.888093
-1.85734 0.908897
-1.85734 0.919389
-1.87929 0.93524
-1.85185 0.919389
-1.81344 0.88293
-1.82442 0.872648
-1.85734 0.903673
-1.80796 0.888093
-1.8738 0.924658
-1.71468 0.837137
-1.78052 0.872648
-1.77503 0.86753
-1.7915 0.877781
-1.79698 0.893271
-1.81893 0.908897
-1.71468 0.852266
-1.84636 0.908897
-1.83539 0.888093
-1.77503 0.842165
-1.7915 0.842165
-1.81344 0.88293
-1.78052 0.872648
-1.63786 0.797456
-1.71468 0.837137
-1.68724 0.827127
-1.7915 0.88293
-1.71468 0.842165
-1.78052 0.842165
-1.82442 0.903673
-1.8738 0.919389
-1.84088 0.903673
-1.76406 0.842165
-1.76406 0.837137
-1.67627 0.802364
-1.69822 0.812224
-1.66529 0.768328
-1.7037 0.792564
-1.70919 0.822144
-1.72016 0.807286
-1.69822 0.787687
-1.72565 0.822144
-1.7037 0.817176
-1.75857 0.862427
-1.80796 0.893271
-1.79698 0.88293
-1.74211 0.847208
-1.80247 0.88293
-1.8299 0.908897
-1.7915 0.857339
-1.71468 0.827127
-1.71468 0.822144
-1.74211 0.812224
-1.78601 0.852266
-1.74211 0.857339
-1.75857 0.86753
-1.80247 0.86753
-1.81893 0.888093
-1.8299 0.898465
-1.78601 0.857339
-1.76406 0.852266
-1.73114 0.852266
-1.82442 0.903673
-1.86831 0.929941
-1.78052 0.872648
-1.75857 0.857339
-1.80796 0.88293
-1.64883 0.797456
-1.70919 0.847208
-1.69822 0.812224
-1.76406 0.857339
-1.67078 0.797456
-1.68724 0.812224
-1.74211 0.827127
-1.81893 0.88293
-1.75857 0.857339
-1.7915 0.86753
-1.78052 0.862427
-1.78052 0.862427
-1.80796 0.898465
-1.70919 0.817176
-1.75857 0.857339
-1.81893 0.888093
-1.80796 0.888093
-1.79698 0.857339
-1.76406 0.862427
-1.77503 0.86753
-1.73114 0.827127
-1.72565 0.807286
-1.7037 0.812224
-1.68724 0.807286
-1.76406 0.822144
-1.67627 0.797456
-1.71468 0.817176
-1.72565 0.822144
-1.78052 0.842165
-1.78601 0.862427
-1.76406 0.847208
-1.76406 0.817176
-1.75857 0.847208
-1.77503 0.857339
-1.75857 0.847208
-1.69273 0.807286
-1.7037 0.812224
-1.75309 0.847208
-1.78601 0.877781
-1.76955 0.857339
-1.85734 0.914135
-1.79698 0.872648
-1.80247 0.877781
-1.72565 0.822144
-1.70919 0.837137
-1.74211 0.847208
-1.78052 0.877781
-1.80796 0.893271
-1.77503 0.86753
-1.80796 0.888093
-1.85734 0.924658
-1.87929 0.924658
-1.78601 0.847208
-1.76406 0.817176
-1.73114 0.792564
-1.76406 0.817176
-1.75309 0.782824
-1.74211 0.777977
-1.7476 0.802364
-1.69822 0.817176
-1.67627 0.787687
-1.63786 0.758739
-1.65981 0.797456
-1.65981 0.777977
-1.71468 0.817176
-1.79698 0.862427
-1.73114 0.842165
-1.7476 0.837137
-1.72565 0.817176
-1.75857 0.832124
-1.7476 0.862427
-1.75309 0.862427
-1.73114 0.847208
-1.79698 0.877781
-1.77503 0.86753
-1.76955 0.877781
-1.81893 0.908897
-1.75857 0.872648
-1.75857 0.857339
-1.74211 0.852266
-1.75857 0.842165
-1.78601 0.847208
-1.79698 0.872648
-1.80796 0.888093
-1.8299 0.908897
-1.75309 0.852266
-1.76406 0.842165
-1.82442 0.888093
-1.78052 0.872648
-1.65432 0.777977
-1.64335 0.758739
-1.63786 0.753967
-1.55007 0.730333
-1.68724 0.773145
-1.75309 0.822144
-1.7915 0.86753
-1.74211 0.857339
-1.82442 0.903673
-1.84088 0.903673
-1.81893 0.898465
-1.80796 0.893271
-1.80247 0.898465
-1.74211 0.847208
-1.80796 0.888093
-1.75309 0.847208
-1.72565 0.817176
-1.74211 0.842165
-1.72565 0.852266
-1.71468 0.837137
-1.78052 0.88293
-1.73663 0.837137
-1.75309 0.857339
-1.75309 0.857339
-1.79698 0.888093
-1.80796 0.88293
-1.7915 0.877781
-1.75309 0.862427
-1.78052 0.857339
-1.76406 0.872648
-1.73663 0.852266
-1.71468 0.827127
-1.76955 0.86753
-1.77503 0.86753
-1.73663 0.842165
-1.72565 0.807286
-1.73114 0.787687
-1.69822 0.797456
-1.69273 0.787687
-1.73114 0.822144
-1.7037 0.802364
-1.61043 0.739742
-1.69273 0.787687
-1.7915 0.832124
-1.81893 0.893271
-1.83539 0.888093
-1.79698 0.88293
-1.7476 0.852266
-1.73114 0.827127
-1.73114 0.837137
-1.7476 0.862427
-1.73114 0.852266
-1.76406 0.86753
-1.81344 0.898465
-1.80796 0.88293
-1.7915 0.872648
-1.7915 0.872648
-1.82442 0.903673
-1.81893 0.903673
-1.81893 0.898465
-1.80796 0.893271
-1.83539 0.898465
-1.72016 0.832124
-1.7037 0.822144
-1.67078 0.812224
-1.68724 0.802364
-1.67627 0.817176
-1.80796 0.862427
-1.70919 0.787687
-1.75309 0.817176
-1.69822 0.792564
-1.69273 0.758739
-1.78601 0.842165
-1.77503 0.827127
-1.81893 0.847208
-1.79698 0.847208
-1.78052 0.822144
-1.75857 0.812224
-1.80796 0.847208
-1.73663 0.827127
-1.7037 0.822144
-1.7476 0.832124
-1.72565 0.807286
-1.69273 0.812224
-1.73114 0.832124
-1.69273 0.812224
-1.7476 0.852266
-1.75857 0.857339
-1.81893 0.877781
-1.76406 0.857339
-1.76955 0.857339
-1.76406 0.847208
-1.73663 0.822144
-1.73114 0.837137
-1.72016 0.822144
-1.75857 0.857339
-1.74211 0.857339
-1.79698 0.88293
-1.75309 0.852266
-1.7915 0.852266
-1.78601 0.872648
-1.82442 0.898465
-1.84088 0.914135
-1.86283 0.929941
-1.81344 0.893271
-1.7915 0.88293
-1.76406 0.862427
-1.73114 0.842165
-1.77503 0.872648
-1.76406 0.877781
-1.75309 0.842165
-1.69822 0.802364
-1.66529 0.787687
-1.7037 0.802364
-1.73114 0.827127
-1.68176 0.758739
-1.73114 0.792564
-1.72016 0.777977
-1.68176 0.73503
-1.69273 0.753967
-1.67627 0.768328
-1.65432 0.807286
-1.72565 0.822144
-1.78601 0.837137
-1.7915 0.832124
-1.72565 0.797456
-1.63237 0.716334
-1.7037 0.74921
-1.75309 0.787687
-1.75309 0.812224
-1.77503 0.827127
-1.76406 0.822144
-1.75857 0.782824
-1.70919 0.773145
-1.74211 0.782824
-1.77503 0.852266
-1.7037 0.797456
-1.7476 0.827127
-1.72565 0.822144
-1.70919 0.817176
-1.7915 0.86753
-1.80247 0.877781
-1.85185 0.914135
-1.81893 0.893271
-1.81344 0.88293
-1.74211 0.822144
-1.68724 0.797456
-1.64335 0.758739
-1.73663 0.773145
-1.65981 0.777977
-1.56104 0.73503
-1.67627 0.782824
-1.65432 0.74921
-1.7037 0.758739
-1.75309 0.807286
-1.68724 0.792564
-1.64883 0.753967
-1.65432 0.773145
-1.72016 0.827127
-1.78052 0.837137
-1.71468 0.837137
-1.71468 0.837137
-1.70919 0.832124
-1.7476 0.852266
-1.64335 0.792564
-1.61043 0.753967
-1.63786 0.74921
-1.7037 0.802364
-1.71468 0.812224
-1.73114 0.817176
-1.76406 0.852266
-1.75309 0.842165
-1.78052 0.872648
-1.77503 0.86753
-1.74211 0.817176
-1.69273 0.782824
-1.68176 0.758739
-1.77503 0.822144
-1.72016 0.782824
-1.72565 0.802364
-1.7037 0.802364
-1.63237 0.773145
-1.64335 0.768328
-1.63237 0.74921
-1.70919 0.817176
-1.74211 0.842165
-1.83539 0.903673
-1.81344 0.898465
-1.80247 0.893271
-1.76955 0.857339
-1.73114 0.832124
-1.8299 0.888093
-1.76406 0.837137
-1.72565 0.822144
-1.69822 0.817176
-1.73114 0.842165
-1.67627 0.792564
-1.73114 0.827127
-1.81344 0.893271
-1.80247 0.893271
-1.78601 0.862427
-1.68724 0.797456
-1.78601 0.847208
-1.75309 0.842165
-1.75309 0.857339
-1.86831 0.929941
-1.74211 0.862427
-1.76406 0.857339
-1.80796 0.898465
-1.75857 0.842165
-1.78052 0.852266
-1.78052 0.837137
-1.76406 0.837137
-1.72016 0.832124
-1.81893 0.893271
-1.78601 0.862427
-1.74211 0.832124
-1.68176 0.802364
-1.63237 0.768328
-1.68176 0.802364
-1.69822 0.812224
-1.7037 0.792564
-1.75309 0.802364
-1.75309 0.792564
-1.7915 0.842165
-1.76955 0.817176
-1.73663 0.792564
-1.7476 0.807286
-1.72016 0.792564
-1.71468 0.787687
-1.69822 0.782824
-1.74211 0.817176
-1.76406 0.837137
-1.81893 0.888093
-1.79698 0.88293
-1.75857 0.847208
-1.72016 0.802364
-1.74211 0.847208
-1.76955 0.847208
-1.78601 0.842165
-1.71468 0.817176
-1.71468 0.832124
-1.70919 0.812224
-1.69822 0.773145
-1.66529 0.768328
-1.63786 0.777977
-1.70919 0.822144
-1.65981 0.792564
-1.68724 0.812224
-1.66529 0.797456
-1.61591 0.768328
-1.65981 0.787687
-1.72016 0.822144
-1.69822 0.822144
-1.75309 0.852266
-1.73663 0.837137
-1.72565 0.827127
-1.69822 0.817176
-1.69822 0.827127
-1.71468 0.822144
-1.66529 0.777977
-1.72565 0.822144
-1.76406 0.832124
-1.72565 0.822144
-1.77503 0.842165
-1.80247 0.86753
-1.80796 0.877781
-1.76406 0.842165
-1.79698 0.862427
-1.80796 0.88293
-1.81344 0.893271
-1.72565 0.842165
-1.7915 0.872648
-1.75309 0.847208
-1.81893 0.903673
-1.76955 0.86753
-1.81344 0.893271
-1.80796 0.877781
-1.74211 0.852266
-1.78601 0.86753
-1.8299 0.898465
-1.78052 0.877781
-1.78052 0.862427
-1.84088 0.908897
-1.72016 0.837137
-1.73114 0.847208
-1.76955 0.857339
-1.86283 0.929941
-1.84088 0.914135
-1.78601 0.862427
-1.7476 0.822144
-1.80247 0.862427
-1.75857 0.827127
-1.75309 0.827127
-1.71468 0.807286
-1.69273 0.807286
-1.71468 0.837137
-1.72016 0.807286
-1.69273 0.777977
-1.70919 0.792564
-1.71468 0.768328
-1.80247 0.847208
-1.77503 0.842165
-1.76955 0.852266
-1.77503 0.842165
-1.81893 0.888093
-1.83539 0.903673
-1.78052 0.872648
-1.7476 0.842165
-1.76955 0.857339
-1.78601 0.872648
-1.7915 0.888093
-1.78601 0.872648
-1.82442 0.857339
-1.86831 0.919389
-1.77503 0.872648
-1.76406 0.86753
-1.69273 0.817176
-1.77503 0.86753
-1.87929 0.93524
-1.85734 0.924658
-1.86283 0.919389
-1.78601 0.88293
-1.7915 0.893271
-1.85734 0.919389
-1.80796 0.877781
-1.82442 0.893271
-1.79698 0.88293
-1.77503 0.852266
-1.68724 0.807286
-1.66529 0.792564
-1.70919 0.768328
-1.67627 0.753967
-1.64883 0.74921
-1.61043 0.730333
-1.67627 0.797456
-1.6214 0.782824
-1.63237 0.763526
-1.65981 0.787687
-1.69822 0.817176
-1.69822 0.817176
-1.69273 0.802364
-1.73114 0.827127
-1.7915 0.888093
-1.83539 0.898465
-1.86283 0.929941
-1.82442 0.88293
-1.78601 0.893271
-1.76955 0.872648
-1.68724 0.807286
-1.66529 0.792564
-1.72565 0.842165
-1.72565 0.792564
-1.70919 0.797456
-1.74211 0.842165
-1.72565 0.837137
-1.76406 0.842165
-1.72565 0.827127
-1.75857 0.857339
-1.67627 0.812224
-1.74211 0.862427
-1.78601 0.877781
-1.74211 0.852266
-1.81344 0.888093
-1.83539 0.898465
-1.85185 0.898465
-1.80796 0.877781
-1.78052 0.888093
-1.80796 0.898465
-1.7915 0.872648
-1.7037 0.827127
-1.74211 0.827127
-1.66529 0.782824
-1.71468 0.827127
-1.78601 0.88293
-1.75857 0.862427
-1.70919 0.822144
-1.76955 0.86753
-1.72565 0.837137
-1.77503 0.862427
-1.80796 0.877781
-1.80796 0.862427
-1.7915 0.872648
-1.8299 0.908897
-1.7915 0.857339
-1.80247 0.857339
-1.72565 0.792564
-1.80247 0.847208
-1.84088 0.842165
-1.77503 0.797456
-1.72016 0.797456
-1.72565 0.817176
-1.79698 0.86753
-1.77503 0.832124
-1.76955 0.837137
-1.83539 0.872648
-1.75309 0.862427
-1.83539 0.908897
-1.81344 0.893271
-1.78052 0.86753
-1.79698 0.872648
-1.84088 0.914135
-1.83539 0.903673
-1.80796 0.877781
-1.77503 0.852266
-1.73663 0.847208
-1.7476 0.852266
-1.76955 0.857339
-1.82442 0.888093
-1.83539 0.908897
-1.90672 0.951227
-1.84088 0.919389
-1.7915 0.888093
-1.76406 0.877781
-1.79698 0.893271
-1.82442 0.903673
-1.85185 0.914135
-1.7476 0.842165
-1.75309 0.857339
-1.84088 0.914135
-1.85185 0.919389
-1.85185 0.888093
-1.72565 0.827127
-1.76406 0.847208
-1.75309 0.847208
-1.7037 0.797456
-1.7037 0.792564
-1.58848 0.758739
-1.69822 0.807286
-1.71468 0.817176
-1.65981 0.782824
-1.65981 0.768328
-1.70919 0.807286
-1.67078 0.782824
-1.68724 0.777977
-1.66529 0.74921
-1.67627 0.763526
-1.76406 0.822144
-1.77503 0.862427
-1.76406 0.822144
-1.7476 0.857339
-1.72016 0.807286
-1.81344 0.893271
-1.81893 0.888093
-1.86831 0.929941
-1.79698 0.872648
-1.80247 0.88293
-1.84636 0.908897
-1.80247 0.893271
-1.77503 0.862427
-1.7476 0.842165
-1.80796 0.877781
-1.79698 0.872648
-1.81344 0.893271
-1.68176 0.797456
-1.68176 0.802364
-1.72565 0.837137
-1.74211 0.832124
-1.76955 0.852266
-1.75309 0.842165
-1.77503 0.847208
-1.8299 0.898465
-1.8299 0.903673
-1.73114 0.857339
-1.69273 0.822144
-1.74211 0.832124
-1.67627 0.807286
-1.71468 0.827127
-1.75857 0.842165
-1.67627 0.777977
-1.64883 0.773145
-1.75857 0.837137
-1.77503 0.857339
-1.76406 0.832124
-1.74211 0.837137
-1.73114 0.832124
-1.68724 0.812224
-1.73114 0.822144
-1.69273 0.817176
-1.63786 0.792564
-1.64335 0.787687
-1.73663 0.822144
-1.65432 0.782824
-1.65981 0.773145
-1.69822 0.787687
-1.6214 0.773145
-1.65432 0.753967
-1.68724 0.768328
-1.59945 0.716334
-1.52263 0.630815
-1.58848 0.657234
-1.65432 0.707076
-1.69273 0.711697
-1.64335 0.66169
-1.52263 0.571279
-1.57202 0.657234
-1.60494 0.622129
-1.60494 0.66169
-1.59396 0.609213
-1.63237 0.675147
-1.69273 0.711697
-1.67627 0.684194
-1.57202 0.639561
-1.58848 0.657234
-1.64883 0.716334
-1.61591 0.684194
-1.64335 0.697878
-1.63786 0.679663
-1.59945 0.648367
-1.61043 0.707076
-1.59396 0.702469
-1.55556 0.652793
-1.60494 0.643957
-1.60494 0.609213
-1.63237 0.609213
-1.65981 0.630815
-1.64883 0.66616
-1.67627 0.684194
-1.64335 0.657234
-1.60494 0.657234
-1.58848 0.571279
-1.59396 0.592203
-1.65432 0.648367
-1.69822 0.643957
-1.73114 0.697878
-1.66529 0.635181
-1.62689 0.639561
-1.65432 0.609213
-1.58848 0.575434
-1.58848 0.600678
-1.65981 0.679663
-1.61591 0.639561
-1.63237 0.66169
-1.67627 0.684194
-1.65432 0.688741
-1.57202 0.600678
-1.64335 0.630815
-1.58848 0.609213
-1.63237 0.639561
-1.71468 0.679663
-1.68176 0.648367
-1.63237 0.652793
-1.69822 0.670646
-1.7037 0.66616
-1.65432 0.630815
-1.72565 0.657234
-1.73114 0.684194
-1.73114 0.720985
-1.72016 0.720985
-1.75309 0.753967
-1.77503 0.812224
-1.76406 0.812224
-1.66529 0.782824
-1.73663 0.812224
-1.65981 0.744468
-1.61043 0.725652
-1.60494 0.702469
-1.7037 0.730333
-1.73114 0.763526
-1.73114 0.753967
-1.69273 0.739742
-1.70919 0.753967
-1.64883 0.725652
-1.63786 0.693302
-1.62689 0.725652
-1.68176 0.725652
-1.58848 0.707076
-1.63786 0.753967
-1.73663 0.807286
-1.71468 0.792564
-1.73114 0.817176
-1.76406 0.86753
-1.76406 0.852266
-1.73663 0.852266
-1.78052 0.877781
-1.72565 0.827127
-1.7476 0.837137
-1.70919 0.812224
-1.76406 0.837137
-1.73114 0.842165
-1.75857 0.862427
-1.76955 0.852266
-1.70919 0.807286
-1.7037 0.802364
-1.76406 0.852266
-1.74211 0.812224
-1.72016 0.812224
-1.64883 0.787687
-1.67078 0.802364
-1.73114 0.842165
-1.7476 0.832124
-1.63237 0.758739
-1.70919 0.787687
-1.67078 0.797456
-1.78601 0.862427
-1.66529 0.777977
-1.61043 0.74921
-1.69822 0.792564
-1.72565 0.802364
-1.80247 0.86753
-1.7915 0.877781
-1.83539 0.908897
-1.81344 0.893271
-1.76955 0.877781
-1.73114 0.842165
-1.75857 0.86753
-1.78601 0.88293
-1.89026 0.929941
-1.82442 0.903673
-1.83539 0.903673
-1.88477 0.940554
-1.81893 0.888093
-1.81344 0.893271
-1.83539 0.903673
-1.74211 0.852266
-1.72016 0.822144
-1.77503 0.86753
-1.74211 0.832124
-1.74211 0.827127
-1.72016 0.832124
-1.74211 0.852266
-1.79698 0.872648
-1.7915 0.862427
-1.72565 0.842165
-1.78601 0.877781
-1.7476 0.852266
-1.74211 0.857339
-1.68724 0.797456
-1.68176 0.802364
-1.80796 0.88293
-1.85734 0.924658
-1.81344 0.903673
-1.77503 0.88293
-1.77503 0.877781
-1.90672 0.951227
-1.81893 0.898465
-1.8299 0.903673
-1.90672 0.951227
-1.85185 0.919389
-1.80796 0.903673
-1.76406 0.837137
-1.70919 0.802364
-1.74211 0.837137
-1.61591 0.768328
-1.66529 0.782824
-1.67078 0.782824
-1.68724 0.773145
-1.79698 0.822144
-1.8299 0.852266
-1.81344 0.827127
-1.80796 0.802364
-1.74211 0.739742
-1.76406 0.763526
-1.74211 0.807286
-1.70919 0.782824
-1.63237 0.730333
-1.6214 0.730333
-1.56653 0.688741
-1.5775 0.693302
-1.61043 0.716334
-1.67078 0.758739
-1.6214 0.688741
-1.63237 0.679663
-1.63786 0.66616
-1.70919 0.753967
-1.66529 0.744468
-1.61591 0.739742
-1.7037 0.827127
-1.68724 0.807286
-1.71468 0.832124
-1.71468 0.837137
-1.83539 0.908897
-1.78052 0.88293
-1.73663 0.862427
-1.73663 0.852266
-1.71468 0.832124
-1.67627 0.797456
-1.71468 0.832124
-1.7037 0.812224
-1.7037 0.797456
-1.69822 0.827127
-1.69273 0.822144
-1.78601 0.88293
-1.80796 0.88293
-1.81893 0.893271
-1.82442 0.893271
-1.74211 0.842165
-1.74211 0.832124
-1.72016 0.827127
-1.7476 0.842165
-1.7915 0.86753
-1.75857 0.857339
-1.83539 0.908897
-1.85185 0.919389
-1.7915 0.88293
-1.79698 0.88293
-1.72016 0.842165
-1.74211 0.852266
-1.7476 0.86753
-1.80796 0.888093
-1.79698 0.893271
-1.80796 0.893271
-1.80796 0.88293
-1.8299 0.914135
-1.73663 0.852266
-1.80247 0.88293
-1.83539 0.908897
-1.78601 0.877781
-1.73663 0.852266
-1.83539 0.914135
-1.87929 0.924658
-1.84088 0.903673
-1.85185 0.914135
-1.7915 0.88293
-1.80796 0.898465
-1.76406 0.857339
-1.72016 0.827127
-1.70919 0.817176
-1.85734 0.898465
-1.82442 0.888093
-1.80796 0.872648
-1.76406 0.862427
-1.75857 0.847208
-1.6214 0.768328
-1.69822 0.802364
-1.72016 0.812224
-1.65432 0.768328
-1.67627 0.802364
-1.72016 0.847208
-1.7915 0.888093
-1.73114 0.842165
-1.74211 0.807286
-1.73663 0.817176
-1.75857 0.837137
-1.69822 0.792564
-1.70919 0.807286
-1.71468 0.773145
-1.70919 0.787687
-1.74211 0.827127
-1.7915 0.862427
-1.7915 0.88293
-1.80796 0.862427
-1.73114 0.797456
-1.7476 0.832124
-1.69822 0.777977
-1.70919 0.768328
-1.7037 0.792564
-1.73663 0.827127
-1.76406 0.857339
-1.80247 0.872648
-1.76406 0.86753
-1.69273 0.822144
-1.72565 0.837137
-1.7476 0.827127
-1.70919 0.807286
-1.71468 0.792564
-1.70919 0.802364
-1.74211 0.832124
-1.73663 0.822144
-1.72016 0.822144
-1.72016 0.822144
