-2 1
-1.86283 0.929941
-1.72565 0.847208
-1.7476 0.832124
-1.78052 0.847208
-1.7476 0.832124
-1.7476 0.832124
-1.73663 0.807286
-1.73663 0.787687
-1.71468 0.822144
-1.73114 0.817176
-1.74211 0.817176
-1.73114 0.812224
-1.76955 0.847208
-1.65432 0.797456
-1.67078 0.807286
-1.63786 0.73503
-1.60494 0.66169
-1.62689 0.697878
-1.59396 0.626465
-1.48971 0.571279
-1.52263 0.583788
-1.55556 0.652793
-1.59396 0.707076
-1.59396 0.684194
-1.64335 0.739742
-1.61591 0.720985
-1.61043 0.716334
-1.58848 0.697878
-1.60494 0.697878
-1.59396 0.684194
-1.47325 0.609213
-1.56653 0.643957
-1.58299 0.652793
-1.58848 0.675147
-1.5775 0.66169
-1.65981 0.66616
-1.66529 0.652793
-1.59945 0.643957
-1.57202 0.635181
-1.61043 0.648367
-1.63786 0.652793
-1.63237 0.675147
-1.61591 0.693302
-1.65981 0.74921
-1.58299 0.688741
-1.56653 0.693302
-1.56104 0.66169
-1.58299 0.725652
-1.67627 0.777977
-1.56653 0.697878
-1.6214 0.753967
-1.73114 0.827127
-1.79698 0.888093
-1.78601 0.872648
-1.70919 0.812224
-1.60494 0.720985
-1.60494 0.716334
-1.64335 0.739742
-1.52263 0.66616
-1.55556 0.679663
-1.60494 0.720985
-1.52812 0.66169
-1.58299 0.739742
-1.5775 0.739742
-1.61591 0.730333
-1.60494 0.725652
-1.63237 0.739742
-1.6214 0.73503
-1.59396 0.73503
-1.62689 0.707076
-1.51166 0.670646
-1.58848 0.711697
-1.53361 0.688741
-1.46776 0.604938
-1.50069 0.622129
-1.5775 0.643957
-1.56653 0.66169
-1.63237 0.675147
-1.6214 0.697878
-1.58299 0.652793
-1.4952 0.630815
-1.53361 0.670646
-1.59945 0.711697
-1.51715 0.693302
-1.51166 0.635181
-1.53361 0.600678
-1.51166 0.596433
-1.48971 0.587988
-1.54458 0.626465
-1.55556 0.630815
-1.57202 0.643957
-1.46228 0.583788
-1.45679 0.609213
-1.46776 0.617809
-1.39095 0.550731
-1.51166 0.617809
-1.37449 0.567139
-1.46776 0.592203
-1.48971 0.600678
-1.5775 0.702469
-1.55556 0.675147
-1.58299 0.702469
-1.67627 0.730333
-1.67078 0.739742
-1.65432 0.725652
-1.61591 0.702469
-1.67627 0.744468
-1.61043 0.711697
-1.57202 0.693302
-1.68724 0.768328
-1.72565 0.817176
-1.66529 0.777977
-1.62689 0.773145
-1.51166 0.697878
-1.52812 0.693302
-1.64335 0.782824
-1.62689 0.74921
-1.5775 0.711697
-1.64883 0.725652
-1.62689 0.720985
-1.5775 0.679663
-1.56653 0.675147
-1.48422 0.657234
-1.56653 0.684194
-1.53909 0.679663
-1.54458 0.697878
-1.55007 0.688741
-1.52263 0.693302
-1.61043 0.74921
-1.61043 0.744468
-1.61043 0.739742
-1.67078 0.773145
-1.59396 0.702469
-1.55556 0.675147
-1.56104 0.66616
-1.57202 0.622129
-1.4952 0.622129
-1.42936 0.579603
-1.46776 0.583788
-1.53909 0.604938
-1.6214 0.648367
-1.47874 0.592203
-1.50069 0.55481
-1.51166 0.530559
-1.4513 0.461058
-1.46228 0.435347
-1.43484 0.399896
-1.41289 0.320956
-1.43484 0.320956
-1.46228 0.284737
-1.57202 0.314769
-1.48422 0.359342
-1.51166 0.336686
-1.46228 0.359342
-1.46228 0.382735
-1.46776 0.386137
-1.4513 0.428136
-1.47325 0.464791
-1.4513 0.453636
-1.47325 0.453636
-1.44033 0.442617
-1.369 0.417433
-1.41289 0.375976
-1.33608 0.324072
-1.33059 0.346306
-1.41289 0.36595
-1.41289 0.403373
-1.33608 0.386137
-1.33608 0.424553
-1.37449 0.392986
-1.40741 0.442617
-1.34156 0.399896
-1.39095 0.453636
-1.41838 0.464791
-1.48971 0.464791
-1.55007 0.495199
-1.51715 0.510764
-1.48422 0.495199
-1.48422 0.491345
-1.52812 0.50685
-1.41838 0.453636
-1.53909 0.502951
-1.52812 0.491345
-1.53909 0.522596
-1.61591 0.546667
-1.46776 0.442617
-1.47325 0.382735
-1.45679 0.464791
-1.48971 0.530559
-1.46228 0.55481
-1.47874 0.55481
-1.50069 0.546667
-1.52812 0.550731
-1.48971 0.546667
-1.58848 0.604938
-1.59945 0.652793
-1.59945 0.693302
-1.55556 0.622129
-1.54458 0.583788
-1.54458 0.538583
-1.51166 0.542617
-1.43484 0.502951
-1.41289 0.45734
-1.369 0.449948
-1.3251 0.413895
-1.37449 0.472303
-1.37449 0.530559
-1.44033 0.546667
-1.46228 0.600678
-1.53361 0.630815
-1.50069 0.563015
-1.52812 0.622129
-1.48971 0.622129
-1.47874 0.630815
-1.52812 0.643957
-1.57202 0.720985
-1.63786 0.763526
-1.6214 0.753967
-1.64335 0.768328
-1.51715 0.688741
-1.60494 0.768328
-1.68176 0.787687
-1.67627 0.763526
-1.65981 0.716334
-1.58848 0.66616
-1.60494 0.720985
-1.48422 0.622129
-1.4952 0.657234
-1.52812 0.657234
-1.44033 0.575434
-1.46776 0.609213
-1.56104 0.711697
-1.64883 0.773145
-1.73114 0.812224
-1.61043 0.725652
-1.5775 0.711697
-1.59945 0.66616
-1.52812 0.635181
-1.56104 0.684194
-1.44033 0.635181
-1.46228 0.66169
-1.52812 0.670646
-1.59396 0.730333
-1.59945 0.758739
-1.58299 0.73503
-1.65981 0.777977
-1.6214 0.716334
-1.55556 0.707076
-1.53909 0.684194
-1.50069 0.657234
-1.54458 0.711697
-1.61043 0.768328
-1.67078 0.792564
-1.66529 0.787687
-1.59396 0.763526
-1.57202 0.753967
-1.6214 0.753967
-1.77503 0.842165
-1.70919 0.802364
-1.67078 0.792564
-1.66529 0.763526
-1.70919 0.802364
-1.65432 0.777977
-1.69822 0.797456
-1.65432 0.768328
-1.67627 0.797456
-1.61591 0.753967
-1.63786 0.753967
-1.60494 0.73503
-1.6214 0.720985
-1.63237 0.716334
-1.6214 0.730333
-1.5775 0.725652
-1.47874 0.648367
-1.58848 0.697878
-1.55556 0.707076
-1.59396 0.744468
-1.59945 0.758739
-1.56653 0.725652
-1.59396 0.716334
-1.58299 0.707076
-1.58299 0.720985
-1.56653 0.73503
-1.6214 0.768328
-1.51166 0.720985
-1.58848 0.730333
-1.57202 0.702469
-1.5775 0.725652
-1.59396 0.702469
-1.73663 0.812224
-1.56104 0.684194
-1.51166 0.675147
-1.52263 0.66169
-1.50617 0.66616
-1.55007 0.711697
-1.5775 0.716334
-1.61043 0.74921
-1.56653 0.730333
-1.52812 0.716334
-1.63237 0.74921
-1.58848 0.711697
-1.56653 0.652793
-1.55556 0.648367
-1.46776 0.604938
-1.47325 0.613504
-1.53909 0.652793
-1.53909 0.648367
-1.56104 0.635181
-1.52812 0.613504
-1.64883 0.711697
-1.59945 0.684194
-1.64883 0.693302
-1.66529 0.716334
-1.58299 0.679663
-1.64335 0.720985
-1.60494 0.725652
-1.67627 0.716334
-1.70919 0.753967
-1.72565 0.763526
-1.7915 0.812224
-1.7037 0.74921
-1.7037 0.773145
-1.67627 0.744468
-1.5775 0.716334
-1.6214 0.693302
-1.55007 0.679663
-1.56104 0.693302
-1.51715 0.652793
-1.63786 0.730333
-1.56104 0.675147
-1.59396 0.702469
-1.66529 0.720985
-1.68176 0.777977
-1.63237 0.730333
-1.61591 0.744468
-1.60494 0.768328
-1.63237 0.777977
-1.63786 0.773145
-1.75309 0.842165
-1.7476 0.852266
-1.76406 0.857339
-1.70919 0.832124
-1.65432 0.777977
-1.64335 0.739742
-1.62689 0.711697
-1.47325 0.635181
-1.51166 0.679663
-1.63786 0.773145
-1.65981 0.74921
-1.69273 0.763526
-1.7037 0.792564
-1.66529 0.753967
-1.64883 0.773145
-1.63237 0.739742
-1.56653 0.739742
-1.4952 0.684194
-1.60494 0.73503
-1.53909 0.679663
-1.52263 0.648367
-1.51166 0.652793
-1.56653 0.716334
-1.56104 0.716334
-1.59396 0.720985
-1.5775 0.725652
-1.59945 0.744468
-1.54458 0.688741
-1.63237 0.753967
-1.63237 0.744468
-1.61043 0.697878
-1.68176 0.711697
-1.59945 0.716334
-1.61043 0.73503
-1.65981 0.684194
-1.58848 0.648367
-1.55556 0.622129
-1.52812 0.622129
-1.51715 0.626465
-1.55556 0.670646
-1.47325 0.617809
-1.55556 0.675147
-1.51166 0.652793
-1.46228 0.622129
-1.51166 0.66616
-1.45679 0.639561
-1.52812 0.679663
-1.58299 0.684194
-1.66529 0.74921
-1.6214 0.679663
-1.65432 0.670646
-1.65432 0.697878
-1.61591 0.670646
-1.60494 0.670646
-1.58848 0.657234
-1.51166 0.635181
-1.53909 0.652793
-1.40192 0.534564
-1.48422 0.567139
-1.50069 0.592203
-1.57202 0.684194
-1.57202 0.688741
-1.60494 0.679663
-1.66529 0.758739
-1.65432 0.773145
-1.57202 0.707076
-1.55007 0.643957
-1.58848 0.670646
-1.64883 0.702469
-1.64335 0.693302
-1.56653 0.679663
-1.59945 0.675147
-1.51715 0.626465
-1.52812 0.626465
-1.51166 0.630815
-1.50069 0.66169
-1.55556 0.652793
-1.57202 0.688741
-1.46776 0.630815
-1.47325 0.583788
-1.48422 0.626465
-1.55556 0.670646
-1.62689 0.684194
-1.67078 0.707076
-1.63237 0.643957
-1.60494 0.639561
-1.58299 0.643957
-1.63237 0.697878
-1.53909 0.693302
-1.63786 0.693302
-1.63786 0.725652
-1.72565 0.802364
-1.73114 0.827127
-1.72016 0.837137
-1.68176 0.822144
-1.68176 0.797456
-1.61043 0.773145
-1.69822 0.817176
-1.71468 0.837137
-1.66529 0.802364
-1.69822 0.812224
-1.69273 0.812224
-1.71468 0.842165
-1.65432 0.812224
-1.6214 0.782824
-1.59945 0.768328
-1.66529 0.802364
-1.72565 0.837137
-1.69273 0.822144
-1.63237 0.768328
-1.51715 0.702469
-1.68176 0.812224
-1.51715 0.707076
-1.59396 0.744468
-1.63786 0.792564
-1.53361 0.679663
-1.53361 0.670646
-1.58848 0.697878
-1.65432 0.720985
-1.55007 0.679663
-1.48422 0.604938
-1.44033 0.55481
-1.47325 0.575434
-1.52263 0.609213
-1.54458 0.643957
-1.52812 0.652793
-1.47874 0.600678
-1.51715 0.604938
-1.58299 0.711697
-1.62689 0.725652
-1.61591 0.707076
-1.64335 0.707076
-1.61043 0.730333
-1.57202 0.716334
-1.61591 0.730333
-1.5775 0.711697
-1.57202 0.744468
-1.61043 0.730333
-1.61043 0.763526
-1.5775 0.720985
-1.65981 0.753967
-1.59396 0.73503
-1.60494 0.716334
-1.56653 0.670646
-1.46228 0.622129
-1.50617 0.609213
-1.50069 0.604938
-1.52263 0.609213
-1.58848 0.670646
-1.61591 0.679663
-1.68176 0.707076
-1.60494 0.688741
-1.61591 0.66616
-1.68724 0.702469
-1.68724 0.66616
-1.67627 0.579603
-1.63786 0.563015
-1.65432 0.579603
-1.61043 0.571279
-1.59945 0.538583
-1.63237 0.550731
-1.63786 0.538583
-1.56104 0.522596
-1.57202 0.542617
-1.61591 0.546667
-1.52263 0.483683
-1.57202 0.449948
-1.50069 0.50685
-1.4952 0.487507
-1.51715 0.50685
-1.38546 0.464791
-1.44033 0.558905
-1.51166 0.563015
-1.42936 0.510764
-1.31962 0.487507
-1.44582 0.479875
-1.47874 0.461058
-1.43484 0.428136
-1.46776 0.499068
-1.44582 0.510764
-1.48971 0.583788
-1.48971 0.542617
-1.4952 0.550731
-1.45679 0.50685
-1.44582 0.495199
-1.50617 0.502951
-1.50069 0.514693
-1.47325 0.479875
-1.52263 0.476081
-1.48422 0.446275
-1.47325 0.483683
-1.53909 0.571279
-1.64883 0.630815
-1.48422 0.609213
-1.51166 0.592203
-1.53909 0.613504
-1.63786 0.66616
-1.56104 0.643957
-1.56653 0.639561
-1.56104 0.648367
-1.55007 0.617809
-1.64883 0.66616
-1.65432 0.675147
-1.58848 0.630815
-1.52263 0.643957
-1.51715 0.648367
-1.52263 0.652793
-1.57202 0.652793
-1.59945 0.725652
-1.5775 0.702469
-1.60494 0.702469
-1.61591 0.707076
-1.59945 0.697878
-1.6214 0.702469
-1.5775 0.679663
-1.5775 0.679663
-1.66529 0.716334
-1.65981 0.720985
-1.56653 0.66169
-1.5775 0.688741
-1.60494 0.688741
-1.72016 0.768328
-1.67627 0.697878
-1.55556 0.679663
-1.61043 0.66169
-1.56653 0.604938
-1.50617 0.575434
-1.53909 0.579603
-1.46776 0.550731
-1.47874 0.600678
-1.50069 0.510764
-1.56653 0.495199
-1.54458 0.534564
-1.52263 0.522596
-1.50069 0.550731
-1.39643 0.502951
-1.45679 0.55481
-1.47325 0.567139
-1.55007 0.630815
-1.59945 0.670646
-1.55007 0.707076
-1.56653 0.679663
-1.52812 0.670646
-1.59945 0.679663
-1.63786 0.707076
-1.6214 0.707076
-1.62689 0.73503
-1.54458 0.635181
-1.42387 0.558905
-1.46776 0.609213
-1.64883 0.711697
-1.45679 0.596433
-1.56104 0.66616
-1.58848 0.648367
-1.57202 0.679663
-1.61043 0.688741
-1.6214 0.688741
-1.58848 0.684194
-1.67078 0.744468
-1.65981 0.716334
-1.64335 0.739742
-1.64335 0.702469
-1.62689 0.716334
-1.54458 0.702469
-1.45679 0.66616
-1.5775 0.711697
-1.48971 0.675147
-1.59945 0.73503
-1.61591 0.768328
-1.63237 0.782824
-1.67627 0.787687
-1.65981 0.782824
-1.63237 0.787687
-1.69822 0.797456
-1.55007 0.720985
-1.62689 0.744468
-1.63237 0.758739
-1.58299 0.702469
-1.58299 0.74921
-1.6214 0.758739
-1.6214 0.730333
-1.5775 0.720985
-1.60494 0.758739
-1.58848 0.74921
-1.52263 0.688741
-1.54458 0.716334
-1.44582 0.617809
-1.47874 0.635181
-1.61043 0.702469
-1.61591 0.679663
-1.50617 0.626465
-1.45679 0.626465
-1.48971 0.613504
-1.60494 0.711697
-1.64883 0.739742
-1.60494 0.711697
-1.58848 0.720985
-1.5775 0.720985
-1.5775 0.716334
-1.60494 0.744468
-1.59945 0.739742
-1.63237 0.753967
-1.5775 0.73503
-1.63786 0.730333
-1.59945 0.716334
-1.56104 0.675147
-1.64335 0.725652
-1.64883 0.758739
-1.55556 0.679663
-1.61591 0.688741
-1.64335 0.702469
-1.59396 0.688741
-1.58848 0.643957
-1.65432 0.679663
-1.58299 0.66169
-1.58299 0.675147
-1.58299 0.675147
-1.59396 0.720985
-1.56653 0.707076
-1.61591 0.702469
-1.59945 0.675147
-1.65432 0.711697
-1.65981 0.730333
-1.58848 0.639561
-1.52812 0.622129
-1.51715 0.587988
-1.47874 0.587988
-1.55007 0.622129
-1.51715 0.617809
-1.47325 0.604938
-1.52263 0.66616
-1.45679 0.596433
-1.56653 0.707076
-1.53909 0.648367
-1.56653 0.675147
-1.4952 0.648367
-1.57202 0.66616
-1.5775 0.697878
-1.61043 0.711697
-1.63786 0.74921
-1.69822 0.730333
-1.59945 0.716334
-1.63237 0.730333
-1.57202 0.720985
-1.52812 0.720985
-1.64883 0.773145
-1.59396 0.716334
-1.67627 0.773145
-1.56104 0.679663
-1.50069 0.652793
-1.51166 0.679663
-1.47325 0.600678
-1.4952 0.635181
-1.52263 0.643957
-1.48422 0.609213
-1.58848 0.652793
-1.48971 0.538583
-1.48422 0.530559
-1.4513 0.468539
-1.48971 0.495199
-1.50069 0.522596
-1.43484 0.534564
-1.43484 0.534564
-1.46776 0.563015
-1.40192 0.522596
-1.42387 0.567139
-1.53909 0.613504
-1.63237 0.66616
-1.63237 0.652793
-1.64883 0.707076
-1.53909 0.707076
-1.6214 0.753967
-1.67078 0.782824
-1.64883 0.744468
-1.64335 0.758739
-1.61591 0.739742
-1.57202 0.711697
-1.57202 0.720985
-1.6214 0.753967
-1.68176 0.773145
-1.65981 0.777977
-1.57202 0.753967
-1.54458 0.66169
-1.51166 0.630815
-1.46776 0.579603
-1.44033 0.587988
-1.52812 0.648367
-1.50069 0.648367
-1.60494 0.684194
-1.47874 0.622129
-1.48971 0.622129
-1.55007 0.66169
-1.55556 0.679663
-1.60494 0.693302
-1.59396 0.652793
-1.63237 0.643957
-1.61591 0.679663
-1.61043 0.617809
-1.57202 0.600678
-1.48971 0.596433
-1.56104 0.66169
-1.59396 0.684194
-1.56653 0.617809
-1.47325 0.592203
-1.52263 0.604938
-1.51166 0.579603
-1.51715 0.55481
-1.53361 0.530559
-1.4952 0.563015
-1.4513 0.499068
-1.47325 0.50685
-1.42387 0.453636
-1.39643 0.483683
-1.50069 0.514693
-1.53909 0.530559
-1.51166 0.587988
-1.4952 0.648367
-1.46776 0.693302
-1.47325 0.600678
-1.46228 0.587988
-1.57202 0.546667
-1.45679 0.50685
-1.50617 0.575434
-1.4952 0.587988
-1.41838 0.575434
-1.33608 0.499068
-1.41289 0.542617
-1.48422 0.567139
-1.43484 0.514693
-1.52263 0.575434
-1.48422 0.571279
-1.54458 0.587988
-1.47874 0.514693
-1.50617 0.530559
-1.46228 0.522596
-1.4952 0.592203
-1.42387 0.592203
-1.39643 0.546667
-1.50617 0.604938
-1.53909 0.563015
-1.57202 0.542617
-1.52263 0.464791
-1.4952 0.472303
-1.4952 0.472303
-1.40192 0.392986
-1.40192 0.413895
-1.37997 0.330349
-1.37449 0.349542
-1.34156 0.339878
-1.34705 0.386137
-1.35254 0.386137
-1.369 0.36595
-1.30316 0.36595
-1.37997 0.379348
-1.41289 0.449948
-1.50617 0.518637
-1.47874 0.428136
-1.54458 0.479875
-1.56104 0.495199
-1.51166 0.483683
-1.50069 0.495199
-1.52263 0.514693
-1.65981 0.583788
-1.63786 0.609213
-1.57202 0.538583
-1.61591 0.538583
-1.59396 0.542617
-1.56653 0.579603
-1.52812 0.592203
-1.52263 0.579603
-1.58848 0.596433
-1.65432 0.670646
-1.57202 0.635181
-1.46776 0.592203
-1.47325 0.587988
-1.48971 0.592203
-1.50617 0.604938
-1.47874 0.600678
-1.48971 0.613504
-1.5775 0.66169
-1.4952 0.575434
-1.52263 0.635181
-1.46776 0.630815
-1.47325 0.609213
-1.5775 0.720985
-1.56104 0.693302
-1.56104 0.720985
-1.65432 0.782824
-1.64883 0.74921
-1.59945 0.707076
-1.52812 0.688741
-1.57202 0.720985
-1.52812 0.693302
-1.55556 0.648367
-1.44033 0.571279
-1.50069 0.534564
-1.55556 0.592203
-1.55007 0.596433
-1.44582 0.487507
-1.48422 0.55481
-1.48422 0.55481
-1.46776 0.596433
-1.50617 0.635181
-1.59945 0.688741
-1.60494 0.66169
-1.47325 0.630815
-1.52812 0.675147
-1.56653 0.707076
-1.66529 0.782824
-1.66529 0.822144
-1.63237 0.777977
-1.61043 0.744468
-1.59945 0.739742
-1.63786 0.777977
-1.64883 0.763526
-1.72565 0.837137
-1.74211 0.842165
-1.66529 0.782824
-1.70919 0.807286
-1.69822 0.812224
-1.64335 0.758739
-1.66529 0.777977
-1.76406 0.827127
-1.5775 0.711697
-1.66529 0.797456
-1.60494 0.739742
-1.71468 0.797456
-1.64335 0.730333
-1.60494 0.679663
-1.63786 0.670646
-1.6214 0.657234
-1.5775 0.639561
-1.53909 0.622129
-1.51166 0.617809
-1.52263 0.657234
-1.53909 0.630815
-1.53361 0.630815
-1.46228 0.55481
-1.39095 0.514693
-1.38546 0.518637
-1.40741 0.510764
-1.39095 0.479875
-1.53361 0.514693
-1.41838 0.438974
-1.40192 0.428136
-1.51715 0.495199
-1.51166 0.495199
-1.51166 0.487507
-1.45679 0.502951
-1.39095 0.518637
-1.39643 0.518637
-1.43484 0.596433
-1.45679 0.600678
-1.51715 0.626465
-1.55556 0.657234
-1.46228 0.626465
-1.53361 0.657234
-1.57202 0.688741
-1.5775 0.730333
-1.5775 0.763526
-1.56104 0.702469
-1.56104 0.697878
-1.5775 0.693302
-1.51715 0.652793
-1.58848 0.688741
-1.50069 0.596433
-1.50069 0.652793
-1.48971 0.639561
-1.52263 0.657234
-1.58848 0.675147
-1.58848 0.66616
-1.46228 0.609213
-1.55556 0.679663
-1.64883 0.744468
-1.63786 0.758739
-1.65981 0.763526
-1.71468 0.827127
-1.67627 0.807286
-1.70919 0.817176
-1.72565 0.827127
-1.6214 0.782824
-1.61043 0.763526
-1.5775 0.763526
-1.72016 0.832124
-1.69273 0.817176
-1.64335 0.787687
-1.63786 0.74921
-1.70919 0.787687
-1.63786 0.763526
-1.62689 0.739742
-1.62689 0.739742
-1.60494 0.684194
-1.55556 0.702469
-1.64883 0.73503
-1.56104 0.652793
-1.6214 0.675147
-1.5775 0.66616
-1.48971 0.587988
-1.52263 0.626465
-1.56104 0.657234
-1.48971 0.626465
-1.5775 0.693302
-1.65432 0.773145
-1.69273 0.807286
-1.64883 0.787687
-1.62689 0.773145
-1.64883 0.763526
-1.60494 0.725652
-1.59396 0.716334
-1.58299 0.679663
-1.53361 0.684194
-1.53909 0.652793
-1.50069 0.66169
-1.53361 0.592203
-1.56653 0.639561
-1.59945 0.613504
-1.56104 0.617809
-1.63786 0.643957
-1.58848 0.670646
-1.65432 0.688741
-1.64883 0.66616
-1.57202 0.571279
-1.52812 0.546667
-1.48422 0.483683
-1.40741 0.435347
-1.45679 0.438974
-1.4513 0.442617
-1.39095 0.410373
-1.44582 0.487507
-1.42387 0.424553
-1.48422 0.453636
-1.53361 0.487507
-1.53909 0.495199
-1.51166 0.558905
-1.55556 0.592203
-1.61591 0.622129
-1.55556 0.626465
-1.56653 0.571279
-1.51166 0.571279
-1.56104 0.617809
-1.57202 0.648367
-1.60494 0.675147
-1.52263 0.635181
-1.63237 0.697878
-1.6214 0.739742
-1.53361 0.675147
-1.6214 0.720985
-1.59945 0.702469
-1.58299 0.675147
-1.58848 0.66616
-1.5775 0.657234
-1.63237 0.688741
-1.52263 0.684194
-1.59396 0.716334
-1.58848 0.739742
-1.52812 0.693302
-1.59396 0.730333
-1.51715 0.697878
-1.47874 0.675147
-1.51715 0.684194
-1.50069 0.702469
-1.52263 0.697878
-1.57202 0.711697
-1.52812 0.679663
-1.55556 0.707076
-1.52263 0.684194
-1.61591 0.716334
-1.67627 0.787687
-1.69822 0.797456
-1.67627 0.787687
-1.64883 0.758739
-1.65981 0.768328
-1.65981 0.768328
-1.7037 0.773145
-1.68724 0.758739
-1.67627 0.763526
-1.68176 0.782824
-1.73663 0.797456
-1.7476 0.792564
-1.65981 0.73503
-1.7037 0.787687
-1.63786 0.730333
-1.65981 0.758739
-1.55007 0.688741
-1.48971 0.630815
-1.42387 0.592203
-1.4952 0.617809
-1.51715 0.622129
-1.44582 0.596433
-1.59396 0.707076
-1.65981 0.777977
-1.60494 0.753967
-1.63786 0.787687
-1.62689 0.768328
-1.59396 0.702469
-1.59396 0.675147
-1.56653 0.679663
-1.62689 0.720985
-1.68176 0.763526
-1.60494 0.725652
-1.65981 0.753967
-1.66529 0.763526
-1.51166 0.688741
-1.60494 0.753967
-1.52812 0.66616
-1.59396 0.720985
-1.58848 0.697878
-1.58848 0.679663
-1.58848 0.707076
-1.6214 0.684194
-1.6214 0.675147
-1.61043 0.66616
-1.56653 0.66616
-1.64883 0.73503
-1.65981 0.730333
-1.59945 0.688741
-1.64335 0.711697
-1.57202 0.66616
-1.60494 0.66616
-1.53909 0.652793
-1.45679 0.600678
-1.42936 0.563015
-1.57202 0.670646
-1.55556 0.675147
-1.51166 0.613504
-1.46776 0.571279
-1.50069 0.613504
-1.52812 0.66616
-1.48971 0.648367
-1.5775 0.688741
-1.54458 0.639561
-1.58299 0.670646
-1.63237 0.725652
-1.66529 0.763526
-1.67627 0.807286
-1.58299 0.753967
-1.64335 0.744468
-1.6214 0.693302
-1.61043 0.684194
-1.67627 0.730333
-1.62689 0.711697
-1.47874 0.675147
-1.64335 0.739742
-1.58299 0.720985
-1.63786 0.725652
-1.66529 0.758739
-1.59945 0.707076
-1.61591 0.720985
-1.59396 0.688741
-1.59945 0.739742
-1.63786 0.739742
-1.64335 0.730333
-1.56653 0.725652
-1.61043 0.753967
-1.65432 0.807286
-1.59396 0.725652
-1.59945 0.688741
-1.61043 0.670646
-1.56104 0.630815
-1.67627 0.702469
-1.61591 0.679663
-1.59396 0.688741
-1.53361 0.639561
-1.47874 0.652793
-1.52812 0.652793
-1.67078 0.758739
-1.68724 0.792564
-1.61043 0.758739
-1.65981 0.792564
-1.56104 0.725652
-1.48422 0.688741
-1.64335 0.787687
-1.65981 0.792564
-1.68176 0.802364
-1.60494 0.739742
-1.73663 0.792564
-1.68176 0.782824
-1.60494 0.758739
-1.65981 0.792564
-1.56653 0.73503
-1.6214 0.74921
-1.66529 0.763526
-1.60494 0.707076
-1.60494 0.711697
-1.56104 0.693302
-1.48971 0.635181
-1.53909 0.587988
-1.53361 0.613504
-1.48971 0.575434
-1.48422 0.587988
-1.53909 0.626465
-1.48422 0.575434
-1.50069 0.579603
-1.41289 0.55481
-1.47874 0.579603
-1.50069 0.571279
-1.55007 0.596433
-1.4952 0.538583
-1.57202 0.563015
-1.44582 0.510764
-1.43484 0.464791
-1.47874 0.476081
-1.53361 0.510764
-1.54458 0.538583
-1.65981 0.643957
-1.62689 0.604938
-1.65432 0.604938
-1.70919 0.630815
-1.64883 0.609213
-1.64883 0.639561
-1.5775 0.630815
-1.59945 0.579603
-1.51166 0.530559
-1.37449 0.438974
-1.41838 0.472303
-1.40741 0.461058
-1.44033 0.491345
-1.43484 0.522596
-1.50617 0.52657
-1.50617 0.558905
-1.61043 0.679663
-1.5775 0.648367
-1.66529 0.744468
-1.59396 0.657234
-1.58848 0.630815
-1.59945 0.643957
-1.53909 0.600678
-1.52812 0.596433
-1.55007 0.587988
-1.53909 0.613504
-1.56104 0.55481
-1.55007 0.534564
-1.56104 0.575434
-1.50617 0.550731
-1.5775 0.558905
-1.55556 0.518637
-1.47325 0.502951
-1.53909 0.55481
-1.56104 0.571279
-1.4513 0.50685
-1.44033 0.464791
-1.4513 0.461058
-1.44582 0.464791
-1.42387 0.45734
-1.46228 0.468539
-1.47325 0.502951
-1.46776 0.538583
-1.47325 0.534564
-1.40192 0.52657
-1.44582 0.502951
-1.46776 0.52657
-1.42936 0.55481
-1.48971 0.596433
-1.52263 0.609213
-1.47874 0.55481
-1.47325 0.583788
-1.46776 0.558905
-1.61043 0.622129
-1.64883 0.693302
-1.58848 0.679663
-1.50617 0.652793
-1.58848 0.711697
-1.64883 0.758739
-1.64883 0.777977
-1.64335 0.777977
-1.58848 0.730333
-1.64883 0.777977
-1.59945 0.753967
-1.6214 0.753967
-1.61591 0.744468
-1.68176 0.787687
-1.67078 0.763526
-1.64335 0.792564
-1.64335 0.782824
-1.62689 0.792564
-1.52812 0.725652
-1.69273 0.807286
-1.65432 0.792564
-1.68724 0.807286
-1.62689 0.787687
-1.56653 0.74921
-1.55556 0.707076
-1.63237 0.711697
-1.69822 0.787687
-1.67627 0.768328
-1.60494 0.679663
-1.59396 0.716334
-1.63786 0.777977
-1.67627 0.792564
-1.63237 0.74921
-1.57202 0.730333
-1.67627 0.768328
-1.64883 0.739742
-1.68176 0.768328
-1.55556 0.679663
-1.59396 0.688741
-1.57202 0.670646
-1.52812 0.609213
-1.4952 0.626465
-1.51166 0.587988
-1.58299 0.648367
-1.60494 0.711697
-1.56104 0.711697
-1.47325 0.604938
-1.51166 0.592203
-1.56653 0.643957
-1.59396 0.648367
-1.52812 0.648367
-1.70919 0.773145
-1.67627 0.753967
-1.68724 0.73503
-1.63786 0.688741
-1.56653 0.622129
-1.61591 0.675147
-1.61591 0.711697
-1.60494 0.693302
-1.53361 0.675147
-1.5775 0.693302
-1.67078 0.773145
-1.67627 0.777977
-1.66529 0.744468
-1.60494 0.753967
-1.70919 0.807286
-1.71468 0.782824
-1.61591 0.73503
-1.61043 0.74921
-1.64883 0.777977
-1.65981 0.768328
-1.65432 0.777977
-1.55007 0.716334
-1.55007 0.675147
-1.47874 0.600678
-1.46228 0.587988
-1.47874 0.622129
-1.58848 0.693302
-1.56653 0.643957
-1.6214 0.716334
-1.6214 0.707076
-1.63786 0.702469
-1.61043 0.725652
-1.61043 0.711697
-1.58299 0.73503
-1.58299 0.730333
-1.58299 0.73503
-1.59945 0.744468
-1.61043 0.730333
-1.56653 0.697878
-1.58299 0.675147
-1.62689 0.711697
-1.52263 0.684194
-1.52263 0.679663
-1.62689 0.777977
-1.7037 0.822144
-1.63237 0.73503
-1.55556 0.716334
-1.56104 0.730333
-1.57202 0.716334
-1.55556 0.707076
-1.72565 0.802364
-1.70919 0.763526
-1.65432 0.693302
-1.61043 0.716334
-1.56653 0.711697
-1.56653 0.707076
-1.58848 0.74921
-1.64883 0.787687
-1.6214 0.777977
-1.7037 0.807286
-1.63237 0.787687
-1.66529 0.797456
-1.64883 0.787687
-1.73114 0.817176
-1.73663 0.807286
-1.63237 0.753967
-1.72565 0.837137
-1.72565 0.802364
-1.64883 0.792564
-1.73663 0.842165
-1.75857 0.832124
-1.78052 0.842165
-1.63786 0.744468
-1.58848 0.648367
-1.5775 0.643957
-1.61591 0.693302
-1.5775 0.66616
-1.63786 0.697878
-1.54458 0.622129
-1.61043 0.66169
-1.58299 0.643957
-1.51715 0.579603
-1.48971 0.596433
-1.47874 0.604938
-1.52812 0.630815
-1.50069 0.622129
-1.50069 0.652793
-1.43484 0.563015
-1.44033 0.583788
-1.51166 0.630815
-1.64883 0.74921
-1.67627 0.777977
-1.56104 0.716334
-1.61043 0.773145
-1.69273 0.773145
-1.62689 0.758739
-1.67627 0.792564
-1.71468 0.817176
-1.67627 0.792564
-1.7476 0.842165
-1.70919 0.812224
-1.58848 0.702469
-1.53361 0.688741
-1.54458 0.679663
-1.59945 0.758739
-1.59945 0.744468
-1.67627 0.807286
-1.68724 0.802364
-1.69822 0.847208
-1.7037 0.832124
-1.64883 0.768328
-1.69273 0.792564
-1.68176 0.807286
-1.72565 0.847208
-1.7037 0.817176
-1.68724 0.817176
-1.79698 0.862427
-1.73114 0.832124
-1.71468 0.832124
-1.62689 0.73503
-1.59945 0.74921
-1.64335 0.763526
-1.72565 0.802364
-1.6214 0.711697
-1.63786 0.684194
-1.61043 0.657234
-1.59945 0.688741
-1.53361 0.657234
-1.58848 0.693302
-1.48422 0.609213
-1.58848 0.675147
-1.58848 0.707076
-1.56104 0.711697
-1.53909 0.688741
-1.57202 0.688741
-1.4952 0.613504
-1.51715 0.643957
-1.50069 0.613504
-1.52812 0.587988
-1.58299 0.592203
-1.63786 0.579603
-1.64335 0.55481
-1.61591 0.542617
-1.65981 0.575434
-1.68724 0.622129
-1.56653 0.550731
-1.64883 0.600678
-1.54458 0.579603
-1.51715 0.567139
-1.52263 0.579603
-1.52812 0.630815
-1.58848 0.657234
-1.6214 0.657234
-1.60494 0.675147
-1.55007 0.639561
-1.51715 0.622129
-1.46776 0.546667
-1.46228 0.579603
-1.41289 0.575434
-1.42936 0.563015
-1.52263 0.613504
-1.60494 0.635181
-1.59945 0.657234
-1.64883 0.639561
-1.54458 0.609213
-1.65981 0.66169
-1.64883 0.652793
-1.64883 0.648367
-1.64335 0.639561
-1.63237 0.697878
-1.63786 0.720985
-1.62689 0.684194
-1.48971 0.630815
-1.60494 0.702469
-1.55007 0.697878
-1.52263 0.697878
-1.51166 0.670646
-1.50069 0.648367
-1.45679 0.643957
-1.56104 0.66616
-1.54458 0.675147
-1.55007 0.657234
-1.50069 0.688741
-1.50617 0.730333
-1.55007 0.66616
-1.5775 0.679663
-1.69273 0.74921
-1.53909 0.670646
-1.58299 0.716334
-1.66529 0.797456
-1.79698 0.86753
-1.80796 0.877781
-1.73114 0.837137
-1.73114 0.847208
-1.67078 0.773145
-1.64883 0.73503
-1.56653 0.688741
-1.50069 0.635181
-1.51166 0.652793
-1.42387 0.583788
-1.44582 0.626465
-1.55556 0.702469
-1.56104 0.693302
-1.55556 0.675147
-1.5775 0.679663
-1.55556 0.66616
-1.57202 0.609213
-1.4952 0.558905
-1.53909 0.596433
-1.53361 0.604938
-1.44033 0.534564
-1.47874 0.483683
-1.44582 0.487507
-1.47874 0.534564
-1.47325 0.534564
-1.51166 0.518637
-1.53361 0.622129
-1.58299 0.604938
-1.56104 0.617809
-1.51166 0.622129
-1.4513 0.583788
-1.53909 0.639561
-1.64335 0.702469
-1.56104 0.670646
-1.60494 0.702469
-1.65432 0.768328
-1.63786 0.773145
-1.6214 0.753967
-1.59945 0.725652
-1.67627 0.787687
-1.69822 0.768328
-1.64335 0.739742
-1.65432 0.716334
-1.58299 0.679663
-1.56653 0.626465
-1.50617 0.592203
-1.51715 0.626465
-1.5775 0.630815
-1.61043 0.66616
-1.60494 0.648367
-1.6214 0.604938
-1.54458 0.563015
-1.57202 0.604938
-1.50069 0.596433
-1.55007 0.626465
-1.4952 0.626465
-1.4952 0.622129
-1.54458 0.679663
-1.64883 0.777977
-1.64335 0.763526
-1.66529 0.782824
-1.67627 0.797456
-1.65981 0.768328
-1.61043 0.739742
-1.64883 0.707076
-1.59396 0.697878
-1.57202 0.66169
-1.56104 0.670646
-1.55556 0.697878
-1.52812 0.670646
-1.63237 0.744468
-1.65981 0.730333
-1.60494 0.693302
-1.50069 0.626465
-1.52812 0.604938
-1.60494 0.617809
-1.56104 0.626465
-1.65981 0.693302
-1.59396 0.657234
-1.5775 0.648367
-1.6214 0.66169
-1.58848 0.622129
-1.57202 0.567139
-1.4952 0.55481
-1.55556 0.643957
-1.51715 0.571279
-1.48971 0.518637
-1.48971 0.596433
-1.48422 0.630815
-1.46776 0.643957
-1.58848 0.720985
-1.58848 0.730333
-1.58299 0.688741
-1.53909 0.657234
-1.55007 0.652793
-1.58299 0.707076
-1.57202 0.707076
-1.63786 0.768328
-1.62689 0.74921
-1.63237 0.768328
-1.67627 0.797456
-1.69273 0.837137
-1.75309 0.837137
-1.71468 0.812224
-1.72016 0.837137
-1.73663 0.847208
-1.72565 0.817176
-1.64883 0.768328
-1.56653 0.693302
-1.57202 0.702469
-1.60494 0.716334
-1.51166 0.626465
-1.55007 0.670646
-1.4513 0.617809
-1.55007 0.643957
-1.4952 0.600678
-1.50069 0.670646
-1.5775 0.675147
-1.52812 0.635181
-1.48971 0.626465
-1.46776 0.563015
-1.51166 0.587988
-1.48971 0.626465
-1.58299 0.643957
-1.61591 0.693302
-1.54458 0.684194
-1.55007 0.657234
-1.54458 0.626465
-1.6214 0.66169
-1.61591 0.670646
-1.53909 0.609213
-1.51715 0.534564
-1.54458 0.55481
-1.53361 0.596433
-1.51166 0.622129
-1.50617 0.639561
-1.46228 0.587988
-1.50617 0.613504
-1.51715 0.622129
-1.58299 0.635181
-1.58848 0.592203
-1.60494 0.609213
-1.48422 0.575434
-1.55007 0.592203
-1.57202 0.583788
-1.56104 0.600678
-1.52812 0.563015
-1.56653 0.596433
-1.48422 0.534564
-1.4513 0.50685
-1.43484 0.52657
-1.42387 0.613504
-1.47325 0.635181
-1.4952 0.617809
-1.47325 0.613504
-1.54458 0.679663
-1.58848 0.688741
-1.59945 0.720985
-1.76406 0.827127
-1.72016 0.817176
-1.72016 0.807286
-1.62689 0.730333
-1.65981 0.763526
-1.68176 0.758739
-1.59945 0.697878
-1.61591 0.73503
-1.59945 0.702469
-1.59396 0.725652
-1.6214 0.739742
-1.56653 0.688741
-1.56104 0.693302
-1.64335 0.730333
-1.56653 0.711697
-1.53361 0.652793
-1.47874 0.571279
-1.52812 0.563015
-1.52812 0.575434
-1.4952 0.592203
-1.52812 0.600678
-1.64883 0.693302
-1.68724 0.758739
-1.70919 0.812224
-1.7037 0.812224
-1.64335 0.777977
-1.66529 0.763526
-1.5775 0.693302
-1.61043 0.74921
-1.58848 0.744468
-1.58299 0.711697
-1.58299 0.711697
-1.53909 0.635181
-1.58299 0.66169
-1.60494 0.66169
-1.59396 0.688741
-1.59396 0.684194
-1.58299 0.639561
-1.48971 0.583788
-1.43484 0.66169
-1.48422 0.630815
-1.54458 0.688741
-1.54458 0.679663
-1.55007 0.697878
-1.69273 0.797456
-1.64335 0.725652
-1.61591 0.739742
-1.54458 0.693302
-1.53909 0.693302
-1.63786 0.707076
-1.58848 0.707076
-1.53909 0.657234
-1.52263 0.652793
-1.61043 0.716334
-1.58848 0.702469
-1.55556 0.702469
-1.51166 0.670646
-1.51166 0.630815
-1.53361 0.648367
-1.44033 0.518637
-1.39095 0.453636
-1.4513 0.50685
-1.46228 0.550731
-1.48422 0.563015
-1.5775 0.563015
-1.60494 0.609213
-1.57202 0.622129
-1.55556 0.575434
-1.56653 0.587988
-1.50617 0.514693
-1.4513 0.464791
-1.4513 0.487507
-1.41838 0.491345
-1.51166 0.530559
-1.6214 0.604938
-1.59945 0.617809
-1.47874 0.575434
-1.46776 0.587988
-1.48422 0.563015
-1.39643 0.499068
-1.48971 0.550731
-1.59396 0.652793
-1.52812 0.583788
-1.55556 0.571279
-1.59945 0.622129
-1.5775 0.575434
-1.61043 0.609213
-1.54458 0.563015
-1.56653 0.575434
-1.5775 0.617809
-1.55556 0.630815
-1.56653 0.635181
-1.53909 0.600678
-1.55556 0.579603
-1.65432 0.697878
-1.59396 0.652793
-1.5775 0.648367
-1.59396 0.697878
-1.68724 0.744468
-1.65432 0.753967
-1.57202 0.657234
-1.46776 0.648367
-1.42936 0.542617
-1.39643 0.495199
-1.39643 0.514693
-1.39643 0.442617
-1.47874 0.575434
-1.44033 0.613504
-1.53361 0.630815
-1.52263 0.679663
-1.52263 0.66616
-1.56653 0.688741
-1.56653 0.679663
-1.46228 0.626465
-1.53909 0.66169
-1.46776 0.635181
-1.47874 0.652793
-1.56104 0.73503
-1.57202 0.739742
-1.60494 0.74921
-1.59945 0.753967
-1.68176 0.797456
-1.66529 0.797456
-1.56653 0.73503
-1.53909 0.702469
-1.55556 0.739742
-1.53361 0.730333
-1.56104 0.739742
-1.52263 0.716334
-1.48422 0.617809
-1.4952 0.626465
-1.53909 0.604938
-1.46228 0.587988
-1.50617 0.596433
-1.51715 0.626465
-1.54458 0.596433
-1.55007 0.630815
-1.46776 0.596433
-1.53909 0.626465
-1.57202 0.609213
-1.51715 0.538583
-1.51166 0.579603
-1.46776 0.579603
-1.48971 0.592203
-1.4952 0.567139
-1.40741 0.45734
-1.42387 0.558905
-1.4513 0.538583
-1.50069 0.542617
-1.51715 0.579603
-1.51166 0.587988
-1.45679 0.55481
-1.47325 0.55481
-1.51715 0.563015
-1.5775 0.567139
-1.58848 0.567139
-1.55007 0.530559
-1.56104 0.571279
-1.50617 0.538583
-1.53361 0.514693
-1.43484 0.50685
-1.39095 0.420986
-1.42936 0.431734
-1.47325 0.483683
-1.47874 0.468539
-1.42936 0.461058
-1.35802 0.45734
-1.3251 0.461058
-1.34705 0.438974
-1.38546 0.495199
-1.37997 0.472303
-1.39643 0.479875
-1.37449 0.45734
-1.52812 0.499068
-1.48971 0.461058
-1.46228 0.453636
-1.51166 0.476081
-1.48422 0.491345
-1.50069 0.518637
-1.47874 0.491345
-1.44582 0.479875
-1.45679 0.442617
-1.46228 0.449948
-1.51166 0.379348
-1.51715 0.359342
-1.4952 0.372619
-1.44582 0.392986
-1.41289 0.406865
-1.41289 0.399896
-1.38546 0.36595
-1.48422 0.417433
-1.52263 0.399896
-1.56653 0.461058
-1.53909 0.468539
-1.52812 0.530559
-1.51166 0.596433
-1.4952 0.579603
-1.55556 0.550731
-1.58299 0.530559
-1.59396 0.487507
-1.54458 0.483683
-1.44582 0.442617
-1.56104 0.483683
-1.5775 0.522596
-1.61591 0.579603
-1.60494 0.575434
-1.5775 0.587988
-1.54458 0.630815
-1.57202 0.613504
-1.58848 0.688741
-1.65432 0.73503
-1.70919 0.777977
-1.72016 0.782824
-1.70919 0.763526
-1.65432 0.777977
-1.63237 0.773145
-1.64883 0.782824
-1.72565 0.817176
-1.67627 0.792564
-1.56104 0.725652
-1.53909 0.684194
-1.58848 0.670646
-1.54458 0.643957
-1.52263 0.600678
-1.51715 0.613504
-1.53909 0.657234
-1.46228 0.657234
-1.52812 0.716334
-1.52263 0.675147
-1.5775 0.684194
-1.60494 0.684194
-1.60494 0.753967
-1.64883 0.797456
-1.60494 0.753967
-1.53361 0.693302
-1.58299 0.739742
-1.58848 0.763526
-1.61043 0.74921
-1.55556 0.716334
-1.68176 0.773145
-1.7037 0.758739
-1.63786 0.684194
-1.57202 0.639561
-1.67078 0.639561
-1.55556 0.648367
-1.66529 0.711697
-1.71468 0.730333
-1.67627 0.730333
-1.65981 0.725652
-1.65432 0.730333
-1.58848 0.697878
-1.60494 0.679663
-1.56104 0.66169
-1.58848 0.652793
-1.57202 0.679663
-1.57202 0.711697
-1.61043 0.753967
-1.58848 0.753967
-1.60494 0.768328
-1.73114 0.847208
-1.63237 0.792564
-1.67078 0.782824
-1.65432 0.773145
-1.69822 0.812224
-1.69822 0.817176
-1.73663 0.827127
-1.73663 0.827127
-1.66529 0.802364
-1.72565 0.812224
-1.65981 0.773145
-1.76406 0.827127
-1.79698 0.86753
-1.67078 0.807286
-1.67627 0.812224
-1.63237 0.777977
-1.67078 0.768328
-1.67627 0.744468
-1.60494 0.657234
-1.63786 0.711697
-1.59396 0.670646
-1.61043 0.66169
-1.64335 0.725652
-1.65432 0.697878
-1.58848 0.657234
-1.65432 0.670646
-1.56653 0.622129
-1.55007 0.622129
-1.52812 0.613504
-1.62689 0.688741
-1.65981 0.730333
-1.63786 0.720985
-1.57202 0.730333
-1.57202 0.702469
-1.52812 0.643957
-1.54458 0.670646
-1.55556 0.693302
-1.57202 0.716334
-1.53909 0.702469
-1.52263 0.66616
-1.61043 0.787687
-1.68724 0.822144
-1.7915 0.888093
-1.7037 0.837137
-1.72016 0.862427
-1.78052 0.872648
-1.80247 0.893271
-1.64883 0.777977
-1.69273 0.832124
-1.7476 0.847208
-1.68176 0.807286
-1.64335 0.768328
-1.6214 0.74921
-1.61591 0.716334
-1.53361 0.639561
-1.58848 0.66616
-1.61043 0.711697
-1.58848 0.679663
-1.64883 0.622129
-1.51715 0.550731
-1.52263 0.583788
-1.53909 0.648367
-1.61591 0.679663
-1.63237 0.679663
-1.51715 0.66169
-1.52812 0.675147
-1.56104 0.697878
-1.5775 0.688741
-1.53909 0.675147
-1.64883 0.711697
-1.64883 0.711697
-1.63786 0.711697
-1.71468 0.758739
-1.68724 0.73503
-1.72565 0.768328
-1.73663 0.807286
-1.75857 0.807286
-1.65432 0.787687
-1.76406 0.842165
-1.72565 0.817176
-1.65432 0.777977
-1.73114 0.822144
-1.70919 0.807286
-1.81893 0.88293
-1.75857 0.862427
-1.78052 0.877781
-1.69822 0.822144
-1.56653 0.73503
-1.69822 0.837137
-1.55007 0.73503
-1.61591 0.739742
-1.61043 0.753967
-1.74211 0.827127
-1.71468 0.822144
-1.79698 0.877781
-1.66529 0.797456
-1.73663 0.827127
-1.7476 0.847208
-1.69273 0.817176
-1.73663 0.812224
-1.70919 0.802364
-1.64335 0.768328
-1.69273 0.773145
-1.59396 0.744468
-1.5775 0.739742
-1.53361 0.684194
-1.61043 0.716334
-1.64335 0.763526
-1.68724 0.807286
-1.70919 0.837137
-1.69273 0.822144
-1.69273 0.792564
-1.6214 0.73503
-1.54458 0.697878
-1.59945 0.670646
-1.58848 0.716334
-1.59396 0.730333
-1.62689 0.758739
-1.63237 0.773145
-1.70919 0.782824
-1.67078 0.74921
-1.67078 0.763526
-1.72565 0.797456
-1.6214 0.73503
-1.61591 0.744468
-1.55007 0.702469
-1.56104 0.697878
-1.52263 0.66169
-1.50617 0.630815
-1.55556 0.648367
-1.52812 0.639561
-1.61591 0.684194
-1.57202 0.702469
-1.63786 0.74921
-1.61591 0.730333
-1.66529 0.739742
-1.61591 0.730333
-1.58299 0.697878
-1.62689 0.744468
-1.61043 0.725652
-1.59945 0.711697
-1.59396 0.711697
-1.5775 0.716334
-1.67078 0.802364
-1.56653 0.730333
-1.61043 0.758739
-1.59396 0.73503
-1.63786 0.758739
-1.70919 0.797456
-1.59945 0.74921
-1.59945 0.702469
-1.54458 0.707076
-1.67078 0.807286
-1.7037 0.807286
-1.68176 0.773145
-1.59945 0.763526
-1.59396 0.758739
-1.60494 0.763526
-1.52812 0.679663
-1.5775 0.716334
-1.4952 0.66169
-1.58848 0.753967
-1.6214 0.758739
-1.52812 0.711697
-1.67627 0.797456
-1.66529 0.797456
-1.59945 0.758739
-1.63786 0.773145
-1.54458 0.725652
-1.59945 0.725652
-1.61591 0.720985
-1.52263 0.643957
-1.55556 0.688741
-1.55556 0.716334
-1.59945 0.753967
-1.65981 0.744468
-1.59396 0.702469
-1.67627 0.73503
-1.68176 0.753967
-1.72565 0.787687
-1.67627 0.792564
-1.63237 0.763526
-1.7476 0.832124
-1.72565 0.827127
-1.67627 0.807286
-1.64883 0.792564
-1.64883 0.763526
-1.68176 0.753967
-1.67078 0.777977
-1.73663 0.802364
-1.68724 0.782824
-1.73114 0.832124
-1.73663 0.832124
-1.72565 0.827127
-1.73114 0.842165
-1.77503 0.877781
-1.61591 0.73503
-1.7037 0.787687
-1.66529 0.773145
-1.65981 0.777977
-1.69273 0.777977
-1.68176 0.792564
-1.67078 0.773145
-1.64883 0.763526
-1.6214 0.684194
-1.47874 0.596433
-1.51715 0.652793
-1.48971 0.617809
-1.65432 0.697878
-1.52812 0.613504
-1.55007 0.630815
-1.58848 0.66169
-1.59396 0.702469
-1.65981 0.763526
-1.68724 0.797456
-1.65432 0.758739
-1.56653 0.744468
-1.64335 0.758739
-1.70919 0.782824
-1.68724 0.797456
-1.64335 0.782824
-1.62689 0.768328
-1.62689 0.768328
-1.63237 0.773145
-1.66529 0.777977
-1.68724 0.763526
-1.63237 0.725652
-1.61043 0.753967
-1.68176 0.812224
-1.7476 0.832124
-1.61043 0.74921
-1.50617 0.693302
-1.50617 0.622129
-1.47874 0.609213
-1.54458 0.643957
-1.62689 0.702469
-1.58848 0.679663
-1.62689 0.679663
-1.56104 0.648367
-1.56104 0.684194
-1.45679 0.592203
-1.54458 0.657234
-1.55007 0.675147
-1.56104 0.716334
-1.62689 0.73503
-1.61591 0.730333
-1.53909 0.693302
-1.67078 0.768328
-1.72016 0.812224
-1.66529 0.739742
-1.68176 0.792564
-1.64335 0.782824
-1.54458 0.702469
-1.4952 0.675147
-1.4952 0.643957
-1.50617 0.684194
-1.62689 0.702469
-1.64335 0.768328
-1.63237 0.758739
-1.66529 0.792564
-1.7037 0.817176
-1.67627 0.758739
-1.71468 0.792564
-1.60494 0.725652
-1.58848 0.697878
-1.68176 0.768328
-1.67627 0.802364
-1.64883 0.725652
-1.5775 0.688741
-1.50069 0.643957
-1.46228 0.563015
-1.47325 0.600678
-1.48422 0.609213
-1.53909 0.630815
-1.48971 0.567139
-1.54458 0.596433
-1.50617 0.626465
-1.58848 0.679663
-1.68176 0.763526
-1.65432 0.744468
-1.66529 0.753967
-1.64335 0.707076
-1.63237 0.73503
-1.59945 0.753967
-1.63237 0.73503
-1.60494 0.716334
-1.57202 0.711697
-1.6214 0.707076
-1.65981 0.768328
-1.7037 0.792564
-1.75857 0.857339
-1.77503 0.852266
-1.73114 0.832124
-1.59945 0.744468
-1.65432 0.787687
-1.71468 0.797456
-1.78601 0.852266
-1.62689 0.768328
-1.68724 0.807286
-1.71468 0.817176
-1.69273 0.802364
-1.67627 0.773145
-1.63237 0.725652
-1.53909 0.657234
-1.61043 0.753967
-1.63786 0.725652
-1.61591 0.730333
-1.59396 0.648367
-1.61043 0.684194
-1.67078 0.720985
-1.58299 0.716334
-1.52812 0.66169
-1.51166 0.635181
-1.59945 0.697878
-1.64883 0.763526
-1.62689 0.753967
-1.70919 0.744468
-1.67627 0.744468
-1.53909 0.720985
-1.56653 0.688741
-1.69273 0.697878
-1.63786 0.675147
-1.5775 0.635181
-1.65432 0.702469
-1.57202 0.675147
-1.52812 0.639561
-1.50617 0.604938
-1.50069 0.575434
-1.56104 0.630815
-1.59396 0.688741
-1.59945 0.74921
-1.72565 0.792564
-1.66529 0.782824
-1.61591 0.730333
-1.61591 0.73503
-1.5775 0.73503
-1.6214 0.720985
-1.4952 0.670646
-1.60494 0.744468
-1.58299 0.711697
-1.59396 0.711697
-1.55556 0.720985
-1.61043 0.753967
-1.61591 0.739742
-1.66529 0.797456
-1.61591 0.74921
-1.55007 0.716334
-1.62689 0.697878
-1.52263 0.684194
-1.60494 0.73503
-1.58848 0.720985
-1.59396 0.73503
-1.52263 0.688741
-1.53909 0.670646
-1.43484 0.575434
-1.4952 0.583788
-1.52263 0.542617
-1.42936 0.50685
-1.46776 0.55481
-1.51715 0.583788
-1.41838 0.609213
-1.41289 0.575434
-1.52812 0.604938
-1.59945 0.684194
-1.50617 0.600678
-1.57202 0.670646
-1.45679 0.604938
-1.51166 0.66616
-1.53909 0.66169
-1.52812 0.679663
-1.51715 0.657234
-1.55556 0.688741
-1.53361 0.679663
-1.64883 0.744468
-1.61591 0.711697
-1.60494 0.758739
-1.59945 0.716334
-1.63237 0.725652
-1.67078 0.758739
-1.64335 0.758739
-1.68176 0.807286
-1.65981 0.787687
-1.63237 0.768328
-1.54458 0.707076
-1.48422 0.648367
-1.53361 0.66616
-1.58299 0.693302
-1.53361 0.693302
-1.69273 0.792564
-1.62689 0.74921
-1.59396 0.711697
-1.53909 0.693302
-1.61043 0.753967
-1.63237 0.763526
-1.6214 0.768328
-1.67078 0.797456
-1.63786 0.758739
-1.64335 0.768328
-1.65432 0.768328
-1.73114 0.822144
-1.76406 0.857339
-1.66529 0.777977
-1.68176 0.812224
-1.61043 0.74921
-1.66529 0.777977
-1.75309 0.837137
-1.69273 0.782824
-1.68176 0.777977
-1.65981 0.763526
-1.60494 0.73503
-1.57202 0.711697
-1.50617 0.684194
-1.59396 0.753967
-1.65432 0.787687
-1.65432 0.758739
-1.58848 0.739742
-1.50069 0.648367
-1.48422 0.675147
-1.52812 0.652793
-1.50617 0.66616
-1.53909 0.697878
-1.63237 0.758739
-1.70919 0.817176
-1.67078 0.802364
-1.7915 0.877781
-1.87929 0.929941
-1.78601 0.88293
-1.69822 0.807286
-1.63237 0.792564
-1.60494 0.753967
-1.56653 0.73503
-1.55556 0.697878
-1.50069 0.630815
-1.51715 0.643957
-1.4513 0.567139
-1.56653 0.639561
-1.61043 0.702469
-1.68176 0.711697
-1.64335 0.679663
-1.60494 0.675147
-1.59396 0.630815
-1.51715 0.571279
-1.55007 0.617809
-1.51166 0.630815
-1.48971 0.596433
-1.56104 0.693302
-1.61043 0.688741
-1.63786 0.702469
-1.62689 0.753967
-1.70919 0.797456
-1.70919 0.827127
-1.65432 0.773145
-1.65432 0.782824
-1.68724 0.773145
-1.7037 0.812224
-1.67627 0.787687
-1.73663 0.837137
-1.72016 0.817176
-1.58299 0.730333
-1.62689 0.74921
-1.63786 0.74921
-1.60494 0.744468
-1.63237 0.758739
-1.62689 0.744468
-1.68176 0.782824
-1.67627 0.792564
-1.75309 0.847208
-1.76955 0.857339
-1.70919 0.812224
-1.71468 0.817176
-1.68176 0.792564
-1.63786 0.768328
-1.62689 0.73503
-1.57202 0.652793
-1.5775 0.652793
-1.55556 0.66616
-1.48971 0.643957
-1.56653 0.720985
-1.64883 0.782824
-1.65981 0.768328
-1.7037 0.797456
-1.61043 0.763526
-1.4952 0.679663
-1.5775 0.725652
-1.5775 0.74921
-1.61043 0.758739
-1.67078 0.802364
-1.63786 0.792564
-1.66529 0.812224
-1.63237 0.777977
-1.63237 0.797456
-1.65432 0.773145
-1.65432 0.792564
-1.67078 0.768328
-1.58848 0.707076
-1.57202 0.739742
-1.46228 0.635181
-1.53909 0.626465
-1.55007 0.626465
-1.54458 0.579603
-1.5775 0.635181
-1.50617 0.596433
-1.56653 0.626465
-1.61043 0.643957
-1.53909 0.609213
-1.50617 0.622129
-1.55007 0.66616
-1.63237 0.763526
-1.70919 0.763526
-1.64883 0.782824
-1.68176 0.802364
-1.73663 0.852266
-1.67078 0.822144
-1.69822 0.812224
-1.76406 0.872648
-1.7037 0.822144
-1.68724 0.812224
-1.69273 0.812224
-1.60494 0.74921
-1.70919 0.827127
-1.69273 0.812224
-1.68724 0.792564
-1.69822 0.817176
-1.69273 0.797456
-1.68724 0.807286
-1.65981 0.807286
-1.70919 0.822144
-1.69273 0.807286
-1.5775 0.739742
-1.62689 0.777977
-1.66529 0.817176
-1.62689 0.792564
-1.65981 0.782824
-1.67627 0.782824
-1.60494 0.744468
-1.63786 0.753967
-1.67627 0.792564
-1.64335 0.777977
-1.61591 0.758739
-1.6214 0.753967
-1.59396 0.716334
-1.58848 0.716334
-1.68724 0.74921
-1.56104 0.684194
-1.54458 0.688741
-1.67078 0.782824
-1.63237 0.74921
-1.69273 0.782824
-1.67627 0.773145
-1.61043 0.725652
-1.56653 0.679663
-1.6214 0.730333
-1.48422 0.670646
-1.44582 0.643957
-1.53909 0.697878
-1.52812 0.652793
-1.53909 0.688741
-1.64883 0.773145
-1.60494 0.73503
-1.56653 0.739742
-1.71468 0.817176
-1.72016 0.817176
-1.69273 0.817176
-1.75857 0.847208
-1.69273 0.812224
-1.62689 0.74921
-1.67627 0.74921
-1.65432 0.768328
-1.64883 0.787687
-1.65981 0.777977
-1.65432 0.758739
-1.68176 0.787687
-1.72016 0.812224
-1.59945 0.758739
-1.64883 0.74921
-1.68176 0.73503
-1.62689 0.693302
-1.56104 0.684194
-1.52263 0.66616
-1.48971 0.66616
-1.53361 0.675147
-1.5775 0.693302
-1.60494 0.693302
-1.52263 0.675147
-1.6214 0.725652
-1.55007 0.675147
-1.56104 0.697878
-1.51715 0.652793
-1.47874 0.670646
-1.50617 0.643957
-1.55007 0.648367
-1.58299 0.679663
-1.51166 0.66616
-1.42387 0.617809
-1.53361 0.630815
-1.61591 0.66169
-1.61591 0.675147
-1.65432 0.702469
-1.58299 0.670646
-1.53361 0.657234
-1.61591 0.711697
-1.59396 0.725652
-1.59945 0.753967
-1.56653 0.707076
-1.6214 0.739742
-1.66529 0.763526
-1.67627 0.768328
-1.67627 0.74921
-1.55007 0.725652
-1.46776 0.670646
-1.56653 0.730333
-1.56104 0.725652
-1.61591 0.763526
-1.56104 0.697878
-1.68176 0.782824
-1.74211 0.842165
-1.67627 0.777977
-1.7915 0.847208
-1.66529 0.782824
-1.64335 0.802364
-1.66529 0.817176
-1.64883 0.787687
-1.72016 0.832124
-1.77503 0.86753
-1.78601 0.88293
-1.75309 0.852266
-1.7915 0.877781
-1.81344 0.877781
-1.72016 0.822144
-1.67078 0.782824
-1.65432 0.782824
-1.61043 0.758739
-1.64335 0.768328
-1.59396 0.716334
-1.66529 0.782824
-1.65981 0.792564
-1.63786 0.758739
-1.61591 0.758739
-1.5775 0.739742
-1.56104 0.707076
-1.61591 0.73503
-1.70919 0.807286
-1.72565 0.812224
-1.7037 0.822144
-1.66529 0.787687
-1.60494 0.725652
-1.70919 0.768328
-1.6214 0.702469
-1.55007 0.675147
-1.59396 0.711697
-1.55556 0.711697
-1.56104 0.702469
-1.51715 0.675147
-1.51715 0.657234
-1.63786 0.74921
-1.59945 0.739742
-1.61043 0.73503
-1.63237 0.74921
-1.61591 0.739742
-1.51715 0.684194
-1.52263 0.711697
-1.66529 0.74921
-1.63786 0.758739
-1.70919 0.812224
-1.7037 0.822144
-1.71468 0.807286
-1.63237 0.725652
-1.63786 0.74921
-1.56104 0.675147
-1.56653 0.675147
-1.60494 0.739742
-1.65432 0.787687
-1.6214 0.792564
-1.68176 0.827127
-1.72565 0.842165
-1.65981 0.787687
-1.58299 0.758739
-1.64883 0.792564
-1.64335 0.797456
-1.64335 0.782824
-1.63786 0.744468
-1.62689 0.768328
-1.68176 0.777977
-1.66529 0.792564
-1.69822 0.777977
-1.6214 0.739742
-1.63237 0.763526
-1.56104 0.730333
-1.6214 0.768328
-1.65432 0.792564
-1.59945 0.763526
-1.5775 0.739742
-1.59945 0.74921
-1.55007 0.679663
-1.46776 0.587988
-1.50069 0.575434
-1.54458 0.648367
-1.56104 0.684194
-1.61043 0.707076
-1.61591 0.739742
-1.59945 0.697878
-1.58848 0.716334
-1.58299 0.707076
-1.51715 0.697878
-1.48422 0.679663
-1.55007 0.744468
-1.67078 0.777977
-1.64883 0.758739
-1.59945 0.707076
-1.63786 0.758739
-1.62689 0.758739
-1.6214 0.74921
-1.68724 0.792564
-1.67627 0.787687
-1.65432 0.777977
-1.67078 0.797456
-1.71468 0.832124
-1.68176 0.807286
-1.64883 0.773145
-1.68176 0.802364
-1.6214 0.73503
-1.60494 0.716334
-1.60494 0.684194
-1.59396 0.657234
-1.61043 0.652793
-1.50069 0.55481
-1.4513 0.542617
-1.44582 0.50685
-1.50617 0.538583
-1.52263 0.534564
-1.40741 0.464791
-1.43484 0.52657
-1.44582 0.546667
-1.53361 0.575434
-1.5775 0.579603
-1.58299 0.652793
-1.59396 0.716334
-1.66529 0.720985
-1.65981 0.725652
-1.59945 0.702469
-1.67627 0.753967
-1.65432 0.744468
-1.61591 0.739742
-1.65432 0.792564
-1.61043 0.758739
-1.65432 0.763526
-1.6214 0.73503
-1.65981 0.716334
-1.58848 0.702469
-1.61043 0.711697
-1.5775 0.702469
-1.66529 0.725652
-1.71468 0.758739
-1.66529 0.725652
-1.5775 0.670646
-1.56104 0.643957
-1.63786 0.711697
-1.55556 0.697878
-1.59945 0.702469
-1.43484 0.592203
-1.44582 0.609213
-1.45679 0.630815
-1.52263 0.679663
-1.56653 0.639561
-1.61043 0.688741
-1.59945 0.697878
-1.61591 0.716334
-1.52263 0.622129
-1.62689 0.753967
-1.6214 0.693302
-1.59945 0.720985
-1.64335 0.711697
-1.61591 0.711697
-1.64335 0.711697
-1.63237 0.744468
-1.67627 0.773145
-1.72565 0.837137
-1.71468 0.817176
-1.68176 0.792564
-1.65432 0.787687
-1.65432 0.792564
-1.63786 0.777977
-1.65981 0.807286
-1.64335 0.792564
-1.61043 0.753967
-1.65432 0.773145
-1.68724 0.777977
-1.7476 0.847208
-1.7037 0.817176
-1.65432 0.802364
-1.68724 0.822144
-1.63237 0.782824
-1.69273 0.807286
-1.7037 0.832124
-1.69273 0.827127
-1.72016 0.827127
-1.68176 0.812224
-1.68724 0.817176
-1.73663 0.822144
-1.6214 0.744468
-1.59396 0.702469
-1.65432 0.739742
-1.64335 0.768328
-1.67078 0.702469
-1.67078 0.739742
-1.7037 0.787687
-1.72565 0.822144
-1.55007 0.73503
-1.58299 0.74921
-1.61043 0.739742
-1.58299 0.730333
-1.64335 0.763526
-1.69822 0.797456
-1.7476 0.842165
-1.71468 0.822144
-1.72016 0.802364
-1.70919 0.807286
-1.61591 0.768328
-1.6214 0.758739
-1.67627 0.797456
-1.69822 0.812224
-1.65432 0.758739
-1.61043 0.753967
-1.64883 0.730333
-1.63237 0.753967
-1.61043 0.707076
-1.61043 0.711697
-1.72565 0.787687
-1.59396 0.725652
-1.57202 0.670646
-1.53361 0.675147
-1.56104 0.657234
-1.61591 0.693302
-1.68176 0.711697
-1.65432 0.670646
-1.52263 0.626465
-1.60494 0.630815
-1.55007 0.617809
-1.46228 0.514693
-1.50069 0.530559
-1.50069 0.587988
-1.54458 0.583788
-1.55556 0.575434
-1.52812 0.563015
-1.53909 0.55481
-1.56104 0.567139
-1.59396 0.600678
-1.51715 0.592203
-1.60494 0.630815
-1.6214 0.657234
-1.59945 0.66169
-1.61591 0.725652
-1.58299 0.670646
-1.62689 0.711697
-1.56653 0.66169
-1.53909 0.66616
-1.5775 0.657234
-1.53909 0.675147
-1.64883 0.768328
-1.65432 0.768328
-1.68724 0.782824
-1.62689 0.763526
-1.68724 0.812224
-1.62689 0.768328
-1.58299 0.753967
-1.66529 0.797456
-1.61043 0.768328
-1.61043 0.758739
-1.67627 0.777977
-1.67627 0.817176
-1.75857 0.852266
-1.68176 0.792564
-1.68724 0.812224
-1.61043 0.74921
-1.62689 0.753967
-1.62689 0.711697
-1.67627 0.782824
-1.64883 0.758739
-1.56104 0.697878
-1.50069 0.643957
-1.53909 0.630815
-1.56104 0.609213
-1.52812 0.635181
-1.58299 0.66169
-1.64883 0.716334
-1.62689 0.720985
-1.59396 0.675147
-1.59396 0.679663
-1.60494 0.688741
-1.57202 0.670646
-1.56653 0.652793
-1.56653 0.670646
-1.5775 0.66616
-1.64335 0.684194
-1.51715 0.622129
-1.50617 0.613504
-1.55007 0.613504
-1.51166 0.596433
-1.50617 0.583788
-1.55007 0.583788
-1.53909 0.635181
-1.48971 0.592203
-1.54458 0.604938
-1.58848 0.66169
-1.48971 0.567139
-1.4513 0.587988
-1.48422 0.575434
-1.44033 0.514693
-1.44033 0.534564
-1.43484 0.55481
-1.4513 0.55481
-1.51166 0.55481
-1.53909 0.579603
-1.52263 0.596433
-1.52263 0.622129
-1.53909 0.66169
-1.59396 0.711697
-1.55556 0.693302
-1.56104 0.693302
-1.71468 0.773145
-1.64883 0.768328
-1.70919 0.827127
-1.64883 0.812224
-1.65432 0.787687
-1.67078 0.807286
-1.64335 0.753967
-1.69822 0.802364
-1.7037 0.832124
-1.69822 0.812224
-1.71468 0.837137
-1.7037 0.837137
-1.66529 0.777977
-1.63786 0.753967
-1.73663 0.842165
-1.69822 0.822144
-1.7476 0.857339
-1.64883 0.797456
-1.6214 0.787687
-1.61043 0.777977
-1.68176 0.802364
-1.68724 0.822144
-1.68724 0.797456
-1.65432 0.773145
-1.63786 0.730333
-1.63786 0.73503
-1.61043 0.711697
-1.59945 0.720985
-1.45679 0.592203
-1.42936 0.583788
-1.42936 0.579603
-1.56104 0.639561
-1.58848 0.670646
-1.53909 0.648367
-1.50617 0.592203
-1.6214 0.670646
-1.63786 0.720985
-1.68724 0.773145
-1.63237 0.773145
-1.7037 0.807286
-1.7037 0.782824
-1.64335 0.753967
-1.63786 0.768328
-1.63237 0.773145
-1.59396 0.753967
-1.64883 0.763526
-1.75309 0.837137
-1.66529 0.802364
-1.67627 0.797456
-1.68724 0.797456
-1.61591 0.730333
-1.61591 0.74921
-1.69822 0.822144
-1.7037 0.817176
-1.67078 0.777977
-1.67627 0.777977
-1.65981 0.777977
-1.6214 0.753967
-1.68176 0.822144
-1.73663 0.852266
-1.67078 0.782824
-1.7476 0.842165
-1.72565 0.827127
-1.67078 0.777977
-1.63237 0.787687
-1.68176 0.797456
-1.72565 0.792564
-1.71468 0.797456
-1.73114 0.812224
-1.73114 0.832124
-1.72016 0.837137
-1.71468 0.822144
-1.68176 0.773145
-1.6214 0.763526
-1.65981 0.744468
-1.65432 0.716334
-1.65981 0.739742
-1.60494 0.697878
-1.59396 0.670646
-1.62689 0.688741
-1.63786 0.675147
-1.59396 0.670646
-1.55007 0.657234
-1.60494 0.702469
-1.58848 0.693302
-1.59396 0.652793
-1.62689 0.688741
-1.53909 0.613504
-1.6214 0.688741
-1.55007 0.693302
-1.58299 0.720985
-1.56104 0.739742
-1.58848 0.730333
-1.62689 0.73503
-1.62689 0.730333
-1.64335 0.768328
-1.59396 0.74921
-1.57202 0.744468
-1.62689 0.768328
-1.67627 0.787687
-1.73114 0.842165
-1.79698 0.88293
-1.80247 0.872648
-1.71468 0.817176
-1.65981 0.782824
-1.66529 0.763526
-1.58848 0.73503
-1.65432 0.758739
-1.6214 0.773145
-1.6214 0.758739
-1.51166 0.725652
-1.58299 0.725652
-1.6214 0.744468
-1.70919 0.812224
-1.58299 0.744468
-1.60494 0.711697
-1.55556 0.66616
-1.59396 0.702469
-1.46776 0.600678
-1.54458 0.652793
-1.56104 0.670646
-1.48971 0.639561
-1.47874 0.587988
-1.44033 0.52657
-1.48422 0.530559
-1.4952 0.579603
-1.58848 0.622129
-1.59396 0.567139
-1.50617 0.546667
-1.45679 0.530559
-1.47325 0.563015
-1.53361 0.583788
-1.48422 0.542617
-1.53909 0.538583
-1.56104 0.55481
-1.4952 0.522596
-1.53909 0.546667
-1.41289 0.392986
-1.44582 0.389554
-1.34156 0.382735
-1.38546 0.392986
-1.35802 0.431734
-1.40741 0.446275
-1.33059 0.343084
-1.34156 0.308642
-1.42936 0.330349
-1.37449 0.35606
-1.37997 0.317855
-1.37449 0.270286
-1.30316 0.293589
-1.3251 0.372619
-1.40741 0.413895
-1.45679 0.472303
-1.4513 0.487507
-1.46228 0.530559
-1.47874 0.550731
-1.45679 0.534564
-1.48422 0.563015
-1.43484 0.510764
-1.39643 0.50685
-1.4513 0.534564
-1.47325 0.55481
-1.45679 0.583788
-1.53909 0.596433
-1.56653 0.617809
-1.59396 0.670646
-1.5775 0.66616
-1.68724 0.716334
-1.61043 0.604938
-1.62689 0.657234
-1.61043 0.587988
-1.66529 0.675147
-1.59396 0.684194
-1.54458 0.652793
-1.65981 0.730333
-1.61591 0.73503
-1.63237 0.716334
-1.71468 0.744468
-1.67627 0.693302
-1.54458 0.592203
-1.46228 0.530559
-1.52812 0.55481
-1.48422 0.522596
-1.50069 0.567139
-1.40741 0.514693
-1.52263 0.609213
-1.4952 0.617809
-1.55556 0.613504
-1.41289 0.52657
-1.47874 0.50685
-1.51715 0.558905
-1.55556 0.635181
-1.50069 0.639561
-1.54458 0.648367
-1.60494 0.725652
-1.59396 0.725652
-1.63786 0.787687
-1.69273 0.822144
-1.60494 0.753967
-1.6214 0.74921
-1.69822 0.807286
-1.67078 0.822144
-1.67078 0.797456
-1.65432 0.802364
-1.59945 0.753967
-1.50617 0.688741
-1.51715 0.66616
-1.55007 0.716334
-1.67078 0.777977
-1.66529 0.758739
-1.60494 0.720985
-1.5775 0.739742
-1.6214 0.725652
-1.57202 0.725652
-1.59396 0.744468
-1.59396 0.725652
-1.59945 0.707076
-1.54458 0.639561
-1.56653 0.66169
-1.65432 0.707076
-1.56653 0.613504
-1.47325 0.50685
-1.46228 0.476081
-1.45679 0.45734
-1.44033 0.461058
-1.48422 0.483683
-1.48422 0.514693
-1.52812 0.550731
-1.44033 0.510764
-1.48422 0.587988
-1.51715 0.630815
-1.53909 0.626465
-1.58848 0.639561
-1.61043 0.688741
-1.57202 0.639561
-1.5775 0.630815
-1.53909 0.609213
-1.54458 0.622129
-1.63786 0.697878
-1.64883 0.679663
-1.64335 0.648367
-1.60494 0.596433
-1.52812 0.534564
-1.4513 0.476081
-1.52812 0.534564
-1.66529 0.583788
-1.56653 0.55481
-1.56653 0.587988
-1.54458 0.575434
-1.51166 0.476081
-1.48422 0.52657
-1.47874 0.567139
-1.53909 0.587988
-1.55007 0.550731
-1.58299 0.613504
-1.47325 0.592203
-1.53361 0.626465
-1.47325 0.600678
-1.44033 0.55481
-1.46228 0.52657
-1.50617 0.499068
-1.46776 0.453636
-1.38546 0.461058
-1.47874 0.487507
-1.50069 0.479875
-1.53361 0.52657
-1.51715 0.510764
-1.50617 0.483683
-1.48971 0.453636
-1.48971 0.424553
-1.52812 0.446275
-1.56653 0.483683
-1.42936 0.379348
-1.40192 0.33351
-1.39095 0.372619
-1.44582 0.258996
-1.43484 0.276021
-1.4952 0.372619
-1.45679 0.296569
-1.52263 0.352794
-1.57202 0.362639
-1.51715 0.410373
-1.51715 0.375976
-1.45679 0.386137
-1.51715 0.399896
-1.47874 0.339878
-1.51715 0.372619
-1.47874 0.343084
-1.37449 0.305601
-1.48971 0.410373
-1.47874 0.382735
-1.51166 0.359342
-1.4513 0.349542
-1.46228 0.382735
-1.44033 0.392986
-1.40741 0.386137
-1.42387 0.413895
-1.38546 0.349542
-1.44033 0.375976
-1.4513 0.327203
-1.4952 0.324072
-1.59945 0.392986
-1.59945 0.379348
-1.53909 0.403373
-1.44033 0.389554
-1.48971 0.403373
-1.53361 0.406865
-1.41838 0.392986
-1.64335 0.472303
-1.55556 0.449948
-1.51166 0.438974
-1.4952 0.413895
-1.4952 0.389554
-1.54458 0.483683
-1.58299 0.514693
-1.54458 0.534564
-1.58848 0.518637
-1.53361 0.510764
-1.55556 0.453636
-1.47325 0.420986
-1.52812 0.45734
-1.52263 0.518637
-1.41289 0.479875
-1.42936 0.495199
-1.50069 0.476081
-1.40192 0.495199
-1.40192 0.446275
-1.51166 0.464791
-1.5775 0.495199
-1.51166 0.534564
-1.51715 0.558905
-1.50069 0.487507
-1.46776 0.52657
-1.42387 0.468539
-1.50617 0.50685
-1.48971 0.479875
-1.51715 0.510764
-1.45679 0.491345
-1.4952 0.396433
-1.46228 0.382735
-1.51166 0.435347
-1.4952 0.435347
-1.43484 0.410373
-1.50617 0.476081
-1.57202 0.510764
-1.59945 0.617809
-1.60494 0.626465
-1.54458 0.609213
-1.51166 0.563015
-1.47325 0.495199
-1.48422 0.495199
-1.42936 0.502951
-1.37997 0.461058
-1.369 0.514693
-1.48971 0.563015
-1.47325 0.596433
-1.53361 0.604938
-1.4513 0.558905
-1.31413 0.50685
-1.42936 0.522596
-1.44582 0.530559
-1.5775 0.587988
-1.62689 0.639561
-1.63786 0.66616
-1.60494 0.66616
-1.63237 0.670646
-1.56104 0.579603
-1.4952 0.522596
-1.51715 0.518637
-1.55556 0.55481
-1.58299 0.579603
-1.59396 0.613504
-1.58299 0.579603
-1.56653 0.648367
-1.58848 0.693302
-1.5775 0.639561
-1.56653 0.643957
-1.62689 0.684194
-1.67627 0.730333
-1.69822 0.777977
-1.64335 0.753967
-1.63786 0.777977
-1.62689 0.768328
-1.64335 0.782824
-1.61043 0.753967
-1.65981 0.787687
-1.64335 0.773145
-1.68724 0.792564
-1.71468 0.807286
-1.64883 0.807286
-1.57202 0.711697
-1.58299 0.697878
-1.58848 0.702469
-1.59396 0.707076
-1.59945 0.688741
-1.69822 0.725652
-1.6214 0.652793
-1.53361 0.613504
-1.45679 0.596433
-1.53361 0.604938
-1.53361 0.609213
-1.53361 0.652793
-1.53361 0.622129
-1.59945 0.697878
-1.58299 0.679663
-1.61591 0.707076
-1.56653 0.693302
-1.53909 0.630815
-1.55007 0.66169
-1.50069 0.604938
-1.46228 0.609213
-1.42387 0.55481
-1.38546 0.52657
-1.38546 0.563015
-1.42387 0.571279
-1.50069 0.626465
-1.52812 0.639561
-1.52812 0.66169
-1.61043 0.688741
-1.64335 0.730333
-1.6214 0.716334
-1.61591 0.725652
-1.5775 0.739742
-1.53361 0.66169
-1.53361 0.675147
-1.52812 0.684194
-1.55556 0.684194
-1.56104 0.702469
-1.67627 0.782824
-1.59396 0.697878
-1.59396 0.635181
-1.44033 0.534564
-1.4513 0.609213
-1.41289 0.567139
-1.41838 0.579603
-1.4952 0.617809
-1.5775 0.688741
-1.52812 0.684194
-1.58299 0.716334
-1.62689 0.73503
-1.67078 0.797456
-1.66529 0.797456
-1.77503 0.857339
-1.77503 0.877781
-1.64335 0.782824
-1.6214 0.777977
-1.62689 0.753967
-1.6214 0.763526
-1.59396 0.74921
-1.62689 0.768328
-1.61591 0.730333
-1.57202 0.66169
-1.57202 0.670646
-1.5775 0.635181
-1.60494 0.630815
-1.61591 0.643957
-1.46776 0.575434
-1.41289 0.491345
-1.34156 0.495199
-1.40741 0.487507
-1.42387 0.446275
-1.40192 0.420986
-1.40741 0.491345
-1.46776 0.487507
-1.44033 0.522596
-1.44582 0.55481
-1.46776 0.583788
-1.55007 0.575434
-1.46228 0.510764
-1.48422 0.483683
-1.44582 0.502951
-1.51166 0.502951
-1.50617 0.518637
-1.56653 0.592203
-1.5775 0.630815
-1.52263 0.587988
-1.64335 0.657234
-1.62689 0.652793
-1.64883 0.688741
-1.7476 0.763526
-1.72565 0.730333
-1.70919 0.74921
-1.82442 0.792564
-1.73114 0.744468
-1.64335 0.716334
-1.61591 0.693302
-1.62689 0.720985
-1.63786 0.725652
-1.65432 0.753967
-1.71468 0.807286
-1.64883 0.782824
-1.62689 0.739742
-1.58848 0.739742
-1.6214 0.758739
-1.65981 0.773145
-1.63786 0.739742
-1.61043 0.73503
-1.54458 0.697878
-1.56653 0.720985
-1.53361 0.657234
-1.48422 0.626465
-1.5775 0.679663
-1.55556 0.670646
-1.65432 0.763526
-1.7037 0.773145
-1.72565 0.847208
-1.68724 0.822144
-1.63237 0.787687
-1.61591 0.768328
-1.61591 0.768328
-1.63237 0.773145
-1.58848 0.725652
-1.56653 0.707076
-1.58299 0.702469
-1.58299 0.716334
-1.5775 0.730333
-1.60494 0.739742
-1.64335 0.758739
-1.6214 0.739742
-1.61591 0.74921
-1.67627 0.787687
-1.68176 0.802364
-1.69822 0.807286
-1.66529 0.797456
-1.69273 0.792564
-1.68724 0.777977
-1.67078 0.768328
-1.59945 0.739742
-1.64883 0.777977
-1.62689 0.74921
-1.63237 0.744468
-1.60494 0.711697
-1.61591 0.768328
-1.61043 0.744468
-1.58848 0.716334
-1.59945 0.716334
-1.64335 0.753967
-1.56653 0.711697
-1.64883 0.782824
-1.64335 0.768328
-1.59396 0.697878
-1.59396 0.720985
-1.64335 0.753967
-1.62689 0.763526
-1.65432 0.777977
-1.69273 0.812224
-1.70919 0.822144
-1.73114 0.807286
-1.57202 0.702469
-1.59396 0.711697
-1.6214 0.707076
-1.63786 0.725652
-1.65981 0.730333
-1.62689 0.73503
-1.62689 0.744468
-1.51166 0.679663
-1.56104 0.711697
-1.52263 0.684194
-1.5775 0.711697
-1.64335 0.768328
-1.7037 0.842165
-1.70919 0.817176
-1.69273 0.802364
-1.67078 0.812224
-1.64335 0.753967
-1.64883 0.758739
-1.65432 0.744468
-1.61591 0.670646
-1.50069 0.613504
-1.52263 0.639561
-1.58299 0.657234
-1.53909 0.643957
-1.46228 0.567139
-1.43484 0.550731
-1.34156 0.495199
-1.35254 0.558905
-1.51166 0.630815
-1.52263 0.66616
-1.58848 0.66169
-1.48971 0.630815
-1.51715 0.630815
-1.4952 0.643957
-1.63786 0.768328
-1.64883 0.74921
-1.63786 0.725652
-1.64883 0.711697
-1.63237 0.720985
-1.61043 0.697878
-1.69273 0.773145
-1.63237 0.739742
-1.61043 0.753967
-1.67078 0.773145
-1.66529 0.773145
-1.56104 0.670646
-1.40741 0.617809
-1.44582 0.604938
-1.48971 0.604938
-1.46776 0.542617
-1.48971 0.558905
-1.43484 0.495199
-1.52263 0.571279
-1.47325 0.534564
-1.52812 0.55481
-1.44033 0.571279
-1.54458 0.604938
-1.60494 0.679663
-1.58299 0.639561
-1.59396 0.622129
-1.62689 0.622129
-1.56653 0.55481
-1.52263 0.538583
-1.56104 0.587988
-1.58299 0.652793
-1.51166 0.563015
-1.44582 0.538583
-1.4513 0.563015
-1.55556 0.567139
-1.51166 0.542617
-1.51715 0.55481
-1.54458 0.587988
-1.59945 0.600678
-1.55007 0.534564
-1.57202 0.583788
-1.63237 0.630815
-1.58848 0.609213
-1.52263 0.592203
-1.61591 0.684194
-1.70919 0.720985
-1.72016 0.73503
-1.65432 0.707076
-1.68176 0.744468
-1.66529 0.744468
-1.64883 0.702469
-1.64883 0.74921
-1.69822 0.797456
-1.73114 0.827127
-1.76406 0.822144
-1.69822 0.812224
-1.55007 0.739742
-1.58299 0.763526
-1.61043 0.768328
-1.61591 0.758739
-1.66529 0.797456
-1.58299 0.739742
-1.65981 0.763526
-1.66529 0.787687
-1.63237 0.773145
-1.5775 0.74921
-1.66529 0.797456
-1.61591 0.753967
-1.56653 0.66169
-1.65981 0.730333
-1.64883 0.763526
-1.63237 0.744468
-1.67627 0.792564
-1.7037 0.802364
-1.62689 0.773145
-1.6214 0.787687
-1.63786 0.763526
-1.74211 0.812224
-1.68176 0.792564
-1.64335 0.74921
-1.58848 0.716334
-1.67627 0.777977
-1.68724 0.777977
-1.67078 0.787687
-1.68724 0.802364
-1.69273 0.822144
-1.62689 0.74921
-1.60494 0.74921
-1.58299 0.739742
-1.61591 0.773145
-1.55556 0.697878
-1.60494 0.707076
-1.63786 0.720985
-1.59945 0.73503
-1.59945 0.739742
-1.56104 0.702469
-1.53361 0.66616
-1.64335 0.693302
-1.54458 0.609213
-1.57202 0.66616
-1.52812 0.639561
-1.50069 0.626465
-1.51166 0.617809
-1.48971 0.604938
-1.45679 0.592203
-1.57202 0.617809
-1.51715 0.639561
-1.56653 0.657234
-1.63786 0.66169
-1.64883 0.688741
-1.51715 0.66169
-1.56653 0.613504
-1.51166 0.587988
-1.4952 0.604938
-1.46776 0.542617
-1.47325 0.579603
-1.41838 0.567139
-1.4952 0.630815
-1.50617 0.622129
-1.42936 0.579603
-1.44582 0.579603
-1.50617 0.609213
-1.46776 0.613504
-1.4513 0.643957
-1.50617 0.652793
-1.56104 0.730333
-1.67078 0.777977
-1.68724 0.758739
-1.67627 0.753967
-1.71468 0.792564
-1.5775 0.711697
-1.5775 0.707076
-1.5775 0.716334
-1.56653 0.693302
-1.55556 0.730333
-1.64335 0.768328
-1.61591 0.763526
-1.73663 0.822144
-1.79698 0.86753
-1.72565 0.837137
-1.76406 0.86753
-1.77503 0.847208
-1.71468 0.744468
-1.71468 0.773145
-1.65981 0.73503
-1.6214 0.657234
-1.60494 0.635181
-1.63786 0.635181
-1.63237 0.702469
-1.7037 0.792564
-1.65432 0.758739
-1.69822 0.807286
-1.75857 0.842165
-1.64883 0.807286
-1.64883 0.744468
-1.68724 0.797456
-1.67627 0.773145
-1.5775 0.693302
-1.5775 0.679663
-1.61043 0.711697
-1.53361 0.66616
-1.56653 0.643957
-1.52263 0.652793
-1.51166 0.613504
-1.56653 0.670646
-1.5775 0.66616
-1.58299 0.725652
-1.56653 0.652793
-1.51166 0.652793
-1.52263 0.626465
-1.50069 0.630815
-1.55007 0.643957
-1.55007 0.622129
-1.58848 0.617809
-1.55556 0.657234
-1.5775 0.693302
-1.55556 0.66169
-1.55556 0.609213
-1.50617 0.596433
-1.4513 0.546667
-1.48422 0.563015
-1.53361 0.630815
-1.48422 0.652793
-1.58299 0.693302
-1.69273 0.792564
-1.73663 0.827127
-1.67627 0.792564
-1.63786 0.782824
-1.58299 0.730333
-1.46228 0.604938
-1.46228 0.587988
-1.56104 0.630815
-1.53909 0.626465
-1.55556 0.563015
-1.61591 0.657234
-1.61043 0.643957
-1.51715 0.587988
-1.52263 0.592203
-1.58848 0.596433
-1.54458 0.613504
-1.54458 0.609213
-1.59396 0.675147
-1.64335 0.702469
-1.59945 0.670646
-1.59945 0.648367
-1.60494 0.66169
-1.5775 0.639561
-1.52263 0.596433
-1.55556 0.652793
-1.56104 0.613504
-1.61591 0.635181
-1.58848 0.630815
-1.5775 0.635181
-1.59945 0.670646
-1.47325 0.604938
-1.42936 0.592203
-1.46776 0.635181
-1.55007 0.643957
-1.46228 0.622129
-1.40192 0.604938
-1.47874 0.635181
-1.51715 0.630815
-1.41289 0.571279
-1.39095 0.514693
-1.45679 0.575434
-1.52812 0.630815
-1.45679 0.567139
-1.46228 0.626465
-1.54458 0.652793
-1.53361 0.648367
-1.58299 0.702469
-1.58299 0.693302
-1.57202 0.702469
-1.56653 0.720985
-1.55007 0.66616
-1.61043 0.697878
-1.64883 0.74921
-1.60494 0.684194
-1.53361 0.630815
-1.53909 0.639561
-1.57202 0.66169
-1.63237 0.744468
-1.66529 0.792564
-1.65432 0.763526
-1.68724 0.782824
-1.73663 0.827127
-1.73663 0.832124
-1.71468 0.837137
-1.7915 0.862427
-1.67078 0.782824
-1.69822 0.812224
-1.7037 0.807286
-1.69273 0.812224
-1.73663 0.837137
-1.7037 0.807286
-1.63237 0.753967
-1.60494 0.744468
-1.60494 0.739742
-1.52812 0.716334
-1.48971 0.66616
-1.55007 0.684194
-1.65432 0.782824
-1.68176 0.787687
-1.68724 0.782824
-1.61591 0.716334
-1.54458 0.66169
-1.53361 0.635181
-1.50617 0.675147
-1.6214 0.725652
-1.61043 0.702469
-1.51715 0.592203
-1.59945 0.643957
-1.53909 0.66169
-1.55007 0.66169
-1.54458 0.670646
-1.58299 0.693302
-1.60494 0.702469
-1.4952 0.66616
-1.55007 0.697878
-1.57202 0.697878
-1.48971 0.592203
-1.46776 0.613504
-1.47325 0.635181
-1.46228 0.630815
-1.53909 0.635181
-1.52812 0.613504
-1.50617 0.652793
-1.44033 0.604938
-1.55556 0.639561
-1.59396 0.720985
-1.58299 0.688741
-1.58299 0.697878
-1.63237 0.730333
-1.67627 0.787687
-1.57202 0.702469
-1.52263 0.697878
-1.53361 0.711697
-1.59396 0.707076
-1.58299 0.711697
-1.56104 0.675147
-1.57202 0.675147
-1.55556 0.648367
-1.61043 0.648367
-1.63786 0.66169
-1.6214 0.702469
-1.53361 0.630815
-1.47325 0.575434
-1.55007 0.579603
-1.45679 0.518637
-1.37997 0.431734
-1.38546 0.417433
-1.40192 0.406865
-1.44582 0.406865
-1.34156 0.379348
-1.41838 0.417433
-1.51166 0.476081
-1.4513 0.464791
-1.46776 0.476081
-1.52812 0.495199
-1.54458 0.510764
-1.55556 0.579603
-1.52812 0.639561
-1.53361 0.613504
-1.53361 0.635181
-1.48971 0.604938
-1.53909 0.66169
-1.51715 0.596433
-1.4952 0.592203
-1.56653 0.626465
-1.52263 0.600678
-1.59396 0.652793
-1.58299 0.600678
-1.53909 0.609213
-1.64335 0.679663
-1.5775 0.587988
-1.42387 0.55481
-1.41289 0.546667
-1.48422 0.579603
-1.43484 0.563015
-1.4952 0.587988
-1.52812 0.643957
-1.5775 0.675147
-1.58299 0.711697
-1.52812 0.600678
-1.53909 0.66169
-1.55556 0.725652
-1.55007 0.720985
-1.62689 0.777977
-1.63786 0.792564
-1.58299 0.744468
-1.58848 0.744468
-1.61591 0.744468
-1.71468 0.792564
-1.72016 0.792564
-1.68724 0.768328
-1.6214 0.725652
-1.59945 0.744468
-1.63786 0.782824
-1.72565 0.807286
-1.70919 0.842165
-1.66529 0.807286
-1.55556 0.73503
-1.4952 0.679663
-1.53361 0.716334
-1.58299 0.702469
-1.55556 0.679663
-1.54458 0.643957
-1.51715 0.596433
-1.48971 0.550731
-1.5775 0.609213
-1.50069 0.587988
-1.52812 0.596433
-1.56104 0.630815
-1.55556 0.66169
-1.54458 0.684194
-1.55556 0.725652
-1.59396 0.758739
-1.56653 0.707076
-1.57202 0.707076
-1.62689 0.753967
-1.60494 0.725652
-1.60494 0.739742
-1.69822 0.792564
-1.67627 0.807286
-1.64335 0.792564
-1.62689 0.758739
-1.67078 0.758739
-1.62689 0.744468
-1.67627 0.782824
-1.67078 0.720985
-1.7037 0.763526
-1.69822 0.787687
-1.72016 0.812224
-1.6214 0.763526
-1.62689 0.74921
-1.66529 0.753967
-1.59945 0.693302
-1.65432 0.73503
-1.64335 0.739742
-1.7476 0.787687
-1.7037 0.797456
-1.65432 0.763526
-1.65981 0.782824
-1.60494 0.744468
-1.53361 0.697878
-1.65981 0.797456
-1.66529 0.802364
-1.64883 0.787687
-1.67627 0.792564
-1.64335 0.768328
-1.56653 0.725652
-1.58299 0.744468
-1.67627 0.787687
-1.61591 0.777977
-1.59945 0.707076
-1.66529 0.758739
-1.74211 0.807286
-1.73114 0.792564
-1.72565 0.817176
-1.64883 0.782824
-1.56653 0.711697
-1.54458 0.697878
-1.57202 0.657234
-1.56104 0.670646
-1.53909 0.66616
-1.50617 0.630815
-1.39095 0.571279
-1.44582 0.596433
-1.43484 0.52657
-1.4513 0.550731
-1.43484 0.479875
-1.35802 0.461058
-1.37449 0.491345
-1.29218 0.487507
-1.31962 0.546667
-1.36351 0.546667
-1.46228 0.567139
-1.43484 0.550731
-1.44582 0.571279
-1.50617 0.613504
-1.42936 0.626465
-1.46228 0.587988
-1.41838 0.550731
-1.4513 0.567139
-1.47325 0.542617
-1.33059 0.45734
-1.34705 0.442617
-1.42936 0.495199
-1.44582 0.542617
-1.48971 0.542617
-1.48422 0.567139
-1.48971 0.538583
-1.41838 0.502951
-1.34705 0.420986
-1.369 0.428136
-1.33059 0.420986
-1.37997 0.476081
-1.48422 0.530559
-1.50617 0.522596
-1.43484 0.476081
-1.38546 0.453636
-1.35254 0.413895
-1.369 0.45734
-1.369 0.410373
-1.43484 0.442617
-1.48971 0.50685
-1.47325 0.502951
-1.52812 0.495199
-1.52812 0.514693
-1.53361 0.534564
-1.4952 0.575434
-1.44033 0.534564
-1.46776 0.534564
-1.42387 0.538583
-1.47325 0.587988
-1.47325 0.587988
-1.50069 0.592203
-1.58848 0.617809
-1.56653 0.626465
-1.60494 0.688741
-1.58299 0.652793
-1.63237 0.652793
-1.52263 0.613504
-1.54458 0.635181
-1.5775 0.66616
-1.53361 0.66169
-1.56653 0.688741
-1.51166 0.635181
-1.62689 0.753967
-1.65981 0.74921
-1.72565 0.768328
-1.78052 0.847208
-1.72016 0.832124
-1.72565 0.842165
-1.70919 0.812224
-1.69822 0.792564
-1.7476 0.837137
-1.66529 0.807286
-1.72565 0.847208
-1.74211 0.847208
-1.69273 0.817176
-1.73114 0.847208
-1.70919 0.822144
-1.69822 0.827127
-1.70919 0.832124
-1.68176 0.802364
-1.68176 0.802364
-1.65432 0.773145
-1.60494 0.74921
-1.69273 0.807286
-1.71468 0.807286
-1.72016 0.842165
-1.71468 0.847208
-1.68176 0.822144
-1.60494 0.763526
-1.61043 0.725652
-1.58299 0.753967
-1.68724 0.817176
-1.71468 0.842165
-1.69273 0.812224
-1.68724 0.807286
-1.70919 0.782824
-1.64335 0.763526
-1.63786 0.753967
-1.56104 0.693302
-1.48971 0.622129
-1.52263 0.630815
-1.4952 0.587988
-1.45679 0.546667
-1.48422 0.567139
-1.53909 0.567139
-1.4513 0.558905
-1.52263 0.587988
-1.47874 0.558905
-1.48971 0.626465
-1.57202 0.657234
-1.61591 0.66616
-1.67627 0.693302
-1.71468 0.74921
-1.68176 0.739742
-1.63237 0.739742
-1.65981 0.763526
-1.55007 0.679663
-1.58299 0.697878
-1.56104 0.657234
-1.55556 0.688741
-1.42936 0.592203
-1.52263 0.675147
-1.52812 0.66616
-1.57202 0.693302
-1.5775 0.652793
-1.51715 0.630815
-1.52263 0.626465
-1.46776 0.592203
-1.50069 0.609213
-1.5775 0.643957
-1.53361 0.630815
-1.57202 0.707076
-1.52263 0.679663
-1.52812 0.643957
-1.61591 0.702469
-1.64335 0.716334
-1.5775 0.688741
-1.52812 0.688741
-1.66529 0.787687
-1.64335 0.773145
-1.64335 0.763526
-1.65432 0.758739
-1.64335 0.739742
-1.53909 0.648367
-1.53909 0.66616
-1.54458 0.630815
-1.54458 0.657234
-1.4952 0.613504
-1.53909 0.622129
-1.61043 0.643957
-1.44033 0.546667
-1.38546 0.479875
-1.37449 0.476081
-1.37997 0.431734
-1.40192 0.453636
-1.46776 0.510764
-1.4952 0.534564
-1.47874 0.575434
-1.56104 0.567139
-1.58848 0.626465
-1.64335 0.657234
-1.50069 0.592203
-1.60494 0.639561
-1.57202 0.675147
-1.6214 0.702469
-1.50069 0.583788
-1.52812 0.592203
-1.52812 0.613504
-1.53909 0.675147
-1.53909 0.657234
-1.43484 0.575434
-1.46776 0.567139
-1.56653 0.643957
-1.53909 0.679663
-1.58299 0.675147
-1.53909 0.670646
-1.52263 0.639561
-1.56653 0.670646
-1.53361 0.639561
-1.63786 0.725652
-1.70919 0.773145
-1.66529 0.744468
-1.58299 0.670646
-1.58299 0.697878
-1.67627 0.768328
-1.62689 0.720985
-1.6214 0.675147
-1.48422 0.679663
-1.50069 0.66169
-1.64883 0.739742
-1.68724 0.782824
-1.65981 0.797456
-1.73114 0.837137
-1.59945 0.73503
-1.60494 0.744468
-1.57202 0.730333
-1.52263 0.66616
-1.59396 0.720985
-1.58848 0.684194
-1.67627 0.739742
-1.58848 0.679663
-1.5775 0.693302
-1.59396 0.697878
-1.72016 0.792564
-1.64883 0.777977
-1.63786 0.777977
-1.60494 0.720985
-1.66529 0.74921
-1.67078 0.777977
-1.5775 0.679663
-1.58299 0.679663
-1.5775 0.684194
-1.62689 0.697878
-1.59945 0.688741
-1.51715 0.622129
-1.60494 0.657234
-1.53361 0.643957
-1.56653 0.711697
-1.59396 0.711697
-1.63237 0.73503
-1.59945 0.697878
-1.71468 0.782824
-1.56653 0.697878
-1.63786 0.74921
-1.67627 0.802364
-1.68724 0.812224
-1.65432 0.773145
-1.60494 0.716334
-1.74211 0.827127
-1.67627 0.773145
-1.7037 0.812224
-1.70919 0.827127
-1.57202 0.758739
-1.59396 0.739742
-1.65432 0.773145
-1.65432 0.753967
-1.63786 0.716334
-1.59945 0.730333
-1.62689 0.744468
-1.58299 0.702469
-1.56104 0.679663
-1.53909 0.648367
-1.55556 0.66169
-1.53361 0.635181
-1.55556 0.600678
-1.56104 0.622129
-1.4952 0.530559
-1.46228 0.530559
-1.37997 0.534564
-1.47325 0.596433
-1.53909 0.613504
-1.62689 0.688741
-1.65432 0.73503
-1.61043 0.720985
-1.68724 0.787687
-1.64335 0.773145
-1.64883 0.777977
-1.67627 0.812224
-1.73114 0.842165
-1.71468 0.852266
-1.65981 0.792564
-1.72016 0.822144
-1.63786 0.753967
-1.57202 0.693302
-1.6214 0.707076
-1.68176 0.753967
-1.67627 0.753967
-1.64883 0.707076
-1.55556 0.652793
-1.61591 0.711697
-1.59945 0.711697
-1.6214 0.702469
-1.56104 0.730333
-1.56104 0.684194
-1.47874 0.592203
-1.52263 0.622129
-1.55556 0.639561
-1.59945 0.693302
-1.61043 0.74921
-1.59945 0.73503
-1.7037 0.782824
-1.56104 0.711697
-1.53361 0.697878
-1.61043 0.753967
-1.65432 0.773145
-1.61043 0.753967
-1.5775 0.707076
-1.54458 0.679663
-1.59396 0.684194
-1.50069 0.617809
-1.56104 0.648367
-1.48422 0.596433
-1.46228 0.558905
-1.43484 0.499068
-1.4952 0.522596
-1.50069 0.522596
-1.48971 0.487507
-1.50069 0.55481
-1.50069 0.522596
-1.56104 0.563015
-1.48422 0.530559
-1.55007 0.563015
-1.53909 0.587988
-1.53361 0.600678
-1.50617 0.546667
-1.45679 0.514693
-1.45679 0.583788
-1.57202 0.707076
-1.60494 0.725652
-1.63786 0.753967
-1.63786 0.744468
-1.59396 0.74921
-1.7037 0.827127
-1.66529 0.802364
-1.67078 0.792564
-1.68724 0.807286
-1.7037 0.817176
-1.59396 0.753967
-1.56653 0.693302
-1.54458 0.670646
-1.55007 0.66616
-1.59945 0.679663
-1.53361 0.635181
-1.45679 0.617809
-1.47874 0.622129
-1.48422 0.600678
-1.4952 0.617809
-1.53361 0.643957
-1.51166 0.604938
-1.57202 0.639561
-1.55556 0.609213
-1.46228 0.534564
-1.41838 0.502951
-1.46228 0.567139
-1.47325 0.592203
-1.41838 0.55481
-1.6214 0.679663
-1.53361 0.66169
-1.58299 0.613504
-1.53909 0.567139
-1.61043 0.66616
-1.56653 0.609213
-1.51715 0.622129
-1.53361 0.626465
-1.53361 0.596433
-1.53361 0.596433
-1.53361 0.613504
-1.47325 0.571279
-1.47325 0.592203
-1.4513 0.583788
-1.45679 0.622129
-1.41289 0.579603
-1.41838 0.583788
-1.41289 0.558905
-1.46776 0.579603
-1.48971 0.558905
-1.44033 0.522596
-1.45679 0.596433
-1.44582 0.596433
-1.46776 0.613504
-1.44582 0.609213
-1.52812 0.657234
-1.53361 0.639561
-1.53909 0.652793
-1.56104 0.652793
-1.57202 0.66616
-1.47325 0.571279
-1.41289 0.487507
-1.40192 0.438974
-1.37997 0.487507
-1.41289 0.438974
-1.4952 0.522596
-1.45679 0.483683
-1.48971 0.534564
-1.50069 0.579603
-1.45679 0.558905
-1.47325 0.587988
-1.55007 0.684194
-1.63237 0.702469
-1.7037 0.73503
-1.68724 0.730333
-1.50069 0.592203
-1.59396 0.652793
-1.53361 0.626465
-1.54458 0.643957
-1.50617 0.684194
-1.55556 0.702469
-1.56104 0.684194
-1.59396 0.73503
-1.61591 0.763526
-1.61043 0.744468
-1.59396 0.73503
-1.52263 0.679663
-1.46228 0.622129
-1.50069 0.587988
-1.51715 0.639561
-1.61591 0.720985
-1.66529 0.74921
-1.64335 0.739742
-1.60494 0.730333
-1.65981 0.782824
-1.71468 0.827127
-1.69273 0.807286
-1.63786 0.792564
-1.60494 0.777977
-1.68176 0.787687
-1.69822 0.787687
-1.61043 0.763526
-1.60494 0.73503
-1.61043 0.753967
-1.65432 0.768328
-1.63237 0.74921
-1.66529 0.787687
-1.65432 0.763526
-1.66529 0.768328
-1.59396 0.739742
-1.65981 0.792564
-1.65432 0.792564
-1.69273 0.807286
-1.71468 0.822144
-1.72565 0.822144
-1.76406 0.832124
-1.66529 0.773145
-1.64335 0.74921
-1.60494 0.693302
-1.57202 0.66169
-1.47325 0.604938
-1.47325 0.550731
-1.45679 0.563015
-1.44033 0.558905
-1.41289 0.514693
-1.42387 0.495199
-1.45679 0.476081
-1.37997 0.446275
-1.41289 0.438974
-1.43484 0.495199
-1.50617 0.530559
-1.40192 0.468539
-1.48422 0.50685
-1.41289 0.472303
-1.50069 0.502951
-1.55007 0.510764
-1.6214 0.514693
-1.59396 0.453636
-1.48422 0.431734
-1.5775 0.495199
-1.5775 0.510764
-1.51166 0.510764
-1.54458 0.563015
-1.57202 0.600678
-1.56104 0.617809
-1.59396 0.600678
-1.55556 0.579603
-1.59396 0.575434
-1.40741 0.446275
-1.46776 0.449948
-1.48422 0.442617
-1.47874 0.476081
-1.4513 0.487507
-1.50617 0.502951
-1.4952 0.491345
-1.4513 0.461058
-1.4513 0.435347
-1.47325 0.45734
-1.40741 0.487507
-1.48971 0.45734
-1.52263 0.453636
-1.48971 0.435347
-1.57202 0.483683
-1.53909 0.476081
-1.52263 0.487507
-1.52263 0.461058
-1.61043 0.476081
-1.61591 0.461058
-1.63237 0.472303
-1.6214 0.476081
-1.60494 0.45734
-1.46776 0.417433
-1.42387 0.396433
-1.5775 0.428136
-1.55556 0.446275
-1.46776 0.435347
-1.4952 0.424553
-1.4952 0.442617
-1.50069 0.442617
-1.57202 0.491345
-1.61591 0.461058
-1.58848 0.514693
-1.54458 0.483683
-1.50617 0.510764
-1.44033 0.476081
-1.38546 0.468539
-1.51166 0.518637
-1.54458 0.522596
-1.48971 0.510764
-1.50617 0.514693
-1.44582 0.514693
-1.42387 0.442617
-1.44582 0.483683
-1.51166 0.50685
-1.48422 0.522596
-1.45679 0.514693
-1.46228 0.487507
-1.48971 0.487507
-1.53909 0.479875
-1.53909 0.522596
-1.53361 0.495199
-1.44033 0.438974
-1.53361 0.479875
-1.46776 0.487507
-1.46776 0.472303
-1.53361 0.534564
-1.47874 0.571279
-1.47874 0.609213
-1.43484 0.530559
-1.42387 0.464791
-1.44582 0.514693
-1.45679 0.502951
-1.50617 0.514693
-1.53909 0.587988
-1.55556 0.622129
-1.50617 0.604938
-1.53909 0.630815
-1.58848 0.684194
-1.54458 0.630815
-1.63237 0.679663
-1.68176 0.725652
-1.5775 0.675147
-1.53909 0.643957
-1.53909 0.679663
-1.61043 0.702469
-1.6214 0.720985
-1.63237 0.73503
-1.62689 0.73503
-1.61043 0.720985
-1.58848 0.739742
-1.5775 0.720985
-1.59945 0.693302
-1.58848 0.711697
-1.55007 0.679663
-1.60494 0.702469
-1.56653 0.643957
-1.51166 0.617809
-1.53909 0.684194
-1.54458 0.684194
-1.54458 0.657234
-1.52812 0.66169
-1.47325 0.571279
-1.41289 0.476081
-1.4513 0.464791
-1.51715 0.550731
-1.50069 0.575434
-1.45679 0.592203
-1.46776 0.579603
-1.52812 0.567139
-1.54458 0.592203
-1.53909 0.622129
-1.5775 0.652793
-1.60494 0.684194
-1.53909 0.652793
-1.60494 0.66616
-1.65432 0.702469
-1.65432 0.744468
-1.66529 0.758739
-1.61043 0.744468
-1.54458 0.711697
-1.59396 0.74921
-1.56653 0.73503
-1.53361 0.675147
-1.53909 0.707076
-1.64335 0.773145
-1.69273 0.822144
-1.70919 0.817176
-1.68176 0.792564
-1.66529 0.807286
-1.85734 0.898465
-1.78052 0.862427
-1.63786 0.758739
-1.61043 0.744468
-1.64883 0.787687
-1.65432 0.782824
-1.66529 0.787687
-1.59945 0.739742
-1.63237 0.782824
-1.66529 0.817176
-1.78052 0.862427
-1.71468 0.837137
-1.78052 0.877781
-1.77503 0.872648
-1.85734 0.924658
-1.75309 0.86753
-1.73663 0.837137
-1.65981 0.782824
-1.71468 0.807286
-1.63786 0.758739
-1.53909 0.670646
-1.56104 0.688741
-1.61043 0.74921
-1.61591 0.744468
-1.60494 0.758739
-1.61591 0.739742
-1.56104 0.711697
-1.56104 0.657234
-1.56653 0.693302
-1.59396 0.697878
-1.53909 0.635181
-1.52812 0.617809
-1.51166 0.55481
-1.41838 0.563015
-1.52812 0.652793
-1.51166 0.600678
-1.54458 0.639561
-1.51166 0.617809
-1.56653 0.648367
-1.61043 0.725652
-1.53909 0.66169
-1.54458 0.707076
-1.57202 0.716334
-1.53909 0.688741
-1.4952 0.648367
-1.55556 0.626465
-1.52263 0.617809
-1.55556 0.617809
-1.54458 0.604938
-1.45679 0.571279
-1.42936 0.538583
-1.4513 0.617809
-1.53361 0.613504
-1.47325 0.583788
-1.56653 0.652793
-1.64335 0.730333
-1.67078 0.792564
-1.7037 0.802364
-1.7476 0.857339
-1.69273 0.822144
-1.69273 0.802364
-1.69822 0.807286
-1.68724 0.812224
-1.72016 0.827127
-1.75309 0.862427
-1.7037 0.827127
-1.61043 0.744468
-1.68176 0.802364
-1.69822 0.797456
-1.64883 0.773145
-1.69822 0.827127
-1.65432 0.797456
-1.68724 0.797456
-1.68176 0.773145
-1.63786 0.73503
-1.71468 0.802364
-1.7037 0.827127
-1.72016 0.842165
-1.71468 0.842165
-1.79698 0.88293
-1.81344 0.888093
-1.75857 0.852266
-1.75309 0.862427
-1.65981 0.777977
-1.64335 0.782824
-1.6214 0.773145
-1.61591 0.74921
-1.68724 0.768328
-1.59396 0.73503
-1.61591 0.773145
-1.66529 0.802364
-1.73663 0.832124
-1.67627 0.802364
-1.69273 0.787687
-1.69273 0.787687
-1.61043 0.725652
-1.67627 0.807286
-1.66529 0.782824
-1.61043 0.73503
-1.64883 0.768328
-1.66529 0.792564
-1.67078 0.777977
-1.67078 0.787687
-1.61591 0.73503
-1.65432 0.74921
-1.61591 0.753967
-1.56653 0.693302
-1.66529 0.758739
-1.63237 0.768328
-1.74211 0.797456
-1.73114 0.822144
-1.67627 0.763526
-1.64335 0.773145
-1.58299 0.739742
-1.61591 0.716334
-1.64883 0.763526
-1.66529 0.758739
-1.68724 0.797456
-1.67078 0.787687
-1.63237 0.758739
-1.59396 0.744468
-1.56104 0.707076
-1.57202 0.730333
-1.63237 0.753967
-1.65432 0.777977
-1.6214 0.763526
-1.65981 0.768328
-1.64335 0.711697
-1.6214 0.725652
-1.61043 0.720985
-1.59396 0.716334
-1.59945 0.670646
-1.64883 0.675147
-1.51715 0.643957
-1.57202 0.657234
-1.51715 0.609213
-1.57202 0.626465
-1.55556 0.622129
-1.55556 0.609213
-1.4952 0.579603
-1.56653 0.652793
-1.47325 0.587988
-1.47874 0.617809
-1.41838 0.567139
-1.40192 0.587988
-1.43484 0.635181
-1.53909 0.652793
-1.57202 0.697878
-1.6214 0.711697
-1.59945 0.693302
-1.56653 0.657234
-1.56104 0.697878
-1.59396 0.725652
-1.65981 0.773145
-1.72565 0.807286
-1.66529 0.753967
-1.59396 0.725652
-1.59396 0.725652
-1.55556 0.670646
-1.64883 0.707076
-1.57202 0.684194
-1.52812 0.66169
-1.63786 0.763526
-1.51715 0.679663
-1.48971 0.684194
-1.57202 0.720985
-1.56653 0.702469
-1.55556 0.635181
-1.50069 0.579603
-1.4952 0.630815
-1.59396 0.702469
-1.59945 0.74921
-1.61043 0.763526
-1.61591 0.73503
-1.72016 0.763526
-1.65981 0.730333
-1.62689 0.720985
-1.61591 0.697878
-1.62689 0.725652
-1.63786 0.720985
-1.64883 0.739742
-1.63237 0.711697
-1.62689 0.725652
-1.53909 0.630815
-1.51715 0.670646
-1.51166 0.675147
-1.57202 0.688741
-1.52812 0.675147
-1.61043 0.730333
-1.61591 0.711697
-1.61591 0.697878
-1.58848 0.679663
-1.58848 0.652793
-1.58299 0.684194
-1.6214 0.684194
-1.56104 0.66616
-1.64335 0.716334
-1.70919 0.763526
-1.6214 0.763526
-1.64883 0.787687
-1.63786 0.802364
-1.73114 0.817176
-1.67078 0.792564
-1.65432 0.74921
-1.57202 0.716334
-1.61043 0.782824
-1.67627 0.797456
-1.66529 0.730333
-1.63786 0.684194
-1.55556 0.66169
-1.5775 0.679663
-1.61591 0.702469
-1.65981 0.702469
-1.64335 0.684194
-1.57202 0.652793
-1.63786 0.693302
-1.53361 0.600678
-1.46776 0.575434
-1.55556 0.652793
-1.54458 0.679663
-1.52263 0.617809
-1.65981 0.648367
-1.63786 0.657234
-1.70919 0.702469
-1.64335 0.66616
-1.6214 0.613504
-1.52812 0.563015
-1.5775 0.596433
-1.55556 0.635181
-1.56104 0.643957
-1.63237 0.693302
-1.69273 0.744468
-1.76406 0.807286
-1.73663 0.857339
-1.64335 0.807286
-1.7037 0.812224
-1.66529 0.773145
-1.67627 0.797456
-1.71468 0.807286
-1.72565 0.842165
-1.65432 0.797456
-1.58848 0.773145
-1.65981 0.797456
-1.69822 0.822144
-1.64883 0.777977
-1.60494 0.758739
-1.57202 0.74921
-1.61591 0.763526
-1.52812 0.670646
-1.60494 0.73503
-1.61043 0.753967
-1.68176 0.797456
-1.64883 0.753967
-1.5775 0.725652
-1.46228 0.630815
-1.44582 0.587988
-1.39643 0.510764
-1.31962 0.464791
-1.29767 0.428136
-1.33608 0.464791
-1.40741 0.52657
-1.44582 0.542617
-1.52812 0.630815
-1.61591 0.675147
-1.58848 0.657234
-1.51715 0.592203
-1.50617 0.66169
-1.52812 0.702469
-1.61043 0.73503
-1.61591 0.74921
-1.59945 0.725652
-1.6214 0.739742
-1.66529 0.768328
-1.61591 0.753967
-1.5775 0.697878
-1.59945 0.73503
-1.58299 0.739742
-1.48971 0.702469
-1.68724 0.807286
-1.68176 0.822144
-1.67078 0.807286
-1.63786 0.74921
-1.51715 0.684194
-1.48971 0.630815
-1.61591 0.725652
-1.64883 0.753967
-1.67627 0.768328
-1.6214 0.73503
-1.64883 0.777977
-1.62689 0.744468
-1.68176 0.763526
-1.63786 0.744468
-1.67627 0.763526
-1.61043 0.688741
-1.56104 0.679663
-1.51166 0.679663
-1.5775 0.697878
-1.59945 0.720985
-1.65432 0.711697
-1.61591 0.679663
-1.44582 0.622129
-1.51166 0.66169
-1.57202 0.670646
-1.57202 0.730333
-1.54458 0.711697
-1.71468 0.817176
-1.70919 0.817176
-1.64335 0.758739
-1.63237 0.797456
-1.60494 0.758739
-1.64335 0.777977
-1.67627 0.763526
-1.69822 0.792564
-1.71468 0.832124
-1.69273 0.832124
-1.71468 0.827127
-1.66529 0.812224
-1.72016 0.842165
-1.72016 0.832124
-1.68176 0.807286
-1.68176 0.802364
-1.69822 0.817176
-1.63237 0.74921
-1.56104 0.711697
-1.51715 0.652793
-1.63786 0.684194
-1.61043 0.693302
-1.65432 0.720985
-1.59396 0.693302
-1.57202 0.66616
-1.58299 0.639561
-1.61043 0.626465
-1.63786 0.630815
-1.64883 0.657234
-1.58299 0.617809
-1.58299 0.534564
-1.6214 0.563015
-1.71468 0.596433
-1.62689 0.563015
-1.59945 0.596433
-1.4513 0.534564
-1.56104 0.563015
-1.61043 0.538583
-1.53909 0.502951
-1.57202 0.518637
-1.51715 0.518637
-1.48971 0.464791
-1.40192 0.420986
-1.39643 0.435347
-1.48971 0.417433
-1.48971 0.382735
-1.39095 0.35606
-1.43484 0.362639
-1.55007 0.389554
-1.56653 0.410373
-1.48422 0.311698
-1.51166 0.320956
-1.46228 0.270286
-1.42936 0.273146
-1.4513 0.270286
-1.41838 0.276021
-1.38546 0.273146
-1.37449 0.247947
-1.38546 0.278911
-1.4513 0.270286
-1.44033 0.264611
-1.46776 0.226571
-1.38546 0.170482
-1.47325 0.208657
-1.45679 0.231824
-1.51715 0.242512
-1.42387 0.270286
-1.44582 0.264611
-1.50617 0.270286
-1.44033 0.273146
-1.41838 0.239818
-1.37449 0.201206
-1.39095 0.157159
-1.39643 0.157159
-1.36351 0.168224
-1.31413 0.211171
-1.28121 0.184346
-1.33608 0.216244
-1.41838 0.256211
-1.44582 0.290623
-1.47325 0.261796
-1.48971 0.253441
-1.47325 0.216244
-1.4513 0.216244
-1.43484 0.184346
-1.41838 0.189088
-1.40741 0.186709
-1.37997 0.142302
-1.45679 0.186709
-1.51166 0.196313
-1.44033 0.159342
-1.47874 0.134143
-1.48971 0.177346
-1.53909 0.19389
-1.44582 0.189088
-1.51715 0.208657
-1.47325 0.201206
-1.54458 0.247947
-1.46776 0.247947
-1.46776 0.242512
-1.4513 0.231824
-1.44582 0.273146
-1.44033 0.327203
-1.46228 0.314769
-1.44033 0.278911
-1.46776 0.284737
-1.45679 0.311698
-1.45679 0.284737
-1.39643 0.302575
-1.47325 0.382735
-1.4513 0.413895
-1.3251 0.320956
-1.25926 0.250686
-1.27023 0.208657
-1.3251 0.250686
-1.35254 0.261796
-1.39095 0.242512
-1.38546 0.211171
-1.44582 0.211171
-1.42936 0.22919
-1.46776 0.22919
-1.40192 0.234474
-1.41838 0.22919
-1.41838 0.250686
-1.4513 0.223967
-1.43484 0.231824
-1.48971 0.276021
-1.4513 0.250686
-1.39095 0.270286
-1.35802 0.239818
-1.40741 0.267441
-1.40192 0.247947
-1.47325 0.258996
-1.48422 0.290623
-1.41289 0.290623
-1.52812 0.327203
-1.65981 0.352794
-1.59396 0.359342
-1.57202 0.359342
-1.53361 0.349542
-1.52812 0.349542
-1.51715 0.352794
-1.56653 0.359342
-1.57202 0.375976
-1.47874 0.362639
-1.52263 0.431734
-1.52263 0.476081
-1.47325 0.483683
-1.55556 0.530559
-1.50617 0.530559
-1.45679 0.550731
-1.43484 0.534564
-1.48971 0.542617
-1.52263 0.575434
-1.51166 0.571279
-1.46228 0.534564
-1.46776 0.483683
-1.50617 0.546667
-1.54458 0.534564
-1.54458 0.575434
-1.48971 0.558905
-1.61591 0.575434
-1.68176 0.657234
-1.71468 0.66616
-1.63786 0.639561
-1.61591 0.579603
-1.57202 0.583788
-1.55007 0.563015
-1.48971 0.461058
-1.60494 0.558905
-1.55007 0.510764
-1.4952 0.442617
-1.4513 0.435347
-1.52263 0.514693
-1.43484 0.449948
-1.53361 0.495199
-1.52812 0.487507
-1.55007 0.464791
-1.45679 0.479875
-1.51166 0.542617
-1.55007 0.579603
-1.64335 0.587988
-1.57202 0.55481
-1.52263 0.487507
-1.55007 0.538583
-1.55556 0.558905
-1.50069 0.563015
-1.4952 0.542617
-1.4952 0.55481
-1.50069 0.583788
-1.4952 0.530559
-1.46228 0.499068
-1.48422 0.563015
-1.48422 0.52657
-1.4952 0.542617
-1.54458 0.518637
-1.6214 0.534564
-1.55007 0.563015
-1.51166 0.518637
-1.55007 0.583788
-1.58848 0.558905
-1.61591 0.630815
-1.53909 0.579603
-1.50617 0.571279
-1.42387 0.575434
-1.44582 0.538583
-1.4952 0.592203
-1.47874 0.558905
-1.56104 0.648367
-1.56104 0.626465
-1.50069 0.596433
-1.59396 0.639561
-1.52263 0.66169
-1.45679 0.622129
-1.61591 0.702469
-1.59396 0.684194
-1.56653 0.652793
-1.58848 0.702469
-1.46228 0.630815
-1.41838 0.587988
-1.46776 0.643957
-1.51166 0.648367
-1.52263 0.643957
-1.53361 0.66616
-1.50617 0.657234
-1.61043 0.684194
-1.53361 0.622129
-1.56104 0.635181
-1.55556 0.609213
-1.54458 0.571279
-1.51715 0.587988
-1.56104 0.630815
-1.63237 0.657234
-1.56653 0.675147
-1.5775 0.702469
-1.5775 0.684194
-1.55007 0.702469
-1.6214 0.707076
-1.63237 0.73503
-1.70919 0.730333
-1.67078 0.74921
-1.72016 0.797456
-1.69822 0.807286
-1.71468 0.797456
-1.60494 0.716334
-1.63786 0.763526
-1.63237 0.782824
-1.59396 0.725652
-1.68176 0.74921
-1.69273 0.73503
-1.67078 0.725652
-1.56104 0.630815
-1.58848 0.684194
-1.59945 0.684194
-1.59396 0.675147
-1.6214 0.744468
-1.57202 0.720985
-1.59396 0.725652
-1.54458 0.675147
-1.56653 0.711697
-1.63237 0.758739
-1.65432 0.753967
-1.63237 0.773145
-1.67078 0.807286
-1.68176 0.802364
-1.67627 0.782824
-1.65981 0.797456
-1.52263 0.716334
-1.52812 0.697878
-1.54458 0.730333
-1.62689 0.768328
-1.69822 0.807286
-1.73114 0.827127
-1.64883 0.797456
-1.65432 0.773145
-1.65981 0.777977
-1.68724 0.802364
-1.65981 0.782824
-1.54458 0.739742
-1.58848 0.739742
-1.69273 0.802364
-1.57202 0.702469
-1.73114 0.792564
-1.61043 0.711697
-1.61043 0.725652
-1.60494 0.725652
-1.63237 0.730333
-1.65432 0.758739
-1.7037 0.763526
-1.74211 0.768328
-1.69273 0.758739
-1.72016 0.787687
-1.66529 0.716334
-1.65432 0.753967
-1.62689 0.73503
-1.61591 0.74921
-1.59945 0.697878
-1.57202 0.643957
-1.61043 0.626465
-1.55007 0.657234
-1.60494 0.716334
-1.54458 0.643957
-1.54458 0.648367
-1.54458 0.613504
-1.51166 0.626465
-1.46776 0.635181
-1.4952 0.66169
-1.45679 0.592203
-1.48971 0.596433
-1.44582 0.583788
-1.39643 0.55481
-1.4513 0.571279
-1.57202 0.657234
-1.64883 0.744468
-1.54458 0.675147
-1.52263 0.657234
-1.47325 0.587988
-1.39643 0.538583
-1.39643 0.495199
-1.41838 0.518637
-1.51715 0.567139
-1.43484 0.50685
-1.37449 0.472303
-1.47874 0.534564
-1.56104 0.592203
-1.45679 0.491345
-1.55556 0.534564
-1.50069 0.558905
-1.48971 0.575434
-1.47325 0.596433
-1.4952 0.626465
-1.48971 0.587988
-1.50069 0.542617
-1.48422 0.476081
-1.46228 0.472303
-1.40741 0.442617
-1.41289 0.495199
-1.44033 0.487507
-1.45679 0.428136
