-2 1
-2 1
-2 1
-2 1
-2 1
-2 1
-1.80247 0.903673
-1.80247 0.903673
-1.80247 0.903673
-1.85185 0.903673
-2 1
-2 1
-2 1
-2 1
-2 1
-1.90123 0.951227
-1.90123 0.951227
-2 1
-2 1
-2 1
-2 1
-2 1
-2 1
-2 1
-2 1
-1.80247 0.903673
-1.80247 0.903673
-1.90123 0.951227
-2 1
-1.7037 0.857339
-1.90123 0.951227
-1.85185 0.903673
-1.90123 0.951227
-1.7037 0.857339
-1.80247 0.903673
-1.90123 0.951227
-1.90123 0.951227
-2 1
-2 1
-2 1
-1.90123 0.951227
-1.90123 0.951227
-2 1
-1.90123 0.951227
-2 1
-2 1
-2 1
-2 1
-2 1
-2 1
-1.90123 0.951227
-1.85185 0.903673
-1.90123 0.951227
-1.90123 0.951227
-2 1
-2 1
-2 1
-2 1
-1.90123 0.951227
-2 1
-1.80247 0.903673
-1.90123 0.951227
-1.65432 0.812224
-1.90123 0.951227
-1.90123 0.951227
-1.60494 0.812224
-1.7037 0.812224
-1.85185 0.903673
-1.85185 0.903673
-1.90123 0.951227
-1.60494 0.812224
-1.75309 0.857339
-1.85185 0.903673
-1.90123 0.951227
-1.85185 0.903673
-1.85185 0.903673
-1.7037 0.812224
-1.7037 0.812224
-1.7037 0.857339
-1.75309 0.857339
-1.75309 0.857339
-1.90123 0.951227
-1.80247 0.903673
-1.80247 0.903673
-1.90123 0.951227
-1.80247 0.903673
-1.7037 0.857339
-1.90123 0.951227
-1.7037 0.812224
-1.65432 0.768328
-1.90123 0.951227
-2 1
-2 1
-1.90123 0.951227
-1.7037 0.857339
-1.80247 0.903673
-1.90123 0.951227
-1.90123 0.951227
-1.90123 0.951227
-1.80247 0.903673
-1.80247 0.903673
-1.80247 0.903673
-1.55556 0.768328
-1.7037 0.857339
-1.80247 0.903673
-1.75309 0.857339
-1.85185 0.903673
-1.90123 0.951227
-1.80247 0.903673
-2 1
-1.90123 0.951227
-1.90123 0.951227
-1.80247 0.903673
-2 1
-2 1
-1.90123 0.951227
-1.90123 0.951227
-1.90123 0.951227
-1.80247 0.903673
-1.80247 0.903673
-1.85185 0.903673
-1.85185 0.903673
-1.65432 0.812224
-1.65432 0.812224
-1.85185 0.903673
-1.80247 0.903673
-1.90123 0.951227
-1.80247 0.903673
-1.90123 0.951227
-1.90123 0.951227
-1.75309 0.857339
-1.65432 0.812224
-1.65432 0.812224
-1.55556 0.768328
-1.45679 0.684194
-1.65432 0.725652
-1.55556 0.725652
-1.60494 0.768328
-1.45679 0.684194
-1.60494 0.725652
-1.50617 0.684194
-1.50617 0.684194
-1.16049 0.428136
-1.25926 0.567139
-1.35802 0.604938
-1.30864 0.567139
-1.25926 0.604938
-1.50617 0.725652
-1.40741 0.643957
-1.55556 0.725652
-1.50617 0.725652
-1.65432 0.812224
-1.7037 0.857339
-1.60494 0.768328
-1.75309 0.857339
-1.7037 0.812224
-1.75309 0.857339
-1.90123 0.951227
-1.80247 0.903673
-1.80247 0.903673
-1.65432 0.812224
-1.65432 0.812224
-1.7037 0.768328
-1.60494 0.725652
-1.60494 0.725652
-1.55556 0.725652
-1.75309 0.857339
-1.55556 0.725652
-1.65432 0.812224
-1.50617 0.725652
-1.60494 0.768328
-1.60494 0.768328
-1.7037 0.857339
-1.90123 0.951227
-1.75309 0.857339
-1.90123 0.951227
-1.80247 0.903673
-1.80247 0.903673
-1.7037 0.857339
-1.80247 0.903673
-1.90123 0.951227
-1.90123 0.951227
-1.85185 0.903673
-1.80247 0.903673
-1.80247 0.903673
-1.90123 0.951227
-1.90123 0.951227
-1.90123 0.951227
-1.80247 0.903673
-1.90123 0.951227
-2 1
-1.90123 0.951227
-2 1
-1.75309 0.857339
-1.7037 0.812224
-1.75309 0.857339
-1.85185 0.903673
-1.85185 0.903673
-2 1
-1.90123 0.951227
-2 1
-2 1
-1.90123 0.951227
-1.90123 0.951227
-1.80247 0.903673
-1.90123 0.951227
-2 1
-2 1
-2 1
-2 1
-2 1
-2 1
-2 1
-1.90123 0.951227
-2 1
-2 1
-1.90123 0.951227
-1.90123 0.951227
-2 1
-1.90123 0.951227
-1.80247 0.903673
-1.80247 0.903673
-1.65432 0.812224
-1.65432 0.812224
-1.60494 0.812224
-1.75309 0.857339
-1.85185 0.903673
-1.80247 0.857339
-1.85185 0.903673
-1.90123 0.951227
-1.90123 0.951227
-1.90123 0.951227
-1.7037 0.857339
-1.60494 0.768328
-1.7037 0.857339
-1.80247 0.903673
-1.65432 0.812224
-1.85185 0.903673
-1.80247 0.812224
-1.65432 0.725652
-1.80247 0.812224
-1.60494 0.768328
-1.75309 0.857339
-1.80247 0.857339
-1.65432 0.812224
-1.60494 0.768328
-1.65432 0.725652
-1.65432 0.725652
-1.7037 0.725652
-1.75309 0.857339
-1.65432 0.768328
-1.55556 0.725652
-1.55556 0.643957
-1.60494 0.604938
-1.60494 0.684194
-1.30864 0.530559
-1.55556 0.643957
-1.50617 0.567139
-1.65432 0.725652
-1.55556 0.725652
-1.25926 0.567139
-1.35802 0.684194
-1.40741 0.684194
-1.55556 0.725652
-1.40741 0.643957
-1.30864 0.567139
-1.55556 0.725652
-1.50617 0.725652
-1.45679 0.684194
-1.55556 0.768328
-1.65432 0.812224
-1.75309 0.857339
-1.7037 0.812224
-1.55556 0.725652
-1.85185 0.903673
-1.80247 0.857339
-1.7037 0.812224
-1.85185 0.903673
-2 1
-2 1
-2 1
-2 1
-2 1
-2 1
-2 1
-2 1
-1.90123 0.951227
-2 1
-1.90123 0.951227
-2 1
-1.90123 0.951227
-2 1
-1.75309 0.857339
-1.75309 0.857339
-1.75309 0.857339
-1.90123 0.951227
-1.80247 0.903673
-2 1
-2 1
-1.85185 0.903673
-1.75309 0.857339
-1.90123 0.951227
-1.90123 0.951227
-1.90123 0.951227
-1.80247 0.903673
-1.80247 0.903673
-1.7037 0.857339
-1.90123 0.951227
-1.80247 0.903673
-1.65432 0.768328
-1.85185 0.903673
-1.85185 0.903673
-1.7037 0.812224
-1.80247 0.857339
-1.7037 0.812224
-1.7037 0.812224
-1.90123 0.951227
-1.90123 0.951227
-1.90123 0.951227
-1.85185 0.903673
-2 1
-1.85185 0.903673
-1.80247 0.903673
-1.80247 0.903673
-1.80247 0.903673
-1.80247 0.903673
-1.80247 0.903673
-1.80247 0.903673
-1.90123 0.951227
-2 1
-1.90123 0.951227
-1.90123 0.951227
-1.90123 0.951227
-1.90123 0.951227
-1.80247 0.903673
-1.90123 0.951227
-2 1
-1.75309 0.857339
-1.80247 0.903673
-1.80247 0.903673
-1.7037 0.857339
-1.80247 0.903673
-1.90123 0.951227
-1.90123 0.951227
-2 1
-2 1
-2 1
-2 1
-2 1
-2 1
-2 1
-2 1
-2 1
-2 1
-1.90123 0.951227
-2 1
-1.90123 0.951227
-2 1
-1.80247 0.903673
-1.90123 0.951227
-1.90123 0.951227
-1.85185 0.903673
-1.55556 0.768328
-1.65432 0.812224
-1.80247 0.903673
-2 1
-2 1
-1.80247 0.903673
-1.80247 0.903673
-1.75309 0.857339
-1.60494 0.812224
-1.80247 0.903673
-1.7037 0.812224
-1.75309 0.857339
-1.7037 0.812224
-1.75309 0.857339
-1.80247 0.903673
-1.80247 0.903673
-1.90123 0.951227
-1.80247 0.903673
-2 1
-2 1
-2 1
-2 1
-2 1
-2 1
-2 1
-1.80247 0.903673
-1.80247 0.903673
-1.90123 0.951227
-2 1
-2 1
-1.90123 0.951227
-2 1
-2 1
-2 1
-2 1
-1.60494 0.812224
-1.90123 0.951227
-1.90123 0.951227
-1.90123 0.951227
-2 1
-1.90123 0.951227
-1.90123 0.951227
-1.80247 0.903673
-1.65432 0.812224
-1.60494 0.768328
-1.75309 0.857339
-1.75309 0.857339
-1.75309 0.857339
-1.65432 0.812224
-1.90123 0.951227
-1.65432 0.812224
-1.75309 0.857339
-1.75309 0.857339
-1.65432 0.812224
-1.90123 0.951227
-2 1
-1.90123 0.951227
-2 1
-2 1
-1.90123 0.951227
-2 1
-1.90123 0.951227
-2 1
-1.90123 0.951227
-2 1
-2 1
-1.80247 0.903673
-1.80247 0.903673
-1.80247 0.903673
-1.80247 0.903673
-1.7037 0.857339
-1.80247 0.903673
-1.7037 0.812224
-1.80247 0.857339
-1.85185 0.903673
-1.90123 0.951227
-1.90123 0.951227
-1.80247 0.903673
-1.90123 0.951227
-1.75309 0.857339
-1.85185 0.903673
-1.75309 0.857339
-1.7037 0.857339
-1.65432 0.812224
-1.75309 0.857339
-1.90123 0.951227
-2 1
-2 1
-1.90123 0.951227
-1.65432 0.812224
-1.7037 0.857339
-1.75309 0.857339
-1.65432 0.812224
-1.75309 0.857339
-1.7037 0.857339
-1.90123 0.951227
-2 1
-2 1
-2 1
-1.90123 0.951227
-1.90123 0.951227
-1.90123 0.951227
-1.7037 0.857339
-1.90123 0.951227
-2 1
-1.90123 0.951227
-1.90123 0.951227
-2 1
-2 1
-1.90123 0.951227
-1.80247 0.903673
-2 1
-2 1
-2 1
-1.90123 0.951227
-2 1
-2 1
-1.90123 0.951227
-1.90123 0.951227
-1.7037 0.812224
-1.90123 0.951227
-1.90123 0.951227
-1.90123 0.951227
-1.85185 0.903673
-1.75309 0.857339
-1.7037 0.857339
-1.80247 0.903673
-2 1
-1.90123 0.951227
-2 1
-1.90123 0.951227
-1.90123 0.951227
-1.90123 0.951227
-2 1
-2 1
-2 1
-2 1
-1.90123 0.951227
-2 1
-2 1
-1.7037 0.857339
-1.7037 0.857339
-1.80247 0.903673
-1.90123 0.951227
-1.90123 0.951227
-1.80247 0.903673
-1.75309 0.857339
-1.90123 0.951227
-1.80247 0.857339
-1.90123 0.951227
-1.80247 0.903673
-1.85185 0.903673
-1.7037 0.857339
-1.75309 0.857339
-1.80247 0.903673
-1.7037 0.857339
-1.65432 0.812224
-1.55556 0.768328
-1.90123 0.951227
-1.75309 0.857339
-1.75309 0.812224
-1.7037 0.768328
-1.80247 0.857339
-1.90123 0.951227
-1.75309 0.857339
-2 1
-2 1
-2 1
-1.90123 0.951227
-1.90123 0.951227
-1.90123 0.951227
-2 1
-2 1
-2 1
-2 1
-1.75309 0.857339
-1.90123 0.951227
-1.90123 0.951227
-1.75309 0.857339
-1.80247 0.903673
-1.90123 0.951227
-1.85185 0.903673
-1.90123 0.951227
-1.80247 0.903673
-1.80247 0.903673
-1.7037 0.857339
-1.80247 0.903673
-2 1
-2 1
-1.90123 0.951227
-2 1
-2 1
-2 1
-1.90123 0.951227
-1.80247 0.903673
-1.90123 0.951227
-2 1
-1.90123 0.951227
-1.80247 0.903673
-1.90123 0.951227
-1.80247 0.903673
-1.90123 0.951227
-2 1
-1.90123 0.951227
-1.90123 0.951227
-1.80247 0.903673
-1.90123 0.951227
-2 1
-2 1
-1.80247 0.903673
-1.80247 0.903673
-1.80247 0.903673
-1.90123 0.951227
-1.90123 0.951227
-1.80247 0.903673
-1.7037 0.857339
-1.90123 0.951227
-1.75309 0.857339
-2 1
-1.90123 0.951227
-1.90123 0.951227
-1.90123 0.951227
-2 1
-2 1
-1.90123 0.951227
-1.80247 0.903673
-1.90123 0.951227
-1.60494 0.812224
-1.7037 0.857339
-1.50617 0.725652
-1.7037 0.768328
-1.45679 0.725652
-1.65432 0.812224
-1.7037 0.857339
-1.90123 0.951227
-1.90123 0.951227
-1.90123 0.951227
-1.90123 0.951227
-1.90123 0.951227
-1.80247 0.903673
-1.90123 0.951227
-1.90123 0.951227
-1.80247 0.903673
-1.80247 0.903673
-1.80247 0.903673
-1.80247 0.903673
-1.90123 0.951227
-1.80247 0.903673
-1.90123 0.951227
-2 1
-2 1
-2 1
-1.75309 0.857339
-1.80247 0.903673
-2 1
-1.80247 0.903673
-1.90123 0.951227
-1.7037 0.857339
-1.75309 0.857339
-1.75309 0.857339
-1.80247 0.857339
-1.85185 0.903673
-1.85185 0.903673
-1.90123 0.951227
-2 1
-2 1
-2 1
-2 1
-1.90123 0.951227
-2 1
-2 1
-1.90123 0.951227
-1.90123 0.951227
-1.85185 0.903673
-1.80247 0.903673
-1.90123 0.951227
-1.80247 0.857339
-1.85185 0.903673
-1.60494 0.768328
-1.65432 0.812224
-1.7037 0.857339
-1.65432 0.768328
-1.75309 0.768328
-1.85185 0.903673
-1.75309 0.768328
-1.75309 0.768328
-1.75309 0.812224
-1.7037 0.768328
-1.75309 0.812224
-1.60494 0.768328
-1.60494 0.725652
-1.75309 0.812224
-1.80247 0.857339
-1.7037 0.812224
-1.75309 0.812224
-1.65432 0.768328
-1.35802 0.530559
-1.45679 0.604938
-1.65432 0.725652
-1.55556 0.684194
-1.55556 0.725652
-1.55556 0.684194
-1.55556 0.684194
-1.55556 0.725652
-1.40741 0.684194
-1.55556 0.768328
-1.50617 0.725652
-1.60494 0.768328
-1.7037 0.857339
-1.80247 0.903673
-1.65432 0.768328
-1.7037 0.812224
-1.80247 0.857339
-1.85185 0.903673
-1.80247 0.857339
-1.7037 0.857339
-1.75309 0.857339
-1.7037 0.857339
-1.80247 0.857339
-1.80247 0.857339
-1.65432 0.768328
-1.75309 0.812224
-1.60494 0.684194
-1.80247 0.812224
-1.80247 0.812224
-1.7037 0.768328
-1.60494 0.768328
-1.55556 0.768328
-1.50617 0.684194
-1.50617 0.684194
-1.45679 0.684194
-1.50617 0.725652
-1.65432 0.812224
-1.7037 0.812224
-1.60494 0.725652
-1.30864 0.604938
-1.60494 0.768328
-1.7037 0.812224
-1.80247 0.903673
-1.80247 0.903673
-1.90123 0.951227
-1.80247 0.903673
-1.65432 0.812224
-1.80247 0.903673
-1.90123 0.951227
-2 1
-2 1
-1.90123 0.951227
-2 1
-2 1
-2 1
-2 1
-1.90123 0.951227
-1.90123 0.951227
-2 1
-2 1
-2 1
-2 1
-1.90123 0.951227
-1.90123 0.951227
-1.80247 0.903673
-1.7037 0.857339
-1.7037 0.857339
-1.65432 0.812224
-1.7037 0.857339
-1.7037 0.857339
-1.65432 0.812224
-1.80247 0.903673
-1.7037 0.857339
-1.7037 0.857339
-1.7037 0.857339
-2 1
-1.90123 0.951227
-1.90123 0.951227
-2 1
-2 1
-2 1
-1.90123 0.951227
-1.65432 0.812224
-1.7037 0.857339
-1.60494 0.812224
-1.80247 0.903673
-1.90123 0.951227
-1.90123 0.951227
-1.90123 0.951227
-1.90123 0.951227
-1.90123 0.951227
-1.90123 0.951227
-2 1
-2 1
-1.85185 0.903673
-1.85185 0.903673
-1.85185 0.903673
-2 1
-2 1
-2 1
-1.90123 0.951227
-1.80247 0.903673
-1.90123 0.951227
-1.90123 0.951227
-1.90123 0.951227
-2 1
-2 1
-1.90123 0.951227
-1.90123 0.951227
-1.80247 0.903673
-1.90123 0.951227
-2 1
-2 1
-1.80247 0.903673
-1.80247 0.903673
-2 1
-1.80247 0.903673
-1.80247 0.903673
-1.80247 0.903673
-1.7037 0.857339
-1.90123 0.951227
-1.80247 0.903673
-1.80247 0.903673
-1.75309 0.857339
-1.60494 0.768328
-1.7037 0.812224
-1.80247 0.903673
-1.90123 0.951227
-1.7037 0.857339
-1.60494 0.768328
-1.55556 0.768328
-1.55556 0.768328
-1.7037 0.857339
-1.80247 0.903673
-1.80247 0.903673
-2 1
-2 1
-2 1
-1.90123 0.951227
-1.90123 0.951227
-2 1
-1.75309 0.857339
-1.75309 0.857339
-1.75309 0.857339
-1.85185 0.903673
-1.75309 0.857339
-2 1
-2 1
-2 1
-2 1
-1.90123 0.951227
-1.80247 0.903673
-1.75309 0.857339
-1.75309 0.857339
-1.7037 0.768328
-1.60494 0.768328
-1.7037 0.812224
-1.7037 0.812224
-1.90123 0.951227
-2 1
-1.65432 0.812224
-1.75309 0.857339
-1.90123 0.951227
-1.80247 0.903673
-1.75309 0.857339
-1.90123 0.951227
-1.85185 0.903673
-1.7037 0.812224
-1.7037 0.812224
-1.75309 0.812224
-1.85185 0.903673
-1.90123 0.951227
-1.85185 0.903673
-1.85185 0.903673
-1.85185 0.903673
-1.80247 0.903673
-2 1
-1.80247 0.903673
-1.80247 0.903673
-2 1
-2 1
-2 1
-1.80247 0.903673
-1.80247 0.903673
-1.55556 0.725652
-1.65432 0.812224
-1.85185 0.903673
-1.55556 0.768328
-1.75309 0.857339
-1.90123 0.951227
-1.85185 0.903673
-1.80247 0.903673
-1.80247 0.857339
-1.80247 0.857339
-1.90123 0.951227
-2 1
-2 1
-2 1
-2 1
-1.90123 0.951227
-2 1
-2 1
-2 1
-1.90123 0.951227
-1.80247 0.903673
-1.90123 0.951227
-1.80247 0.903673
-1.90123 0.951227
-1.80247 0.903673
-1.80247 0.903673
-1.90123 0.951227
-1.80247 0.903673
-1.80247 0.903673
-1.80247 0.903673
-2 1
-2 1
-2 1
-1.90123 0.951227
-2 1
-1.90123 0.951227
-1.90123 0.951227
-1.90123 0.951227
-1.90123 0.951227
-1.7037 0.857339
-1.80247 0.903673
-1.90123 0.951227
-1.90123 0.951227
-1.90123 0.951227
-1.65432 0.812224
-1.60494 0.812224
-1.85185 0.903673
-1.75309 0.857339
-1.80247 0.903673
-1.90123 0.951227
-1.90123 0.951227
-1.90123 0.951227
-1.90123 0.951227
-1.90123 0.951227
-1.90123 0.951227
-1.80247 0.903673
-1.7037 0.857339
-1.90123 0.951227
-1.85185 0.903673
-1.80247 0.903673
-1.80247 0.857339
-1.65432 0.812224
-1.75309 0.857339
-1.55556 0.768328
-1.85185 0.903673
-1.85185 0.903673
-1.85185 0.903673
-1.80247 0.903673
-1.7037 0.812224
-1.85185 0.903673
-1.90123 0.951227
-1.75309 0.857339
-1.7037 0.857339
-1.60494 0.768328
-1.60494 0.768328
-1.65432 0.812224
-1.60494 0.768328
-1.7037 0.768328
-1.80247 0.903673
-2 1
-1.80247 0.903673
-1.90123 0.951227
-1.90123 0.951227
-2 1
-2 1
-1.80247 0.903673
-1.65432 0.812224
-1.80247 0.903673
-2 1
-2 1
-1.90123 0.951227
-1.80247 0.903673
-1.90123 0.951227
-1.75309 0.857339
-1.75309 0.857339
-1.75309 0.857339
-1.90123 0.951227
-1.80247 0.903673
-2 1
-1.80247 0.903673
-1.90123 0.951227
-2 1
-1.90123 0.951227
-1.90123 0.951227
-1.90123 0.951227
-1.90123 0.951227
-2 1
-2 1
-2 1
-1.90123 0.951227
-2 1
-2 1
-2 1
-1.90123 0.951227
-2 1
-1.90123 0.951227
-2 1
-2 1
-1.90123 0.951227
-1.90123 0.951227
-2 1
-2 1
-1.90123 0.951227
-1.90123 0.951227
-1.90123 0.951227
-1.90123 0.951227
-2 1
-2 1
-2 1
-1.90123 0.951227
-1.90123 0.951227
-1.75309 0.857339
-1.85185 0.903673
-2 1
-1.80247 0.903673
-2 1
-1.90123 0.951227
-1.80247 0.903673
-1.75309 0.857339
-1.65432 0.812224
-1.7037 0.857339
-1.80247 0.903673
-1.90123 0.951227
-1.80247 0.903673
-2 1
-2 1
-1.90123 0.951227
-1.80247 0.903673
-1.60494 0.812224
-1.80247 0.903673
-1.80247 0.903673
-1.85185 0.903673
-1.75309 0.857339
-1.75309 0.857339
-1.90123 0.951227
-1.7037 0.857339
-2 1
-1.75309 0.857339
-1.90123 0.951227
-1.80247 0.903673
-2 1
-1.90123 0.951227
-2 1
-2 1
-1.80247 0.903673
-1.90123 0.951227
-1.65432 0.812224
-1.80247 0.903673
-1.50617 0.684194
-1.7037 0.857339
-1.80247 0.903673
-1.80247 0.903673
-1.80247 0.903673
-1.90123 0.951227
-1.90123 0.951227
-2 1
-1.85185 0.903673
-1.80247 0.903673
-1.7037 0.857339
-1.7037 0.857339
-1.55556 0.768328
-1.35802 0.684194
-1.7037 0.857339
-1.80247 0.903673
-1.75309 0.857339
-1.75309 0.857339
-1.90123 0.951227
-1.60494 0.768328
-1.65432 0.768328
-1.75309 0.857339
-1.90123 0.951227
-1.80247 0.903673
-2 1
-1.75309 0.857339
-1.80247 0.903673
-2 1
-1.80247 0.903673
-1.90123 0.951227
-1.90123 0.951227
-1.45679 0.725652
-1.7037 0.857339
-1.80247 0.903673
-1.7037 0.857339
-1.65432 0.812224
-1.80247 0.903673
-1.60494 0.812224
-1.7037 0.812224
-1.65432 0.812224
-1.7037 0.857339
-1.75309 0.857339
-1.85185 0.903673
-1.85185 0.903673
-1.85185 0.903673
-1.90123 0.951227
-2 1
-2 1
-2 1
-1.90123 0.951227
-1.90123 0.951227
-1.7037 0.857339
-1.80247 0.903673
-2 1
-2 1
-1.85185 0.903673
-2 1
-1.80247 0.903673
-2 1
-1.90123 0.951227
-1.80247 0.903673
-2 1
-1.90123 0.951227
-1.80247 0.903673
-1.7037 0.857339
-1.90123 0.951227
-2 1
-1.75309 0.857339
-1.7037 0.857339
-1.75309 0.857339
-1.75309 0.857339
-1.7037 0.812224
-1.90123 0.951227
-2 1
-2 1
-1.90123 0.951227
-1.90123 0.951227
-1.80247 0.903673
-2 1
-2 1
-1.7037 0.857339
-1.80247 0.903673
-1.90123 0.951227
-2 1
-2 1
-2 1
-2 1
-1.90123 0.951227
-1.80247 0.903673
-1.80247 0.903673
-1.90123 0.951227
-1.90123 0.951227
-1.80247 0.903673
-1.60494 0.812224
-1.80247 0.857339
-1.85185 0.903673
-1.7037 0.857339
-1.7037 0.812224
-1.60494 0.768328
-1.7037 0.812224
-1.75309 0.857339
-1.7037 0.812224
-1.80247 0.903673
-1.90123 0.951227
-1.90123 0.951227
-1.90123 0.951227
-1.7037 0.857339
-1.45679 0.725652
-1.60494 0.812224
-1.90123 0.951227
-1.80247 0.903673
-2 1
-2 1
-1.90123 0.951227
-2 1
-2 1
-1.90123 0.951227
-1.90123 0.951227
-1.90123 0.951227
-1.80247 0.903673
-1.75309 0.857339
-1.80247 0.903673
-1.65432 0.812224
-1.65432 0.812224
-1.75309 0.857339
-1.90123 0.951227
-1.80247 0.857339
-1.7037 0.768328
-1.80247 0.857339
-1.7037 0.768328
-1.80247 0.857339
-1.80247 0.857339
-1.75309 0.812224
-1.80247 0.857339
-1.7037 0.812224
-1.60494 0.812224
-1.60494 0.725652
-1.50617 0.643957
-1.55556 0.684194
-1.60494 0.768328
-1.75309 0.812224
-1.75309 0.857339
-1.60494 0.812224
-1.55556 0.725652
-1.65432 0.768328
-1.60494 0.768328
-1.55556 0.768328
-1.45679 0.684194
-1.80247 0.903673
-1.75309 0.857339
-1.60494 0.812224
-1.45679 0.725652
-1.55556 0.725652
-1.60494 0.812224
-1.60494 0.812224
-1.60494 0.768328
-1.60494 0.768328
-1.60494 0.812224
-1.7037 0.768328
-1.60494 0.725652
-1.60494 0.725652
-1.60494 0.684194
-1.60494 0.684194
-1.65432 0.725652
-1.65432 0.643957
-1.7037 0.725652
-1.65432 0.684194
-1.65432 0.643957
-1.60494 0.643957
-1.65432 0.725652
-1.65432 0.725652
-1.65432 0.684194
-1.7037 0.768328
-1.75309 0.812224
-1.65432 0.725652
-1.45679 0.604938
-1.35802 0.495199
-1.40741 0.604938
-1.65432 0.725652
-1.40741 0.604938
-1.50617 0.604938
-1.7037 0.725652
-1.75309 0.812224
-1.75309 0.768328
-1.65432 0.725652
-1.80247 0.812224
-1.75309 0.768328
-1.75309 0.812224
-1.45679 0.643957
-1.60494 0.643957
-1.65432 0.725652
-1.7037 0.768328
-1.65432 0.768328
-1.55556 0.725652
-1.7037 0.812224
-1.55556 0.725652
-1.50617 0.684194
-1.60494 0.725652
-1.7037 0.768328
-1.80247 0.812224
-1.75309 0.857339
-1.90123 0.951227
-1.90123 0.951227
-2 1
-1.80247 0.903673
-1.80247 0.903673
-1.90123 0.951227
-1.80247 0.857339
-1.7037 0.812224
-1.35802 0.567139
-1.7037 0.812224
-1.50617 0.684194
-1.45679 0.643957
-1.45679 0.643957
-1.55556 0.725652
-1.40741 0.604938
-1.35802 0.567139
-1.45679 0.604938
-1.35802 0.530559
-1.30864 0.495199
-1.25926 0.461058
-1.40741 0.530559
-1.35802 0.495199
-1.40741 0.461058
-1.60494 0.604938
-1.65432 0.643957
-1.65432 0.643957
-1.50617 0.567139
-1.55556 0.604938
-1.50617 0.567139
-1.55556 0.530559
-1.55556 0.495199
-1.60494 0.530559
-1.55556 0.461058
-1.55556 0.428136
-1.55556 0.461058
-1.35802 0.428136
-1.50617 0.461058
-1.45679 0.495199
-1.40741 0.461058
-1.25926 0.281817
-1.45679 0.461058
-1.30864 0.396433
-1.25926 0.428136
-1.30864 0.461058
-1.45679 0.567139
-1.20988 0.281817
-1.25926 0.396433
-1.20988 0.336686
-1.30864 0.36595
-1.35802 0.495199
-1.25926 0.396433
-1.16049 0.36595
-1.20988 0.461058
-1.25926 0.495199
-1.20988 0.530559
-1.16049 0.461058
-1.30864 0.567139
-1.30864 0.495199
-1.11111 0.461058
-0.91358 0.336686
-1.06173 0.36595
-0.716049 0.208657
-1.06173 0.336686
-1.20988 0.461058
-1.30864 0.495199
-1.20988 0.396433
-1.16049 0.461058
-1.20988 0.428136
-1.30864 0.461058
-1.30864 0.461058
-1.50617 0.495199
-1.55556 0.530559
-1.45679 0.461058
-1.45679 0.530559
-1.60494 0.643957
-1.55556 0.604938
-1.55556 0.643957
-1.60494 0.684194
-1.35802 0.567139
-1.7037 0.725652
-1.7037 0.725652
-1.75309 0.768328
-1.7037 0.768328
-1.75309 0.768328
-1.65432 0.725652
-1.60494 0.684194
-1.65432 0.768328
-1.7037 0.725652
-1.65432 0.684194
-1.65432 0.684194
-1.45679 0.643957
-1.50617 0.684194
-1.65432 0.768328
-1.60494 0.768328
-1.7037 0.812224
-1.75309 0.768328
-1.60494 0.643957
-1.65432 0.684194
-1.45679 0.604938
-1.50617 0.684194
-1.40741 0.604938
-1.45679 0.567139
-1.30864 0.495199
-1.35802 0.495199
-1.45679 0.604938
-1.35802 0.495199
-1.25926 0.495199
-1.20988 0.428136
-1.25926 0.36595
-1.25926 0.428136
-1.25926 0.495199
-1.25926 0.495199
-1.40741 0.567139
-1.20988 0.495199
-1.40741 0.567139
-1.30864 0.530559
-1.50617 0.684194
-1.55556 0.768328
-1.45679 0.684194
-1.60494 0.768328
-1.40741 0.684194
-1.50617 0.725652
-1.75309 0.857339
-1.55556 0.768328
-1.50617 0.725652
-1.55556 0.725652
-1.7037 0.857339
-1.80247 0.903673
-1.7037 0.857339
-2 1
-1.80247 0.903673
-1.85185 0.903673
-1.75309 0.857339
-1.90123 0.951227
-1.80247 0.903673
-1.90123 0.951227
-1.90123 0.951227
-1.90123 0.951227
-2 1
-1.7037 0.857339
-1.80247 0.903673
-1.90123 0.951227
-1.90123 0.951227
-1.80247 0.903673
-1.75309 0.857339
-1.45679 0.725652
-1.60494 0.768328
-1.65432 0.768328
-1.90123 0.951227
-1.80247 0.903673
-1.90123 0.951227
-1.80247 0.903673
-1.80247 0.903673
-1.90123 0.951227
-1.90123 0.951227
-1.90123 0.951227
-1.90123 0.951227
-1.7037 0.812224
-1.75309 0.857339
-1.90123 0.951227
-1.80247 0.903673
-1.80247 0.857339
-1.80247 0.903673
-1.85185 0.903673
-1.80247 0.903673
-1.90123 0.951227
-1.90123 0.951227
-2 1
-2 1
-2 1
-1.90123 0.951227
-2 1
-1.90123 0.951227
-1.90123 0.951227
-2 1
-1.90123 0.951227
-2 1
-2 1
-2 1
-2 1
-2 1
-2 1
-2 1
-1.80247 0.903673
-1.80247 0.903673
-1.60494 0.812224
-2 1
-2 1
-1.90123 0.951227
-2 1
-1.90123 0.951227
-1.90123 0.951227
-1.80247 0.903673
-1.90123 0.951227
-1.90123 0.951227
-1.80247 0.903673
-1.75309 0.857339
-1.85185 0.903673
-1.80247 0.857339
-1.65432 0.812224
-1.55556 0.684194
-1.90123 0.951227
-1.80247 0.857339
-1.85185 0.903673
-1.80247 0.857339
-2 1
-2 1
-2 1
-2 1
-2 1
-2 1
-2 1
-2 1
-2 1
-2 1
-1.90123 0.951227
-2 1
-1.90123 0.951227
-2 1
-1.90123 0.951227
-1.90123 0.951227
-1.90123 0.951227
-2 1
-1.90123 0.951227
-1.75309 0.857339
-1.55556 0.768328
-1.7037 0.812224
-1.7037 0.857339
-1.90123 0.951227
-1.7037 0.857339
-1.75309 0.857339
-1.60494 0.768328
-1.55556 0.768328
-1.65432 0.768328
-1.65432 0.812224
-1.60494 0.768328
-1.65432 0.812224
-1.80247 0.903673
-1.75309 0.857339
-1.60494 0.768328
-1.80247 0.903673
-1.80247 0.903673
-1.90123 0.951227
-1.55556 0.768328
-1.7037 0.857339
-1.75309 0.857339
-1.90123 0.951227
-1.80247 0.857339
-1.7037 0.812224
-1.7037 0.812224
-1.85185 0.903673
-1.80247 0.857339
-1.80247 0.857339
-1.85185 0.903673
-1.85185 0.903673
-1.85185 0.903673
-1.85185 0.903673
-1.85185 0.903673
-1.90123 0.951227
-1.7037 0.812224
-1.65432 0.812224
-1.80247 0.903673
-1.80247 0.903673
-1.80247 0.903673
-2 1
-1.90123 0.951227
-1.90123 0.951227
-1.80247 0.903673
-1.65432 0.812224
-1.85185 0.903673
-1.7037 0.812224
-1.60494 0.768328
-1.60494 0.768328
-1.80247 0.903673
-1.75309 0.857339
-1.80247 0.903673
-1.75309 0.857339
-1.80247 0.903673
-1.75309 0.857339
-1.75309 0.857339
-1.65432 0.768328
-1.75309 0.857339
-1.90123 0.951227
-1.90123 0.951227
-1.80247 0.903673
-1.7037 0.857339
-1.90123 0.951227
-1.50617 0.768328
-1.7037 0.857339
-1.60494 0.768328
-1.75309 0.857339
-1.60494 0.768328
-1.85185 0.903673
-1.75309 0.857339
-1.80247 0.903673
-1.75309 0.857339
-1.85185 0.903673
-2 1
-1.80247 0.903673
-1.90123 0.951227
-1.80247 0.903673
-2 1
-1.80247 0.903673
-1.80247 0.903673
-1.90123 0.951227
-1.90123 0.951227
-2 1
-1.7037 0.857339
-1.80247 0.903673
-1.90123 0.951227
-1.80247 0.903673
-1.55556 0.725652
-1.7037 0.812224
-1.7037 0.812224
-1.75309 0.812224
-1.85185 0.903673
-1.75309 0.857339
-1.90123 0.951227
-1.7037 0.857339
-1.90123 0.951227
-1.85185 0.903673
-1.80247 0.903673
-1.90123 0.951227
-1.90123 0.951227
-1.80247 0.903673
-1.90123 0.951227
-1.90123 0.951227
-1.7037 0.857339
-1.7037 0.812224
-1.7037 0.812224
-1.85185 0.903673
-1.90123 0.951227
-1.80247 0.903673
-1.90123 0.951227
-1.85185 0.903673
-1.90123 0.951227
-1.80247 0.903673
-1.60494 0.768328
-1.7037 0.812224
-1.85185 0.903673
-1.85185 0.903673
-1.85185 0.903673
-1.85185 0.903673
-1.90123 0.951227
-1.90123 0.951227
-1.80247 0.903673
-1.75309 0.857339
-1.80247 0.857339
-1.75309 0.857339
-1.80247 0.857339
-1.80247 0.857339
-1.75309 0.857339
-1.75309 0.857339
-1.80247 0.903673
-1.75309 0.857339
-1.80247 0.903673
-1.90123 0.951227
-2 1
-1.90123 0.951227
-1.80247 0.903673
-1.90123 0.951227
-2 1
-1.90123 0.951227
-1.80247 0.903673
-1.75309 0.857339
-1.80247 0.903673
-1.90123 0.951227
-1.7037 0.857339
-1.90123 0.951227
-2 1
-1.90123 0.951227
-1.85185 0.903673
-1.85185 0.903673
-1.90123 0.951227
-1.90123 0.951227
-1.85185 0.903673
-2 1
-2 1
-1.80247 0.903673
-2 1
-1.90123 0.951227
-1.80247 0.903673
-1.75309 0.857339
-1.75309 0.857339
-1.75309 0.857339
-1.55556 0.768328
-1.75309 0.857339
-1.90123 0.951227
-2 1
-1.90123 0.951227
-2 1
-1.90123 0.951227
-1.85185 0.903673
-2 1
-2 1
-1.90123 0.951227
-2 1
-2 1
-2 1
-1.90123 0.951227
-2 1
-2 1
-2 1
-2 1
-2 1
-2 1
-1.80247 0.903673
-2 1
-2 1
-1.90123 0.951227
-1.80247 0.903673
-1.80247 0.903673
-1.80247 0.903673
-1.90123 0.951227
-2 1
-1.80247 0.903673
-1.85185 0.903673
-1.80247 0.903673
-1.90123 0.951227
-1.80247 0.857339
-1.7037 0.812224
-1.65432 0.812224
-1.60494 0.725652
-1.75309 0.812224
-1.75309 0.768328
-1.80247 0.857339
-1.85185 0.903673
-1.7037 0.812224
-1.90123 0.951227
-1.7037 0.857339
-1.85185 0.903673
-1.85185 0.903673
-1.90123 0.951227
-1.90123 0.951227
-2 1
-2 1
-1.90123 0.951227
-2 1
-2 1
-2 1
-1.80247 0.903673
-1.80247 0.903673
-1.90123 0.951227
-1.80247 0.903673
-1.80247 0.903673
-1.80247 0.903673
-1.7037 0.857339
-1.80247 0.903673
-1.80247 0.903673
-1.7037 0.857339
-2 1
-2 1
-1.90123 0.951227
-1.80247 0.903673
-1.90123 0.951227
-1.80247 0.903673
-1.80247 0.903673
-1.80247 0.903673
-1.90123 0.951227
-1.80247 0.903673
-1.80247 0.903673
-1.85185 0.903673
-1.65432 0.812224
-1.75309 0.857339
-2 1
-1.90123 0.951227
-1.90123 0.951227
-2 1
-1.90123 0.951227
-1.90123 0.951227
-1.90123 0.951227
-1.90123 0.951227
-2 1
-1.90123 0.951227
-2 1
-1.90123 0.951227
-1.80247 0.903673
-1.90123 0.951227
-1.85185 0.903673
-1.75309 0.857339
-1.75309 0.857339
-1.90123 0.951227
-2 1
-1.80247 0.903673
-1.90123 0.951227
-2 1
-1.90123 0.951227
-1.90123 0.951227
-1.90123 0.951227
-1.85185 0.903673
-1.80247 0.903673
-1.80247 0.903673
-1.90123 0.951227
-1.80247 0.903673
-1.90123 0.951227
-2 1
-2 1
-2 1
-2 1
-2 1
-1.80247 0.903673
-2 1
-1.90123 0.951227
-1.85185 0.903673
-1.80247 0.857339
-1.75309 0.857339
-1.7037 0.812224
-1.80247 0.857339
-1.55556 0.768328
-1.50617 0.684194
-1.60494 0.725652
-1.60494 0.768328
-1.50617 0.725652
-1.65432 0.768328
-1.50617 0.643957
-1.60494 0.725652
-1.60494 0.643957
-1.60494 0.684194
-1.60494 0.684194
-1.7037 0.725652
-1.55556 0.643957
-1.55556 0.604938
-1.50617 0.604938
-1.40741 0.604938
-1.50617 0.643957
-1.40741 0.567139
-1.55556 0.768328
-1.30864 0.643957
-1.35802 0.684194
-1.20988 0.604938
-1.30864 0.495199
-1.50617 0.643957
-1.50617 0.604938
-1.55556 0.643957
-1.65432 0.604938
-1.55556 0.643957
-1.65432 0.643957
-1.7037 0.684194
-1.55556 0.604938
-1.60494 0.684194
-1.80247 0.857339
-1.7037 0.768328
-1.80247 0.857339
-1.65432 0.768328
-1.80247 0.857339
-1.65432 0.768328
-1.60494 0.768328
-1.80247 0.857339
-1.80247 0.857339
-1.80247 0.857339
-1.80247 0.857339
-1.80247 0.857339
-1.65432 0.812224
-1.7037 0.812224
-1.75309 0.857339
-1.7037 0.857339
-1.65432 0.725652
-1.55556 0.725652
-1.45679 0.643957
-1.65432 0.768328
-1.65432 0.768328
-1.65432 0.812224
-1.80247 0.857339
-1.85185 0.903673
-1.90123 0.951227
-1.75309 0.857339
-1.80247 0.903673
-1.90123 0.951227
-1.7037 0.857339
-1.80247 0.903673
-1.90123 0.951227
-1.80247 0.903673
-1.85185 0.903673
-1.7037 0.812224
-1.80247 0.903673
-1.85185 0.903673
-1.90123 0.951227
-1.80247 0.903673
-1.90123 0.951227
-1.90123 0.951227
-2 1
-1.80247 0.903673
-1.90123 0.951227
-2 1
-2 1
-1.90123 0.951227
-1.80247 0.903673
-1.75309 0.857339
-1.7037 0.857339
-1.90123 0.951227
-1.90123 0.951227
-2 1
-2 1
-1.80247 0.903673
-1.90123 0.951227
-1.80247 0.903673
-1.7037 0.857339
-1.80247 0.903673
-1.75309 0.857339
-1.7037 0.857339
-1.7037 0.812224
-1.60494 0.768328
-1.75309 0.857339
-1.55556 0.768328
-1.75309 0.857339
-1.75309 0.857339
-1.80247 0.903673
-1.80247 0.903673
-1.80247 0.903673
-1.90123 0.951227
-1.90123 0.951227
-1.85185 0.903673
-1.65432 0.812224
-1.75309 0.857339
-1.55556 0.768328
-1.90123 0.951227
-1.85185 0.903673
-1.75309 0.857339
-1.55556 0.725652
-1.65432 0.768328
-1.7037 0.857339
-2 1
-2 1
-1.7037 0.857339
-1.80247 0.903673
-1.90123 0.951227
-2 1
-2 1
-1.90123 0.951227
-2 1
-2 1
-2 1
-1.90123 0.951227
-1.90123 0.951227
-1.90123 0.951227
-1.80247 0.903673
-1.90123 0.951227
-1.90123 0.951227
-1.90123 0.951227
-1.90123 0.951227
-2 1
-1.90123 0.951227
-2 1
-1.90123 0.951227
-1.90123 0.951227
-2 1
-1.80247 0.903673
-1.75309 0.857339
-1.65432 0.812224
-1.7037 0.857339
-1.80247 0.903673
-1.80247 0.903673
-1.80247 0.903673
-2 1
-1.90123 0.951227
-2 1
-1.90123 0.951227
-1.85185 0.903673
-1.65432 0.812224
-1.75309 0.857339
-1.80247 0.903673
-1.90123 0.951227
-1.90123 0.951227
-2 1
-2 1
-2 1
-1.90123 0.951227
-1.80247 0.903673
-1.90123 0.951227
-1.90123 0.951227
-2 1
-1.90123 0.951227
-2 1
-1.90123 0.951227
-1.90123 0.951227
-1.90123 0.951227
-1.80247 0.903673
-2 1
-1.7037 0.857339
-1.90123 0.951227
-1.90123 0.951227
-1.90123 0.951227
-2 1
-2 1
-2 1
-2 1
-2 1
-2 1
-2 1
-1.90123 0.951227
-1.90123 0.951227
-2 1
-1.90123 0.951227
-2 1
-1.85185 0.903673
-1.90123 0.951227
-1.90123 0.951227
-1.90123 0.951227
-2 1
-2 1
-2 1
-1.90123 0.951227
-2 1
-1.90123 0.951227
-1.90123 0.951227
-1.90123 0.951227
-1.80247 0.903673
-1.90123 0.951227
-1.80247 0.903673
-1.80247 0.903673
-1.65432 0.812224
-1.7037 0.812224
-1.50617 0.725652
-1.55556 0.768328
-1.65432 0.812224
-1.35802 0.684194
-1.55556 0.725652
-1.65432 0.725652
-1.55556 0.684194
-1.65432 0.684194
-1.45679 0.643957
-1.60494 0.684194
-1.50617 0.643957
-1.50617 0.643957
-1.60494 0.768328
-1.65432 0.768328
-1.65432 0.768328
-1.75309 0.768328
-1.75309 0.768328
-1.50617 0.684194
-1.55556 0.684194
-1.55556 0.684194
-1.45679 0.604938
-1.45679 0.604938
-1.45679 0.604938
-1.35802 0.567139
-1.45679 0.567139
-1.50617 0.530559
-1.50617 0.643957
-1.60494 0.812224
-1.55556 0.725652
-1.30864 0.643957
-1.50617 0.768328
-1.50617 0.768328
-1.40741 0.725652
-1.60494 0.812224
-1.7037 0.812224
-1.75309 0.857339
-1.60494 0.768328
-1.7037 0.812224
-1.80247 0.857339
-1.50617 0.725652
-1.60494 0.768328
-1.55556 0.725652
-1.65432 0.768328
-1.65432 0.768328
-1.60494 0.684194
-1.65432 0.812224
-1.65432 0.812224
-1.50617 0.684194
-1.45679 0.684194
-1.7037 0.812224
-1.60494 0.725652
-1.55556 0.725652
-1.55556 0.725652
-1.30864 0.604938
-1.65432 0.812224
-1.60494 0.768328
-1.45679 0.725652
-1.60494 0.768328
-1.7037 0.857339
-1.75309 0.857339
-1.85185 0.903673
-1.75309 0.857339
-1.80247 0.903673
-2 1
-1.80247 0.903673
-1.80247 0.903673
-1.60494 0.812224
-1.60494 0.812224
-1.75309 0.857339
-1.60494 0.812224
-1.7037 0.857339
-1.75309 0.857339
-1.80247 0.857339
-1.80247 0.857339
-1.85185 0.903673
-1.7037 0.812224
-1.7037 0.812224
-1.7037 0.768328
-1.7037 0.857339
-1.90123 0.951227
-1.90123 0.951227
-1.65432 0.812224
-1.75309 0.857339
-1.7037 0.857339
-1.80247 0.903673
-1.75309 0.857339
-1.90123 0.951227
-1.85185 0.903673
-1.7037 0.812224
-1.85185 0.903673
-2 1
-2 1
-1.90123 0.951227
-1.90123 0.951227
-1.90123 0.951227
-1.85185 0.903673
-1.85185 0.903673
-1.80247 0.903673
-2 1
-1.80247 0.903673
-1.65432 0.812224
-1.90123 0.951227
-1.90123 0.951227
-1.7037 0.857339
-1.90123 0.951227
-1.80247 0.903673
-1.60494 0.768328
-1.7037 0.857339
-1.80247 0.903673
-1.80247 0.903673
-1.80247 0.903673
-1.90123 0.951227
-1.80247 0.903673
-1.90123 0.951227
-1.90123 0.951227
-2 1
-1.90123 0.951227
-1.75309 0.857339
-1.90123 0.951227
-2 1
-1.90123 0.951227
-2 1
-1.90123 0.951227
-1.80247 0.903673
-1.7037 0.857339
-1.85185 0.903673
-1.80247 0.857339
-1.80247 0.857339
-2 1
-2 1
-1.80247 0.903673
-1.7037 0.857339
-1.75309 0.857339
-1.85185 0.903673
-1.85185 0.903673
-2 1
-1.90123 0.951227
-1.90123 0.951227
-1.90123 0.951227
-1.90123 0.951227
-2 1
-1.90123 0.951227
-1.90123 0.951227
-1.75309 0.857339
-2 1
-1.90123 0.951227
-2 1
-2 1
-1.90123 0.951227
-1.80247 0.903673
-2 1
-2 1
-2 1
-2 1
-2 1
-2 1
-2 1
-2 1
-2 1
-2 1
-2 1
-1.80247 0.903673
-1.80247 0.903673
-1.90123 0.951227
-2 1
-2 1
-1.80247 0.903673
-1.75309 0.857339
-1.50617 0.725652
-1.55556 0.725652
-1.45679 0.684194
-1.50617 0.725652
-1.60494 0.768328
-1.55556 0.725652
-1.45679 0.684194
-1.60494 0.768328
-1.60494 0.768328
-1.75309 0.812224
-1.7037 0.812224
-1.75309 0.857339
-1.80247 0.903673
-1.80247 0.903673
-1.60494 0.812224
-1.80247 0.903673
-1.90123 0.951227
-2 1
-1.90123 0.951227
-2 1
-2 1
-1.90123 0.951227
-2 1
-2 1
-2 1
-2 1
-1.80247 0.903673
-1.7037 0.857339
-1.90123 0.951227
-1.90123 0.951227
-1.90123 0.951227
-1.75309 0.857339
-1.7037 0.812224
-1.60494 0.768328
-2 1
-1.75309 0.857339
-1.80247 0.903673
-1.75309 0.857339
-1.7037 0.812224
-1.7037 0.857339
-1.60494 0.768328
-1.80247 0.903673
-1.75309 0.857339
-1.50617 0.725652
-1.75309 0.857339
-1.7037 0.812224
-1.75309 0.857339
-1.60494 0.725652
-1.60494 0.725652
-1.40741 0.684194
-1.55556 0.725652
-1.55556 0.725652
-1.75309 0.857339
-1.75309 0.857339
-1.80247 0.903673
-1.75309 0.857339
-1.75309 0.857339
-1.75309 0.857339
-1.65432 0.725652
-1.80247 0.857339
-1.80247 0.857339
-1.85185 0.903673
-2 1
-1.80247 0.903673
-1.65432 0.812224
-1.85185 0.903673
-1.60494 0.812224
-1.75309 0.857339
-1.75309 0.857339
-1.75309 0.857339
-1.85185 0.903673
-1.90123 0.951227
-1.90123 0.951227
-1.85185 0.903673
-1.90123 0.951227
-1.90123 0.951227
-1.90123 0.951227
-1.40741 0.684194
-1.55556 0.768328
-1.7037 0.857339
-1.60494 0.768328
-1.7037 0.857339
-1.60494 0.812224
-1.55556 0.768328
-1.55556 0.725652
-1.55556 0.725652
-1.7037 0.812224
-1.65432 0.812224
-1.7037 0.857339
-1.7037 0.812224
-1.75309 0.857339
-1.7037 0.725652
-1.7037 0.812224
-1.65432 0.812224
-1.75309 0.812224
-1.65432 0.725652
-1.75309 0.812224
-1.45679 0.684194
-1.65432 0.812224
-1.60494 0.768328
-1.85185 0.903673
-1.7037 0.857339
-1.7037 0.857339
-1.65432 0.812224
-1.60494 0.768328
-1.60494 0.812224
-1.50617 0.768328
-1.60494 0.812224
-1.30864 0.643957
-1.7037 0.857339
-1.65432 0.812224
-1.75309 0.857339
-1.85185 0.903673
-1.65432 0.812224
-1.80247 0.903673
-1.75309 0.857339
-1.85185 0.903673
-1.75309 0.857339
-1.80247 0.903673
-1.75309 0.857339
-1.75309 0.857339
-1.80247 0.903673
-1.90123 0.951227
-1.80247 0.903673
-1.55556 0.768328
-1.7037 0.812224
-1.60494 0.768328
-1.45679 0.684194
-1.50617 0.684194
-1.7037 0.768328
-1.65432 0.768328
-1.75309 0.768328
-1.7037 0.768328
-1.65432 0.768328
-1.65432 0.812224
-1.80247 0.903673
-1.65432 0.812224
-1.80247 0.903673
-1.75309 0.857339
-1.7037 0.857339
-1.7037 0.857339
-1.80247 0.903673
-1.90123 0.951227
-1.90123 0.951227
-1.80247 0.903673
-1.80247 0.903673
-2 1
-1.90123 0.951227
-1.90123 0.951227
-1.80247 0.903673
-1.65432 0.812224
-1.75309 0.857339
-1.75309 0.857339
-1.55556 0.768328
-1.80247 0.903673
-1.80247 0.903673
-2 1
-2 1
-1.90123 0.951227
-1.85185 0.903673
-1.85185 0.903673
-1.65432 0.812224
-1.60494 0.768328
-1.55556 0.725652
-1.7037 0.812224
-1.7037 0.857339
-1.7037 0.857339
-1.65432 0.812224
-1.80247 0.903673
-1.65432 0.812224
-1.60494 0.768328
-1.80247 0.857339
-1.85185 0.903673
-1.85185 0.903673
-1.85185 0.903673
-1.85185 0.903673
-1.80247 0.857339
-1.75309 0.857339
-1.80247 0.857339
-1.90123 0.951227
-1.90123 0.951227
-1.80247 0.903673
-1.80247 0.903673
-1.80247 0.903673
-1.75309 0.857339
-1.85185 0.903673
-2 1
-2 1
-2 1
-2 1
-2 1
-1.7037 0.857339
-1.90123 0.951227
-2 1
-1.90123 0.951227
-1.75309 0.857339
-1.90123 0.951227
-1.90123 0.951227
-1.85185 0.903673
-1.90123 0.951227
-1.90123 0.951227
-2 1
-2 1
-2 1
-2 1
-1.90123 0.951227
-1.90123 0.951227
-1.90123 0.951227
-1.90123 0.951227
-1.80247 0.903673
-1.80247 0.903673
-1.80247 0.903673
-1.90123 0.951227
-1.7037 0.857339
-1.65432 0.812224
-2 1
-1.80247 0.903673
-1.90123 0.951227
-1.80247 0.903673
-1.80247 0.903673
-1.7037 0.857339
-2 1
-1.90123 0.951227
-1.75309 0.857339
-1.75309 0.857339
-1.75309 0.857339
-1.45679 0.643957
-1.80247 0.903673
-1.60494 0.768328
-1.7037 0.857339
-1.7037 0.857339
-1.75309 0.857339
-1.90123 0.951227
-1.90123 0.951227
-1.80247 0.903673
-1.80247 0.903673
-1.35802 0.684194
-1.60494 0.812224
-1.90123 0.951227
-1.90123 0.951227
-1.90123 0.951227
-2 1
-2 1
-1.85185 0.903673
-1.90123 0.951227
-1.80247 0.903673
-1.90123 0.951227
-1.7037 0.857339
-1.80247 0.903673
-1.85185 0.903673
-1.90123 0.951227
-1.90123 0.951227
-1.85185 0.903673
-2 1
-2 1
-1.90123 0.951227
-1.80247 0.903673
-1.80247 0.903673
-1.7037 0.857339
-1.40741 0.684194
-1.55556 0.684194
-1.55556 0.725652
-1.40741 0.725652
-1.45679 0.725652
-1.7037 0.812224
-1.7037 0.857339
-1.65432 0.768328
-1.85185 0.903673
-1.55556 0.768328
-1.45679 0.725652
-1.45679 0.684194
-1.60494 0.768328
-1.60494 0.768328
-1.60494 0.684194
-1.65432 0.768328
-1.80247 0.903673
-1.7037 0.857339
-1.50617 0.725652
-1.60494 0.812224
-1.60494 0.812224
-1.55556 0.768328
-1.50617 0.768328
-1.60494 0.812224
-1.55556 0.768328
-1.60494 0.725652
-1.55556 0.725652
-1.75309 0.857339
-1.7037 0.812224
-1.55556 0.684194
-1.65432 0.725652
-1.60494 0.684194
-1.7037 0.684194
-1.65432 0.684194
-1.60494 0.684194
-1.7037 0.725652
-1.65432 0.725652
-1.55556 0.684194
-1.80247 0.812224
-1.80247 0.857339
-1.80247 0.812224
-1.75309 0.768328
-1.60494 0.684194
-1.7037 0.768328
-1.80247 0.812224
-1.80247 0.812224
-1.80247 0.812224
-1.80247 0.812224
-1.80247 0.857339
-1.7037 0.812224
-1.80247 0.857339
-1.75309 0.812224
-1.50617 0.725652
-1.45679 0.684194
-1.40741 0.643957
-1.40741 0.684194
-1.50617 0.725652
-1.7037 0.768328
-1.7037 0.857339
-1.7037 0.857339
-1.90123 0.951227
-1.80247 0.903673
-1.80247 0.903673
-2 1
-2 1
-1.90123 0.951227
-1.80247 0.903673
-1.90123 0.951227
-1.60494 0.812224
-1.7037 0.857339
-1.7037 0.857339
-1.75309 0.857339
-1.80247 0.903673
-1.90123 0.951227
-1.80247 0.903673
-2 1
-2 1
-1.90123 0.951227
-1.90123 0.951227
-1.90123 0.951227
-2 1
-2 1
-1.90123 0.951227
-1.90123 0.951227
-1.90123 0.951227
-1.90123 0.951227
-2 1
-1.80247 0.903673
-1.80247 0.903673
-2 1
-2 1
-2 1
-2 1
-2 1
-2 1
-1.90123 0.951227
-1.80247 0.903673
-2 1
-2 1
-2 1
-2 1
-2 1
-1.90123 0.951227
-1.7037 0.857339
-2 1
-1.90123 0.951227
-1.90123 0.951227
-1.90123 0.951227
-1.90123 0.951227
-2 1
-2 1
-1.90123 0.951227
-2 1
-2 1
-2 1
-2 1
-2 1
-1.7037 0.857339
-1.90123 0.951227
-1.80247 0.903673
-2 1
-2 1
-2 1
-2 1
-2 1
-1.90123 0.951227
-1.90123 0.951227
-2 1
-2 1
-2 1
-2 1
-1.80247 0.903673
-1.90123 0.951227
-1.90123 0.951227
-2 1
-1.90123 0.951227
-2 1
-2 1
-2 1
-2 1
-2 1
-1.90123 0.951227
-2 1
-1.90123 0.951227
-2 1
-2 1
-2 1
-2 1
-1.80247 0.903673
-1.90123 0.951227
-1.90123 0.951227
-1.90123 0.951227
-1.85185 0.903673
-1.85185 0.903673
-1.75309 0.857339
-1.80247 0.903673
-1.75309 0.857339
-1.75309 0.857339
-1.90123 0.951227
-1.75309 0.857339
-1.65432 0.812224
-1.7037 0.857339
-1.50617 0.768328
-1.55556 0.768328
-1.65432 0.768328
-1.65432 0.812224
-1.55556 0.725652
-1.55556 0.725652
-1.30864 0.604938
-1.50617 0.725652
-1.50617 0.684194
-1.40741 0.643957
-1.40741 0.567139
-1.55556 0.604938
-1.55556 0.643957
-1.65432 0.604938
-1.55556 0.567139
-1.55556 0.604938
-1.40741 0.530559
-1.50617 0.567139
-1.35802 0.530559
-1.40741 0.530559
-1.45679 0.604938
-1.40741 0.643957
-1.40741 0.567139
-1.45679 0.643957
-1.65432 0.684194
-1.55556 0.768328
-1.65432 0.812224
-1.65432 0.812224
-1.85185 0.903673
-1.75309 0.857339
-1.85185 0.903673
-1.85185 0.903673
-1.90123 0.951227
-1.90123 0.951227
-1.90123 0.951227
-1.90123 0.951227
-1.85185 0.903673
-1.90123 0.951227
-1.55556 0.725652
-1.60494 0.812224
-1.75309 0.857339
-1.65432 0.812224
-1.7037 0.812224
-1.85185 0.903673
-1.75309 0.812224
-1.85185 0.903673
-1.75309 0.857339
-1.50617 0.725652
-1.45679 0.684194
-1.45679 0.684194
-1.45679 0.684194
-1.30864 0.643957
-1.50617 0.768328
-1.45679 0.725652
-1.40741 0.684194
-1.40741 0.684194
-1.45679 0.725652
-1.45679 0.684194
-1.55556 0.768328
-1.45679 0.725652
-1.60494 0.768328
-1.80247 0.903673
-1.75309 0.857339
-1.65432 0.812224
-1.65432 0.812224
-1.7037 0.857339
-1.50617 0.725652
-1.65432 0.812224
-1.65432 0.812224
-1.7037 0.857339
-1.75309 0.857339
-1.90123 0.951227
-1.80247 0.903673
-1.80247 0.903673
-2 1
-2 1
-1.90123 0.951227
-1.90123 0.951227
-1.90123 0.951227
-2 1
-2 1
-1.90123 0.951227
-2 1
-2 1
-2 1
-1.80247 0.903673
-2 1
-1.90123 0.951227
-2 1
-2 1
-1.90123 0.951227
-1.90123 0.951227
-1.90123 0.951227
-1.90123 0.951227
-1.90123 0.951227
-1.80247 0.903673
-2 1
-2 1
-2 1
-2 1
-2 1
-2 1
-1.90123 0.951227
-2 1
-2 1
-2 1
-2 1
-2 1
-2 1
-1.90123 0.951227
-2 1
-1.90123 0.951227
-2 1
-2 1
-2 1
-2 1
-1.90123 0.951227
-1.80247 0.903673
-1.75309 0.857339
-1.80247 0.903673
-1.7037 0.812224
-1.7037 0.857339
-1.7037 0.857339
-1.80247 0.903673
-1.90123 0.951227
-1.85185 0.903673
-1.90123 0.951227
-1.90123 0.951227
-1.7037 0.857339
-1.90123 0.951227
-1.90123 0.951227
-1.90123 0.951227
-1.85185 0.903673
-2 1
-2 1
-2 1
-1.80247 0.903673
-1.90123 0.951227
-2 1
-2 1
-2 1
-2 1
-2 1
-1.90123 0.951227
-1.90123 0.951227
-1.90123 0.951227
-1.75309 0.857339
-1.60494 0.768328
-1.65432 0.812224
-1.55556 0.725652
-1.40741 0.684194
-1.55556 0.768328
-1.45679 0.725652
-1.60494 0.768328
-1.80247 0.903673
-1.7037 0.812224
-1.65432 0.812224
-1.55556 0.725652
-1.45679 0.643957
-1.40741 0.604938
-1.60494 0.725652
-1.45679 0.643957
-1.80247 0.812224
-1.65432 0.812224
-1.75309 0.857339
-1.7037 0.857339
-1.80247 0.903673
-1.90123 0.951227
-1.90123 0.951227
-2 1
-2 1
-1.85185 0.903673
-1.80247 0.857339
-1.80247 0.903673
-1.80247 0.903673
-1.85185 0.903673
-1.65432 0.812224
-1.7037 0.857339
-1.7037 0.857339
-1.7037 0.857339
-1.7037 0.857339
-1.75309 0.857339
-1.75309 0.857339
-1.65432 0.812224
-1.75309 0.857339
-1.7037 0.857339
-1.80247 0.903673
-1.80247 0.903673
-1.85185 0.903673
-1.80247 0.903673
-1.85185 0.903673
-1.80247 0.903673
-1.80247 0.903673
-1.80247 0.903673
-1.90123 0.951227
-1.80247 0.903673
-1.7037 0.812224
-1.60494 0.725652
-1.55556 0.725652
-1.60494 0.725652
-1.50617 0.684194
-1.55556 0.725652
-1.65432 0.768328
-1.7037 0.812224
-1.60494 0.768328
-1.60494 0.768328
-1.60494 0.768328
-1.75309 0.857339
-1.75309 0.857339
-1.90123 0.951227
-1.75309 0.857339
-1.90123 0.951227
-1.90123 0.951227
-1.80247 0.903673
-1.80247 0.903673
-1.80247 0.903673
-1.80247 0.903673
-1.80247 0.903673
-1.80247 0.903673
-1.90123 0.951227
-1.90123 0.951227
-1.85185 0.903673
-1.85185 0.903673
-1.75309 0.857339
-1.90123 0.951227
-1.90123 0.951227
-2 1
-2 1
-1.90123 0.951227
-2 1
-2 1
-2 1
-1.85185 0.903673
-1.80247 0.903673
-1.7037 0.857339
-1.75309 0.857339
-1.7037 0.812224
-1.85185 0.903673
-1.75309 0.857339
-1.75309 0.857339
-1.80247 0.903673
-1.90123 0.951227
-2 1
-2 1
-2 1
-2 1
-2 1
-2 1
-2 1
-2 1
-1.75309 0.857339
-1.7037 0.857339
-1.90123 0.951227
-1.90123 0.951227
-1.90123 0.951227
-1.90123 0.951227
-1.90123 0.951227
-1.90123 0.951227
-2 1
-1.75309 0.857339
-1.90123 0.951227
-1.80247 0.903673
-2 1
-2 1
-2 1
-1.90123 0.951227
-2 1
-2 1
-2 1
-1.90123 0.951227
-2 1
-1.90123 0.951227
-1.90123 0.951227
-1.80247 0.903673
-1.90123 0.951227
-1.80247 0.903673
-1.65432 0.768328
-1.65432 0.812224
-1.75309 0.857339
-1.85185 0.903673
-1.65432 0.812224
-1.75309 0.857339
-1.75309 0.857339
-1.80247 0.903673
-1.75309 0.857339
-1.65432 0.812224
-1.7037 0.857339
-1.90123 0.951227
-1.90123 0.951227
-1.80247 0.903673
-1.90123 0.951227
-1.90123 0.951227
-1.60494 0.812224
-1.85185 0.903673
-1.90123 0.951227
-1.7037 0.812224
-1.85185 0.903673
-1.90123 0.951227
-1.90123 0.951227
-1.90123 0.951227
-1.75309 0.857339
-1.75309 0.857339
-1.55556 0.725652
-1.65432 0.768328
-1.40741 0.643957
-1.50617 0.725652
-1.7037 0.857339
-1.60494 0.768328
-1.7037 0.857339
-1.60494 0.768328
-1.45679 0.684194
-1.50617 0.643957
-1.40741 0.643957
-1.60494 0.768328
-1.7037 0.857339
-1.65432 0.812224
-1.60494 0.768328
-1.50617 0.725652
-1.60494 0.604938
-1.60494 0.643957
-1.55556 0.643957
-1.65432 0.768328
-1.60494 0.725652
-1.55556 0.684194
-1.65432 0.768328
-1.55556 0.725652
-1.50617 0.725652
-1.50617 0.725652
-1.40741 0.643957
-1.45679 0.684194
-1.55556 0.768328
-1.75309 0.857339
-1.65432 0.812224
-1.65432 0.812224
-1.40741 0.684194
-1.60494 0.768328
-1.55556 0.768328
-1.60494 0.768328
-1.45679 0.604938
-1.35802 0.567139
-1.40741 0.643957
-1.30864 0.567139
-1.50617 0.725652
-1.40741 0.684194
-1.75309 0.857339
-1.7037 0.812224
-1.90123 0.951227
-1.80247 0.903673
-1.60494 0.725652
-1.30864 0.604938
-1.40741 0.684194
-1.40741 0.604938
-1.50617 0.643957
-1.60494 0.768328
-1.45679 0.684194
-1.75309 0.857339
-1.65432 0.768328
-1.85185 0.903673
-1.80247 0.857339
-1.75309 0.812224
-1.75309 0.812224
-1.85185 0.903673
-1.80247 0.857339
-1.80247 0.857339
-1.90123 0.951227
-1.7037 0.812224
-1.90123 0.951227
-1.80247 0.903673
-1.90123 0.951227
-2 1
-2 1
-2 1
-2 1
-1.80247 0.903673
-1.80247 0.903673
-1.80247 0.903673
-1.90123 0.951227
-1.85185 0.903673
-1.90123 0.951227
-1.80247 0.903673
-1.7037 0.857339
-1.80247 0.903673
-1.90123 0.951227
-1.7037 0.857339
-1.80247 0.857339
-1.90123 0.951227
-1.7037 0.812224
-1.75309 0.857339
-1.90123 0.951227
-1.80247 0.903673
-2 1
-1.90123 0.951227
-1.90123 0.951227
-2 1
-1.90123 0.951227
-2 1
-2 1
-2 1
-2 1
-2 1
-2 1
-2 1
-2 1
-1.90123 0.951227
-1.7037 0.857339
-1.80247 0.903673
-1.80247 0.903673
-1.75309 0.857339
-1.90123 0.951227
-1.80247 0.903673
-1.7037 0.857339
-1.60494 0.812224
-1.65432 0.812224
-1.60494 0.768328
-1.65432 0.812224
-1.50617 0.768328
-1.7037 0.857339
-1.80247 0.903673
-1.60494 0.812224
-1.80247 0.903673
-1.85185 0.903673
-1.80247 0.903673
-1.60494 0.768328
-1.60494 0.812224
-1.60494 0.768328
-1.55556 0.768328
-1.60494 0.768328
-1.50617 0.725652
-1.50617 0.725652
-1.35802 0.643957
-1.45679 0.684194
-1.55556 0.768328
-1.50617 0.725652
-1.55556 0.768328
-1.40741 0.684194
-1.50617 0.725652
-1.40741 0.684194
-1.45679 0.725652
-1.65432 0.812224
-1.7037 0.857339
-1.60494 0.812224
-1.75309 0.857339
-1.85185 0.903673
-1.65432 0.812224
-1.7037 0.812224
-1.7037 0.812224
-1.7037 0.812224
-1.60494 0.725652
-1.7037 0.857339
-2 1
-1.90123 0.951227
-1.80247 0.903673
-1.7037 0.857339
-1.55556 0.768328
-1.60494 0.812224
-1.75309 0.857339
-1.55556 0.768328
-1.50617 0.725652
-1.60494 0.812224
-1.90123 0.951227
-1.80247 0.903673
-2 1
-2 1
-2 1
-2 1
-1.85185 0.903673
-2 1
-1.75309 0.857339
-1.75309 0.857339
-1.60494 0.812224
-1.60494 0.812224
-1.80247 0.903673
-1.7037 0.857339
-1.90123 0.951227
-1.90123 0.951227
-1.90123 0.951227
-1.90123 0.951227
-1.85185 0.903673
-1.85185 0.903673
-1.85185 0.903673
-1.80247 0.857339
-1.60494 0.768328
-1.7037 0.812224
-1.85185 0.903673
-1.75309 0.857339
-1.90123 0.951227
-2 1
-1.90123 0.951227
-1.90123 0.951227
-2 1
-2 1
-1.85185 0.903673
-1.90123 0.951227
-2 1
-2 1
-1.7037 0.857339
-2 1
-1.80247 0.903673
-1.80247 0.903673
-1.80247 0.857339
-1.7037 0.857339
-1.80247 0.857339
-1.80247 0.857339
-1.85185 0.903673
-1.90123 0.951227
-1.90123 0.951227
-1.80247 0.903673
-1.7037 0.857339
-1.90123 0.951227
-1.90123 0.951227
-1.80247 0.903673
-2 1
-1.7037 0.857339
-1.7037 0.857339
-1.85185 0.903673
-1.65432 0.812224
-1.80247 0.857339
-1.65432 0.812224
-1.85185 0.903673
-1.90123 0.951227
-1.80247 0.903673
-1.85185 0.903673
-1.90123 0.951227
-1.80247 0.903673
-1.90123 0.951227
-1.80247 0.857339
-1.90123 0.951227
-1.85185 0.903673
-1.85185 0.903673
-1.85185 0.903673
-1.80247 0.903673
-1.80247 0.903673
-1.90123 0.951227
-1.80247 0.903673
-2 1
-2 1
-2 1
-2 1
-2 1
-2 1
-2 1
-2 1
-2 1
-1.90123 0.951227
-1.90123 0.951227
-1.90123 0.951227
-1.90123 0.951227
-1.90123 0.951227
-2 1
-2 1
-2 1
-1.90123 0.951227
-2 1
-1.85185 0.903673
-1.90123 0.951227
-2 1
-1.80247 0.903673
-2 1
-2 1
-2 1
-1.90123 0.951227
-1.90123 0.951227
-2 1
-1.80247 0.903673
-2 1
-2 1
-2 1
-2 1
-2 1
-1.90123 0.951227
-2 1
-2 1
-1.90123 0.951227
-1.90123 0.951227
-1.85185 0.903673
-1.90123 0.951227
-1.90123 0.951227
-1.85185 0.903673
-1.90123 0.951227
-1.90123 0.951227
-1.7037 0.857339
-1.75309 0.857339
-1.85185 0.903673
-1.80247 0.903673
-1.80247 0.903673
-2 1
-1.75309 0.857339
-1.80247 0.903673
-1.80247 0.903673
-1.90123 0.951227
-2 1
-2 1
-2 1
-1.90123 0.951227
-1.85185 0.903673
-1.65432 0.812224
-1.85185 0.903673
-1.80247 0.903673
-1.85185 0.903673
-1.85185 0.903673
-1.65432 0.812224
-1.7037 0.812224
-1.75309 0.857339
-1.75309 0.857339
-1.80247 0.903673
-2 1
-1.90123 0.951227
-2 1
-1.90123 0.951227
-1.90123 0.951227
-1.90123 0.951227
-1.80247 0.903673
-1.80247 0.903673
-2 1
-2 1
-1.90123 0.951227
-1.90123 0.951227
-2 1
-1.80247 0.903673
-1.80247 0.903673
-1.90123 0.951227
-1.80247 0.857339
-1.50617 0.768328
-1.80247 0.903673
-1.75309 0.857339
-1.75309 0.857339
-1.80247 0.903673
-1.7037 0.812224
-1.55556 0.768328
-1.60494 0.768328
-1.40741 0.604938
-1.45679 0.604938
-1.50617 0.604938
-1.50617 0.604938
-1.50617 0.604938
-1.75309 0.725652
-1.65432 0.684194
-1.50617 0.643957
-1.35802 0.567139
-1.65432 0.768328
-1.55556 0.725652
-1.40741 0.643957
-1.55556 0.684194
-1.55556 0.725652
-1.50617 0.684194
-1.50617 0.684194
-1.50617 0.684194
-1.55556 0.725652
-1.60494 0.768328
-1.55556 0.768328
-1.50617 0.725652
-1.65432 0.812224
-1.55556 0.768328
-1.60494 0.812224
-1.60494 0.768328
-1.7037 0.812224
-1.65432 0.812224
-1.75309 0.857339
-1.80247 0.903673
-1.85185 0.903673
-1.90123 0.951227
-1.80247 0.903673
-1.80247 0.857339
-1.85185 0.903673
-1.85185 0.903673
-1.85185 0.903673
-2 1
-1.80247 0.903673
-1.60494 0.768328
-1.60494 0.768328
-1.7037 0.857339
-1.65432 0.812224
-1.55556 0.768328
-1.80247 0.903673
-1.7037 0.857339
-1.90123 0.951227
-1.90123 0.951227
-2 1
-2 1
-1.90123 0.951227
-1.7037 0.857339
-1.90123 0.951227
-1.90123 0.951227
-2 1
-2 1
-2 1
-2 1
-2 1
-1.90123 0.951227
-1.80247 0.903673
-1.7037 0.812224
-1.80247 0.903673
-1.80247 0.903673
-1.7037 0.812224
-1.65432 0.812224
-1.65432 0.812224
-1.75309 0.857339
-1.7037 0.857339
-1.80247 0.903673
-1.75309 0.857339
-1.85185 0.903673
-1.90123 0.951227
-2 1
-2 1
-1.90123 0.951227
-2 1
-1.90123 0.951227
-1.80247 0.903673
-1.90123 0.951227
-1.90123 0.951227
-2 1
-1.90123 0.951227
-2 1
-2 1
-2 1
-2 1
-2 1
-1.90123 0.951227
-1.90123 0.951227
-1.90123 0.951227
-1.90123 0.951227
-1.90123 0.951227
-2 1
-1.80247 0.903673
-2 1
-2 1
-1.90123 0.951227
-2 1
-1.90123 0.951227
-1.80247 0.903673
-1.80247 0.903673
-1.7037 0.857339
-1.90123 0.951227
-1.90123 0.951227
-1.90123 0.951227
-1.90123 0.951227
-1.90123 0.951227
-2 1
-2 1
-1.90123 0.951227
-2 1
-2 1
-1.90123 0.951227
-1.90123 0.951227
-2 1
-2 1
-2 1
-2 1
-2 1
-2 1
-2 1
-2 1
-2 1
-2 1
-2 1
-2 1
-1.80247 0.903673
-1.80247 0.903673
-2 1
-2 1
-1.90123 0.951227
-1.75309 0.857339
-1.90123 0.951227
-1.90123 0.951227
-1.90123 0.951227
-1.90123 0.951227
-1.80247 0.857339
-1.80247 0.812224
-1.85185 0.903673
-1.80247 0.903673
-1.90123 0.951227
-1.90123 0.951227
-2 1
-1.90123 0.951227
-1.85185 0.903673
-1.85185 0.903673
-1.90123 0.951227
-1.90123 0.951227
-1.80247 0.903673
-1.7037 0.857339
-1.75309 0.857339
-1.65432 0.812224
-1.75309 0.857339
-1.75309 0.857339
-1.60494 0.768328
-1.40741 0.643957
-1.45679 0.684194
-1.40741 0.567139
-1.45679 0.643957
-1.45679 0.643957
-1.65432 0.768328
-1.80247 0.857339
-1.7037 0.768328
-1.55556 0.684194
-1.60494 0.725652
-1.60494 0.768328
-1.60494 0.768328
-1.50617 0.725652
-1.60494 0.725652
-1.60494 0.768328
-1.60494 0.643957
-1.45679 0.567139
-1.65432 0.643957
-1.55556 0.643957
-1.45679 0.604938
-1.45679 0.604938
-1.30864 0.428136
-1.40741 0.530559
-1.50617 0.530559
-1.30864 0.396433
-1.35802 0.396433
-1.20988 0.396433
-1.40741 0.461058
-1.45679 0.567139
-1.20988 0.396433
-1.20988 0.530559
-1.16049 0.428136
-0.962963 0.281817
-1.06173 0.281817
-1.11111 0.308642
-1.30864 0.461058
-1.35802 0.495199
-1.20988 0.461058
-1.35802 0.530559
-1.35802 0.604938
-1.30864 0.461058
-1.30864 0.461058
-1.25926 0.495199
-1.11111 0.36595
-1.11111 0.461058
-1.06173 0.495199
-1.16049 0.495199
-1.16049 0.461058
-1.11111 0.396433
-1.25926 0.396433
-1.11111 0.428136
-1.25926 0.530559
-1.30864 0.461058
-1.25926 0.530559
-1.30864 0.567139
-1.16049 0.495199
-0.91358 0.396433
-1.11111 0.461058
-1.35802 0.604938
-1.35802 0.567139
-1.50617 0.684194
-1.30864 0.567139
-1.25926 0.495199
-1.30864 0.428136
-1.20988 0.495199
-1.35802 0.604938
-1.20988 0.428136
-1.25926 0.530559
-1.35802 0.530559
-1.35802 0.495199
-1.30864 0.567139
-1.30864 0.604938
-1.30864 0.604938
-1.50617 0.604938
-1.20988 0.495199
-1.30864 0.461058
-1.20988 0.396433
-1.11111 0.36595
-1.20988 0.461058
-1.30864 0.461058
-1.35802 0.530559
-1.25926 0.495199
-1.40741 0.604938
-1.16049 0.495199
-1.40741 0.643957
-1.40741 0.643957
-1.20988 0.567139
-1.30864 0.643957
-1.45679 0.725652
-1.45679 0.643957
-1.25926 0.530559
-1.35802 0.643957
-1.25926 0.604938
-1.25926 0.604938
-1.50617 0.725652
-1.25926 0.567139
-1.20988 0.567139
-1.25926 0.643957
-1.45679 0.684194
-1.55556 0.725652
-1.35802 0.643957
-1.45679 0.684194
-1.35802 0.604938
-1.35802 0.604938
-1.35802 0.567139
-1.45679 0.604938
-1.25926 0.643957
-1.25926 0.567139
-1.40741 0.530559
-1.60494 0.567139
-1.65432 0.604938
-1.55556 0.530559
-1.55556 0.530559
-1.55556 0.567139
-1.60494 0.567139
-1.55556 0.643957
-1.75309 0.768328
-1.65432 0.684194
-1.65432 0.684194
-1.7037 0.725652
-1.60494 0.684194
-1.55556 0.643957
-1.60494 0.643957
-1.60494 0.684194
-1.50617 0.643957
-1.60494 0.725652
-1.50617 0.684194
-1.85185 0.903673
-1.80247 0.903673
-1.7037 0.857339
-1.90123 0.951227
-1.90123 0.951227
-1.90123 0.951227
-1.90123 0.951227
-1.90123 0.951227
-1.85185 0.903673
-1.80247 0.857339
-1.80247 0.857339
-1.80247 0.857339
-1.75309 0.812224
-1.60494 0.725652
-1.7037 0.857339
-1.80247 0.903673
-1.7037 0.812224
-1.7037 0.812224
-1.7037 0.812224
-1.7037 0.812224
-1.55556 0.768328
-1.55556 0.768328
-1.90123 0.951227
-1.90123 0.951227
-1.90123 0.951227
-1.90123 0.951227
-1.90123 0.951227
-2 1
-2 1
-2 1
-2 1
-1.90123 0.951227
-1.80247 0.903673
-1.80247 0.903673
-1.75309 0.857339
-1.60494 0.768328
-1.65432 0.725652
-1.55556 0.725652
-1.60494 0.812224
-1.65432 0.812224
-1.75309 0.857339
-1.65432 0.812224
-1.7037 0.857339
-1.85185 0.903673
-1.75309 0.857339
-1.75309 0.857339
-1.25926 0.604938
-1.65432 0.812224
-1.80247 0.903673
-1.90123 0.951227
-1.75309 0.857339
-1.7037 0.857339
-1.80247 0.903673
-1.90123 0.951227
-2 1
-2 1
-1.80247 0.903673
-1.90123 0.951227
-1.80247 0.903673
-1.90123 0.951227
-1.80247 0.903673
-1.80247 0.903673
-1.80247 0.903673
-1.7037 0.857339
-1.75309 0.857339
-1.7037 0.812224
-1.80247 0.857339
-1.80247 0.903673
-1.80247 0.857339
-1.80247 0.857339
-1.75309 0.812224
-1.85185 0.903673
-1.80247 0.857339
-1.80247 0.857339
-1.85185 0.903673
-1.85185 0.903673
-1.85185 0.903673
-1.85185 0.903673
-1.85185 0.903673
-1.75309 0.857339
-1.90123 0.951227
-1.90123 0.951227
-2 1
-2 1
-2 1
-2 1
-2 1
-1.90123 0.951227
-1.90123 0.951227
-1.90123 0.951227
-2 1
-2 1
-1.90123 0.951227
-1.90123 0.951227
-1.90123 0.951227
-2 1
-2 1
-2 1
-1.75309 0.857339
-1.85185 0.903673
-2 1
-1.90123 0.951227
-2 1
-1.90123 0.951227
-1.90123 0.951227
-1.80247 0.903673
-1.90123 0.951227
-1.7037 0.857339
-1.75309 0.857339
-1.75309 0.857339
-1.75309 0.857339
-1.75309 0.857339
-1.7037 0.812224
-1.80247 0.903673
-1.7037 0.857339
-1.75309 0.812224
-1.75309 0.857339
-1.80247 0.903673
-1.90123 0.951227
-1.85185 0.903673
-1.80247 0.857339
-1.65432 0.812224
-1.90123 0.951227
-1.90123 0.951227
-1.90123 0.951227
-1.7037 0.857339
-1.7037 0.857339
-1.80247 0.903673
-1.85185 0.903673
-1.80247 0.903673
-1.90123 0.951227
-1.90123 0.951227
-2 1
-1.90123 0.951227
-1.80247 0.903673
-1.90123 0.951227
-1.90123 0.951227
-1.60494 0.812224
-1.75309 0.857339
-1.60494 0.768328
-1.65432 0.812224
-1.7037 0.812224
-1.60494 0.768328
-1.65432 0.812224
-1.90123 0.951227
-2 1
-2 1
-1.80247 0.903673
-1.90123 0.951227
-2 1
-1.90123 0.951227
-1.90123 0.951227
-2 1
-2 1
-1.90123 0.951227
-1.90123 0.951227
-1.90123 0.951227
-1.80247 0.903673
-1.90123 0.951227
-2 1
-1.7037 0.857339
-1.7037 0.857339
-1.60494 0.812224
-1.40741 0.725652
-1.55556 0.725652
-1.50617 0.725652
-1.55556 0.725652
-1.45679 0.604938
-1.60494 0.684194
-1.35802 0.643957
-1.50617 0.643957
-1.65432 0.725652
-1.50617 0.643957
-1.50617 0.643957
-1.50617 0.643957
-1.45679 0.604938
-1.35802 0.530559
-1.50617 0.684194
-1.60494 0.684194
-1.50617 0.684194
-1.45679 0.684194
-1.35802 0.567139
-1.35802 0.530559
-1.35802 0.530559
-1.45679 0.604938
-1.55556 0.684194
-1.50617 0.684194
-1.45679 0.643957
-1.50617 0.725652
-1.45679 0.684194
-1.35802 0.604938
-1.40741 0.684194
-1.20988 0.567139
-1.35802 0.643957
-1.40741 0.643957
-1.45679 0.725652
-1.65432 0.812224
-1.55556 0.768328
-1.7037 0.812224
-1.7037 0.857339
-1.7037 0.812224
-1.50617 0.725652
-1.60494 0.812224
-1.65432 0.812224
-1.55556 0.725652
-1.80247 0.903673
-2 1
-1.90123 0.951227
-1.80247 0.903673
-1.90123 0.951227
-1.90123 0.951227
-1.90123 0.951227
-1.90123 0.951227
-1.80247 0.903673
-1.75309 0.812224
-1.65432 0.768328
-1.80247 0.903673
-1.60494 0.768328
-1.80247 0.903673
-1.65432 0.768328
-1.55556 0.725652
-1.50617 0.725652
-1.85185 0.903673
-1.80247 0.903673
-1.7037 0.812224
-1.90123 0.951227
-1.85185 0.903673
-1.80247 0.812224
-1.80247 0.857339
-1.75309 0.857339
-1.7037 0.812224
-1.85185 0.903673
-2 1
-1.90123 0.951227
-1.90123 0.951227
-1.80247 0.903673
-1.90123 0.951227
-1.80247 0.903673
-1.80247 0.903673
-1.80247 0.903673
-1.7037 0.857339
-1.90123 0.951227
-2 1
-1.80247 0.903673
-2 1
-2 1
-2 1
-1.90123 0.951227
-1.90123 0.951227
-1.90123 0.951227
-1.90123 0.951227
-2 1
-1.90123 0.951227
-2 1
-1.80247 0.903673
-1.90123 0.951227
-1.80247 0.903673
-1.90123 0.951227
-2 1
-2 1
-1.90123 0.951227
-1.7037 0.857339
-1.80247 0.903673
-1.80247 0.903673
-1.80247 0.903673
-1.50617 0.768328
-1.55556 0.768328
-1.7037 0.857339
-1.75309 0.857339
-1.7037 0.857339
-1.65432 0.812224
-1.75309 0.857339
-1.90123 0.951227
-1.90123 0.951227
-1.80247 0.903673
-2 1
-2 1
-2 1
-2 1
-2 1
-1.90123 0.951227
-1.90123 0.951227
-1.90123 0.951227
-1.80247 0.903673
-1.80247 0.903673
-1.80247 0.903673
-1.90123 0.951227
-1.80247 0.903673
-1.80247 0.903673
-1.80247 0.903673
-1.75309 0.857339
-1.90123 0.951227
-1.80247 0.903673
-1.75309 0.857339
-1.80247 0.903673
-1.90123 0.951227
-1.85185 0.903673
-1.80247 0.903673
-2 1
-1.90123 0.951227
-1.90123 0.951227
-1.85185 0.903673
-1.85185 0.903673
-1.85185 0.903673
-1.85185 0.903673
-1.85185 0.903673
-1.90123 0.951227
-1.65432 0.812224
-1.90123 0.951227
-1.80247 0.903673
-1.75309 0.857339
-1.85185 0.903673
-1.75309 0.857339
-1.7037 0.857339
-1.65432 0.812224
-1.65432 0.812224
-1.90123 0.951227
-1.7037 0.857339
-1.80247 0.903673
-2 1
-1.85185 0.903673
-2 1
-2 1
-2 1
-2 1
-1.80247 0.903673
-1.80247 0.903673
-1.75309 0.857339
-1.80247 0.903673
-2 1
-1.90123 0.951227
-2 1
-1.90123 0.951227
-1.85185 0.903673
-1.80247 0.903673
-1.85185 0.903673
-1.90123 0.951227
-1.90123 0.951227
-1.60494 0.812224
-1.90123 0.951227
-2 1
-2 1
-1.90123 0.951227
-2 1
-2 1
-2 1
-2 1
-2 1
-1.90123 0.951227
-1.7037 0.857339
-1.90123 0.951227
-2 1
-1.90123 0.951227
-2 1
-2 1
-2 1
-2 1
-2 1
-2 1
-2 1
-1.90123 0.951227
-2 1
-1.80247 0.903673
-1.80247 0.903673
-1.80247 0.903673
-1.80247 0.903673
-1.7037 0.857339
-1.65432 0.812224
-1.85185 0.903673
-1.7037 0.768328
-1.50617 0.643957
-1.65432 0.725652
-1.75309 0.768328
-1.75309 0.812224
-1.85185 0.903673
-1.80247 0.903673
-1.65432 0.812224
-1.90123 0.951227
-1.90123 0.951227
-1.85185 0.903673
-1.80247 0.903673
-1.7037 0.857339
-1.90123 0.951227
-1.90123 0.951227
-1.80247 0.903673
-1.90123 0.951227
-2 1
-2 1
-2 1
-2 1
-2 1
-1.80247 0.903673
-2 1
-2 1
-2 1
-2 1
-1.80247 0.857339
-1.7037 0.768328
-1.7037 0.812224
-1.75309 0.812224
-1.7037 0.768328
-1.75309 0.812224
-1.80247 0.857339
-1.75309 0.857339
-1.65432 0.768328
-1.7037 0.768328
-1.7037 0.725652
-1.75309 0.768328
-1.60494 0.684194
-1.55556 0.725652
-1.50617 0.684194
-1.55556 0.684194
-1.55556 0.684194
-1.30864 0.530559
-1.35802 0.567139
-1.50617 0.643957
-1.40741 0.604938
-1.40741 0.643957
-1.30864 0.567139
-1.50617 0.643957
-1.40741 0.530559
-1.50617 0.604938
-1.45679 0.567139
-1.55556 0.643957
-1.40741 0.604938
-1.60494 0.684194
-1.65432 0.725652
-1.7037 0.768328
-1.7037 0.768328
-1.7037 0.725652
-1.65432 0.768328
-1.75309 0.812224
-1.45679 0.684194
-1.65432 0.725652
-1.55556 0.684194
-1.65432 0.768328
-1.75309 0.812224
-1.55556 0.725652
-1.7037 0.857339
-1.75309 0.857339
-1.65432 0.768328
-1.7037 0.768328
-1.75309 0.768328
-1.65432 0.812224
-1.65432 0.725652
-1.65432 0.725652
-1.7037 0.812224
-1.20988 0.567139
-1.40741 0.643957
-1.7037 0.768328
-1.7037 0.768328
-1.7037 0.857339
-1.55556 0.768328
-1.45679 0.725652
-1.55556 0.768328
-1.50617 0.768328
-1.60494 0.812224
-1.7037 0.857339
-1.7037 0.812224
-1.90123 0.951227
-1.90123 0.951227
-1.90123 0.951227
-2 1
-2 1
-2 1
-2 1
-2 1
-2 1
-1.80247 0.903673
-1.75309 0.857339
-2 1
-1.90123 0.951227
-2 1
-2 1
-2 1
-1.90123 0.951227
-2 1
-2 1
-2 1
-2 1
-1.90123 0.951227
-2 1
-1.7037 0.857339
-1.90123 0.951227
-1.90123 0.951227
-1.90123 0.951227
-1.90123 0.951227
-1.75309 0.857339
-1.85185 0.903673
-1.85185 0.903673
-1.65432 0.768328
-1.90123 0.951227
-1.80247 0.903673
-1.65432 0.812224
-1.7037 0.857339
-1.80247 0.903673
-1.80247 0.903673
-1.60494 0.812224
-1.65432 0.812224
-1.55556 0.768328
-1.80247 0.903673
-2 1
-2 1
-1.7037 0.857339
-1.90123 0.951227
-1.90123 0.951227
-1.80247 0.903673
-2 1
-2 1
-2 1
-1.90123 0.951227
-1.80247 0.903673
-1.65432 0.812224
-1.85185 0.903673
-1.80247 0.812224
-1.60494 0.643957
-1.55556 0.604938
-1.60494 0.725652
-1.7037 0.812224
-1.7037 0.812224
-1.7037 0.725652
-1.45679 0.604938
-1.60494 0.684194
-1.75309 0.812224
-1.75309 0.812224
-1.75309 0.768328
-1.80247 0.857339
-1.80247 0.857339
-1.80247 0.857339
-1.85185 0.903673
-1.75309 0.857339
-1.65432 0.812224
-1.80247 0.857339
-1.7037 0.812224
-1.75309 0.812224
-1.80247 0.857339
-1.90123 0.951227
-1.90123 0.951227
-1.90123 0.951227
-1.90123 0.951227
-1.90123 0.951227
-2 1
-1.85185 0.903673
-1.75309 0.857339
-1.85185 0.903673
-1.85185 0.903673
-1.85185 0.903673
-1.85185 0.903673
-1.7037 0.812224
-1.85185 0.903673
-1.85185 0.903673
-1.75309 0.857339
-1.75309 0.857339
-1.80247 0.903673
-1.90123 0.951227
-1.90123 0.951227
-1.85185 0.903673
-1.90123 0.951227
-1.90123 0.951227
-2 1
-2 1
-2 1
-1.90123 0.951227
-1.90123 0.951227
-1.60494 0.812224
-1.40741 0.684194
-1.55556 0.725652
-1.60494 0.768328
-1.60494 0.768328
-1.75309 0.857339
-1.7037 0.812224
-1.7037 0.857339
-1.75309 0.857339
-1.7037 0.812224
-1.45679 0.684194
-1.30864 0.604938
-1.7037 0.857339
-1.55556 0.768328
-1.40741 0.684194
-1.45679 0.725652
-1.45679 0.684194
-1.30864 0.643957
-1.60494 0.768328
-1.65432 0.812224
-1.65432 0.812224
-1.7037 0.857339
-1.85185 0.903673
-1.75309 0.857339
-1.85185 0.903673
-1.90123 0.951227
-1.90123 0.951227
-1.80247 0.903673
-1.7037 0.857339
-1.7037 0.857339
-1.75309 0.857339
-1.75309 0.857339
-1.7037 0.812224
-1.75309 0.857339
-1.75309 0.857339
-1.65432 0.812224
-1.90123 0.951227
-1.80247 0.903673
-1.80247 0.903673
-1.80247 0.903673
-1.90123 0.951227
-1.80247 0.903673
-1.80247 0.903673
-1.60494 0.768328
-1.7037 0.812224
-1.75309 0.857339
-1.80247 0.903673
-1.7037 0.857339
-1.7037 0.857339
-1.55556 0.768328
-1.65432 0.812224
-1.7037 0.857339
-1.80247 0.903673
-1.90123 0.951227
-1.80247 0.903673
-1.80247 0.903673
-1.75309 0.857339
-1.85185 0.903673
-1.85185 0.903673
-1.85185 0.903673
-2 1
-1.80247 0.903673
-2 1
-2 1
-2 1
-1.90123 0.951227
-1.80247 0.903673
-1.90123 0.951227
-1.90123 0.951227
-2 1
-1.80247 0.903673
-2 1
-1.90123 0.951227
-1.90123 0.951227
-1.90123 0.951227
-1.90123 0.951227
-1.90123 0.951227
-1.90123 0.951227
-2 1
-2 1
-2 1
-2 1
-1.90123 0.951227
-1.90123 0.951227
-2 1
-2 1
-2 1
-1.90123 0.951227
-1.90123 0.951227
-1.85185 0.903673
-1.85185 0.903673
-1.90123 0.951227
-1.90123 0.951227
-1.75309 0.857339
-1.75309 0.857339
-1.75309 0.857339
-1.7037 0.812224
-1.7037 0.812224
-1.75309 0.768328
-1.65432 0.768328
-1.80247 0.903673
-1.80247 0.903673
-1.90123 0.951227
-1.90123 0.951227
-1.80247 0.903673
-2 1
-1.85185 0.903673
-2 1
-1.90123 0.951227
-2 1
-2 1
-2 1
-2 1
-2 1
-2 1
-2 1
-2 1
-1.90123 0.951227
-1.7037 0.857339
-1.65432 0.812224
-1.60494 0.768328
-1.60494 0.812224
-1.50617 0.768328
-1.7037 0.857339
-1.90123 0.951227
-2 1
-1.80247 0.903673
-1.90123 0.951227
-1.80247 0.903673
-1.80247 0.903673
-1.80247 0.903673
-1.80247 0.903673
-1.90123 0.951227
-1.90123 0.951227
-1.85185 0.903673
-1.90123 0.951227
-1.90123 0.951227
-1.90123 0.951227
-2 1
-2 1
-2 1
-2 1
-2 1
-1.90123 0.951227
-1.90123 0.951227
-2 1
-1.90123 0.951227
-1.85185 0.903673
-2 1
-2 1
-1.80247 0.903673
-1.90123 0.951227
-1.75309 0.857339
-1.80247 0.903673
-1.90123 0.951227
-1.80247 0.903673
-1.90123 0.951227
-1.80247 0.903673
-1.90123 0.951227
-1.80247 0.903673
-2 1
-1.80247 0.903673
-1.90123 0.951227
-1.90123 0.951227
-1.75309 0.857339
-1.85185 0.903673
-1.90123 0.951227
-1.80247 0.903673
-1.75309 0.857339
-1.75309 0.857339
-1.7037 0.812224
-1.80247 0.903673
-1.80247 0.903673
-1.85185 0.903673
-2 1
-1.90123 0.951227
-2 1
-2 1
-1.90123 0.951227
-1.90123 0.951227
-1.90123 0.951227
-1.90123 0.951227
-1.90123 0.951227
-2 1
-1.90123 0.951227
-1.85185 0.903673
-1.85185 0.903673
-1.85185 0.903673
-1.85185 0.903673
-1.85185 0.903673
-1.80247 0.903673
-2 1
-1.90123 0.951227
-1.90123 0.951227
-2 1
-1.90123 0.951227
-2 1
-2 1
-2 1
-2 1
-2 1
-2 1
-2 1
-1.90123 0.951227
-1.85185 0.903673
-1.80247 0.903673
-2 1
-2 1
-1.80247 0.903673
-1.90123 0.951227
-1.90123 0.951227
-2 1
-1.90123 0.951227
-1.85185 0.903673
-1.7037 0.812224
-1.85185 0.903673
-1.85185 0.903673
-1.90123 0.951227
-1.75309 0.857339
-2 1
-1.65432 0.812224
-1.90123 0.951227
-1.7037 0.857339
-1.90123 0.951227
-1.75309 0.857339
-1.7037 0.857339
-2 1
-2 1
-2 1
-2 1
-1.90123 0.951227
-1.85185 0.903673
-1.90123 0.951227
-2 1
-1.90123 0.951227
-2 1
-1.90123 0.951227
-1.80247 0.903673
-1.90123 0.951227
-2 1
-1.90123 0.951227
-2 1
-2 1
-2 1
-2 1
-2 1
-2 1
-1.7037 0.857339
-2 1
-1.80247 0.903673
-2 1
-2 1
-2 1
-1.90123 0.951227
-1.75309 0.857339
-1.90123 0.951227
-1.90123 0.951227
-1.90123 0.951227
-1.90123 0.951227
-1.90123 0.951227
-1.90123 0.951227
-1.85185 0.903673
-1.65432 0.768328
-1.80247 0.903673
-1.60494 0.768328
-1.60494 0.812224
-1.60494 0.812224
-1.7037 0.857339
-1.60494 0.812224
-1.80247 0.903673
-1.75309 0.857339
-1.75309 0.857339
-1.90123 0.951227
-1.75309 0.857339
-1.85185 0.903673
-1.90123 0.951227
-1.75309 0.857339
-1.80247 0.857339
-1.7037 0.812224
-1.85185 0.903673
-1.75309 0.857339
-1.65432 0.812224
-1.55556 0.768328
-1.60494 0.768328
-1.80247 0.857339
-1.75309 0.857339
-1.80247 0.857339
-1.80247 0.857339
-1.7037 0.812224
-1.75309 0.857339
-1.75309 0.857339
-1.7037 0.857339
-1.45679 0.725652
-1.50617 0.768328
-1.80247 0.903673
-1.90123 0.951227
-1.75309 0.857339
-1.85185 0.903673
-1.90123 0.951227
-1.65432 0.812224
-1.90123 0.951227
-1.90123 0.951227
-2 1
-2 1
-1.80247 0.903673
-1.90123 0.951227
-1.90123 0.951227
-2 1
-1.80247 0.903673
-1.90123 0.951227
-1.65432 0.812224
-1.55556 0.768328
-1.80247 0.903673
-1.85185 0.903673
-1.80247 0.903673
-1.80247 0.903673
-1.80247 0.903673
-1.50617 0.643957
-1.7037 0.768328
-1.7037 0.768328
-1.55556 0.768328
-1.7037 0.812224
-1.7037 0.812224
-1.75309 0.857339
-1.7037 0.812224
-1.75309 0.857339
-1.85185 0.903673
-1.55556 0.768328
-1.55556 0.768328
-1.55556 0.768328
-1.80247 0.903673
-1.80247 0.903673
-1.80247 0.903673
-1.65432 0.812224
-1.80247 0.903673
-1.90123 0.951227
-1.90123 0.951227
-2 1
-2 1
-1.75309 0.857339
-2 1
-2 1
-2 1
-1.85185 0.903673
-1.90123 0.951227
-1.90123 0.951227
-1.80247 0.903673
-1.90123 0.951227
-1.90123 0.951227
-2 1
-2 1
-1.85185 0.903673
-1.75309 0.857339
-1.75309 0.857339
-1.80247 0.903673
-2 1
-1.90123 0.951227
-1.7037 0.857339
-1.80247 0.903673
-1.90123 0.951227
-1.90123 0.951227
-1.7037 0.812224
-1.80247 0.903673
-1.80247 0.903673
-1.90123 0.951227
-1.7037 0.857339
-1.90123 0.951227
-1.80247 0.903673
-1.90123 0.951227
-2 1
-2 1
-1.90123 0.951227
-1.90123 0.951227
-1.90123 0.951227
-1.7037 0.857339
-1.55556 0.768328
-1.60494 0.768328
-1.90123 0.951227
-1.7037 0.812224
-1.55556 0.768328
-1.80247 0.903673
-1.90123 0.951227
-1.80247 0.903673
-1.90123 0.951227
-1.90123 0.951227
-2 1
-1.90123 0.951227
-2 1
-2 1
-2 1
-1.90123 0.951227
-1.90123 0.951227
-1.85185 0.903673
-1.90123 0.951227
-1.80247 0.903673
-1.90123 0.951227
-1.80247 0.857339
-1.85185 0.903673
-1.75309 0.812224
-1.80247 0.857339
-1.90123 0.951227
-1.85185 0.903673
-1.7037 0.857339
-1.75309 0.857339
-1.55556 0.725652
-1.55556 0.725652
-1.75309 0.857339
-1.7037 0.812224
-1.80247 0.857339
-1.80247 0.857339
-1.7037 0.812224
-1.65432 0.768328
-1.75309 0.857339
-1.80247 0.857339
-1.80247 0.903673
-1.90123 0.951227
-1.90123 0.951227
-1.90123 0.951227
-2 1
-2 1
-1.90123 0.951227
-2 1
-2 1
-1.90123 0.951227
-1.65432 0.812224
-1.60494 0.768328
-1.50617 0.684194
-1.40741 0.643957
-1.7037 0.812224
-1.55556 0.725652
-1.80247 0.903673
-1.80247 0.903673
-1.55556 0.768328
-1.75309 0.857339
-1.65432 0.812224
-1.65432 0.768328
-1.45679 0.725652
-1.45679 0.725652
-1.55556 0.768328
-1.50617 0.768328
-1.45679 0.684194
-1.60494 0.768328
-1.7037 0.812224
-1.80247 0.903673
-1.80247 0.903673
-1.80247 0.903673
-1.90123 0.951227
-2 1
-2 1
-2 1
-2 1
-1.90123 0.951227
-1.90123 0.951227
-1.90123 0.951227
-1.90123 0.951227
-2 1
-1.90123 0.951227
-1.90123 0.951227
-1.85185 0.903673
-1.85185 0.903673
-1.90123 0.951227
-1.90123 0.951227
-1.90123 0.951227
-1.80247 0.903673
-1.80247 0.903673
-1.85185 0.903673
-1.90123 0.951227
-1.90123 0.951227
-1.90123 0.951227
-1.80247 0.903673
-1.80247 0.903673
-1.80247 0.903673
-1.80247 0.903673
-1.80247 0.903673
-1.7037 0.857339
-1.55556 0.725652
-1.55556 0.768328
-1.80247 0.903673
-1.90123 0.951227
-1.80247 0.903673
-1.7037 0.812224
-1.85185 0.903673
-1.7037 0.812224
-1.85185 0.903673
-1.60494 0.768328
-1.60494 0.768328
-1.80247 0.903673
-1.90123 0.951227
-1.7037 0.857339
-2 1
-1.80247 0.903673
-1.7037 0.812224
-1.65432 0.812224
-1.80247 0.903673
-1.75309 0.857339
-1.80247 0.903673
-1.80247 0.903673
-1.60494 0.812224
-1.65432 0.812224
-1.90123 0.951227
-1.80247 0.903673
-1.90123 0.951227
-2 1
-1.90123 0.951227
-1.85185 0.903673
-1.80247 0.857339
-1.7037 0.812224
-1.7037 0.812224
-1.7037 0.725652
-1.7037 0.768328
-1.65432 0.812224
-1.75309 0.857339
-1.65432 0.768328
-1.65432 0.812224
-1.65432 0.768328
-1.60494 0.725652
-1.75309 0.857339
-1.65432 0.812224
-1.65432 0.812224
-1.60494 0.812224
-1.65432 0.812224
-1.65432 0.768328
-1.65432 0.812224
-1.65432 0.812224
-1.55556 0.768328
-1.80247 0.903673
-1.90123 0.951227
-1.90123 0.951227
-1.90123 0.951227
-1.80247 0.857339
-1.80247 0.857339
-1.90123 0.951227
-1.80247 0.903673
-2 1
-2 1
-2 1
-2 1
-1.80247 0.903673
-1.7037 0.857339
-1.90123 0.951227
-2 1
-1.90123 0.951227
-1.90123 0.951227
-1.90123 0.951227
-2 1
-2 1
-2 1
-2 1
-2 1
-1.90123 0.951227
-1.90123 0.951227
-1.90123 0.951227
-1.90123 0.951227
-1.90123 0.951227
-1.90123 0.951227
-1.7037 0.857339
-1.85185 0.903673
-1.75309 0.857339
-1.7037 0.812224
-1.85185 0.903673
-1.80247 0.857339
-1.80247 0.857339
-1.80247 0.857339
-1.80247 0.857339
-1.75309 0.857339
-1.65432 0.812224
-1.7037 0.857339
-1.80247 0.903673
-1.90123 0.951227
-1.90123 0.951227
-1.90123 0.951227
-1.80247 0.903673
-2 1
-1.85185 0.903673
-1.90123 0.951227
-1.75309 0.857339
-1.80247 0.903673
-1.90123 0.951227
-1.80247 0.903673
-1.85185 0.903673
-1.90123 0.951227
-2 1
-2 1
-1.90123 0.951227
-1.90123 0.951227
-1.90123 0.951227
-1.75309 0.857339
-1.7037 0.812224
-1.7037 0.812224
-1.80247 0.857339
-1.80247 0.857339
-1.7037 0.768328
-1.7037 0.768328
-1.7037 0.768328
-1.60494 0.768328
-1.55556 0.768328
-1.60494 0.812224
-1.80247 0.903673
-1.90123 0.951227
-1.90123 0.951227
-1.90123 0.951227
-1.90123 0.951227
-1.90123 0.951227
-1.80247 0.903673
-1.75309 0.857339
-1.50617 0.725652
-1.85185 0.903673
-1.85185 0.903673
-1.80247 0.903673
-1.7037 0.812224
-1.85185 0.903673
-1.80247 0.903673
-1.90123 0.951227
-1.80247 0.903673
-1.90123 0.951227
-1.80247 0.903673
-1.85185 0.903673
-1.85185 0.903673
-1.80247 0.903673
-2 1
-1.90123 0.951227
-1.90123 0.951227
-1.80247 0.903673
-1.85185 0.903673
-1.80247 0.903673
-1.75309 0.857339
-1.80247 0.903673
-1.90123 0.951227
-1.90123 0.951227
-2 1
-2 1
-2 1
-2 1
-2 1
-1.80247 0.903673
-1.90123 0.951227
-1.90123 0.951227
-1.90123 0.951227
-1.90123 0.951227
-2 1
-2 1
-2 1
-2 1
-2 1
-1.90123 0.951227
-2 1
-1.90123 0.951227
-2 1
-2 1
-1.7037 0.857339
-2 1
-2 1
-1.90123 0.951227
-1.7037 0.857339
-1.90123 0.951227
-1.85185 0.903673
-1.85185 0.903673
-1.80247 0.903673
-1.80247 0.903673
-1.80247 0.903673
-1.90123 0.951227
-1.7037 0.857339
-1.65432 0.812224
-1.50617 0.768328
-1.65432 0.812224
-1.7037 0.857339
-1.50617 0.768328
-1.60494 0.768328
-1.7037 0.857339
-1.80247 0.903673
-1.75309 0.857339
-1.90123 0.951227
-1.80247 0.903673
-2 1
-1.90123 0.951227
-2 1
-1.85185 0.903673
-1.85185 0.903673
-1.85185 0.903673
-1.90123 0.951227
-1.90123 0.951227
-2 1
-1.90123 0.951227
-1.90123 0.951227
-1.60494 0.812224
-2 1
-2 1
-1.90123 0.951227
-1.90123 0.951227
-1.90123 0.951227
-1.80247 0.903673
-2 1
-1.80247 0.903673
-1.90123 0.951227
-2 1
-1.90123 0.951227
-1.90123 0.951227
-1.80247 0.903673
-1.7037 0.857339
-1.90123 0.951227
-1.65432 0.812224
-1.55556 0.725652
-1.55556 0.684194
-1.50617 0.604938
-1.65432 0.725652
-1.60494 0.725652
-1.60494 0.768328
-1.60494 0.768328
-1.60494 0.768328
-1.65432 0.768328
-1.65432 0.725652
-1.75309 0.725652
-1.65432 0.725652
-1.60494 0.684194
-1.60494 0.684194
-1.60494 0.725652
-1.65432 0.768328
-1.55556 0.768328
-1.60494 0.768328
-1.65432 0.812224
-1.55556 0.684194
-1.45679 0.643957
-1.45679 0.643957
-1.45679 0.684194
-1.55556 0.684194
-1.40741 0.567139
-1.65432 0.684194
-1.60494 0.725652
-1.50617 0.684194
-1.50617 0.643957
-1.55556 0.725652
-1.50617 0.684194
-1.55556 0.725652
-1.65432 0.768328
-1.60494 0.725652
-1.65432 0.725652
-1.55556 0.643957
-1.60494 0.684194
-1.45679 0.643957
-1.30864 0.604938
-1.25926 0.604938
-1.40741 0.643957
-1.35802 0.604938
-1.30864 0.567139
-1.45679 0.604938
-1.30864 0.567139
-1.45679 0.643957
-1.55556 0.643957
-1.55556 0.643957
-1.55556 0.725652
-1.75309 0.812224
-1.65432 0.768328
-1.75309 0.857339
-1.75309 0.857339
-1.90123 0.951227
-2 1
-1.90123 0.951227
-1.90123 0.951227
-1.80247 0.903673
-1.65432 0.768328
-1.75309 0.812224
-1.80247 0.857339
-1.80247 0.903673
-1.90123 0.951227
-1.75309 0.857339
-1.85185 0.903673
-1.75309 0.857339
-1.75309 0.857339
-1.75309 0.857339
-1.7037 0.812224
-1.80247 0.903673
-1.90123 0.951227
-1.7037 0.857339
-1.75309 0.857339
-1.45679 0.684194
-1.75309 0.857339
-1.65432 0.812224
-1.90123 0.951227
-1.90123 0.951227
-1.80247 0.903673
-1.80247 0.903673
-1.90123 0.951227
-1.80247 0.903673
-2 1
-2 1
-1.90123 0.951227
-2 1
-2 1
-2 1
-2 1
-2 1
-1.85185 0.903673
-1.90123 0.951227
-1.80247 0.903673
-1.80247 0.903673
-1.80247 0.903673
-1.90123 0.951227
-1.90123 0.951227
-1.85185 0.903673
-1.85185 0.903673
-1.90123 0.951227
-1.80247 0.903673
-1.7037 0.857339
-1.80247 0.903673
-1.80247 0.903673
-2 1
-1.7037 0.857339
-1.90123 0.951227
-1.90123 0.951227
-1.80247 0.903673
-1.80247 0.903673
-1.80247 0.903673
-1.60494 0.812224
-1.7037 0.812224
-1.75309 0.857339
-1.75309 0.857339
-1.80247 0.903673
-1.65432 0.812224
-1.75309 0.857339
-1.65432 0.812224
-1.55556 0.768328
-1.40741 0.684194
-1.60494 0.768328
-1.65432 0.768328
-1.60494 0.768328
-1.90123 0.951227
-1.90123 0.951227
-1.90123 0.951227
-1.80247 0.903673
-1.80247 0.903673
-1.85185 0.903673
-1.90123 0.951227
-1.90123 0.951227
-1.75309 0.857339
-1.75309 0.857339
-1.65432 0.812224
-1.7037 0.812224
-1.7037 0.857339
-1.65432 0.812224
-1.80247 0.903673
-1.80247 0.903673
-1.75309 0.857339
-1.85185 0.903673
-1.85185 0.903673
-1.75309 0.857339
-1.85185 0.903673
-1.90123 0.951227
-1.90123 0.951227
-1.90123 0.951227
-1.90123 0.951227
-1.75309 0.857339
-1.80247 0.903673
-1.7037 0.857339
-2 1
-1.90123 0.951227
-1.80247 0.903673
-1.85185 0.903673
-1.45679 0.725652
-1.60494 0.812224
-1.60494 0.768328
-1.65432 0.812224
-1.65432 0.812224
-1.7037 0.812224
-1.65432 0.812224
-1.45679 0.725652
-1.80247 0.903673
-1.80247 0.857339
-1.85185 0.903673
-1.75309 0.857339
-1.85185 0.903673
-1.90123 0.951227
-1.80247 0.903673
-1.80247 0.903673
-1.85185 0.903673
-1.90123 0.951227
-1.90123 0.951227
-1.80247 0.903673
-1.80247 0.903673
-1.80247 0.903673
-2 1
-1.55556 0.768328
-1.55556 0.768328
-1.80247 0.857339
-1.85185 0.903673
-1.75309 0.857339
-1.75309 0.857339
-1.65432 0.812224
-1.55556 0.725652
-1.60494 0.768328
-1.55556 0.725652
-1.55556 0.725652
-1.55556 0.768328
-1.60494 0.684194
-1.7037 0.768328
-1.40741 0.643957
-1.50617 0.684194
-1.65432 0.768328
-1.7037 0.812224
-1.75309 0.857339
-1.55556 0.768328
-1.7037 0.812224
-1.75309 0.857339
-1.85185 0.903673
-1.55556 0.725652
-1.60494 0.768328
-1.80247 0.857339
-1.75309 0.812224
-1.7037 0.857339
-1.7037 0.812224
-1.85185 0.903673
-1.90123 0.951227
-1.80247 0.903673
-1.90123 0.951227
-1.80247 0.903673
-1.90123 0.951227
-1.85185 0.903673
-1.90123 0.951227
-1.90123 0.951227
-1.90123 0.951227
-1.80247 0.903673
-1.85185 0.903673
-2 1
-1.90123 0.951227
-1.90123 0.951227
-1.90123 0.951227
-1.85185 0.903673
-1.75309 0.857339
-1.75309 0.857339
-1.65432 0.812224
-1.80247 0.903673
-1.80247 0.903673
-1.90123 0.951227
-2 1
-1.90123 0.951227
-1.80247 0.903673
-1.90123 0.951227
-1.90123 0.951227
-1.65432 0.812224
-1.65432 0.812224
-1.7037 0.725652
-1.75309 0.768328
-1.65432 0.684194
-1.40741 0.567139
-1.50617 0.567139
-1.40741 0.567139
-1.50617 0.567139
-1.55556 0.643957
-1.60494 0.643957
-1.60494 0.684194
-1.7037 0.684194
-1.35802 0.567139
-1.45679 0.604938
-1.60494 0.684194
-1.50617 0.684194
-1.60494 0.684194
-1.60494 0.684194
-1.50617 0.604938
-1.35802 0.495199
-1.45679 0.643957
-1.50617 0.684194
-1.16049 0.495199
-1.45679 0.604938
-1.45679 0.604938
-1.75309 0.725652
-1.75309 0.768328
-1.7037 0.812224
-1.60494 0.684194
-1.55556 0.643957
-1.40741 0.604938
-1.45679 0.684194
-1.45679 0.725652
-1.60494 0.812224
-1.7037 0.857339
-1.65432 0.812224
-1.7037 0.812224
-1.75309 0.857339
-1.85185 0.903673
-1.80247 0.903673
-2 1
-2 1
-2 1
-1.90123 0.951227
-2 1
-2 1
-2 1
-2 1
-1.90123 0.951227
-1.90123 0.951227
-1.90123 0.951227
-1.90123 0.951227
-1.90123 0.951227
-1.90123 0.951227
-1.90123 0.951227
-2 1
-2 1
-2 1
-1.90123 0.951227
-2 1
-2 1
-1.90123 0.951227
-1.90123 0.951227
-1.80247 0.903673
-1.65432 0.812224
-1.75309 0.857339
-1.90123 0.951227
-2 1
-2 1
-1.80247 0.903673
-1.80247 0.903673
-2 1
-1.90123 0.951227
-1.90123 0.951227
