-2 1
-2 1
-2 1
-2 1
-2 1
-1.90123 0.951227
-1.7037 0.857339
-1.80247 0.903673
-1.90123 0.951227
-1.90123 0.951227
-2 1
-2 1
-2 1
-2 1
-2 1
-1.90123 0.951227
-1.90123 0.951227
-2 1
-1.90123 0.951227
-1.90123 0.951227
-2 1
-2 1
-2 1
-2 1
-2 1
-1.7037 0.857339
-1.7037 0.857339
-1.90123 0.951227
-2 1
-1.7037 0.857339
-1.90123 0.951227
-1.85185 0.903673
-1.90123 0.951227
-1.7037 0.857339
-1.80247 0.903673
-1.90123 0.951227
-1.80247 0.903673
-1.90123 0.951227
-1.90123 0.951227
-2 1
-1.90123 0.951227
-1.80247 0.903673
-2 1
-1.90123 0.951227
-2 1
-2 1
-1.90123 0.951227
-1.90123 0.951227
-2 1
-2 1
-2 1
-2 1
-2 1
-2 1
-2 1
-1.90123 0.951227
-1.90123 0.951227
-2 1
-1.90123 0.951227
-2 1
-1.80247 0.903673
-1.85185 0.903673
-1.7037 0.857339
-1.90123 0.951227
-1.80247 0.857339
-1.60494 0.812224
-1.60494 0.725652
-1.75309 0.812224
-1.75309 0.812224
-1.75309 0.857339
-1.80247 0.903673
-1.75309 0.857339
-1.85185 0.903673
-1.80247 0.903673
-1.90123 0.951227
-1.90123 0.951227
-1.80247 0.903673
-1.80247 0.903673
-1.7037 0.857339
-1.80247 0.903673
-1.7037 0.857339
-1.7037 0.857339
-1.80247 0.903673
-1.7037 0.857339
-1.45679 0.725652
-1.60494 0.812224
-1.50617 0.725652
-1.55556 0.768328
-1.90123 0.951227
-1.55556 0.768328
-1.7037 0.857339
-1.80247 0.903673
-1.7037 0.812224
-1.85185 0.903673
-1.40741 0.684194
-1.65432 0.768328
-1.65432 0.812224
-1.60494 0.768328
-1.65432 0.812224
-1.90123 0.951227
-1.7037 0.857339
-1.80247 0.903673
-1.90123 0.951227
-1.90123 0.951227
-1.90123 0.951227
-1.75309 0.857339
-1.85185 0.903673
-1.7037 0.857339
-1.80247 0.903673
-2 1
-1.90123 0.951227
-1.90123 0.951227
-1.80247 0.903673
-2 1
-2 1
-1.90123 0.951227
-1.90123 0.951227
-1.80247 0.903673
-1.7037 0.857339
-1.7037 0.812224
-1.75309 0.857339
-1.85185 0.903673
-1.65432 0.812224
-1.7037 0.857339
-1.90123 0.951227
-1.90123 0.951227
-2 1
-2 1
-2 1
-2 1
-1.75309 0.857339
-1.65432 0.812224
-1.65432 0.812224
-1.55556 0.768328
-1.40741 0.643957
-1.60494 0.684194
-1.55556 0.684194
-1.55556 0.684194
-1.40741 0.530559
-1.45679 0.567139
-1.40741 0.604938
-1.30864 0.495199
-1.20988 0.396433
-1.25926 0.461058
-1.30864 0.461058
-1.20988 0.36595
-1.16049 0.36595
-1.11111 0.36595
-1.11111 0.308642
-1.16049 0.281817
-1.30864 0.231824
-1.20988 0.256211
-1.25926 0.186709
-1.40741 0.281817
-1.35802 0.308642
-1.45679 0.36595
-1.45679 0.396433
-1.55556 0.396433
-1.30864 0.281817
-1.40741 0.308642
-1.16049 0.231824
-1.20988 0.256211
-1.30864 0.336686
-1.40741 0.428136
-1.16049 0.308642
-1.30864 0.308642
-1.30864 0.396433
-1.11111 0.308642
-1.16049 0.428136
-1.01235 0.36595
-1.06173 0.495199
-1.30864 0.461058
-1.30864 0.461058
-1.45679 0.461058
-1.60494 0.567139
-1.45679 0.428136
-1.45679 0.396433
-1.40741 0.461058
-1.20988 0.336686
-1.45679 0.428136
-1.55556 0.396433
-1.40741 0.336686
-1.55556 0.396433
-1.55556 0.428136
-1.45679 0.396433
-1.60494 0.428136
-1.30864 0.308642
-1.40741 0.396433
-1.30864 0.308642
-1.40741 0.308642
-1.45679 0.336686
-1.45679 0.396433
-1.45679 0.36595
-1.35802 0.428136
-1.35802 0.308642
-1.20988 0.336686
-1.45679 0.567139
-1.50617 0.567139
-1.50617 0.530559
-1.60494 0.604938
-1.50617 0.567139
-1.45679 0.567139
-1.45679 0.567139
-1.35802 0.495199
-1.50617 0.530559
-1.40741 0.567139
-1.60494 0.567139
-1.45679 0.530559
-1.45679 0.530559
-1.55556 0.530559
-1.55556 0.604938
-1.55556 0.643957
-1.50617 0.567139
-1.55556 0.604938
-1.55556 0.604938
-1.65432 0.725652
-1.75309 0.812224
-1.60494 0.725652
-1.60494 0.725652
-1.55556 0.684194
-1.55556 0.725652
-1.7037 0.812224
-1.60494 0.768328
-1.60494 0.768328
-1.40741 0.643957
-1.50617 0.643957
-1.65432 0.768328
-1.55556 0.768328
-1.60494 0.768328
-1.50617 0.725652
-1.40741 0.643957
-1.35802 0.684194
-1.40741 0.643957
-1.30864 0.604938
-1.35802 0.567139
-1.40741 0.684194
-1.25926 0.643957
-1.45679 0.725652
-1.55556 0.684194
-1.25926 0.530559
-1.25926 0.567139
-1.30864 0.604938
-1.40741 0.604938
-1.45679 0.684194
-1.50617 0.725652
-1.60494 0.684194
-1.65432 0.768328
-1.65432 0.725652
-1.55556 0.643957
-1.65432 0.684194
-1.60494 0.725652
-1.55556 0.684194
-1.65432 0.768328
-1.50617 0.725652
-1.65432 0.768328
-1.60494 0.725652
-1.60494 0.768328
-1.65432 0.812224
-1.60494 0.768328
-1.45679 0.643957
-1.30864 0.567139
-1.50617 0.725652
-1.50617 0.725652
-1.55556 0.768328
-1.40741 0.684194
-1.30864 0.643957
-1.40741 0.684194
-1.55556 0.768328
-1.65432 0.812224
-1.80247 0.903673
-1.7037 0.857339
-1.80247 0.903673
-2 1
-1.75309 0.857339
-1.75309 0.857339
-1.85185 0.903673
-1.80247 0.903673
-1.75309 0.857339
-1.85185 0.903673
-1.80247 0.903673
-1.90123 0.951227
-1.80247 0.903673
-1.80247 0.903673
-1.75309 0.812224
-1.65432 0.768328
-1.75309 0.812224
-1.55556 0.725652
-1.60494 0.768328
-1.65432 0.768328
-1.90123 0.951227
-1.75309 0.857339
-1.55556 0.725652
-1.55556 0.725652
-1.60494 0.768328
-1.50617 0.643957
-1.55556 0.684194
-1.50617 0.684194
-1.7037 0.812224
-1.75309 0.857339
-1.60494 0.725652
-1.55556 0.725652
-1.65432 0.812224
-1.75309 0.857339
-1.80247 0.857339
-1.7037 0.812224
-1.7037 0.812224
-1.60494 0.812224
-1.90123 0.951227
-1.80247 0.903673
-1.80247 0.857339
-1.85185 0.903673
-1.75309 0.857339
-1.7037 0.812224
-1.7037 0.812224
-1.60494 0.812224
-1.7037 0.857339
-1.80247 0.903673
-2 1
-1.90123 0.951227
-1.85185 0.903673
-1.90123 0.951227
-1.80247 0.903673
-1.75309 0.857339
-1.75309 0.857339
-1.90123 0.951227
-2 1
-1.85185 0.903673
-1.90123 0.951227
-1.90123 0.951227
-2 1
-2 1
-1.90123 0.951227
-1.90123 0.951227
-2 1
-1.90123 0.951227
-1.90123 0.951227
-2 1
-1.75309 0.857339
-1.80247 0.903673
-1.80247 0.903673
-1.7037 0.857339
-1.80247 0.903673
-1.90123 0.951227
-1.90123 0.951227
-2 1
-2 1
-2 1
-2 1
-1.90123 0.951227
-1.90123 0.951227
-1.80247 0.903673
-1.85185 0.903673
-1.80247 0.857339
-1.80247 0.903673
-2 1
-2 1
-2 1
-2 1
-1.90123 0.951227
-2 1
-2 1
-1.90123 0.951227
-1.60494 0.812224
-1.7037 0.857339
-1.80247 0.903673
-2 1
-2 1
-1.80247 0.903673
-1.80247 0.903673
-1.75309 0.857339
-1.60494 0.812224
-1.90123 0.951227
-1.60494 0.768328
-1.65432 0.812224
-1.75309 0.857339
-1.75309 0.857339
-1.80247 0.903673
-1.80247 0.903673
-1.75309 0.857339
-1.60494 0.812224
-1.90123 0.951227
-2 1
-2 1
-2 1
-2 1
-2 1
-2 1
-1.80247 0.903673
-1.80247 0.903673
-1.90123 0.951227
-2 1
-1.90123 0.951227
-1.80247 0.903673
-2 1
-2 1
-2 1
-2 1
-1.60494 0.812224
-1.90123 0.951227
-1.90123 0.951227
-1.75309 0.857339
-1.85185 0.903673
-1.80247 0.903673
-1.65432 0.812224
-1.60494 0.812224
-1.45679 0.725652
-1.25926 0.604938
-1.45679 0.684194
-1.45679 0.684194
-1.50617 0.684194
-1.50617 0.725652
-1.65432 0.812224
-1.45679 0.725652
-1.65432 0.812224
-1.60494 0.768328
-1.45679 0.684194
-1.35802 0.604938
-1.55556 0.725652
-1.55556 0.725652
-1.65432 0.812224
-1.75309 0.812224
-1.60494 0.812224
-1.80247 0.857339
-1.55556 0.725652
-1.75309 0.812224
-1.65432 0.768328
-1.75309 0.812224
-1.75309 0.812224
-1.55556 0.725652
-1.40741 0.684194
-1.55556 0.768328
-1.7037 0.857339
-1.50617 0.768328
-1.7037 0.857339
-1.50617 0.725652
-1.60494 0.768328
-1.65432 0.812224
-1.65432 0.812224
-1.90123 0.951227
-1.80247 0.903673
-1.65432 0.812224
-1.65432 0.812224
-1.85185 0.903673
-1.90123 0.951227
-1.65432 0.812224
-1.65432 0.812224
-1.7037 0.857339
-1.90123 0.951227
-1.85185 0.903673
-1.85185 0.903673
-1.80247 0.903673
-1.65432 0.812224
-1.55556 0.725652
-1.7037 0.812224
-1.65432 0.812224
-1.65432 0.768328
-1.75309 0.857339
-1.85185 0.903673
-1.80247 0.857339
-1.85185 0.903673
-1.85185 0.903673
-1.85185 0.903673
-1.75309 0.857339
-1.85185 0.903673
-1.50617 0.768328
-2 1
-2 1
-1.75309 0.857339
-1.80247 0.903673
-1.90123 0.951227
-1.85185 0.903673
-1.7037 0.812224
-1.75309 0.857339
-1.80247 0.857339
-1.80247 0.903673
-1.90123 0.951227
-1.90123 0.951227
-2 1
-2 1
-1.80247 0.903673
-1.80247 0.903673
-1.60494 0.768328
-1.75309 0.857339
-1.7037 0.857339
-1.7037 0.857339
-1.55556 0.768328
-1.65432 0.812224
-1.80247 0.903673
-1.75309 0.857339
-1.7037 0.812224
-1.90123 0.951227
-1.85185 0.903673
-1.65432 0.812224
-1.65432 0.812224
-1.60494 0.725652
-1.45679 0.643957
-1.60494 0.768328
-1.7037 0.857339
-1.65432 0.812224
-1.60494 0.768328
-1.7037 0.812224
-1.7037 0.812224
-1.40741 0.684194
-1.45679 0.725652
-1.7037 0.812224
-1.75309 0.857339
-1.65432 0.812224
-1.75309 0.857339
-1.50617 0.768328
-1.80247 0.903673
-1.65432 0.812224
-1.80247 0.903673
-1.90123 0.951227
-1.65432 0.812224
-1.75309 0.857339
-1.90123 0.951227
-1.65432 0.768328
-1.45679 0.643957
-1.30864 0.530559
-1.35802 0.567139
-1.45679 0.604938
-1.55556 0.604938
-1.45679 0.604938
-1.40741 0.604938
-1.55556 0.725652
-1.65432 0.768328
-1.55556 0.725652
-1.60494 0.768328
-1.60494 0.725652
-1.65432 0.812224
-1.55556 0.725652
-1.65432 0.812224
-1.50617 0.725652
-1.75309 0.857339
-1.7037 0.857339
-1.85185 0.903673
-2 1
-1.75309 0.857339
-1.90123 0.951227
-1.90123 0.951227
-1.75309 0.857339
-1.80247 0.903673
-1.90123 0.951227
-1.85185 0.903673
-1.90123 0.951227
-1.80247 0.903673
-1.80247 0.903673
-1.7037 0.857339
-1.80247 0.903673
-1.90123 0.951227
-1.90123 0.951227
-1.80247 0.903673
-1.90123 0.951227
-1.90123 0.951227
-1.90123 0.951227
-1.90123 0.951227
-1.80247 0.903673
-1.90123 0.951227
-2 1
-1.90123 0.951227
-1.80247 0.903673
-1.90123 0.951227
-1.80247 0.903673
-1.80247 0.903673
-1.80247 0.903673
-1.90123 0.951227
-1.90123 0.951227
-1.80247 0.903673
-1.90123 0.951227
-2 1
-2 1
-1.80247 0.903673
-1.80247 0.903673
-1.80247 0.903673
-1.90123 0.951227
-1.90123 0.951227
-1.80247 0.903673
-1.7037 0.857339
-1.80247 0.903673
-1.65432 0.812224
-2 1
-1.80247 0.903673
-1.80247 0.903673
-1.90123 0.951227
-2 1
-2 1
-1.90123 0.951227
-1.80247 0.903673
-1.90123 0.951227
-1.50617 0.768328
-1.50617 0.768328
-1.50617 0.725652
-1.60494 0.684194
-1.35802 0.604938
-1.65432 0.643957
-1.55556 0.643957
-1.65432 0.684194
-1.7037 0.725652
-1.65432 0.725652
-1.75309 0.768328
-1.65432 0.643957
-1.50617 0.684194
-1.55556 0.643957
-1.50617 0.643957
-1.50617 0.643957
-1.65432 0.725652
-1.65432 0.725652
-1.65432 0.768328
-1.60494 0.812224
-1.7037 0.857339
-1.65432 0.812224
-1.80247 0.903673
-1.50617 0.725652
-1.85185 0.903673
-1.60494 0.768328
-1.60494 0.768328
-1.80247 0.903673
-1.35802 0.684194
-1.40741 0.684194
-1.55556 0.768328
-1.80247 0.903673
-1.80247 0.903673
-1.65432 0.812224
-1.60494 0.725652
-1.65432 0.768328
-1.65432 0.768328
-1.7037 0.812224
-1.80247 0.857339
-1.90123 0.951227
-1.80247 0.857339
-1.65432 0.768328
-1.85185 0.903673
-1.75309 0.857339
-1.50617 0.604938
-1.50617 0.604938
-1.40741 0.567139
-1.40741 0.643957
-1.55556 0.567139
-1.60494 0.643957
-1.60494 0.604938
-1.50617 0.643957
-1.35802 0.530559
-1.20988 0.495199
-1.35802 0.495199
-1.35802 0.428136
-1.30864 0.428136
-1.35802 0.495199
-1.06173 0.36595
-1.11111 0.336686
-1.11111 0.336686
-1.25926 0.336686
-1.20988 0.308642
-1.01235 0.231824
-1.35802 0.336686
-1.40741 0.36595
-1.40741 0.428136
-1.45679 0.428136
-1.35802 0.36595
-1.06173 0.256211
-0.962963 0.208657
-1.20988 0.256211
-1.06173 0.208657
-0.962963 0.231824
-1.20988 0.256211
-1.16049 0.231824
-1.35802 0.308642
-1.11111 0.231824
-1.20988 0.336686
-1.16049 0.396433
-1.16049 0.336686
-1.30864 0.461058
-1.40741 0.461058
-1.45679 0.461058
-1.55556 0.495199
-1.55556 0.530559
-1.55556 0.495199
-1.45679 0.428136
-1.45679 0.461058
-1.50617 0.643957
-1.40741 0.567139
-1.40741 0.461058
-1.50617 0.461058
-1.40741 0.428136
-1.35802 0.461058
-1.35802 0.461058
-1.50617 0.530559
-1.45679 0.461058
-1.35802 0.396433
-1.35802 0.461058
-1.35802 0.495199
-1.16049 0.36595
-1.20988 0.428136
-1.25926 0.428136
-1.45679 0.530559
-1.50617 0.604938
-1.45679 0.604938
-1.40741 0.567139
-1.35802 0.567139
-1.35802 0.604938
-1.45679 0.643957
-1.60494 0.725652
-1.60494 0.725652
-1.7037 0.725652
-1.65432 0.768328
-1.65432 0.812224
-1.55556 0.725652
-1.7037 0.857339
-1.7037 0.857339
-1.80247 0.903673
-1.7037 0.857339
-1.80247 0.903673
-1.65432 0.812224
-1.65432 0.812224
-1.55556 0.768328
-1.90123 0.951227
-1.80247 0.903673
-2 1
-1.80247 0.903673
-2 1
-2 1
-1.90123 0.951227
-1.90123 0.951227
-1.80247 0.903673
-1.90123 0.951227
-1.90123 0.951227
-1.75309 0.857339
-1.80247 0.903673
-1.80247 0.903673
-1.85185 0.903673
-1.80247 0.903673
-1.80247 0.903673
-1.90123 0.951227
-1.80247 0.903673
-2 1
-1.80247 0.903673
-1.80247 0.903673
-2 1
-1.90123 0.951227
-1.90123 0.951227
-1.80247 0.903673
-1.75309 0.857339
-1.7037 0.857339
-1.50617 0.725652
-1.50617 0.768328
-1.60494 0.768328
-1.40741 0.684194
-1.7037 0.857339
-1.60494 0.812224
-1.50617 0.768328
-1.60494 0.812224
-1.60494 0.812224
-1.7037 0.812224
-1.50617 0.684194
-1.50617 0.725652
-1.75309 0.857339
-1.90123 0.951227
-1.85185 0.903673
-1.80247 0.857339
-1.80247 0.903673
-1.80247 0.903673
-1.80247 0.903673
-1.80247 0.903673
-1.75309 0.857339
-1.80247 0.903673
-1.90123 0.951227
-1.80247 0.903673
-1.75309 0.857339
-1.7037 0.857339
-1.75309 0.857339
-1.85185 0.903673
-1.90123 0.951227
-1.7037 0.857339
-1.7037 0.857339
-1.80247 0.903673
-1.80247 0.903673
-1.90123 0.951227
-1.90123 0.951227
-1.90123 0.951227
-2 1
-1.90123 0.951227
-1.85185 0.903673
-1.90123 0.951227
-1.90123 0.951227
-2 1
-1.90123 0.951227
-1.85185 0.903673
-1.7037 0.857339
-1.65432 0.812224
-1.65432 0.812224
-1.65432 0.812224
-1.65432 0.812224
-1.75309 0.857339
-1.85185 0.903673
-1.80247 0.857339
-1.80247 0.857339
-2 1
-1.80247 0.903673
-1.75309 0.857339
-1.75309 0.857339
-1.60494 0.768328
-1.65432 0.812224
-1.7037 0.812224
-1.7037 0.812224
-1.75309 0.857339
-1.85185 0.903673
-1.80247 0.903673
-1.90123 0.951227
-1.90123 0.951227
-1.75309 0.857339
-1.60494 0.812224
-1.75309 0.857339
-1.65432 0.812224
-1.65432 0.725652
-1.65432 0.768328
-1.60494 0.768328
-1.65432 0.812224
-1.90123 0.951227
-1.90123 0.951227
-1.45679 0.684194
-1.75309 0.857339
-1.65432 0.768328
-1.55556 0.684194
-1.50617 0.684194
-1.60494 0.725652
-1.7037 0.812224
-1.55556 0.725652
-1.7037 0.812224
-1.7037 0.768328
-1.65432 0.725652
-1.75309 0.768328
-1.7037 0.768328
-1.7037 0.812224
-1.75309 0.812224
-1.65432 0.768328
-1.7037 0.812224
-1.65432 0.812224
-1.45679 0.684194
-1.75309 0.857339
-1.90123 0.951227
-1.90123 0.951227
-1.80247 0.903673
-1.90123 0.951227
-1.75309 0.857339
-1.80247 0.903673
-2 1
-1.7037 0.857339
-1.90123 0.951227
-1.90123 0.951227
-1.75309 0.857339
-1.80247 0.903673
-1.80247 0.857339
-1.80247 0.857339
-1.80247 0.903673
-1.7037 0.857339
-1.7037 0.857339
-1.90123 0.951227
-2 1
-1.90123 0.951227
-2 1
-2 1
-2 1
-1.90123 0.951227
-1.80247 0.903673
-1.90123 0.951227
-1.80247 0.903673
-1.90123 0.951227
-1.80247 0.903673
-1.80247 0.903673
-1.80247 0.903673
-1.80247 0.903673
-1.80247 0.903673
-1.80247 0.903673
-2 1
-2 1
-1.90123 0.951227
-1.80247 0.903673
-1.80247 0.903673
-1.65432 0.812224
-1.60494 0.812224
-1.65432 0.812224
-1.85185 0.903673
-1.60494 0.768328
-1.60494 0.768328
-1.60494 0.768328
-1.65432 0.812224
-1.60494 0.768328
-1.35802 0.604938
-1.35802 0.684194
-1.55556 0.768328
-1.7037 0.812224
-1.85185 0.903673
-1.80247 0.857339
-1.7037 0.812224
-1.80247 0.857339
-1.80247 0.857339
-1.80247 0.903673
-1.90123 0.951227
-1.7037 0.857339
-1.60494 0.812224
-1.7037 0.857339
-1.75309 0.857339
-1.7037 0.857339
-1.75309 0.857339
-1.7037 0.857339
-1.85185 0.903673
-1.75309 0.857339
-1.90123 0.951227
-1.85185 0.903673
-1.80247 0.857339
-1.75309 0.857339
-1.7037 0.812224
-1.75309 0.857339
-1.7037 0.812224
-1.75309 0.857339
-1.75309 0.857339
-1.55556 0.725652
-1.7037 0.857339
-1.7037 0.857339
-1.65432 0.812224
-1.75309 0.857339
-1.80247 0.903673
-1.80247 0.903673
-2 1
-2 1
-1.90123 0.951227
-2 1
-1.90123 0.951227
-1.90123 0.951227
-1.75309 0.857339
-1.80247 0.903673
-2 1
-1.90123 0.951227
-1.90123 0.951227
-1.80247 0.903673
-1.80247 0.903673
-1.75309 0.857339
-1.75309 0.857339
-1.55556 0.768328
-1.60494 0.768328
-1.80247 0.903673
-1.90123 0.951227
-1.90123 0.951227
-2 1
-2 1
-1.90123 0.951227
-1.90123 0.951227
-1.90123 0.951227
-1.90123 0.951227
-2 1
-2 1
-2 1
-1.90123 0.951227
-2 1
-2 1
-2 1
-1.90123 0.951227
-2 1
-1.90123 0.951227
-2 1
-2 1
-1.90123 0.951227
-1.90123 0.951227
-2 1
-1.90123 0.951227
-1.90123 0.951227
-1.90123 0.951227
-1.90123 0.951227
-1.75309 0.857339
-1.7037 0.812224
-1.7037 0.812224
-1.85185 0.903673
-1.80247 0.903673
-1.90123 0.951227
-1.90123 0.951227
-2 1
-2 1
-1.90123 0.951227
-2 1
-2 1
-1.90123 0.951227
-1.85185 0.903673
-1.75309 0.857339
-1.80247 0.903673
-1.7037 0.857339
-1.7037 0.857339
-1.7037 0.857339
-1.90123 0.951227
-1.90123 0.951227
-1.90123 0.951227
-1.80247 0.903673
-1.60494 0.812224
-1.80247 0.903673
-1.80247 0.903673
-1.85185 0.903673
-1.75309 0.857339
-1.75309 0.857339
-1.90123 0.951227
-1.7037 0.857339
-2 1
-1.75309 0.857339
-1.80247 0.903673
-1.75309 0.857339
-1.90123 0.951227
-1.90123 0.951227
-2 1
-1.90123 0.951227
-1.7037 0.857339
-1.80247 0.903673
-1.65432 0.812224
-1.80247 0.903673
-1.50617 0.684194
-1.60494 0.812224
-1.7037 0.857339
-1.80247 0.903673
-1.80247 0.903673
-1.80247 0.903673
-1.80247 0.903673
-1.90123 0.951227
-1.85185 0.903673
-1.7037 0.857339
-1.7037 0.857339
-1.7037 0.857339
-1.65432 0.812224
-1.45679 0.725652
-1.60494 0.812224
-1.7037 0.857339
-1.65432 0.812224
-1.7037 0.857339
-1.60494 0.812224
-1.35802 0.643957
-1.50617 0.643957
-1.25926 0.604938
-1.45679 0.643957
-1.50617 0.684194
-1.50617 0.684194
-1.40741 0.643957
-1.30864 0.643957
-1.60494 0.768328
-1.55556 0.768328
-1.65432 0.812224
-1.75309 0.812224
-1.25926 0.604938
-1.60494 0.768328
-1.7037 0.812224
-1.45679 0.684194
-1.55556 0.725652
-1.65432 0.812224
-1.50617 0.725652
-1.55556 0.725652
-1.55556 0.768328
-1.55556 0.768328
-1.55556 0.725652
-1.55556 0.725652
-1.55556 0.684194
-1.50617 0.684194
-1.7037 0.812224
-1.7037 0.812224
-1.7037 0.812224
-1.7037 0.812224
-1.7037 0.812224
-1.75309 0.857339
-1.50617 0.725652
-1.75309 0.857339
-1.85185 0.903673
-1.90123 0.951227
-1.90123 0.951227
-1.7037 0.857339
-1.60494 0.768328
-1.7037 0.812224
-1.7037 0.857339
-1.7037 0.812224
-1.85185 0.903673
-1.75309 0.857339
-2 1
-1.75309 0.857339
-1.7037 0.812224
-1.80247 0.903673
-1.40741 0.643957
-1.40741 0.725652
-1.45679 0.684194
-1.45679 0.643957
-1.55556 0.768328
-1.60494 0.768328
-1.80247 0.857339
-1.85185 0.903673
-1.7037 0.812224
-1.7037 0.812224
-1.75309 0.857339
-1.85185 0.903673
-1.80247 0.857339
-1.60494 0.768328
-1.55556 0.768328
-1.55556 0.768328
-1.7037 0.857339
-1.85185 0.903673
-1.90123 0.951227
-1.90123 0.951227
-1.90123 0.951227
-1.7037 0.857339
-1.7037 0.812224
-1.80247 0.903673
-1.7037 0.812224
-1.65432 0.768328
-1.30864 0.604938
-1.50617 0.684194
-1.7037 0.812224
-1.50617 0.725652
-1.50617 0.684194
-1.25926 0.567139
-1.40741 0.643957
-1.40741 0.604938
-1.40741 0.567139
-1.50617 0.604938
-1.50617 0.567139
-1.35802 0.567139
-1.45679 0.604938
-1.30864 0.567139
-1.20988 0.495199
-1.25926 0.461058
-1.40741 0.530559
-1.45679 0.567139
-1.50617 0.604938
-1.45679 0.567139
-1.40741 0.604938
-1.50617 0.684194
-1.65432 0.684194
-1.55556 0.725652
-1.50617 0.684194
-1.60494 0.725652
-1.60494 0.725652
-1.50617 0.567139
-1.50617 0.604938
-1.35802 0.495199
-1.40741 0.567139
-1.45679 0.567139
-1.55556 0.684194
-1.45679 0.567139
-1.50617 0.567139
-1.65432 0.768328
-1.7037 0.768328
-1.80247 0.903673
-1.90123 0.951227
-2 1
-1.90123 0.951227
-1.75309 0.857339
-1.80247 0.903673
-1.75309 0.812224
-1.80247 0.857339
-1.55556 0.725652
-1.80247 0.903673
-1.80247 0.903673
-1.80247 0.903673
-1.60494 0.812224
-1.7037 0.857339
-1.75309 0.857339
-1.75309 0.857339
-1.65432 0.812224
-1.80247 0.903673
-1.90123 0.951227
-1.90123 0.951227
-2 1
-2 1
-1.80247 0.903673
-1.90123 0.951227
-1.90123 0.951227
-1.80247 0.903673
-1.80247 0.903673
-1.90123 0.951227
-1.90123 0.951227
-1.80247 0.903673
-1.7037 0.857339
-1.55556 0.725652
-1.65432 0.812224
-1.7037 0.812224
-1.60494 0.768328
-1.60494 0.725652
-1.55556 0.725652
-1.65432 0.812224
-1.65432 0.812224
-1.50617 0.725652
-1.7037 0.812224
-1.50617 0.643957
-1.7037 0.812224
-1.7037 0.768328
-1.75309 0.812224
-1.60494 0.768328
-1.40741 0.684194
-1.50617 0.725652
-1.7037 0.857339
-1.65432 0.812224
-1.65432 0.768328
-1.75309 0.857339
-1.7037 0.857339
-1.80247 0.857339
-1.7037 0.812224
-1.80247 0.903673
-1.80247 0.903673
-1.80247 0.903673
-1.7037 0.857339
-1.80247 0.903673
-1.7037 0.857339
-2 1
-1.90123 0.951227
-1.80247 0.903673
-1.80247 0.903673
-1.80247 0.903673
-1.55556 0.768328
-1.75309 0.857339
-1.80247 0.903673
-1.85185 0.903673
-1.65432 0.812224
-1.75309 0.857339
-1.80247 0.903673
-1.90123 0.951227
-1.80247 0.903673
-1.75309 0.857339
-1.85185 0.903673
-1.85185 0.903673
-1.90123 0.951227
-1.45679 0.725652
-1.90123 0.951227
-1.80247 0.903673
-1.80247 0.903673
-1.60494 0.812224
-1.80247 0.903673
-1.90123 0.951227
-1.85185 0.903673
-2 1
-1.80247 0.903673
-1.90123 0.951227
-1.75309 0.857339
-1.90123 0.951227
-1.80247 0.903673
-1.75309 0.857339
-1.85185 0.903673
-1.85185 0.903673
-1.85185 0.903673
-1.90123 0.951227
-1.75309 0.857339
-1.80247 0.903673
-1.90123 0.951227
-1.80247 0.903673
-1.80247 0.903673
-1.90123 0.951227
-2 1
-2 1
-1.80247 0.903673
-1.90123 0.951227
-2 1
-1.90123 0.951227
-1.85185 0.903673
-2 1
-1.80247 0.903673
-1.7037 0.857339
-1.80247 0.903673
-2 1
-1.7037 0.812224
-1.80247 0.857339
-1.7037 0.768328
-1.65432 0.725652
-1.60494 0.768328
-1.55556 0.768328
-1.55556 0.725652
-1.35802 0.684194
-1.50617 0.768328
-1.50617 0.768328
-1.40741 0.684194
-1.55556 0.768328
-1.7037 0.768328
-1.55556 0.725652
-1.40741 0.684194
-1.65432 0.812224
-1.40741 0.643957
-1.40741 0.604938
-1.40741 0.725652
-1.60494 0.812224
-1.50617 0.768328
-1.60494 0.768328
-1.85185 0.903673
-1.75309 0.857339
-1.85185 0.903673
-2 1
-2 1
-2 1
-2 1
-2 1
-1.90123 0.951227
-2 1
-1.75309 0.857339
-1.85185 0.903673
-1.85185 0.903673
-1.7037 0.812224
-1.75309 0.768328
-1.60494 0.768328
-1.65432 0.768328
-1.60494 0.725652
-1.60494 0.768328
-1.60494 0.768328
-1.65432 0.812224
-1.65432 0.812224
-1.55556 0.768328
-1.40741 0.643957
-1.55556 0.725652
-1.50617 0.643957
-1.45679 0.604938
-1.65432 0.725652
-1.7037 0.812224
-1.60494 0.684194
-1.60494 0.768328
-1.50617 0.725652
-1.45679 0.684194
-1.45679 0.684194
-1.60494 0.768328
-1.45679 0.725652
-1.65432 0.812224
-1.80247 0.857339
-1.60494 0.768328
-1.50617 0.643957
-1.35802 0.495199
-1.50617 0.530559
-1.40741 0.567139
-1.45679 0.643957
-1.55556 0.768328
-1.60494 0.768328
-1.55556 0.725652
-1.7037 0.812224
-1.75309 0.857339
-1.85185 0.903673
-1.90123 0.951227
-1.7037 0.857339
-1.80247 0.903673
-1.80247 0.903673
-1.7037 0.857339
-2 1
-1.90123 0.951227
-1.90123 0.951227
-1.90123 0.951227
-1.80247 0.903673
-1.90123 0.951227
-1.90123 0.951227
-2 1
-2 1
-1.85185 0.903673
-1.90123 0.951227
-1.90123 0.951227
-2 1
-2 1
-1.80247 0.903673
-1.80247 0.903673
-1.90123 0.951227
-1.60494 0.812224
-1.65432 0.768328
-1.75309 0.812224
-1.75309 0.812224
-1.75309 0.812224
-1.50617 0.684194
-1.45679 0.684194
-1.55556 0.684194
-1.60494 0.684194
-1.65432 0.812224
-1.45679 0.684194
-1.55556 0.768328
-1.7037 0.857339
-1.7037 0.857339
-1.80247 0.903673
-1.80247 0.903673
-1.75309 0.857339
-1.80247 0.857339
-1.65432 0.768328
-1.7037 0.812224
-1.80247 0.857339
-1.45679 0.725652
-1.60494 0.768328
-1.75309 0.857339
-1.65432 0.812224
-1.7037 0.857339
-1.80247 0.903673
-1.80247 0.903673
-2 1
-1.90123 0.951227
-1.90123 0.951227
-1.80247 0.903673
-2 1
-1.90123 0.951227
-1.90123 0.951227
-1.90123 0.951227
-1.90123 0.951227
-2 1
-2 1
-2 1
-2 1
-2 1
-2 1
-2 1
-1.80247 0.903673
-1.7037 0.857339
-1.60494 0.812224
-2 1
-1.90123 0.951227
-1.90123 0.951227
-2 1
-1.90123 0.951227
-1.90123 0.951227
-1.80247 0.903673
-1.90123 0.951227
-1.90123 0.951227
-1.80247 0.903673
-1.7037 0.812224
-1.75309 0.857339
-1.75309 0.857339
-1.60494 0.725652
-1.50617 0.684194
-1.90123 0.951227
-2 1
-2 1
-1.80247 0.903673
-1.80247 0.903673
-1.90123 0.951227
-2 1
-2 1
-2 1
-2 1
-2 1
-2 1
-2 1
-2 1
-1.80247 0.903673
-1.90123 0.951227
-1.7037 0.857339
-2 1
-1.90123 0.951227
-1.90123 0.951227
-1.90123 0.951227
-2 1
-1.90123 0.951227
-1.75309 0.857339
-1.65432 0.812224
-1.7037 0.812224
-1.7037 0.857339
-1.80247 0.903673
-1.60494 0.812224
-1.60494 0.768328
-1.45679 0.643957
-1.35802 0.604938
-1.45679 0.643957
-1.35802 0.604938
-1.35802 0.495199
-1.50617 0.604938
-1.50617 0.567139
-1.60494 0.643957
-1.30864 0.461058
-1.60494 0.604938
-1.35802 0.604938
-1.45679 0.567139
-1.35802 0.495199
-1.30864 0.530559
-1.45679 0.684194
-1.40741 0.604938
-1.25926 0.530559
-1.30864 0.495199
-1.30864 0.461058
-1.35802 0.495199
-1.30864 0.461058
-1.35802 0.567139
-1.55556 0.604938
-1.45679 0.684194
-1.75309 0.812224
-1.55556 0.725652
-1.65432 0.768328
-1.55556 0.725652
-1.65432 0.768328
-1.45679 0.643957
-1.55556 0.684194
-1.60494 0.684194
-1.50617 0.643957
-1.40741 0.567139
-1.45679 0.643957
-1.35802 0.643957
-1.55556 0.725652
-1.40741 0.643957
-1.7037 0.812224
-1.50617 0.684194
-1.40741 0.643957
-1.20988 0.530559
-1.40741 0.567139
-1.45679 0.604938
-1.35802 0.530559
-1.40741 0.643957
-1.20988 0.530559
-1.35802 0.604938
-1.25926 0.567139
-1.45679 0.684194
-1.25926 0.530559
-1.35802 0.495199
-1.65432 0.768328
-1.60494 0.725652
-1.40741 0.567139
-1.50617 0.684194
-1.01235 0.428136
-1.11111 0.461058
-1.25926 0.530559
-1.35802 0.567139
-1.35802 0.643957
-1.55556 0.725652
-1.45679 0.643957
-1.65432 0.768328
-1.40741 0.567139
-1.45679 0.567139
-1.50617 0.604938
-1.45679 0.684194
-1.60494 0.768328
-1.45679 0.643957
-1.65432 0.768328
-1.40741 0.604938
-1.50617 0.684194
-1.35802 0.604938
-1.45679 0.643957
-1.60494 0.684194
-1.35802 0.604938
-1.40741 0.567139
-1.25926 0.643957
-1.25926 0.643957
-1.06173 0.461058
-1.25926 0.495199
-1.35802 0.461058
-1.45679 0.530559
-1.60494 0.725652
-1.65432 0.768328
-1.40741 0.604938
-1.25926 0.567139
-1.40741 0.604938
-1.40741 0.567139
-1.40741 0.567139
-1.45679 0.604938
-1.40741 0.643957
-1.40741 0.604938
-1.60494 0.684194
-1.55556 0.768328
-1.40741 0.604938
-1.40741 0.567139
-1.30864 0.495199
-1.35802 0.567139
-1.40741 0.604938
-1.35802 0.495199
-1.55556 0.684194
-1.55556 0.684194
-1.55556 0.643957
-1.45679 0.604938
-1.30864 0.604938
-1.40741 0.643957
-1.50617 0.684194
-1.60494 0.768328
-1.65432 0.812224
-1.75309 0.857339
-1.55556 0.684194
-1.55556 0.684194
-1.45679 0.643957
-1.45679 0.643957
-1.60494 0.725652
-1.30864 0.684194
-1.50617 0.725652
-1.45679 0.684194
-1.7037 0.857339
-1.60494 0.812224
-1.7037 0.857339
-1.65432 0.812224
-1.7037 0.857339
-1.80247 0.903673
-1.80247 0.903673
-1.80247 0.903673
-1.60494 0.768328
-1.80247 0.903673
-1.80247 0.903673
-1.55556 0.725652
-1.45679 0.684194
-1.45679 0.725652
-1.60494 0.812224
-1.90123 0.951227
-1.7037 0.857339
-2 1
-2 1
-2 1
-2 1
-1.90123 0.951227
-1.75309 0.857339
-1.7037 0.857339
-1.80247 0.857339
-1.80247 0.857339
-1.90123 0.951227
-1.7037 0.857339
-2 1
-1.7037 0.857339
-1.80247 0.903673
-1.65432 0.812224
-1.75309 0.857339
-1.75309 0.857339
-1.55556 0.768328
-1.75309 0.857339
-1.90123 0.951227
-2 1
-1.90123 0.951227
-2 1
-1.90123 0.951227
-1.85185 0.903673
-1.90123 0.951227
-2 1
-1.90123 0.951227
-2 1
-1.90123 0.951227
-1.90123 0.951227
-1.90123 0.951227
-2 1
-2 1
-2 1
-2 1
-2 1
-2 1
-1.7037 0.857339
-1.90123 0.951227
-1.90123 0.951227
-1.90123 0.951227
-1.80247 0.903673
-1.90123 0.951227
-1.7037 0.857339
-1.7037 0.857339
-1.90123 0.951227
-1.7037 0.857339
-1.75309 0.857339
-1.7037 0.857339
-1.90123 0.951227
-1.80247 0.857339
-1.60494 0.768328
-1.65432 0.812224
-1.60494 0.725652
-1.75309 0.812224
-1.80247 0.812224
-1.75309 0.812224
-1.75309 0.857339
-1.60494 0.768328
-1.75309 0.812224
-1.7037 0.857339
-1.75309 0.857339
-1.75309 0.857339
-1.90123 0.951227
-1.90123 0.951227
-2 1
-2 1
-1.90123 0.951227
-2 1
-2 1
-2 1
-1.80247 0.903673
-1.7037 0.857339
-1.80247 0.903673
-1.90123 0.951227
-1.60494 0.812224
-1.7037 0.857339
-1.90123 0.951227
-1.75309 0.857339
-1.90123 0.951227
-1.7037 0.857339
-1.7037 0.857339
-1.80247 0.903673
-1.80247 0.903673
-1.55556 0.768328
-1.80247 0.903673
-1.7037 0.857339
-1.80247 0.903673
-1.7037 0.857339
-1.90123 0.951227
-1.80247 0.903673
-1.75309 0.857339
-1.80247 0.857339
-1.60494 0.768328
-1.7037 0.812224
-1.80247 0.857339
-1.75309 0.857339
-1.75309 0.857339
-1.90123 0.951227
-1.90123 0.951227
-1.90123 0.951227
-1.90123 0.951227
-1.90123 0.951227
-2 1
-1.90123 0.951227
-2 1
-1.90123 0.951227
-1.7037 0.857339
-1.80247 0.903673
-1.7037 0.812224
-1.75309 0.857339
-1.75309 0.857339
-1.80247 0.903673
-1.80247 0.903673
-1.65432 0.812224
-1.75309 0.857339
-1.75309 0.857339
-1.80247 0.903673
-1.60494 0.812224
-1.90123 0.951227
-1.80247 0.903673
-2 1
-1.90123 0.951227
-2 1
-1.90123 0.951227
-2 1
-2 1
-2 1
-2 1
-2 1
-2 1
-1.7037 0.857339
-1.90123 0.951227
-1.80247 0.903673
-1.85185 0.903673
-1.80247 0.857339
-1.75309 0.857339
-1.7037 0.812224
-1.80247 0.857339
-1.55556 0.768328
-1.50617 0.684194
-1.60494 0.725652
-1.50617 0.725652
-1.40741 0.684194
-1.40741 0.643957
-1.35802 0.567139
-1.45679 0.643957
-1.45679 0.604938
-1.40741 0.604938
-1.45679 0.643957
-1.45679 0.604938
-1.45679 0.530559
-1.45679 0.495199
-1.30864 0.428136
-1.40741 0.530559
-1.30864 0.461058
-1.30864 0.495199
-1.25926 0.461058
-1.01235 0.336686
-1.01235 0.396433
-1.11111 0.428136
-1.06173 0.36595
-1.06173 0.336686
-1.06173 0.36595
-1.25926 0.396433
-1.25926 0.428136
-1.20988 0.396433
-1.25926 0.396433
-1.25926 0.396433
-1.06173 0.281817
-1.16049 0.36595
-1.16049 0.36595
-1.11111 0.336686
-1.25926 0.428136
-1.25926 0.530559
-1.40741 0.567139
-1.35802 0.530559
-1.16049 0.461058
-1.25926 0.495199
-1.30864 0.461058
-1.40741 0.567139
-1.11111 0.428136
-1.35802 0.530559
-1.11111 0.396433
-1.20988 0.396433
-1.25926 0.495199
-1.20988 0.396433
-1.06173 0.336686
-0.962963 0.281817
-0.864198 0.308642
-1.20988 0.461058
-1.01235 0.336686
-0.962963 0.396433
-0.864198 0.281817
-1.06173 0.461058
-1.01235 0.36595
-1.11111 0.428136
-1.16049 0.396433
-1.25926 0.428136
-1.20988 0.428136
-1.11111 0.396433
-1.40741 0.530559
-1.25926 0.495199
-1.50617 0.567139
-1.60494 0.604938
-1.65432 0.768328
-1.65432 0.725652
-1.60494 0.684194
-1.50617 0.567139
-1.50617 0.604938
-1.45679 0.604938
-1.55556 0.604938
-1.45679 0.567139
-1.30864 0.530559
-1.50617 0.567139
-1.55556 0.567139
-1.45679 0.461058
-1.35802 0.495199
-1.25926 0.428136
-1.16049 0.336686
-1.11111 0.281817
-1.40741 0.428136
-1.50617 0.461058
-1.55556 0.461058
-1.45679 0.396433
-1.35802 0.36595
-1.25926 0.36595
-1.20988 0.36595
-1.25926 0.336686
-1.11111 0.281817
-1.06173 0.256211
-1.01235 0.231824
-0.962963 0.165981
-1.16049 0.231824
-1.20988 0.186709
-1.25926 0.281817
-1.16049 0.256211
-1.06173 0.186709
-1.11111 0.146472
-1.16049 0.146472
-1.20988 0.208657
-1.16049 0.256211
-1.30864 0.336686
-1.16049 0.231824
-1.11111 0.186709
-1.16049 0.281817
-0.962963 0.208657
-1.11111 0.208657
-1.01235 0.231824
-1.11111 0.231824
-1.16049 0.186709
-1.25926 0.165981
-1.25926 0.208657
-1.11111 0.186709
-1.20988 0.186709
-1.06173 0.111111
-1.01235 0.111111
-1.11111 0.208657
-1.20988 0.146472
-1.25926 0.111111
-1.30864 0.128182
-1.25926 0.146472
-1.16049 0.146472
-1.16049 0.165981
-1.25926 0.186709
-1.25926 0.208657
-1.11111 0.186709
-1.16049 0.256211
-1.11111 0.231824
-1.25926 0.231824
-1.20988 0.256211
-1.35802 0.208657
-1.30864 0.256211
-1.25926 0.281817
-1.06173 0.165981
-1.16049 0.186709
-1.16049 0.165981
-1.16049 0.186709
-1.20988 0.208657
-1.25926 0.208657
-1.06173 0.128182
-1.35802 0.186709
-1.35802 0.186709
-1.25926 0.186709
-1.40741 0.256211
-1.30864 0.231824
-1.35802 0.231824
-1.40741 0.256211
-1.30864 0.165981
-1.16049 0.128182
-1.20988 0.128182
-1.16049 0.111111
-0.962963 0.111111
-1.20988 0.146472
-1.25926 0.165981
-1.25926 0.186709
-1.35802 0.208657
-1.25926 0.186709
-1.20988 0.165981
-1.20988 0.165981
-1.16049 0.231824
-1.20988 0.336686
-1.25926 0.281817
-1.25926 0.336686
-1.20988 0.396433
-1.20988 0.308642
-1.35802 0.336686
-1.35802 0.336686
-1.35802 0.336686
-1.25926 0.396433
-1.20988 0.396433
-1.35802 0.461058
-1.40741 0.461058
-1.45679 0.461058
-1.20988 0.396433
-1.35802 0.495199
-1.50617 0.495199
-1.40741 0.495199
-1.35802 0.461058
-1.50617 0.530559
-1.40741 0.428136
-1.45679 0.36595
-1.35802 0.36595
-1.50617 0.36595
-1.50617 0.428136
-1.40741 0.36595
-1.45679 0.336686
-1.45679 0.396433
-1.35802 0.308642
-1.55556 0.461058
-1.55556 0.461058
-1.55556 0.428136
-1.55556 0.567139
-1.55556 0.495199
-1.50617 0.461058
-1.40741 0.428136
-1.40741 0.336686
-1.45679 0.336686
-1.30864 0.336686
-1.40741 0.428136
-1.50617 0.530559
-1.16049 0.36595
-1.01235 0.336686
-1.16049 0.36595
-1.16049 0.428136
-1.25926 0.428136
-1.11111 0.36595
-1.16049 0.396433
-1.25926 0.428136
-1.25926 0.396433
-1.30864 0.336686
-1.16049 0.36595
-1.30864 0.428136
-1.11111 0.308642
-1.20988 0.281817
-1.16049 0.336686
-1.35802 0.396433
-1.35802 0.396433
-1.20988 0.428136
-1.35802 0.495199
-1.06173 0.36595
-1.16049 0.428136
-1.11111 0.396433
-1.20988 0.495199
-1.16049 0.495199
-1.35802 0.530559
-1.16049 0.461058
-1.16049 0.461058
-1.16049 0.428136
-1.25926 0.495199
-1.30864 0.495199
-1.30864 0.495199
-1.25926 0.530559
-1.25926 0.428136
-1.20988 0.396433
-1.11111 0.396433
-1.45679 0.604938
-1.55556 0.643957
-1.55556 0.725652
-1.7037 0.812224
-1.7037 0.725652
-1.65432 0.725652
-1.50617 0.643957
-1.75309 0.812224
-1.60494 0.643957
-1.65432 0.643957
-1.50617 0.643957
-1.35802 0.567139
-1.50617 0.604938
-1.55556 0.567139
-1.40741 0.495199
-1.25926 0.428136
-1.45679 0.530559
-1.40741 0.530559
-1.35802 0.428136
-1.30864 0.495199
-1.20988 0.396433
-1.06173 0.36595
-1.20988 0.428136
-1.16049 0.461058
-1.35802 0.567139
-1.01235 0.396433
-1.06173 0.36595
-1.25926 0.530559
-1.01235 0.396433
-1.30864 0.604938
-1.50617 0.684194
-1.30864 0.604938
-1.45679 0.684194
-0.91358 0.396433
-0.864198 0.428136
-1.16049 0.495199
-1.20988 0.530559
-1.01235 0.396433
-1.25926 0.530559
-1.30864 0.604938
-1.30864 0.530559
-1.40741 0.567139
-1.11111 0.428136
-1.16049 0.495199
-1.16049 0.495199
-1.35802 0.643957
-1.65432 0.768328
-1.75309 0.857339
-1.65432 0.768328
-1.85185 0.903673
-1.60494 0.812224
-1.80247 0.857339
-1.65432 0.768328
-1.7037 0.812224
-1.65432 0.768328
-1.60494 0.768328
-1.60494 0.768328
-1.85185 0.903673
-1.85185 0.903673
-1.7037 0.812224
-1.7037 0.812224
-1.65432 0.768328
-1.60494 0.768328
-1.65432 0.812224
-1.65432 0.768328
-1.7037 0.812224
-1.60494 0.725652
-1.35802 0.604938
-1.45679 0.684194
-1.55556 0.725652
-1.50617 0.684194
-1.65432 0.768328
-1.55556 0.725652
-1.35802 0.643957
-1.35802 0.643957
-1.50617 0.604938
-1.60494 0.643957
-1.55556 0.725652
-1.60494 0.725652
-1.55556 0.643957
-1.55556 0.725652
-1.55556 0.725652
-1.65432 0.768328
-1.50617 0.643957
-1.60494 0.725652
-1.50617 0.684194
-1.7037 0.812224
-1.60494 0.768328
-1.80247 0.903673
-1.7037 0.812224
-1.65432 0.768328
-1.7037 0.857339
-1.80247 0.857339
-1.65432 0.725652
-1.80247 0.812224
-1.80247 0.903673
-1.90123 0.951227
-1.80247 0.903673
-1.7037 0.857339
-1.65432 0.812224
-1.7037 0.857339
-1.65432 0.812224
-1.80247 0.903673
-1.80247 0.903673
-2 1
-1.90123 0.951227
-2 1
-2 1
-1.90123 0.951227
-1.7037 0.812224
-1.75309 0.857339
-1.7037 0.857339
-1.75309 0.857339
-1.80247 0.903673
-1.80247 0.903673
-1.7037 0.857339
-1.7037 0.857339
-2 1
-2 1
-2 1
-2 1
-2 1
-2 1
-2 1
-2 1
-2 1
-2 1
-2 1
-1.80247 0.903673
-1.80247 0.903673
-1.90123 0.951227
-2 1
-1.90123 0.951227
-1.7037 0.857339
-1.75309 0.857339
-1.35802 0.684194
-1.45679 0.684194
-1.55556 0.725652
-1.55556 0.725652
-1.45679 0.643957
-1.40741 0.604938
-1.40741 0.604938
-1.30864 0.530559
-1.30864 0.643957
-1.80247 0.857339
-1.60494 0.768328
-1.65432 0.812224
-1.55556 0.768328
-1.75309 0.857339
-1.65432 0.812224
-1.80247 0.903673
-1.80247 0.903673
-1.7037 0.857339
-1.75309 0.857339
-1.75309 0.857339
-1.85185 0.903673
-1.65432 0.768328
-1.75309 0.812224
-1.80247 0.857339
-1.7037 0.812224
-1.80247 0.903673
-1.80247 0.903673
-1.55556 0.768328
-1.75309 0.857339
-1.75309 0.857339
-1.80247 0.857339
-1.90123 0.951227
-1.80247 0.903673
-1.7037 0.857339
-1.75309 0.857339
-1.7037 0.812224
-1.75309 0.857339
-1.7037 0.812224
-1.65432 0.768328
-1.80247 0.857339
-1.7037 0.857339
-1.80247 0.857339
-1.7037 0.812224
-1.75309 0.857339
-1.75309 0.857339
-1.90123 0.951227
-1.90123 0.951227
-1.80247 0.903673
-1.80247 0.903673
-1.35802 0.684194
-1.65432 0.812224
-1.75309 0.857339
-1.60494 0.768328
-1.45679 0.725652
-1.40741 0.604938
-1.60494 0.768328
-1.55556 0.725652
-1.65432 0.812224
-1.60494 0.768328
-1.65432 0.812224
-1.90123 0.951227
-1.80247 0.903673
-1.7037 0.857339
-1.80247 0.903673
-1.40741 0.643957
-1.50617 0.684194
-1.20988 0.530559
-1.25926 0.567139
-1.25926 0.604938
-1.35802 0.604938
-1.55556 0.643957
-1.45679 0.604938
-1.45679 0.604938
-1.55556 0.684194
-1.55556 0.684194
-1.45679 0.643957
-1.45679 0.567139
-1.06173 0.428136
-1.06173 0.495199
-1.45679 0.684194
-1.40741 0.643957
-1.75309 0.857339
-1.50617 0.725652
-1.40741 0.684194
-1.35802 0.643957
-1.35802 0.604938
-1.60494 0.768328
-1.40741 0.643957
-1.45679 0.725652
-1.55556 0.725652
-1.55556 0.725652
-1.50617 0.643957
-1.55556 0.643957
-1.50617 0.604938
-1.55556 0.684194
-1.40741 0.530559
-1.50617 0.643957
-1.25926 0.495199
-1.45679 0.684194
-1.35802 0.643957
-1.50617 0.684194
-1.40741 0.643957
-1.60494 0.643957
-1.75309 0.768328
-1.75309 0.768328
-1.25926 0.567139
-1.45679 0.643957
-1.50617 0.725652
-1.25926 0.604938
-1.06173 0.428136
-1.25926 0.495199
-1.25926 0.530559
-1.20988 0.461058
-1.16049 0.530559
-1.20988 0.604938
-1.40741 0.684194
-1.40741 0.643957
-1.7037 0.812224
-1.50617 0.643957
-1.55556 0.643957
-1.45679 0.684194
-1.60494 0.812224
-1.50617 0.768328
-1.55556 0.768328
-1.40741 0.643957
-1.55556 0.768328
-1.35802 0.643957
-1.25926 0.604938
-1.20988 0.495199
-1.25926 0.530559
-1.30864 0.530559
-1.55556 0.684194
-1.50617 0.604938
-1.45679 0.684194
-1.40741 0.684194
-1.50617 0.768328
-1.40741 0.684194
-1.60494 0.725652
-1.65432 0.768328
-1.60494 0.768328
-1.80247 0.903673
-1.80247 0.903673
-1.90123 0.951227
-1.7037 0.857339
-1.80247 0.903673
-1.90123 0.951227
-1.90123 0.951227
-1.90123 0.951227
-1.7037 0.857339
-1.85185 0.903673
-1.80247 0.903673
-1.80247 0.903673
-1.80247 0.903673
-1.75309 0.857339
-1.80247 0.903673
-1.80247 0.903673
-1.90123 0.951227
-1.90123 0.951227
-1.80247 0.903673
-1.75309 0.857339
-1.75309 0.857339
-1.55556 0.768328
-1.50617 0.768328
-1.60494 0.812224
-1.65432 0.812224
-1.60494 0.812224
-1.60494 0.812224
-1.40741 0.725652
-1.55556 0.768328
-1.65432 0.812224
-1.7037 0.812224
-1.50617 0.684194
-1.55556 0.768328
-1.65432 0.812224
-1.7037 0.812224
-1.55556 0.684194
-1.45679 0.643957
-1.45679 0.725652
-1.40741 0.684194
-1.60494 0.812224
-1.75309 0.857339
-1.7037 0.812224
-1.55556 0.725652
-1.65432 0.768328
-1.65432 0.768328
-1.75309 0.857339
-1.80247 0.903673
-1.7037 0.812224
-1.75309 0.857339
-1.85185 0.903673
-2 1
-1.60494 0.812224
-1.90123 0.951227
-2 1
-1.7037 0.857339
-1.75309 0.857339
-1.75309 0.857339
-1.80247 0.903673
-1.75309 0.857339
-1.80247 0.903673
-1.90123 0.951227
-2 1
-2 1
-2 1
-2 1
-1.90123 0.951227
-1.90123 0.951227
-1.90123 0.951227
-1.90123 0.951227
-1.80247 0.903673
-1.85185 0.903673
-1.85185 0.903673
-1.75309 0.812224
-1.7037 0.857339
-1.55556 0.768328
-1.7037 0.857339
-1.60494 0.768328
-1.80247 0.903673
-1.7037 0.857339
-1.60494 0.812224
-1.80247 0.903673
-1.90123 0.951227
-1.80247 0.903673
-1.75309 0.857339
-1.75309 0.857339
-1.75309 0.857339
-1.45679 0.643957
-1.80247 0.903673
-1.60494 0.768328
-1.7037 0.857339
-1.7037 0.857339
-1.75309 0.857339
-1.7037 0.857339
-1.7037 0.857339
-1.65432 0.812224
-1.80247 0.903673
-1.50617 0.725652
-1.80247 0.903673
-1.80247 0.903673
-1.80247 0.903673
-1.90123 0.951227
-1.80247 0.903673
-1.60494 0.768328
-1.60494 0.768328
-1.7037 0.812224
-1.65432 0.768328
-1.75309 0.812224
-1.60494 0.768328
-1.75309 0.857339
-1.7037 0.812224
-1.65432 0.768328
-1.65432 0.768328
-1.65432 0.768328
-1.7037 0.768328
-1.50617 0.725652
-1.40741 0.643957
-1.60494 0.768328
-1.60494 0.812224
-1.7037 0.857339
-1.35802 0.643957
-1.30864 0.643957
-1.65432 0.812224
-1.25926 0.643957
-1.40741 0.684194
-1.60494 0.812224
-1.60494 0.812224
-1.55556 0.725652
-1.75309 0.857339
-1.55556 0.768328
-1.30864 0.643957
-1.40741 0.643957
-1.50617 0.684194
-1.45679 0.643957
-1.45679 0.604938
-1.45679 0.684194
-1.80247 0.903673
-1.60494 0.812224
-1.50617 0.684194
-1.30864 0.604938
-1.50617 0.725652
-1.30864 0.684194
-1.45679 0.725652
-1.60494 0.812224
-1.35802 0.684194
-1.30864 0.643957
-1.50617 0.768328
-1.80247 0.903673
-1.80247 0.903673
-1.80247 0.903673
-1.90123 0.951227
-1.85185 0.903673
-1.90123 0.951227
-1.85185 0.903673
-1.90123 0.951227
-1.90123 0.951227
-2 1
-2 1
-2 1
-2 1
-2 1
-2 1
-1.90123 0.951227
-1.90123 0.951227
-2 1
-2 1
-2 1
-2 1
-1.90123 0.951227
-1.80247 0.903673
-2 1
-2 1
-1.65432 0.812224
-1.65432 0.812224
-1.60494 0.812224
-1.55556 0.768328
-1.60494 0.768328
-1.85185 0.903673
-1.75309 0.857339
-1.75309 0.857339
-1.85185 0.903673
-1.85185 0.903673
-1.75309 0.857339
-1.85185 0.903673
-1.85185 0.903673
-1.75309 0.857339
-1.65432 0.812224
-1.7037 0.857339
-1.55556 0.768328
-1.55556 0.768328
-1.55556 0.768328
-1.75309 0.857339
-1.80247 0.903673
-1.90123 0.951227
-1.90123 0.951227
-2 1
-2 1
-1.90123 0.951227
-1.90123 0.951227
-1.80247 0.903673
-2 1
-2 1
-1.90123 0.951227
-1.85185 0.903673
-1.85185 0.903673
-1.80247 0.903673
-2 1
-1.80247 0.903673
-1.80247 0.903673
-2 1
-1.90123 0.951227
-2 1
-1.90123 0.951227
-1.7037 0.857339
-1.80247 0.903673
-1.80247 0.903673
-1.75309 0.857339
-1.85185 0.903673
-1.80247 0.903673
-2 1
-2 1
-2 1
-1.90123 0.951227
-1.7037 0.857339
-2 1
-1.90123 0.951227
-1.90123 0.951227
-1.90123 0.951227
-1.80247 0.903673
-1.80247 0.903673
-1.80247 0.903673
-1.80247 0.903673
-1.90123 0.951227
-2 1
-2 1
-2 1
-2 1
-1.80247 0.903673
-1.90123 0.951227
-1.90123 0.951227
-2 1
-2 1
-2 1
-2 1
-2 1
-1.90123 0.951227
-1.90123 0.951227
-2 1
-2 1
-2 1
-2 1
-1.7037 0.857339
-1.90123 0.951227
-2 1
-2 1
-1.90123 0.951227
-2 1
-1.80247 0.903673
-2 1
-1.90123 0.951227
-1.90123 0.951227
-1.90123 0.951227
-1.90123 0.951227
-2 1
-1.90123 0.951227
-1.90123 0.951227
-1.90123 0.951227
-1.90123 0.951227
-1.7037 0.857339
-1.90123 0.951227
-1.80247 0.903673
-1.80247 0.903673
-1.75309 0.857339
-1.75309 0.857339
-1.75309 0.857339
-1.60494 0.812224
-1.65432 0.812224
-1.80247 0.903673
-1.80247 0.903673
-1.65432 0.812224
-1.7037 0.857339
-1.7037 0.857339
-1.60494 0.812224
-1.60494 0.768328
-1.65432 0.812224
-1.60494 0.768328
-1.55556 0.768328
-1.55556 0.768328
-1.30864 0.643957
-1.40741 0.684194
-1.40741 0.684194
-1.65432 0.812224
-1.50617 0.725652
-1.65432 0.768328
-1.55556 0.725652
-1.60494 0.684194
-1.65432 0.725652
-1.45679 0.567139
-1.30864 0.461058
-1.50617 0.604938
-1.45679 0.643957
-1.55556 0.604938
-1.55556 0.604938
-1.45679 0.567139
-1.50617 0.604938
-1.45679 0.643957
-1.60494 0.643957
-1.50617 0.725652
-1.50617 0.684194
-1.65432 0.768328
-1.65432 0.725652
-1.55556 0.643957
-1.65432 0.684194
-1.65432 0.725652
-1.7037 0.768328
-1.65432 0.725652
-1.65432 0.768328
-1.7037 0.812224
-1.7037 0.812224
-1.7037 0.812224
-1.55556 0.725652
-1.55556 0.768328
-1.7037 0.812224
-1.45679 0.725652
-1.50617 0.725652
-1.50617 0.725652
-1.80247 0.903673
-1.80247 0.903673
-1.80247 0.903673
-1.60494 0.812224
-1.40741 0.643957
-1.45679 0.684194
-1.7037 0.857339
-1.30864 0.643957
-1.40741 0.684194
-1.35802 0.684194
-1.45679 0.725652
-1.50617 0.768328
-1.50617 0.768328
-1.35802 0.684194
-1.7037 0.857339
-1.55556 0.768328
-1.65432 0.768328
-1.65432 0.812224
-1.25926 0.604938
-1.45679 0.643957
-1.55556 0.684194
-1.40741 0.643957
-1.40741 0.604938
-1.35802 0.567139
-1.30864 0.567139
-1.25926 0.567139
-1.25926 0.396433
-1.25926 0.495199
-1.35802 0.461058
-1.30864 0.461058
-1.40741 0.530559
-1.35802 0.428136
-1.45679 0.428136
-1.45679 0.428136
-1.45679 0.461058
-1.45679 0.495199
-1.40741 0.396433
-1.25926 0.308642
-1.55556 0.461058
-1.45679 0.461058
-1.60494 0.567139
-1.60494 0.567139
-1.60494 0.495199
-1.55556 0.567139
-1.60494 0.643957
-1.65432 0.768328
-1.35802 0.604938
-1.35802 0.530559
-1.25926 0.428136
-1.20988 0.428136
-1.35802 0.530559
-1.20988 0.461058
-1.45679 0.461058
-1.40741 0.461058
-1.45679 0.495199
-1.40741 0.461058
-1.30864 0.428136
-1.35802 0.604938
-1.55556 0.725652
-1.65432 0.768328
-1.65432 0.725652
-1.65432 0.684194
-1.45679 0.567139
-1.60494 0.725652
-1.50617 0.643957
-1.40741 0.604938
-1.55556 0.684194
-1.50617 0.604938
-1.7037 0.725652
-1.75309 0.768328
-1.7037 0.725652
-1.65432 0.768328
-1.55556 0.684194
-1.40741 0.604938
-1.30864 0.428136
-1.35802 0.428136
-1.35802 0.461058
-1.40741 0.530559
-1.30864 0.495199
-1.45679 0.567139
-1.55556 0.643957
-1.55556 0.643957
-1.45679 0.567139
-1.50617 0.604938
-1.35802 0.495199
-1.55556 0.604938
-1.50617 0.495199
-1.50617 0.567139
-1.45679 0.461058
-1.50617 0.567139
-1.65432 0.643957
-1.60494 0.604938
-1.45679 0.643957
-1.55556 0.643957
-1.65432 0.684194
-1.65432 0.684194
-1.50617 0.530559
-1.60494 0.643957
-1.55556 0.604938
-1.55556 0.643957
-1.50617 0.643957
-1.55556 0.768328
-1.55556 0.725652
-1.40741 0.604938
-1.65432 0.768328
-1.55556 0.725652
-1.35802 0.643957
-1.45679 0.684194
-1.11111 0.495199
-1.30864 0.530559
-1.40741 0.567139
-1.45679 0.604938
-1.16049 0.428136
-1.06173 0.308642
-1.06173 0.308642
-1.20988 0.36595
-1.20988 0.461058
-0.91358 0.281817
-1.30864 0.36595
-1.16049 0.36595
-1.30864 0.495199
-1.20988 0.461058
-1.06173 0.428136
-1.11111 0.428136
-1.11111 0.428136
-1.30864 0.567139
-1.35802 0.567139
-1.20988 0.530559
-1.45679 0.684194
-1.50617 0.684194
-1.7037 0.768328
-1.75309 0.812224
-1.65432 0.812224
-1.65432 0.812224
-1.65432 0.812224
-1.75309 0.857339
-1.75309 0.857339
-1.7037 0.812224
-1.75309 0.857339
-1.75309 0.857339
-1.80247 0.903673
-1.7037 0.857339
-1.80247 0.903673
-1.80247 0.903673
-2 1
-1.90123 0.951227
-2 1
-1.80247 0.903673
-1.90123 0.951227
-1.7037 0.857339
-1.90123 0.951227
-1.7037 0.857339
-1.90123 0.951227
-1.80247 0.812224
-1.50617 0.684194
-1.60494 0.725652
-1.60494 0.768328
-1.75309 0.857339
-1.75309 0.857339
-1.80247 0.903673
-1.7037 0.857339
-1.40741 0.684194
-1.55556 0.725652
-1.80247 0.903673
-1.7037 0.857339
-1.85185 0.903673
-1.85185 0.903673
-1.85185 0.903673
-1.90123 0.951227
-1.75309 0.857339
-1.75309 0.857339
-1.75309 0.857339
-1.65432 0.812224
-1.75309 0.857339
-1.65432 0.812224
-1.65432 0.812224
-1.90123 0.951227
-1.80247 0.903673
-1.80247 0.903673
-1.7037 0.857339
-1.80247 0.903673
-1.90123 0.951227
-1.7037 0.857339
-1.90123 0.951227
-1.7037 0.857339
-1.80247 0.903673
-1.80247 0.903673
-1.90123 0.951227
-1.65432 0.812224
-1.7037 0.857339
-1.60494 0.768328
-1.75309 0.857339
-1.60494 0.768328
-2 1
-2 1
-2 1
-2 1
-2 1
-1.90123 0.951227
-1.90123 0.951227
-2 1
-2 1
-1.90123 0.951227
-2 1
-2 1
-2 1
-1.75309 0.857339
-1.7037 0.857339
-1.90123 0.951227
-1.90123 0.951227
-1.90123 0.951227
-1.90123 0.951227
-2 1
-1.90123 0.951227
-1.90123 0.951227
-1.90123 0.951227
-2 1
-1.75309 0.857339
-2 1
-1.80247 0.903673
-1.75309 0.857339
-1.75309 0.857339
-1.90123 0.951227
-1.85185 0.903673
-1.90123 0.951227
-1.80247 0.903673
-1.90123 0.951227
-1.80247 0.903673
-1.80247 0.903673
-1.75309 0.857339
-1.80247 0.903673
-1.65432 0.812224
-1.45679 0.684194
-1.45679 0.684194
-1.45679 0.684194
-1.40741 0.643957
-1.35802 0.495199
-1.65432 0.768328
-1.7037 0.812224
-1.60494 0.768328
-1.7037 0.768328
-1.7037 0.768328
-1.7037 0.768328
-1.85185 0.903673
-1.80247 0.857339
-1.90123 0.951227
-2 1
-2 1
-1.80247 0.903673
-1.85185 0.903673
-1.80247 0.903673
-1.75309 0.857339
-2 1
-1.80247 0.903673
-1.80247 0.903673
-1.80247 0.903673
-1.7037 0.768328
-1.60494 0.725652
-1.55556 0.684194
-1.60494 0.684194
-1.30864 0.567139
-1.50617 0.684194
-1.50617 0.684194
-1.50617 0.725652
-1.50617 0.684194
-1.55556 0.725652
-1.40741 0.643957
-1.40741 0.567139
-1.35802 0.604938
-1.50617 0.684194
-1.55556 0.768328
-1.50617 0.725652
-1.60494 0.768328
-1.60494 0.768328
-1.85185 0.903673
-1.80247 0.903673
-1.7037 0.857339
-1.80247 0.903673
-1.7037 0.857339
-1.7037 0.812224
-1.80247 0.857339
-1.7037 0.812224
-1.60494 0.812224
-1.75309 0.857339
-1.7037 0.812224
-1.55556 0.768328
-1.65432 0.812224
-1.65432 0.812224
-1.75309 0.857339
-1.60494 0.768328
-1.40741 0.643957
-1.55556 0.725652
-1.40741 0.643957
-1.50617 0.643957
-1.35802 0.567139
-1.45679 0.643957
-1.50617 0.684194
-1.50617 0.684194
-1.50617 0.725652
-1.40741 0.684194
-1.65432 0.812224
-1.45679 0.684194
-1.7037 0.768328
-1.55556 0.725652
-1.45679 0.604938
-1.16049 0.428136
-1.25926 0.530559
-1.30864 0.495199
-1.45679 0.604938
-1.30864 0.567139
-1.30864 0.530559
-1.35802 0.604938
-1.30864 0.495199
-1.55556 0.684194
-1.60494 0.725652
-1.50617 0.643957
-1.45679 0.684194
-1.55556 0.768328
-1.7037 0.857339
-1.7037 0.857339
-1.90123 0.951227
-1.65432 0.812224
-1.80247 0.903673
-1.90123 0.951227
-1.90123 0.951227
-1.90123 0.951227
-2 1
-1.90123 0.951227
-1.90123 0.951227
-1.90123 0.951227
-1.80247 0.903673
-1.80247 0.903673
-1.90123 0.951227
-1.85185 0.903673
-1.90123 0.951227
-1.80247 0.903673
-1.60494 0.812224
-1.7037 0.812224
-1.80247 0.857339
-1.75309 0.857339
-1.80247 0.857339
-1.85185 0.903673
-1.7037 0.812224
-1.75309 0.857339
-1.75309 0.857339
-1.65432 0.812224
-1.80247 0.903673
-1.65432 0.812224
-1.75309 0.857339
-1.90123 0.951227
-1.80247 0.903673
-1.90123 0.951227
-1.80247 0.903673
-1.80247 0.903673
-2 1
-1.90123 0.951227
-2 1
-2 1
-2 1
-1.90123 0.951227
-1.7037 0.857339
-1.80247 0.903673
-1.80247 0.903673
-1.75309 0.857339
-1.80247 0.903673
-1.80247 0.903673
-1.7037 0.857339
-1.50617 0.768328
-1.55556 0.768328
-1.50617 0.725652
-1.55556 0.768328
-1.50617 0.768328
-1.80247 0.903673
-1.75309 0.857339
-1.65432 0.812224
-1.7037 0.857339
-1.75309 0.857339
-1.80247 0.903673
-1.7037 0.812224
-1.50617 0.725652
-1.7037 0.768328
-1.65432 0.768328
-1.55556 0.725652
-1.50617 0.684194
-1.50617 0.684194
-1.50617 0.725652
-1.7037 0.812224
-1.65432 0.768328
-1.60494 0.768328
-1.50617 0.725652
-1.40741 0.604938
-1.35802 0.604938
-1.35802 0.567139
-1.40741 0.604938
-1.55556 0.684194
-1.40741 0.604938
-1.50617 0.684194
-1.40741 0.567139
-1.40741 0.604938
-1.25926 0.495199
-1.20988 0.495199
-1.11111 0.428136
-1.16049 0.495199
-1.06173 0.461058
-1.06173 0.495199
-1.35802 0.530559
-1.45679 0.604938
-1.45679 0.604938
-1.50617 0.684194
-1.30864 0.530559
-1.20988 0.461058
-1.40741 0.604938
-1.30864 0.530559
-1.16049 0.428136
-1.40741 0.530559
-1.50617 0.684194
-1.60494 0.768328
-1.40741 0.604938
-1.75309 0.857339
-1.75309 0.857339
-1.7037 0.812224
-1.45679 0.684194
-1.85185 0.903673
-1.65432 0.812224
-1.75309 0.857339
-1.65432 0.812224
-1.65432 0.812224
-1.75309 0.857339
-1.60494 0.812224
-1.80247 0.903673
-1.90123 0.951227
-1.80247 0.903673
-1.80247 0.903673
-1.85185 0.903673
-1.85185 0.903673
-1.85185 0.903673
-1.85185 0.903673
-1.7037 0.812224
-1.7037 0.812224
-1.90123 0.951227
-1.80247 0.903673
-1.90123 0.951227
-1.90123 0.951227
-1.90123 0.951227
-1.90123 0.951227
-2 1
-2 1
-1.85185 0.903673
-1.90123 0.951227
-2 1
-1.90123 0.951227
-1.60494 0.812224
-1.90123 0.951227
-1.80247 0.903673
-1.7037 0.857339
-1.80247 0.903673
-1.80247 0.903673
-1.85185 0.903673
-1.80247 0.857339
-1.75309 0.812224
-1.75309 0.812224
-1.65432 0.768328
-1.7037 0.812224
-1.60494 0.725652
-1.80247 0.857339
-1.85185 0.903673
-1.7037 0.812224
-1.75309 0.812224
-1.65432 0.768328
-1.7037 0.812224
-1.75309 0.812224
-1.45679 0.684194
-1.65432 0.725652
-1.45679 0.604938
-1.55556 0.725652
-1.55556 0.725652
-1.40741 0.643957
-1.45679 0.643957
-1.45679 0.684194
-1.35802 0.643957
-1.7037 0.857339
-1.65432 0.812224
-1.65432 0.812224
-1.90123 0.951227
-2 1
-2 1
-1.80247 0.903673
-1.80247 0.903673
-2 1
-1.90123 0.951227
-2 1
-2 1
-2 1
-2 1
-2 1
-2 1
-1.90123 0.951227
-2 1
-2 1
-1.80247 0.903673
-1.90123 0.951227
-1.80247 0.903673
-2 1
-1.90123 0.951227
-2 1
-2 1
-2 1
-1.90123 0.951227
-2 1
-1.85185 0.903673
-1.90123 0.951227
-2 1
-1.80247 0.903673
-2 1
-2 1
-2 1
-1.90123 0.951227
-1.90123 0.951227
-2 1
-1.80247 0.903673
-2 1
-2 1
-2 1
-2 1
-2 1
-1.90123 0.951227
-2 1
-2 1
-1.80247 0.903673
-1.80247 0.903673
-1.85185 0.903673
-1.90123 0.951227
-1.90123 0.951227
-1.85185 0.903673
-1.90123 0.951227
-1.90123 0.951227
-1.7037 0.857339
-1.60494 0.768328
-1.75309 0.812224
-1.7037 0.812224
-1.80247 0.903673
-1.80247 0.903673
-1.65432 0.812224
-1.90123 0.951227
-1.80247 0.903673
-1.80247 0.903673
-2 1
-2 1
-2 1
-1.90123 0.951227
-1.85185 0.903673
-1.65432 0.812224
-1.85185 0.903673
-1.80247 0.903673
-1.85185 0.903673
-1.75309 0.857339
-1.65432 0.812224
-1.60494 0.768328
-1.75309 0.857339
-1.75309 0.857339
-1.75309 0.857339
-2 1
-1.90123 0.951227
-2 1
-1.90123 0.951227
-1.90123 0.951227
-1.90123 0.951227
-1.80247 0.903673
-1.90123 0.951227
-2 1
-2 1
-1.90123 0.951227
-1.90123 0.951227
-2 1
-1.7037 0.857339
-1.80247 0.903673
-1.90123 0.951227
-1.80247 0.857339
-1.50617 0.768328
-1.80247 0.903673
-1.75309 0.857339
-1.75309 0.857339
-1.80247 0.903673
-1.7037 0.812224
-1.55556 0.768328
-1.60494 0.768328
-1.35802 0.567139
-1.25926 0.495199
-1.40741 0.530559
-1.35802 0.530559
-1.50617 0.604938
-1.7037 0.725652
-1.60494 0.684194
-1.50617 0.604938
-1.30864 0.495199
-1.60494 0.768328
-1.45679 0.643957
-1.35802 0.604938
-1.40741 0.684194
-1.50617 0.684194
-1.35802 0.567139
-1.45679 0.643957
-1.40741 0.604938
-1.45679 0.643957
-1.50617 0.684194
-1.40741 0.643957
-1.25926 0.643957
-1.65432 0.812224
-1.25926 0.643957
-1.11111 0.530559
-1.35802 0.643957
-1.40741 0.684194
-1.50617 0.684194
-1.40741 0.567139
-1.35802 0.643957
-1.75309 0.857339
-1.55556 0.768328
-1.60494 0.768328
-1.7037 0.812224
-1.65432 0.812224
-1.65432 0.812224
-1.45679 0.684194
-1.65432 0.768328
-1.65432 0.725652
-1.45679 0.643957
-1.45679 0.643957
-1.55556 0.684194
-1.35802 0.567139
-1.20988 0.567139
-1.55556 0.725652
-1.50617 0.725652
-1.60494 0.768328
-1.7037 0.812224
-1.75309 0.812224
-1.75309 0.768328
-1.65432 0.768328
-1.50617 0.643957
-1.65432 0.567139
-1.45679 0.530559
-1.50617 0.567139
-1.40741 0.567139
-1.50617 0.604938
-1.60494 0.684194
-1.60494 0.684194
-1.55556 0.643957
-1.65432 0.684194
-1.65432 0.768328
-1.60494 0.768328
-1.50617 0.684194
-1.40741 0.530559
-1.45679 0.604938
-1.55556 0.604938
-1.7037 0.725652
-1.65432 0.684194
-1.60494 0.725652
-1.50617 0.684194
-1.75309 0.857339
-1.65432 0.812224
-1.75309 0.857339
-1.75309 0.857339
-1.60494 0.768328
-1.65432 0.812224
-1.75309 0.857339
-1.50617 0.725652
-1.65432 0.812224
-1.7037 0.857339
-1.75309 0.857339
-1.60494 0.684194
-1.65432 0.725652
-1.7037 0.768328
-1.7037 0.812224
-1.7037 0.725652
-1.60494 0.643957
-1.65432 0.725652
-1.65432 0.768328
-1.7037 0.725652
-1.50617 0.604938
-1.60494 0.643957
-1.60494 0.684194
-1.45679 0.495199
-1.50617 0.530559
-1.55556 0.604938
-1.50617 0.530559
-1.55556 0.567139
-1.45679 0.567139
-1.35802 0.495199
-1.45679 0.495199
-1.35802 0.495199
-1.40741 0.495199
-1.40741 0.428136
-1.40741 0.428136
-1.50617 0.530559
-1.50617 0.530559
-1.50617 0.567139
-1.50617 0.530559
-1.35802 0.428136
-1.45679 0.495199
-1.45679 0.461058
-1.50617 0.428136
-1.45679 0.530559
-1.45679 0.396433
-1.50617 0.396433
-1.45679 0.396433
-1.50617 0.461058
-1.40741 0.428136
-1.45679 0.495199
-1.45679 0.495199
-1.50617 0.567139
-1.50617 0.567139
-1.50617 0.604938
-1.50617 0.684194
-1.60494 0.725652
-1.45679 0.684194
-1.45679 0.725652
-1.90123 0.951227
-1.80247 0.903673
-1.7037 0.857339
-1.65432 0.812224
-1.90123 0.951227
-1.90123 0.951227
-2 1
-2 1
-1.90123 0.951227
-1.90123 0.951227
-1.90123 0.951227
-1.80247 0.903673
-2 1
-2 1
-2 1
-2 1
-2 1
-1.90123 0.951227
-1.80247 0.903673
-1.80247 0.903673
-1.80247 0.903673
-1.7037 0.857339
-1.65432 0.812224
-1.65432 0.812224
-1.75309 0.857339
-1.75309 0.857339
-1.45679 0.684194
-1.45679 0.684194
-1.50617 0.725652
-1.50617 0.604938
-1.50617 0.643957
-1.50617 0.604938
-1.40741 0.530559
-1.50617 0.684194
-1.35802 0.604938
-1.25926 0.495199
-1.40741 0.643957
-1.35802 0.643957
-1.50617 0.643957
-1.40741 0.684194
-1.65432 0.725652
-1.65432 0.768328
-1.60494 0.684194
-1.40741 0.604938
-1.55556 0.684194
-1.50617 0.643957
-1.55556 0.725652
-1.50617 0.604938
-1.60494 0.725652
-1.65432 0.725652
-1.75309 0.812224
-1.45679 0.604938
-1.55556 0.643957
-1.35802 0.567139
-1.65432 0.643957
-1.50617 0.604938
-1.25926 0.530559
-1.30864 0.461058
-1.25926 0.428136
-1.16049 0.396433
-1.20988 0.428136
-1.35802 0.495199
-1.35802 0.396433
-1.20988 0.428136
-1.25926 0.36595
-1.25926 0.336686
-1.16049 0.36595
-1.20988 0.308642
-1.06173 0.231824
-1.16049 0.308642
-1.06173 0.256211
-1.06173 0.208657
-0.91358 0.111111
-0.814815 0.080628
-0.91358 0.080628
-1.01235 0.0440482
-1.06173 0.0672154
-0.962963 0.080628
-1.01235 0.0550221
-1.06173 0.080628
-1.16049 0.0672154
-1.16049 0.0342936
-1.06173 0.080628
-1.16049 0.128182
-1.16049 0.0952599
-1.11111 0.080628
-0.962963 0.0550221
-1.25926 0.080628
-1.16049 0.0342936
-1.06173 0.0440482
-1.01235 0.0257583
-0.962963 0.00746837
-1.01235 0.00746837
-1.06173 0.00746837
-0.91358 0.0123457
-0.864198 0.00137174
-1.06173 0.00381039
-0.864198 0.000152416
-0.814815 0.00381039
-0.814815 0.0123457
-0.91358 0.00746837
-0.91358 0.00381039
-1.01235 0.00381039
-0.864198 0.0123457
-0.91358 0.00746837
-0.91358 0.00381039
-0.962963 0.000152416
-0.962963 0.000152416
-1.06173 0.0123457
-1.06173 0.0123457
-0.962963 0.0184423
-1.16049 0.0550221
-1.11111 0.080628
-1.06173 0.0342936
-1.11111 0.0440482
-1.06173 0.0440482
-1.01235 0.0123457
-0.962963 0.0342936
-0.864198 0.0257583
-1.01235 0.0440482
-0.962963 0.0440482
-0.962963 0.0342936
-0.864198 0.0257583
-0.814815 0.0440482
-1.01235 0.080628
-0.617284 0.0672154
-0.666667 0.0550221
-0.765432 0.080628
-0.91358 0.186709
-1.06173 0.0550221
-1.01235 0.0342936
-0.91358 0.0257583
-0.765432 0.0123457
-0.814815 0.0550221
-0.814815 0.0184423
-0.814815 0.0342936
-1.01235 0.0342936
-0.91358 0.0184423
-1.01235 0.0257583
-1.01235 0.0123457
-1.11111 0.0184423
-1.20988 0.0184423
-0.91358 0.0342936
-0.864198 0.0440482
-0.91358 0.0440482
-1.11111 0.0342936
-1.16049 0.0672154
-1.16049 0.0672154
-1.16049 0.0550221
-1.16049 0.0550221
-1.20988 0.128182
-1.25926 0.111111
-0.962963 0.128182
-1.06173 0.0952599
-1.16049 0.111111
-1.06173 0.165981
-1.11111 0.146472
-1.20988 0.128182
-1.06173 0.080628
-1.01235 0.0672154
-1.01235 0.111111
-0.962963 0.0550221
-0.962963 0.146472
-1.11111 0.128182
-1.01235 0.128182
-1.06173 0.128182
-1.16049 0.165981
-1.16049 0.208657
-0.864198 0.165981
-0.814815 0.128182
-0.91358 0.165981
-0.814815 0.186709
-0.962963 0.186709
-0.864198 0.146472
-0.518519 0.111111
-0.864198 0.146472
-1.01235 0.128182
-1.01235 0.146472
-0.962963 0.146472
-1.06173 0.146472
-1.11111 0.080628
-0.962963 0.0952599
-1.11111 0.0952599
-1.11111 0.165981
-1.16049 0.128182
-1.01235 0.0440482
-1.01235 0.146472
-0.962963 0.0672154
-1.06173 0.0342936
-0.91358 0.0672154
-1.01235 0.0550221
-0.91358 0.0952599
-0.864198 0.0550221
-1.06173 0.128182
-1.11111 0.128182
-1.16049 0.0342936
-1.01235 0.0440482
-1.01235 0.0672154
-0.864198 0.0257583
-0.91358 0.0672154
-0.864198 0.0672154
-0.962963 0.0672154
-0.962963 0.0672154
-0.91358 0.080628
-1.20988 0.0550221
-1.06173 0.0184423
-1.25926 0.0672154
-1.01235 0.0257583
-1.20988 0.0342936
-1.20988 0.0550221
-1.06173 0.0342936
-1.11111 0.0550221
-0.91358 0.0550221
-1.01235 0.0550221
-1.01235 0.080628
-1.06173 0.111111
-1.20988 0.0342936
-1.11111 0.0550221
-1.01235 0.111111
-0.962963 0.208657
-1.01235 0.146472
-0.962963 0.128182
-1.20988 0.146472
-1.11111 0.111111
-1.06173 0.186709
-1.11111 0.146472
-1.11111 0.165981
-1.25926 0.111111
-1.25926 0.111111
-1.20988 0.111111
-1.30864 0.128182
-1.20988 0.165981
-1.16049 0.165981
-1.30864 0.208657
-1.40741 0.208657
-1.45679 0.186709
-1.40741 0.208657
-1.35802 0.165981
-1.25926 0.165981
-1.35802 0.231824
-1.20988 0.146472
-1.30864 0.208657
-1.45679 0.231824
-1.35802 0.256211
-1.45679 0.256211
-1.45679 0.231824
-1.30864 0.231824
-1.40741 0.308642
-1.25926 0.208657
-1.20988 0.208657
-1.25926 0.256211
-1.11111 0.231824
-1.16049 0.208657
-1.30864 0.428136
-1.40741 0.428136
-1.35802 0.308642
-1.16049 0.146472
-1.30864 0.281817
-1.20988 0.256211
-1.40741 0.308642
-1.55556 0.36595
-1.45679 0.428136
-1.40741 0.428136
-1.40741 0.428136
-1.25926 0.256211
-1.25926 0.231824
-1.11111 0.165981
-1.16049 0.186709
-1.40741 0.336686
-1.30864 0.281817
-1.20988 0.281817
-1.25926 0.308642
-1.25926 0.281817
-1.16049 0.208657
-1.25926 0.256211
-1.20988 0.308642
-1.30864 0.336686
-1.35802 0.308642
-1.35802 0.308642
-1.40741 0.396433
-1.20988 0.36595
-1.25926 0.428136
-1.25926 0.396433
-1.35802 0.36595
-1.20988 0.256211
-1.50617 0.336686
-1.40741 0.36595
-1.40741 0.36595
-1.40741 0.308642
-1.40741 0.281817
-1.30864 0.231824
-1.30864 0.186709
-1.25926 0.281817
-1.16049 0.165981
-1.25926 0.165981
-1.06173 0.146472
-1.20988 0.186709
-1.16049 0.208657
-1.11111 0.231824
-1.20988 0.308642
-1.35802 0.256211
-1.20988 0.128182
-1.20988 0.208657
-1.30864 0.186709
-1.35802 0.256211
-1.20988 0.186709
-1.30864 0.146472
-1.30864 0.128182
-1.11111 0.208657
-1.06173 0.231824
-1.06173 0.231824
-1.01235 0.146472
-0.91358 0.165981
-1.11111 0.146472
-0.962963 0.111111
-1.06173 0.231824
-1.16049 0.165981
-1.11111 0.165981
-1.20988 0.256211
-1.16049 0.396433
-1.01235 0.281817
-1.06173 0.256211
-1.06173 0.256211
-1.20988 0.208657
-1.25926 0.186709
-1.30864 0.308642
-1.16049 0.256211
-1.20988 0.256211
-1.06173 0.308642
-1.11111 0.336686
-0.962963 0.281817
-1.11111 0.281817
-1.25926 0.428136
-1.20988 0.336686
-0.765432 0.186709
-0.765432 0.208657
-0.91358 0.231824
-0.91358 0.256211
-0.864198 0.128182
-0.962963 0.128182
-0.765432 0.146472
-0.91358 0.146472
-0.962963 0.128182
-0.91358 0.0952599
-0.864198 0.0952599
-0.864198 0.111111
-0.962963 0.080628
-0.962963 0.0550221
-0.962963 0.0342936
-0.617284 0.00746837
-0.864198 0.00746837
-0.91358 0.0184423
-0.962963 0.0440482
-0.91358 0.0440482
-1.01235 0.0342936
-0.962963 0.00746837
-1.06173 0.0123457
-1.01235 0.000152416
-1.01235 0.00137174
-0.962963 0.00137174
-1.01235 0.00137174
-1.20988 0.00746837
-0.962963 0.00746837
-1.06173 0.00746837
-0.91358 0.000152416
-1.06173 0.00381039
-1.06173 0.0184423
-0.962963 0.0184423
-0.962963 0.00381039
-0.864198 0.00746837
-0.91358 0.00137174
-0.864198 0.0257583
-0.962963 0.00381039
-0.962963 0.00746837
-0.962963 0.0440482
-0.91358 0.080628
-1.06173 0.111111
-1.11111 0.128182
-1.11111 0.186709
-1.20988 0.256211
-1.16049 0.186709
-1.16049 0.231824
-1.25926 0.308642
-1.20988 0.256211
-1.20988 0.281817
-1.35802 0.428136
-1.20988 0.396433
-1.16049 0.308642
-1.40741 0.461058
-1.11111 0.336686
-1.11111 0.308642
-1.01235 0.281817
-1.20988 0.308642
-1.06173 0.281817
-1.16049 0.336686
-1.20988 0.336686
-1.25926 0.208657
-1.20988 0.208657
-1.06173 0.146472
-1.06173 0.186709
-1.06173 0.146472
-1.06173 0.0672154
-1.11111 0.111111
-1.01235 0.080628
-0.91358 0.0342936
-0.962963 0.0550221
-0.962963 0.0440482
-1.06173 0.111111
-1.16049 0.0952599
-1.20988 0.128182
-1.16049 0.128182
-1.25926 0.165981
-1.20988 0.146472
-1.11111 0.128182
-1.16049 0.165981
-1.06173 0.111111
-1.16049 0.111111
-1.25926 0.208657
-1.25926 0.208657
-1.06173 0.146472
-1.06173 0.146472
-1.01235 0.080628
-1.11111 0.111111
-0.91358 0.0550221
-1.16049 0.146472
-1.16049 0.128182
-1.16049 0.146472
-1.30864 0.186709
-1.16049 0.128182
-1.11111 0.165981
-1.25926 0.208657
-1.20988 0.186709
-1.16049 0.186709
-1.35802 0.231824
-1.40741 0.231824
-1.40741 0.208657
-1.40741 0.208657
-1.20988 0.165981
-1.11111 0.0672154
-1.25926 0.128182
-1.11111 0.128182
-1.01235 0.111111
-1.20988 0.146472
-1.35802 0.128182
-1.20988 0.146472
-1.25926 0.208657
-1.11111 0.165981
-1.20988 0.165981
-1.30864 0.231824
-1.30864 0.208657
-1.30864 0.208657
-1.16049 0.128182
-1.30864 0.165981
-1.25926 0.186709
-1.16049 0.208657
-1.16049 0.231824
-1.20988 0.208657
-1.16049 0.208657
-1.20988 0.231824
-1.20988 0.256211
-1.25926 0.336686
-1.16049 0.256211
-1.40741 0.428136
-1.16049 0.281817
-1.16049 0.396433
-1.16049 0.36595
-1.25926 0.36595
-1.06173 0.396433
-0.91358 0.256211
-1.06173 0.231824
-1.20988 0.396433
-1.11111 0.336686
-1.25926 0.396433
-1.16049 0.396433
-1.40741 0.396433
-1.40741 0.396433
-1.40741 0.396433
-1.55556 0.396433
-1.35802 0.336686
-1.25926 0.256211
-1.20988 0.231824
-1.20988 0.256211
-1.35802 0.256211
-1.25926 0.256211
-1.20988 0.256211
-1.35802 0.281817
-1.25926 0.256211
-1.16049 0.146472
-1.20988 0.186709
-1.25926 0.186709
-1.35802 0.336686
-1.35802 0.256211
-1.11111 0.146472
-1.35802 0.281817
-1.45679 0.336686
-1.50617 0.336686
-1.55556 0.396433
-1.40741 0.396433
-1.50617 0.396433
-1.45679 0.36595
-1.40741 0.308642
-1.40741 0.36595
-1.35802 0.336686
-1.30864 0.36595
-1.50617 0.396433
-1.45679 0.428136
-1.40741 0.461058
-1.30864 0.428136
-1.45679 0.461058
-1.50617 0.567139
-1.60494 0.530559
-1.35802 0.495199
-1.40741 0.461058
-1.45679 0.495199
-1.65432 0.643957
-1.30864 0.495199
-1.30864 0.567139
-1.30864 0.567139
-1.40741 0.643957
-1.30864 0.604938
-1.25926 0.567139
-1.35802 0.643957
-1.45679 0.643957
-1.40741 0.684194
-1.45679 0.684194
-1.30864 0.567139
-1.55556 0.725652
-1.7037 0.812224
-1.60494 0.768328
-1.55556 0.725652
-1.50617 0.725652
-1.45679 0.604938
-1.45679 0.567139
-1.55556 0.725652
-1.60494 0.725652
-1.50617 0.643957
-1.60494 0.768328
-1.55556 0.684194
-1.40741 0.725652
-1.65432 0.812224
-1.7037 0.857339
-1.85185 0.903673
-1.85185 0.903673
-1.85185 0.903673
-1.90123 0.951227
-1.55556 0.684194
-1.80247 0.857339
-1.85185 0.903673
-1.85185 0.903673
-1.90123 0.951227
-1.90123 0.951227
-1.75309 0.857339
-1.80247 0.903673
-1.90123 0.951227
-1.90123 0.951227
-1.90123 0.951227
-1.90123 0.951227
-1.80247 0.903673
-1.7037 0.857339
-1.80247 0.903673
-1.90123 0.951227
-1.60494 0.812224
-1.50617 0.684194
-1.75309 0.857339
-1.75309 0.857339
-1.90123 0.951227
-1.90123 0.951227
-1.80247 0.903673
-1.7037 0.857339
-1.80247 0.903673
-1.75309 0.857339
-1.60494 0.812224
-1.40741 0.684194
-1.7037 0.857339
-1.60494 0.768328
-1.55556 0.768328
-1.65432 0.812224
-1.7037 0.812224
-1.75309 0.857339
-1.85185 0.903673
-1.80247 0.857339
-1.75309 0.768328
-1.80247 0.812224
-1.85185 0.903673
-1.7037 0.812224
-1.90123 0.951227
-1.7037 0.857339
-1.65432 0.812224
-1.60494 0.812224
-1.80247 0.903673
-2 1
-1.80247 0.903673
-1.90123 0.951227
-1.90123 0.951227
-1.85185 0.903673
-1.85185 0.903673
-1.80247 0.903673
-1.80247 0.903673
-1.90123 0.951227
-1.80247 0.903673
-1.80247 0.903673
-1.45679 0.725652
-1.55556 0.768328
-1.80247 0.903673
-1.75309 0.857339
-1.85185 0.903673
-1.55556 0.768328
-1.65432 0.812224
-1.55556 0.768328
-1.60494 0.812224
-1.60494 0.812224
-1.80247 0.903673
-1.7037 0.857339
-1.80247 0.903673
-1.90123 0.951227
-2 1
-2 1
-2 1
-2 1
-2 1
-2 1
-2 1
-1.80247 0.903673
-1.75309 0.857339
-2 1
-1.80247 0.903673
-1.90123 0.951227
-2 1
-2 1
-1.90123 0.951227
-2 1
-2 1
-2 1
-1.90123 0.951227
-1.90123 0.951227
-2 1
-1.7037 0.857339
-1.90123 0.951227
-1.90123 0.951227
-1.85185 0.903673
-1.85185 0.903673
-1.75309 0.857339
-1.7037 0.812224
-1.7037 0.812224
-1.55556 0.725652
-1.80247 0.903673
-1.80247 0.903673
-1.65432 0.812224
-1.65432 0.812224
-1.80247 0.903673
-1.75309 0.857339
-1.55556 0.768328
-1.55556 0.725652
-1.35802 0.643957
-1.55556 0.768328
-1.60494 0.768328
-1.65432 0.812224
-1.85185 0.903673
-1.7037 0.857339
-1.65432 0.812224
-1.80247 0.903673
-1.80247 0.903673
-2 1
-2 1
-1.80247 0.903673
-1.80247 0.903673
-1.80247 0.903673
-2 1
-2 1
-1.90123 0.951227
-1.80247 0.903673
-1.90123 0.951227
-1.90123 0.951227
-2 1
-2 1
-1.90123 0.951227
-2 1
-2 1
-2 1
-1.90123 0.951227
-2 1
-1.90123 0.951227
-2 1
-2 1
-1.90123 0.951227
-1.85185 0.903673
-2 1
-1.90123 0.951227
-1.90123 0.951227
-2 1
-2 1
-2 1
-1.90123 0.951227
-1.90123 0.951227
-2 1
-2 1
-1.90123 0.951227
-1.90123 0.951227
-2 1
-2 1
-1.90123 0.951227
-1.90123 0.951227
-1.90123 0.951227
-2 1
-2 1
-1.90123 0.951227
-1.90123 0.951227
-1.90123 0.951227
-2 1
-2 1
-2 1
-1.90123 0.951227
-1.90123 0.951227
-1.90123 0.951227
-2 1
-2 1
-2 1
-2 1
-1.7037 0.857339
-1.50617 0.725652
-1.7037 0.812224
-1.7037 0.812224
-1.60494 0.812224
-1.90123 0.951227
-1.85185 0.903673
-1.90123 0.951227
-1.85185 0.903673
-1.85185 0.903673
-1.7037 0.812224
-1.40741 0.684194
-1.80247 0.903673
-1.45679 0.643957
-1.45679 0.725652
-1.60494 0.768328
-1.7037 0.857339
-1.65432 0.812224
-1.80247 0.903673
-1.85185 0.903673
-1.80247 0.903673
-2 1
-2 1
-1.85185 0.903673
-2 1
-2 1
-2 1
-1.90123 0.951227
-2 1
-1.90123 0.951227
-1.85185 0.903673
-1.80247 0.857339
-1.7037 0.812224
-1.75309 0.857339
-1.65432 0.812224
-1.60494 0.768328
-1.85185 0.903673
-1.75309 0.857339
-1.80247 0.903673
-1.75309 0.857339
-1.85185 0.903673
-1.7037 0.812224
-1.75309 0.812224
-1.65432 0.768328
-1.65432 0.725652
-1.7037 0.812224
-1.60494 0.768328
-1.50617 0.725652
-1.40741 0.643957
-1.35802 0.604938
-1.50617 0.684194
-1.50617 0.725652
-1.60494 0.768328
-1.80247 0.903673
-1.60494 0.812224
-1.65432 0.812224
-1.75309 0.857339
-1.75309 0.857339
-1.75309 0.857339
-1.7037 0.812224
-1.75309 0.857339
-1.40741 0.643957
-1.55556 0.725652
-1.7037 0.857339
-1.60494 0.768328
-1.60494 0.768328
-1.60494 0.768328
-1.65432 0.768328
-1.40741 0.604938
-1.55556 0.684194
-1.55556 0.643957
-1.50617 0.643957
-1.7037 0.768328
-1.65432 0.768328
-1.35802 0.643957
-1.50617 0.684194
-1.45679 0.643957
-1.50617 0.604938
-1.45679 0.530559
-1.50617 0.604938
-1.55556 0.643957
-1.60494 0.604938
-1.55556 0.567139
-1.45679 0.530559
-1.65432 0.567139
-1.60494 0.530559
-1.55556 0.604938
-1.50617 0.495199
-1.55556 0.461058
-1.45679 0.530559
-1.50617 0.530559
-1.25926 0.495199
-1.45679 0.604938
-1.45679 0.604938
-1.35802 0.461058
-1.45679 0.530559
-1.45679 0.604938
-1.30864 0.567139
-1.45679 0.567139
-1.30864 0.495199
-1.40741 0.567139
-1.60494 0.684194
-1.50617 0.643957
-1.35802 0.495199
-1.40741 0.604938
-1.55556 0.768328
-1.50617 0.768328
-1.55556 0.725652
-1.7037 0.725652
-1.85185 0.903673
-1.75309 0.857339
-1.7037 0.725652
-1.65432 0.725652
-1.55556 0.725652
-1.60494 0.725652
-1.45679 0.643957
-1.55556 0.725652
-1.60494 0.768328
-1.30864 0.604938
-1.35802 0.604938
-1.45679 0.643957
-1.25926 0.530559
-1.20988 0.567139
-1.30864 0.604938
-1.40741 0.604938
-1.50617 0.684194
-1.55556 0.725652
-1.7037 0.812224
-1.65432 0.812224
-1.65432 0.812224
-1.50617 0.725652
-1.60494 0.768328
-1.55556 0.725652
-1.7037 0.812224
-1.60494 0.725652
-1.60494 0.725652
-1.60494 0.768328
-1.60494 0.725652
-1.7037 0.684194
-1.65432 0.643957
-1.55556 0.604938
-1.65432 0.604938
-1.55556 0.643957
-1.50617 0.643957
-1.7037 0.725652
-1.55556 0.567139
-1.55556 0.604938
-1.55556 0.567139
-1.60494 0.604938
-1.60494 0.567139
-1.35802 0.461058
-1.45679 0.530559
-1.30864 0.428136
-1.30864 0.461058
-1.40741 0.567139
-1.30864 0.530559
-1.35802 0.530559
-1.16049 0.461058
-1.45679 0.567139
-1.25926 0.428136
-1.50617 0.567139
-1.55556 0.495199
-1.60494 0.684194
-1.45679 0.684194
-1.55556 0.604938
-1.60494 0.684194
-1.55556 0.643957
-1.45679 0.643957
-1.50617 0.684194
-1.55556 0.684194
-1.45679 0.643957
-1.65432 0.768328
-1.55556 0.684194
-1.75309 0.812224
-1.75309 0.812224
-1.7037 0.768328
-1.75309 0.812224
-1.7037 0.768328
-1.75309 0.857339
-1.65432 0.812224
-1.75309 0.857339
-1.7037 0.812224
-1.65432 0.768328
-1.7037 0.812224
-1.65432 0.768328
-1.65432 0.812224
-1.75309 0.857339
-1.75309 0.857339
-1.80247 0.903673
-1.75309 0.857339
-1.65432 0.812224
-1.7037 0.812224
-1.7037 0.812224
-1.80247 0.857339
-1.7037 0.812224
-1.90123 0.951227
-1.90123 0.951227
-1.85185 0.903673
-1.75309 0.857339
-1.80247 0.903673
-1.80247 0.903673
-1.85185 0.903673
-1.80247 0.903673
-1.80247 0.857339
-1.75309 0.812224
-1.55556 0.684194
-1.7037 0.768328
-1.7037 0.768328
-1.60494 0.684194
-1.60494 0.684194
-1.60494 0.684194
-1.7037 0.725652
-1.65432 0.725652
-1.55556 0.643957
-1.65432 0.725652
-1.65432 0.725652
-1.75309 0.768328
-1.75309 0.812224
-1.7037 0.768328
-1.65432 0.768328
-1.30864 0.604938
-1.60494 0.725652
-1.50617 0.643957
-1.45679 0.643957
-1.30864 0.567139
-1.35802 0.604938
-1.60494 0.725652
-1.60494 0.684194
-1.7037 0.725652
-1.75309 0.812224
-1.65432 0.725652
-1.65432 0.725652
-1.7037 0.812224
-1.80247 0.857339
-1.7037 0.857339
-1.90123 0.951227
-1.75309 0.857339
-1.65432 0.812224
-1.75309 0.857339
-1.90123 0.951227
-1.7037 0.857339
-1.90123 0.951227
-1.90123 0.951227
-2 1
-1.90123 0.951227
-2 1
-2 1
-1.7037 0.857339
-1.90123 0.951227
-1.80247 0.903673
-2 1
-2 1
-2 1
-1.90123 0.951227
-1.7037 0.857339
-2 1
-1.90123 0.951227
-1.90123 0.951227
-1.90123 0.951227
-1.90123 0.951227
-1.90123 0.951227
-1.85185 0.903673
-1.65432 0.768328
-1.80247 0.903673
-1.60494 0.768328
-1.60494 0.812224
-1.60494 0.812224
-1.60494 0.812224
-1.45679 0.725652
-1.55556 0.768328
-1.65432 0.812224
-1.55556 0.725652
-1.65432 0.812224
-1.60494 0.768328
-1.55556 0.725652
-1.60494 0.768328
-1.45679 0.684194
-1.45679 0.684194
-1.60494 0.768328
-1.85185 0.903673
-1.7037 0.857339
-1.7037 0.857339
-1.75309 0.857339
-1.75309 0.812224
-1.7037 0.812224
-1.80247 0.903673
-1.90123 0.951227
-1.80247 0.903673
-1.7037 0.812224
-1.60494 0.812224
-1.75309 0.857339
-1.60494 0.812224
-1.60494 0.768328
-1.60494 0.812224
-1.80247 0.903673
-1.80247 0.903673
-1.65432 0.812224
-1.75309 0.857339
-1.65432 0.812224
-1.65432 0.768328
-1.7037 0.768328
-1.65432 0.768328
-1.90123 0.951227
-1.80247 0.903673
-1.60494 0.812224
-1.7037 0.857339
-1.7037 0.812224
-1.80247 0.903673
-1.55556 0.768328
-1.7037 0.857339
-1.80247 0.903673
-1.50617 0.725652
-1.60494 0.812224
-1.65432 0.812224
-1.80247 0.903673
-1.65432 0.768328
-1.7037 0.812224
-1.25926 0.495199
-1.55556 0.684194
-1.40741 0.643957
-1.35802 0.643957
-1.50617 0.684194
-1.55556 0.725652
-1.60494 0.768328
-1.55556 0.725652
-1.75309 0.857339
-1.65432 0.812224
-1.60494 0.812224
-1.7037 0.857339
-1.60494 0.812224
-1.7037 0.857339
-1.80247 0.903673
-1.80247 0.903673
-1.65432 0.812224
-1.80247 0.903673
-1.90123 0.951227
-1.90123 0.951227
-2 1
-2 1
-1.80247 0.903673
-2 1
-2 1
-2 1
-1.85185 0.903673
-1.90123 0.951227
-1.90123 0.951227
-1.80247 0.903673
-1.90123 0.951227
-1.90123 0.951227
-2 1
-1.90123 0.951227
-1.90123 0.951227
-1.75309 0.857339
-1.75309 0.857339
-1.80247 0.903673
-2 1
-1.90123 0.951227
-1.7037 0.857339
-1.80247 0.903673
-1.90123 0.951227
-1.90123 0.951227
-1.7037 0.812224
-1.80247 0.903673
-1.7037 0.857339
-1.80247 0.903673
-1.65432 0.812224
-1.80247 0.903673
-1.90123 0.951227
-1.90123 0.951227
-2 1
-1.90123 0.951227
-1.80247 0.903673
-2 1
-1.90123 0.951227
-1.90123 0.951227
-1.80247 0.903673
-1.75309 0.857339
-1.90123 0.951227
-1.90123 0.951227
-1.80247 0.903673
-2 1
-2 1
-1.90123 0.951227
-1.90123 0.951227
-1.90123 0.951227
-2 1
-1.90123 0.951227
-2 1
-2 1
-2 1
-1.90123 0.951227
-1.90123 0.951227
-1.85185 0.903673
-1.80247 0.903673
-1.65432 0.812224
-1.90123 0.951227
-1.80247 0.857339
-1.85185 0.903673
-1.75309 0.857339
-1.80247 0.857339
-1.7037 0.812224
-1.60494 0.725652
-1.7037 0.812224
-1.7037 0.857339
-1.7037 0.812224
-1.85185 0.903673
-1.80247 0.903673
-1.55556 0.768328
-1.90123 0.951227
-1.90123 0.951227
-1.7037 0.857339
-1.85185 0.903673
-1.7037 0.857339
-1.90123 0.951227
-1.80247 0.903673
-1.90123 0.951227
-1.90123 0.951227
-1.90123 0.951227
-1.90123 0.951227
-2 1
-1.90123 0.951227
-2 1
-1.90123 0.951227
-1.80247 0.903673
-1.65432 0.812224
-1.50617 0.725652
-1.40741 0.643957
-1.55556 0.725652
-1.7037 0.812224
-1.65432 0.768328
-1.80247 0.903673
-1.7037 0.812224
-1.45679 0.684194
-1.45679 0.684194
-1.50617 0.684194
-1.50617 0.684194
-1.65432 0.768328
-1.60494 0.768328
-1.20988 0.567139
-1.30864 0.567139
-1.35802 0.567139
-1.65432 0.768328
-1.50617 0.684194
-1.7037 0.812224
-1.60494 0.768328
-1.60494 0.684194
-1.65432 0.725652
-1.7037 0.725652
-1.7037 0.725652
-1.7037 0.725652
-1.65432 0.684194
-1.45679 0.684194
-1.35802 0.604938
-1.55556 0.684194
-1.40741 0.643957
-1.50617 0.684194
-1.35802 0.643957
-1.30864 0.567139
-1.20988 0.461058
-1.25926 0.530559
-1.16049 0.495199
-1.40741 0.604938
-1.40741 0.567139
-1.40741 0.604938
-1.30864 0.604938
-1.35802 0.567139
-1.35802 0.530559
-1.40741 0.567139
-1.35802 0.567139
-1.35802 0.567139
-1.35802 0.567139
-1.35802 0.567139
-1.50617 0.643957
-1.35802 0.530559
-1.40741 0.567139
-1.30864 0.428136
-1.25926 0.461058
-1.45679 0.530559
-1.35802 0.495199
-1.40741 0.461058
-1.40741 0.461058
-1.35802 0.36595
-1.40741 0.428136
-1.40741 0.428136
-1.16049 0.428136
-1.16049 0.396433
-1.11111 0.36595
-1.16049 0.396433
-1.06173 0.308642
-1.11111 0.336686
-1.20988 0.396433
-1.01235 0.336686
-1.01235 0.396433
-1.01235 0.396433
-1.06173 0.336686
-1.06173 0.308642
-1.11111 0.308642
-0.91358 0.231824
-0.864198 0.208657
-1.06173 0.308642
-1.16049 0.428136
-1.06173 0.36595
-1.20988 0.530559
-1.16049 0.495199
-1.20988 0.461058
-1.11111 0.36595
-1.06173 0.36595
-1.25926 0.461058
-1.25926 0.428136
-1.25926 0.461058
-1.11111 0.428136
-1.06173 0.336686
-1.11111 0.36595
-1.06173 0.308642
-1.20988 0.36595
-1.11111 0.231824
-1.20988 0.36595
-1.16049 0.256211
-1.06173 0.231824
-0.91358 0.281817
-1.25926 0.36595
-1.25926 0.36595
-1.25926 0.36595
-1.25926 0.495199
-1.16049 0.428136
-1.40741 0.567139
-1.30864 0.530559
-1.20988 0.495199
-1.50617 0.604938
-1.40741 0.604938
-1.50617 0.684194
-1.35802 0.604938
-1.20988 0.461058
-1.45679 0.567139
-1.35802 0.495199
-1.35802 0.530559
-1.55556 0.604938
-1.50617 0.643957
-1.20988 0.461058
-1.30864 0.530559
-1.60494 0.684194
-1.45679 0.567139
-1.40741 0.567139
-1.35802 0.530559
-1.50617 0.604938
-1.40741 0.604938
-1.60494 0.725652
-1.60494 0.725652
-1.55556 0.684194
-1.50617 0.643957
-1.50617 0.643957
-1.40741 0.604938
-1.50617 0.604938
-1.40741 0.567139
-1.40741 0.567139
-1.20988 0.428136
-1.50617 0.604938
-1.45679 0.604938
-1.45679 0.643957
-1.55556 0.684194
-1.55556 0.684194
-1.60494 0.725652
-1.55556 0.643957
-1.60494 0.684194
-1.55556 0.684194
-1.40741 0.643957
-1.45679 0.684194
-1.7037 0.812224
-1.7037 0.812224
-1.80247 0.857339
-1.80247 0.857339
-1.80247 0.857339
-1.75309 0.857339
-1.7037 0.857339
-1.90123 0.951227
-1.80247 0.903673
-1.80247 0.903673
-2 1
-1.75309 0.857339
-1.85185 0.903673
-1.90123 0.951227
-1.75309 0.857339
-1.80247 0.903673
-1.80247 0.903673
-1.90123 0.951227
-1.80247 0.903673
-1.7037 0.812224
-1.60494 0.768328
-1.60494 0.768328
-1.75309 0.857339
-1.80247 0.903673
-1.7037 0.812224
-1.75309 0.857339
-1.7037 0.812224
-1.65432 0.812224
-1.55556 0.768328
-1.60494 0.812224
-1.80247 0.903673
-2 1
-1.90123 0.951227
-1.90123 0.951227
-1.85185 0.903673
-1.90123 0.951227
-1.75309 0.857339
-1.80247 0.903673
-1.50617 0.725652
-1.85185 0.903673
-1.90123 0.951227
-1.80247 0.903673
-1.80247 0.857339
-1.75309 0.857339
-1.90123 0.951227
-1.90123 0.951227
-1.90123 0.951227
-1.90123 0.951227
-1.75309 0.857339
-1.85185 0.903673
-1.85185 0.903673
-1.7037 0.857339
-1.75309 0.857339
-1.80247 0.903673
-1.80247 0.903673
-1.80247 0.903673
-1.85185 0.903673
-1.80247 0.903673
-1.75309 0.857339
-1.80247 0.903673
-1.90123 0.951227
-1.90123 0.951227
-2 1
-2 1
-2 1
-2 1
-2 1
-1.7037 0.857339
-1.80247 0.903673
-1.80247 0.903673
-1.75309 0.857339
-1.75309 0.857339
-1.90123 0.951227
-1.90123 0.951227
-1.80247 0.903673
-1.90123 0.951227
-1.75309 0.857339
-1.80247 0.903673
-1.90123 0.951227
-1.60494 0.768328
-1.80247 0.903673
-1.85185 0.903673
-1.50617 0.725652
-1.75309 0.812224
-1.80247 0.857339
-1.65432 0.725652
-1.35802 0.604938
-1.55556 0.684194
-1.45679 0.684194
-1.55556 0.725652
-1.55556 0.768328
-1.90123 0.951227
-1.90123 0.951227
-1.90123 0.951227
-1.80247 0.903673
-1.80247 0.903673
-1.60494 0.812224
-1.60494 0.812224
-1.60494 0.768328
-1.50617 0.725652
-1.50617 0.725652
-2 1
-1.80247 0.903673
-1.80247 0.903673
-1.90123 0.951227
-1.90123 0.951227
-2 1
-1.7037 0.857339
-1.90123 0.951227
-1.80247 0.903673
-1.90123 0.951227
-1.90123 0.951227
-2 1
-2 1
-2 1
-1.90123 0.951227
-1.75309 0.857339
-1.45679 0.725652
-1.75309 0.857339
-1.80247 0.903673
-1.80247 0.903673
-1.80247 0.903673
-2 1
-1.90123 0.951227
-2 1
-1.75309 0.857339
-1.90123 0.951227
-2 1
-1.90123 0.951227
-1.80247 0.903673
-1.60494 0.812224
-1.65432 0.812224
-1.90123 0.951227
-1.55556 0.768328
-1.60494 0.643957
-1.55556 0.604938
-1.50617 0.643957
-1.60494 0.643957
-1.55556 0.684194
-1.50617 0.684194
-1.50617 0.643957
-1.50617 0.643957
-1.50617 0.643957
-1.45679 0.643957
-1.45679 0.604938
-1.50617 0.684194
-1.50617 0.643957
-1.50617 0.643957
-1.50617 0.684194
-1.55556 0.725652
-1.50617 0.684194
-1.50617 0.684194
-1.45679 0.684194
-1.50617 0.684194
-1.35802 0.604938
-1.35802 0.567139
-1.35802 0.643957
-1.50617 0.725652
-1.60494 0.768328
-1.85185 0.903673
-1.90123 0.951227
-1.7037 0.857339
-1.80247 0.903673
-1.80247 0.903673
-1.55556 0.768328
-1.80247 0.903673
-1.80247 0.903673
-1.85185 0.903673
-1.90123 0.951227
-1.90123 0.951227
-1.90123 0.951227
-1.7037 0.857339
-1.65432 0.812224
-1.55556 0.768328
-1.55556 0.768328
-1.55556 0.768328
-1.45679 0.684194
-1.60494 0.725652
-1.65432 0.812224
-1.7037 0.768328
-1.60494 0.768328
-1.80247 0.903673
-1.7037 0.857339
-1.7037 0.857339
-1.80247 0.903673
-1.65432 0.768328
-1.65432 0.812224
-1.45679 0.725652
-1.55556 0.768328
-1.60494 0.812224
-1.80247 0.903673
-1.65432 0.812224
-1.60494 0.768328
-1.7037 0.812224
-1.65432 0.768328
-1.60494 0.725652
-1.65432 0.768328
-1.65432 0.768328
-1.65432 0.812224
-1.65432 0.812224
-1.7037 0.857339
-1.80247 0.903673
-1.80247 0.903673
-1.90123 0.951227
-2 1
-1.7037 0.857339
-1.65432 0.812224
-1.50617 0.725652
-1.75309 0.857339
-1.80247 0.903673
-1.75309 0.857339
-1.75309 0.857339
-1.90123 0.951227
-1.90123 0.951227
-1.85185 0.903673
-1.80247 0.903673
-1.90123 0.951227
-1.90123 0.951227
-1.90123 0.951227
-1.80247 0.903673
-1.80247 0.903673
-1.90123 0.951227
-1.90123 0.951227
-1.90123 0.951227
-1.85185 0.903673
-1.80247 0.903673
-1.80247 0.903673
-1.90123 0.951227
-1.90123 0.951227
-1.90123 0.951227
-1.90123 0.951227
-1.85185 0.903673
-1.85185 0.903673
-1.90123 0.951227
-1.80247 0.903673
-1.7037 0.857339
-1.80247 0.903673
-1.80247 0.903673
-2 1
-1.7037 0.857339
-1.90123 0.951227
-1.90123 0.951227
-1.80247 0.903673
-1.80247 0.903673
-1.80247 0.903673
-1.60494 0.812224
-1.75309 0.857339
-1.7037 0.812224
-1.75309 0.857339
-1.7037 0.812224
-1.65432 0.812224
-1.55556 0.768328
-1.40741 0.725652
-1.35802 0.643957
-1.35802 0.643957
-1.40741 0.643957
-1.35802 0.495199
-1.30864 0.530559
-1.60494 0.725652
-1.60494 0.725652
-1.50617 0.643957
-1.45679 0.684194
-1.50617 0.684194
-1.50617 0.684194
-1.65432 0.768328
-1.7037 0.812224
-1.50617 0.725652
-1.60494 0.768328
-1.45679 0.643957
-1.60494 0.725652
-1.75309 0.857339
-1.55556 0.725652
-1.60494 0.768328
-1.65432 0.812224
-1.40741 0.604938
-1.45679 0.643957
-1.45679 0.530559
-1.35802 0.567139
-1.35802 0.428136
-1.45679 0.643957
-1.55556 0.643957
-1.7037 0.684194
-1.65432 0.684194
-1.55556 0.604938
-1.65432 0.768328
-1.60494 0.725652
-1.7037 0.768328
-1.75309 0.768328
-1.7037 0.857339
-1.75309 0.857339
-1.25926 0.643957
-1.45679 0.643957
-1.50617 0.643957
-1.55556 0.684194
-1.55556 0.725652
-1.55556 0.643957
-1.50617 0.684194
-1.35802 0.643957
-1.50617 0.684194
-1.45679 0.684194
-1.75309 0.857339
-1.55556 0.768328
-1.75309 0.857339
-1.75309 0.857339
-1.7037 0.857339
-1.7037 0.857339
-1.65432 0.768328
-1.75309 0.857339
-1.80247 0.903673
-1.7037 0.857339
-1.7037 0.857339
-1.90123 0.951227
-2 1
-1.60494 0.812224
-1.60494 0.812224
-2 1
-2 1
-1.80247 0.903673
-1.85185 0.903673
-1.90123 0.951227
-1.80247 0.903673
-1.80247 0.903673
-1.75309 0.857339
-1.75309 0.857339
-1.80247 0.903673
-1.60494 0.768328
-1.55556 0.768328
-1.45679 0.725652
-1.65432 0.768328
-1.7037 0.768328
-1.75309 0.857339
-1.80247 0.903673
-1.7037 0.857339
-1.65432 0.812224
-1.65432 0.812224
-1.90123 0.951227
-1.7037 0.857339
-1.75309 0.857339
-1.90123 0.951227
-1.80247 0.857339
-1.40741 0.684194
-1.55556 0.768328
-1.50617 0.725652
-1.7037 0.857339
-1.7037 0.857339
-1.50617 0.725652
-1.75309 0.857339
-1.75309 0.857339
-1.60494 0.768328
-1.60494 0.768328
-1.80247 0.857339
-1.85185 0.903673
-1.7037 0.857339
-1.7037 0.857339
-1.85185 0.903673
-1.80247 0.857339
-1.7037 0.812224
-1.75309 0.857339
-1.65432 0.812224
-1.65432 0.812224
-1.60494 0.768328
-1.65432 0.812224
-1.7037 0.812224
-1.80247 0.903673
-1.85185 0.903673
-1.90123 0.951227
-1.80247 0.903673
-1.80247 0.903673
-1.90123 0.951227
-1.90123 0.951227
-1.65432 0.812224
-1.65432 0.812224
-1.7037 0.725652
-1.75309 0.768328
-1.65432 0.684194
-1.35802 0.530559
-1.50617 0.567139
-1.40741 0.530559
-1.50617 0.604938
-1.45679 0.567139
-1.55556 0.567139
-1.55556 0.567139
-1.40741 0.428136
-1.30864 0.495199
-1.40741 0.428136
-1.60494 0.530559
-1.55556 0.604938
-1.65432 0.604938
-1.60494 0.604938
-1.40741 0.530559
-1.35802 0.530559
-1.25926 0.530559
-1.55556 0.725652
-1.50617 0.684194
-1.60494 0.725652
-1.75309 0.812224
-1.65432 0.725652
-1.60494 0.684194
-1.50617 0.643957
-1.60494 0.604938
-1.60494 0.643957
-1.35802 0.567139
-1.35802 0.604938
-1.50617 0.768328
-1.45679 0.725652
-1.50617 0.768328
-1.75309 0.857339
-1.75309 0.857339
-1.85185 0.903673
-1.7037 0.812224
-1.75309 0.857339
-1.90123 0.951227
-1.90123 0.951227
-1.85185 0.903673
-1.75309 0.857339
-1.90123 0.951227
-2 1
-1.90123 0.951227
-2 1
-1.90123 0.951227
-1.90123 0.951227
-1.90123 0.951227
-1.90123 0.951227
-1.90123 0.951227
-1.90123 0.951227
-1.90123 0.951227
-2 1
-2 1
-2 1
-1.80247 0.903673
-2 1
-1.80247 0.903673
-1.80247 0.903673
-2 1
-1.90123 0.951227
-1.7037 0.857339
-1.7037 0.857339
-1.7037 0.857339
-2 1
-1.90123 0.951227
-1.60494 0.812224
-1.65432 0.812224
-1.90123 0.951227
-1.85185 0.903673
-1.80247 0.903673
